The flat matrix is [[  0.00000000e+00  -8.93700000e+00   2.04150000e+03]
 [ -1.70000000e-01  -1.61380000e+02   8.85000000e+00]] 
-0.047155 [    0.     0. -2048.] [   0.   -163.84   -0.64]275.3068755 296.170479 299.2769235 283.0412555 272.835179 263.465447 282.1290665 295.3448915 
-0.1083 [    0.     8. -2056.] [   0.    163.84    0.64]272.1783945 295.202281 300.023998 282.7637385 276.038981 261.9224935 278.803643 296.2190595 
-0.171461 [ 0.  0.  0.] [   0.   -163.84   -0.64]269.3028865 293.4739445 300.4993505 282.352254 279.229326 261.1375635 275.521817 296.2048415 
-0.233048 [ 0.  0.  0.] [   0.   -163.84   -0.64]266.7862575 291.117984 300.6294435 282.014881 282.2408015 261.231966 272.3802125 295.29212 
-0.294079 [ 0.  0.  0.] [   0.   -163.84   -0.64]264.7344145 288.2669125 300.3407415 281.959699 284.9180075 262.310084 269.4845345 293.6103725 
-0.354896 [    0.     0. -2056.] [   0.   -163.84   -0.64]263.253264 285.0532445 299.559706 282.394788 287.2277665 264.269701 266.9406865 291.292125 
-0.416367 [    0.     8. -2056.] [   0.    163.84    0.64]262.448712 281.6094945 298.2210055 283.5058425 289.2186095 266.8704895 264.8545715 288.469903 
-0.479789 [ 0.  0.  0.] [   0.    163.84    0.64]262.426666 278.0681755 296.350211 285.230547 290.940561 269.8695915 263.332094 285.2762335 
-0.542326 [ 0.  0.  0.] [   0.   -163.84   -0.64]263.2770745 274.5611435 294.0294855 287.352186 292.4436475 273.02415 262.4791565 281.8436425 
-0.6036 [ 0.  0.  0.] [   0.   -163.84   -0.64]264.928927 271.21361 291.341847 289.6517115 293.7778945 276.0913075 262.4016635 278.304656 
-0.664543 [ 0.  0.  0.] [   0.   -163.84   -0.64]267.217951 268.146937 288.3703145 291.910075 294.993328 278.8282065 263.1936635 274.79131 
-0.725456 [    0.     0. -2056.] [   0.   -163.84   -0.64]269.978733 265.4824385 285.1979055 293.908229 296.139974 280.9919895 264.7971625 271.4293545 
-0.786822 [    0.     8. -2056.] [   0.    163.84    0.64]273.045858 263.3414295 281.9076385 295.4271245 297.261756 282.3620685 267.0488565 268.3401865 
-0.849898 [ 0.  8.  0.] [   0.    163.84    0.64]276.253913 261.8452255 278.582532 296.2477145 298.331664 282.9767255 269.783333 265.645114 
-0.9127 [ 0.  0.  0.] [   0.   -163.84   -0.64]279.437483 261.1151405 275.3068755 296.170479 299.2769235 283.0412555 272.835179 263.465447 
-0.974077 [ 0.  0.  0.] [   0.   -163.84   -0.64]282.431155 261.2724895 272.1783945 295.202281 300.023998 282.7637385 276.038981 261.9224935 
-1.035037 [ 0.  0.  0.] [   0.   -163.84   -0.64]285.082916 262.415932 269.3028865 293.4739445 300.4993505 282.352254 279.229326 261.1375635 
-1.095882 [ 0.  0.  0.] [   0.   -163.84   -0.64]287.369856 264.4258945 266.7862575 291.117984 300.6294435 282.014881 282.2408015 261.231966 
-1.196229 [    8.     8. -2056.] [   0.    163.84    0.64]289.3412135 267.0608405 264.7344145 288.2669125 300.3407415 281.959699 284.9180075 262.310084 
-1.298233 [    0.     8. -2056.] [   0.    163.84    0.64]291.047015 270.0779025 263.253264 285.0532445 299.559706 282.394788 287.2277665 264.269701 
-1.400444 [    0.     8. -2056.] [   0.    163.84    0.64]292.5372875 273.2342125 262.448712 281.6094945 298.2210055 283.5058425 289.2186095 266.8704895 
-1.503613 [    8.     8. -2056.] [   0.    163.84    0.64]293.862057 276.2869025 262.426666 278.0681755 296.350211 285.230547 290.940561 269.8695915 
-1.605936 [    8.     8. -2056.] [   0.    163.84    0.64]295.0713505 278.993105 263.2770745 274.5611435 294.0294855 287.352186 292.4436475 273.02415 
-1.708417 [    0.     8. -2056.] [   0.    163.84    0.64]296.2151945 281.109951 264.928927 271.21361 291.341847 289.6517115 293.7778945 276.0913075 
-1.812379 [    8.     8. -2056.] [   0.    163.84    0.64]297.335494 282.4242155 267.217951 268.146937 288.3703145 291.910075 294.993328 278.8282065 
-1.915222 [    8.     8. -2056.] [   0.    163.84    0.64]298.399392 282.9955355 269.978733 265.4824385 285.1979055 293.908229 296.139974 280.9919895 
-2.017049 [    8.     8. -2056.] [   0.    163.84    0.64]299.3337395 283.0306015 273.045858 263.3414295 281.9076385 295.4271245 297.261756 282.3620685 
-2.120174 [    0.     8. -2056.] [   0.    163.84    0.64]300.0649965 282.7375305 276.253913 261.8452255 278.582532 296.2477145 298.331664 282.9767255 
-2.223888 [    8.     8. -2056.] [   0.    163.84    0.64]300.519625 282.3244375 279.437483 261.1151405 275.3068755 296.170479 299.2769235 283.0412555 
-2.326212 [    8.     8. -2056.] [   0.    163.84    0.64]300.624084 281.99944 282.431155 261.2724895 272.1783945 295.202281 300.023998 282.7637385 
-2.428207 [    8.     8. -2056.] [   0.    163.84    0.64]300.3048355 281.9706535 285.082916 262.415932 269.3028865 293.4739445 300.4993505 282.352254 
-2.53128 [    8.     8. -2056.] [   0.    163.84    0.64]299.488339 282.446195 287.369856 264.4258945 266.7862575 291.117984 300.6294435 282.014881 
-2.634916 [    8.     8. -2056.] [   0.    163.84    0.64]298.1119185 283.604534 289.3412135 267.0608405 264.7344145 288.2669125 300.3407415 281.959699 
-2.737319 [    8.     8. -2056.] [   0.    163.84    0.64]296.2084985 285.363224 291.047015 270.0779025 263.253264 285.0532445 299.559706 282.394788 
-2.839258 [    0.     8. -2056.] [   0.    163.84    0.64]293.860683 287.5042375 292.5372875 273.2342125 262.448712 281.6094945 298.2210055 283.5058425 
-2.943116 [    0.     8. -2056.] [   0.    163.84    0.64]291.151499 289.8083895 293.862057 276.2869025 262.426666 278.0681755 296.350211 285.230547 
-3.049119 [    8.     8. -2056.] [   0.    163.84    0.64]288.1639735 292.0564945 295.0713505 278.993105 263.2770745 274.5611435 294.0294855 287.352186 
-3.151887 [    0.     8. -2056.] [   0.    163.84    0.64]284.9811345 294.029368 296.2151945 281.109951 264.928927 271.21361 291.341847 289.6517115 
-3.256736 [    8.     8. -2056.] [   0.    163.84    0.64]281.6860085 295.5078245 297.335494 282.4242155 267.217951 268.146937 288.3703145 291.910075 
-3.35986 [    0.     8. -2056.] [   0.    163.84    0.64]278.361623 296.272679 298.399392 282.9955355 269.978733 265.4824385 285.1979055 293.908229 
-3.463834 [    0.     8. -2056.] [   0.    163.84    0.64]275.092677 296.1305155 299.3337395 283.0306015 273.045858 263.3414295 281.9076385 295.4271245 
-3.567861 [    8.     8. -2056.] [   0.    163.84    0.64]271.977942 295.104871 300.0649965 282.7375305 276.253913 261.8452255 278.582532 296.2477145 
-3.670951 [    8.     8. -2056.] [   0.    163.84    0.64]269.123237 293.3279595 300.519625 282.3244375 279.437483 261.1151405 275.3068755 296.170479 
-3.775613 [    8.     8. -2056.] [   0.    163.84    0.64]266.6344355 290.932805 300.624084 281.99944 282.431155 261.2724895 272.1783945 295.202281 
-3.879728 [    8.     8. -2056.] [   0.    163.84    0.64]264.6174105 288.0524335 300.3048355 281.9706535 285.082916 262.415932 269.3028865 293.4739445 
-3.984808 [    8.     8. -2056.] [   0.    163.84    0.64]263.178034 284.8198695 299.488339 282.446195 287.369856 264.4258945 266.7862575 291.117984 
-4.089157 [    8.     8. -2056.] [   0.    163.84    0.64]262.422179 281.368138 298.1119185 283.604534 289.3412135 267.0608405 264.7344145 288.2669125 
-4.192966 [    8.     8. -2056.] [   0.    163.84    0.64]262.455719 277.830264 296.2084985 285.363224 291.047015 270.0779025 263.253264 285.0532445 
-4.297808 [    8.     8. -2056.] [   0.    163.84    0.64]263.363624 274.338223 293.860683 287.5042375 292.5372875 273.2342125 262.448712 281.6094945 
-4.401314 [    8.     8. -2056.] [   0.    163.84    0.64]265.0624455 271.0155325 291.151499 289.8083895 293.862057 276.2869025 262.426666 278.0681755 
-4.505588 [    0.     8. -2056.] [   0.    163.84    0.64]267.387422 267.9816265 288.1639735 292.0564945 295.0713505 278.993105 263.2770745 274.5611435 
-4.609902 [    8.     8. -2056.] [   0.    163.84    0.64]270.1732655 265.355913 284.9811345 294.029368 296.2151945 281.109951 264.928927 271.21361 
-4.713008 [    8.     8. -2056.] [   0.    163.84    0.64]273.2546885 263.2578 281.6860085 295.5078245 297.335494 282.4242155 267.217951 268.146937 
-4.818123 [    8.     8. -2056.] [   0.    163.84    0.64]276.466403 261.806695 278.361623 296.272679 298.399392 282.9955355 269.978733 265.4824385 
-4.921883 [    8.     8. -2056.] [   0.    163.84    0.64]279.643121 261.1220065 275.092677 296.1305155 299.3337395 283.0306015 273.045858 263.3414295 
-5.026492 [    0.     8. -2056.] [   0.    163.84    0.64]282.619556 261.3231415 271.977942 295.104871 300.0649965 282.7375305 276.253913 261.8452255 
-5.130414 [    8.     8. -2056.] [   0.    163.84    0.64]285.247851 262.500692 269.123237 293.3279595 300.519625 282.3244375 279.437483 261.1151405 
-5.234612 [    0.     8. -2056.] [   0.    163.84    0.64]287.514644 264.5229155 266.6344355 290.932805 300.624084 281.99944 282.431155 261.2724895 
-5.339481 [    8.     8. -2056.] [   0.    163.84    0.64]289.4691435 267.1546355 264.6174105 288.0524335 300.3048355 281.9706535 285.082916 262.415932 
-5.442817 [    8.     8. -2056.] [   0.    163.84    0.64]291.1609035 270.1601005 263.178034 284.8198695 299.488339 282.446195 287.369856 264.4258945 
-5.546996 [    0.     8. -2056.] [   0.    163.84    0.64]292.63948 273.3035595 262.422179 281.368138 298.1119185 283.604534 289.3412135 267.0608405 
-5.651571 [    8.     8. -2056.] [   0.    163.84    0.64]293.954428 276.349261 262.455719 277.830264 296.2084985 285.363224 291.047015 270.0779025 
-5.754945 [    8.     8. -2056.] [   0.    163.84    0.64]295.155303 279.061454 263.363624 274.338223 293.860683 287.5042375 292.5372875 273.2342125 
-5.85846 [    8.     8. -2056.] [   0.    163.84    0.64]296.2916595 281.204387 265.0624455 271.0155325 291.151499 289.8083895 293.862057 276.2869025 
-5.96271 [    8.     8. -2056.] [   0.    163.84    0.64]297.187473 282.29765 267.387422 267.9816265 288.1639735 292.0564945 295.0713505 278.993105 
-6.066679 [    8.     8. -2056.] [   0.    163.84    0.64]298.2627245 282.9576945 270.1732655 265.355913 284.9811345 294.029368 296.2151945 281.109951 
-6.17125 [    8.     8. -2056.] [   0.    163.84    0.64]299.2184305 283.052991 273.2546885 263.2578 281.6860085 295.5078245 297.335494 282.4242155 
-6.275292 [    8.     8. -2056.] [   0.    163.84    0.64]299.981012 282.7917785 276.466403 261.806695 278.361623 296.272679 298.399392 282.9955355 
-6.380059 [    8.     8. -2056.] [   0.    163.84    0.64]300.476889 282.3822955 279.643121 261.1220065 275.092677 296.1305155 299.3337395 283.0306015 
-6.483575 [    8.     8. -2056.] [   0.    163.84    0.64]300.632482 282.0327815 282.619556 261.3231415 271.977942 295.104871 300.0649965 282.7375305 
-6.587231 [    8.     8. -2056.] [   0.    163.84    0.64]300.374211 281.951475 285.247851 262.500692 269.123237 293.3279595 300.519625 282.3244375 
-6.691832 [    8.     8. -2056.] [   0.    163.84    0.64]299.6284975 282.3466155 287.514644 264.5229155 266.6344355 290.932805 300.624084 281.99944 
-6.795269 [    8.     8. -2056.] [   0.    163.84    0.64]298.327783 283.4100095 289.4691435 267.1546355 264.6174105 288.0524335 300.3048355 281.9706535 
-6.901387 [    8.     8. -2056.] [   0.    163.84    0.64]296.490029 285.100115 291.1609035 270.1601005 263.178034 284.8198695 299.488339 282.446195 
-7.005211 [    8.     8. -2056.] [   0.    163.84    0.64]294.1967555 287.2019585 292.63948 273.3035595 262.422179 281.368138 298.1119185 283.604534 
-7.109628 [    8.     8. -2056.] [   0.    163.84    0.64]291.530993 289.496449 293.954428 276.349261 262.455719 277.830264 296.2084985 285.363224 
-7.214697 [    8.     8. -2056.] [   0.    163.84    0.64]288.575771 291.764495 295.155303 279.061454 263.363624 274.338223 293.860683 287.5042375 
-7.318422 [    0.     8. -2056.] [   0.    163.84    0.64]285.414119 293.7870065 296.2916595 281.204387 265.0624455 271.0155325 291.151499 289.8083895 
-7.423556 [    8.     8. -2056.] [   0.    163.84    0.64]282.1290665 295.3448915 297.187473 282.29765 267.387422 267.9816265 288.1639735 292.0564945 
-7.526541 [    0.     8. -2056.] [   0.    163.84    0.64]278.803643 296.2190595 298.2627245 282.9576945 270.1732655 265.355913 284.9811345 294.029368 
-7.631022 [    8.     8. -2056.] [   0.    163.84    0.64]275.521817 296.2048415 299.2184305 283.052991 273.2546885 263.2578 281.6860085 295.5078245 
-7.735261 [    8.     8. -2056.] [   0.    163.84    0.64]272.3802125 295.29212 299.981012 282.7917785 276.466403 261.806695 278.361623 296.272679 
-7.838795 [    0.     8. -2056.] [   0.    163.84    0.64]269.4845345 293.6103725 300.476889 282.3822955 279.643121 261.1220065 275.092677 296.1305155 
-7.943309 [    8.     8. -2056.] [   0.    163.84    0.64]266.9406865 291.292125 300.632482 282.0327815 282.619556 261.3231415 271.977942 295.104871 
-8.046844 [    8.     8. -2056.] [   0.    163.84    0.64]264.8545715 288.469903 300.374211 281.951475 285.247851 262.500692 269.123237 293.3279595 
-8.151228 [    8.     8. -2056.] [   0.    163.84    0.64]263.332094 285.2762335 299.6284975 282.3466155 287.514644 264.5229155 266.6344355 290.932805 
-8.256212 [    8.     8. -2048.] [   0.    163.84    0.64]262.4791565 281.8436425 298.327783 283.4100095 289.4691435 267.1546355 264.6174105 288.0524335 
-8.359348 [    8.     8. -2056.] [   0.    163.84    0.64]262.4016635 278.304656 296.490029 285.100115 291.1609035 270.1601005 263.178034 284.8198695 
-8.462729 [ 8.  8. -8.] [   0.    163.84    0.64]263.1936635 274.79131 294.1967555 287.2019585 292.63948 273.3035595 262.422179 281.368138 
-8.566906 [    8.     8. -2056.] [   0.    163.84    0.64]264.7971625 271.4293545 291.530993 289.496449 293.954428 276.349261 262.455719 277.830264 
-8.670962 [    8.     8. -2056.] [   0.    163.84    0.64]267.0488565 268.3401865 288.575771 291.764495 295.155303 279.061454 263.363624 274.338223 
-8.776914 [    8.     8. -2056.] [   0.    163.84    0.64]269.783333 265.645114 285.414119 293.7870065 296.2916595 281.204387 265.0624455 271.0155325 
-8.879105 [    8.     8. -2056.] [   0.    163.84    0.64]272.835179 263.465447 282.1290665 295.3448915 297.187473 282.29765 267.387422 267.9816265 
-8.982336 [    0.     8. -2056.] [   0.    163.84    0.64]276.038981 261.9224935 278.803643 296.2190595 298.2627245 282.9576945 270.1732655 265.355913 
-9.085201 [    8.     8. -2056.] [   0.    163.84    0.64]279.229326 261.1375635 275.521817 296.2048415 299.2184305 283.052991 273.2546885 263.2578 
-9.186863 [    8.     8. -2056.] [   0.   -163.84    0.64]282.2408015 261.231966 272.3802125 295.29212 299.981012 282.7917785 276.466403 261.806695 
-9.288933 [    8.     8. -2056.] [   0.    163.84    0.64]284.9180075 262.310084 269.4845345 293.6103725 300.476889 282.3822955 279.643121 261.1220065 
-9.392105 [    0.     8. -2056.] [   0.    163.84    0.64]287.2277665 264.269701 266.9406865 291.292125 300.632482 282.0327815 282.619556 261.3231415 
-9.495197 [    8.     8. -2056.] [   0.    163.84    0.64]289.2186095 266.8704895 264.8545715 288.469903 300.374211 281.951475 285.247851 262.500692 
-9.597164 [    8.     8. -2056.] [   0.    163.84    0.64]290.940561 269.8695915 263.332094 285.2762335 299.6284975 282.3466155 287.514644 264.5229155 
-9.698761 [    8.     8. -2056.] [   0.    163.84    0.64]292.4436475 273.02415 262.4791565 281.8436425 298.327783 283.4100095 289.4691435 267.1546355 
-9.80143 [    8.     8. -2056.] [   0.    163.84    0.64]293.7778945 276.0913075 262.4016635 278.304656 296.490029 285.100115 291.1609035 270.1601005 
-9.904987 [    8.     8. -2056.] [   0.    163.84    0.64]294.993328 278.8282065 263.1936635 274.79131 294.1967555 287.2019585 292.63948 273.3035595 
-10.010309 [    8.     8. -2056.] [   0.    163.84    0.64]296.139974 280.9919895 264.7971625 271.4293545 291.530993 289.496449 293.954428 276.349261 
-10.111794 [    8.     8. -2056.] [   0.    163.84    0.64]297.261756 282.3620685 267.0488565 268.3401865 288.575771 291.764495 295.155303 279.061454 
-10.214091 [    0.     8. -2056.] [   0.    163.84    0.64]298.331664 282.9767255 269.783333 265.645114 285.414119 293.7870065 296.2916595 281.204387 
-10.316843 [    8.     8. -2056.] [   0.    163.84    0.64]299.2769235 283.0412555 272.835179 263.465447 282.1290665 295.3448915 297.187473 282.29765 
-10.418546 [ 8.  8. -8.] [   0.    163.84    0.64]300.023998 282.7637385 276.038981 261.9224935 278.803643 296.2190595 298.2627245 282.9576945 
-10.520267 [    8.     8. -2056.] [   0.    163.84    0.64]300.4993505 282.352254 279.229326 261.1375635 275.521817 296.2048415 299.2184305 283.052991 
-10.623572 [    0.     8. -2056.] [   0.    163.84    0.64]300.6294435 282.014881 282.2408015 261.231966 272.3802125 295.29212 299.981012 282.7917785 
-10.726812 [    8.     8. -2056.] [   0.    163.84    0.64]300.3407415 281.959699 284.9180075 262.310084 269.4845345 293.6103725 300.476889 282.3822955 
-10.829294 [    8.     8. -2056.] [   0.    163.84    0.64]299.559706 282.394788 287.2277665 264.269701 266.9406865 291.292125 300.632482 282.0327815 
-10.931224 [    0.     8. -2056.] [   0.    163.84    0.64]298.2210055 283.5058425 289.2186095 266.8704895 264.8545715 288.469903 300.374211 281.951475 
-11.034348 [    8.     8. -2056.] [   0.    163.84    0.64]296.350211 285.230547 290.940561 269.8695915 263.332094 285.2762335 299.6284975 282.3466155 
-11.137322 [    8.     8. -2056.] [   0.    163.84    0.64]294.0294855 287.352186 292.4436475 273.02415 262.4791565 281.8436425 298.327783 283.4100095 
-11.239618 [    8.     8. -2056.] [   0.    163.84    0.64]291.341847 289.6517115 293.7778945 276.0913075 262.4016635 278.304656 296.490029 285.100115 
-11.341411 [    0.     8. -2056.] [   0.    163.84    0.64]288.3703145 291.910075 294.993328 278.8282065 263.1936635 274.79131 294.1967555 287.2019585 
-11.444046 [    8.     8. -2056.] [   0.    163.84    0.64]285.1979055 293.908229 296.139974 280.9919895 264.7971625 271.4293545 291.530993 289.496449 
-11.550306 [    8.     8. -2056.] [   0.    163.84    0.64]281.9076385 295.4271245 297.261756 282.3620685 267.0488565 268.3401865 288.575771 291.764495 
-11.65331 [    8.     8. -2056.] [   0.    163.84    0.64]278.582532 296.2477145 298.331664 282.9767255 269.783333 265.645114 285.414119 293.7870065 
-11.758464 [    8.     8. -2056.] [   0.   -163.84    0.64]275.3068755 296.170479 299.2769235 283.0412555 272.835179 263.465447 282.1290665 295.3448915 
-11.862131 [    8.     8. -2056.] [   0.    163.84    0.64]272.1783945 295.202281 300.023998 282.7637385 276.038981 261.9224935 278.803643 296.2190595 
-11.965545 [    8.     8. -2056.] [   0.    163.84    0.64]269.3028865 293.4739445 300.4993505 282.352254 279.229326 261.1375635 275.521817 296.2048415 
-12.07021 [    8.     8. -2056.] [   0.    163.84    0.64]266.7862575 291.117984 300.6294435 282.014881 282.2408015 261.231966 272.3802125 295.29212 
-12.173109 [    0.     8. -2056.] [   0.    163.84    0.64]264.7344145 288.2669125 300.3407415 281.959699 284.9180075 262.310084 269.4845345 293.6103725 
-12.278689 [    8.     8. -2056.] [   0.    163.84    0.64]263.253264 285.0532445 299.559706 282.394788 287.2277665 264.269701 266.9406865 291.292125 
-12.382108 [    8.     8. -2056.] [   0.    163.84    0.64]262.448712 281.6094945 298.2210055 283.5058425 289.2186095 266.8704895 264.8545715 288.469903 
-12.48564 [    8.     8. -2056.] [   0.    163.84    0.64]262.426666 278.0681755 296.350211 285.230547 290.940561 269.8695915 263.332094 285.2762335 
-12.590304 [    8.     8. -2056.] [   0.    163.84    0.64]263.2770745 274.5611435 294.0294855 287.352186 292.4436475 273.02415 262.4791565 281.8436425 
-12.693846 [    0.     8. -2056.] [   0.    163.84    0.64]264.928927 271.21361 291.341847 289.6517115 293.7778945 276.0913075 262.4016635 278.304656 
-12.797902 [    0.     8. -2056.] [   0.    163.84    0.64]267.217951 268.146937 288.3703145 291.910075 294.993328 278.8282065 263.1936635 274.79131 
-12.902395 [    8.     8. -2056.] [   0.    163.84    0.64]269.978733 265.4824385 285.1979055 293.908229 296.139974 280.9919895 264.7971625 271.4293545 
-13.005576 [    8.     8. -2056.] [   0.    163.84    0.64]273.045858 263.3414295 281.9076385 295.4271245 297.261756 282.3620685 267.0488565 268.3401865 
-13.11085 [    8.     8. -2056.] [   0.    163.84    0.64]276.253913 261.8452255 278.582532 296.2477145 298.331664 282.9767255 269.783333 265.645114 
-13.214957 [    8.     8. -2056.] [   0.    163.84    0.64]279.437483 261.1151405 275.3068755 296.170479 299.2769235 283.0412555 272.835179 263.465447 
-13.317564 [    8.     8. -2056.] [   0.    163.84    0.64]282.431155 261.2724895 272.1783945 295.202281 300.023998 282.7637385 276.038981 261.9224935 
-13.421973 [    8.     8. -2056.] [   0.    163.84    0.64]285.082916 262.415932 269.3028865 293.4739445 300.4993505 282.352254 279.229326 261.1375635 
-13.525274 [    8.     8. -2056.] [   0.    163.84    0.64]287.369856 264.4258945 266.7862575 291.117984 300.6294435 282.014881 282.2408015 261.231966 
-13.629825 [    8.     8. -2056.] [   0.    163.84    0.64]289.3412135 267.0608405 264.7344145 288.2669125 300.3407415 281.959699 284.9180075 262.310084 
-13.733882 [    8.     8. -2056.] [   0.    163.84    0.64]291.047015 270.0779025 263.253264 285.0532445 299.559706 282.394788 287.2277665 264.269701 
-13.837341 [    8.     8. -2056.] [   0.    163.84    0.64]292.5372875 273.2342125 262.448712 281.6094945 298.2210055 283.5058425 289.2186095 266.8704895 
-13.941877 [    8.     8. -2056.] [   0.    163.84    0.64]293.862057 276.2869025 262.426666 278.0681755 296.350211 285.230547 290.940561 269.8695915 
-14.045948 [    8.     8. -2056.] [   0.    163.84    0.64]295.0713505 278.993105 263.2770745 274.5611435 294.0294855 287.352186 292.4436475 273.02415 
-14.150732 [    8.     8. -2056.] [   0.    163.84    0.64]296.2151945 281.109951 264.928927 271.21361 291.341847 289.6517115 293.7778945 276.0913075 
-14.255834 [    8.     8. -2056.] [   0.    163.84    0.64]297.335494 282.4242155 267.217951 268.146937 288.3703145 291.910075 294.993328 278.8282065 
-14.359294 [    0.     8. -2056.] [   0.    163.84    0.64]298.399392 282.9955355 269.978733 265.4824385 285.1979055 293.908229 296.139974 280.9919895 
-14.463104 [    8.     8. -2056.] [   0.    163.84    0.64]299.3337395 283.0306015 273.045858 263.3414295 281.9076385 295.4271245 297.261756 282.3620685 
-14.56583 [    8.     8. -2056.] [   0.    163.84    0.64]300.0649965 282.7375305 276.253913 261.8452255 278.582532 296.2477145 298.331664 282.9767255 
-14.667792 [    8.     8. -2056.] [   0.    163.84    0.64]300.519625 282.3244375 279.437483 261.1151405 275.3068755 296.170479 299.2769235 283.0412555 
-14.769883 [    8.     8. -2056.] [   0.    163.84    0.64]300.624084 281.99944 282.431155 261.2724895 272.1783945 295.202281 300.023998 282.7637385 
-14.873285 [    8.     8. -2056.] [   0.    163.84    0.64]300.3048355 281.9706535 285.082916 262.415932 269.3028865 293.4739445 300.4993505 282.352254 
-14.975968 [    8.     8. -2056.] [   0.    163.84    0.64]299.488339 282.446195 287.369856 264.4258945 266.7862575 291.117984 300.6294435 282.014881 
-15.078547 [    8.     8. -2056.] [   0.    163.84    0.64]298.1119185 283.604534 289.3412135 267.0608405 264.7344145 288.2669125 300.3407415 281.959699 
-15.182371 [    8.     8. -2056.] [   0.    163.84    0.64]296.2084985 285.363224 291.047015 270.0779025 263.253264 285.0532445 299.559706 282.394788 
-15.285342 [    8.     8. -2056.] [   0.    163.84    0.64]293.860683 287.5042375 292.5372875 273.2342125 262.448712 281.6094945 298.2210055 283.5058425 
-15.387364 [    8.     8. -2056.] [   0.    163.84    0.64]291.151499 289.8083895 293.862057 276.2869025 262.426666 278.0681755 296.350211 285.230547 
-15.490421 [    8.     8. -2056.] [   0.    163.84    0.64]288.1639735 292.0564945 295.0713505 278.993105 263.2770745 274.5611435 294.0294855 287.352186 
-15.594128 [    8.     8. -2056.] [   0.    163.84    0.64]284.9811345 294.029368 296.2151945 281.109951 264.928927 271.21361 291.341847 289.6517115 
-15.696416 [    8.     8. -2056.] [   0.    163.84    0.64]281.6860085 295.5078245 297.335494 282.4242155 267.217951 268.146937 288.3703145 291.910075 
-15.798211 [    0.     8. -2056.] [   0.    163.84    0.64]278.361623 296.272679 298.399392 282.9955355 269.978733 265.4824385 285.1979055 293.908229 
-15.90103 [    0.     8. -2056.] [   0.    163.84    0.64]275.092677 296.1305155 299.3337395 283.0306015 273.045858 263.3414295 281.9076385 295.4271245 
-16.004862 [    8.     8. -2056.] [   0.    163.84    0.64]271.977942 295.104871 300.0649965 282.7375305 276.253913 261.8452255 278.582532 296.2477145 
-16.107319 [    8.     8. -2056.] [   0.    163.84    0.64]269.123237 293.3279595 300.519625 282.3244375 279.437483 261.1151405 275.3068755 296.170479 
-16.21017 [    8.     8. -2056.] [   0.    163.84    0.64]266.6344355 290.932805 300.624084 281.99944 282.431155 261.2724895 272.1783945 295.202281 
-16.313903 [    8.     8. -2056.] [   0.    163.84    0.64]264.6174105 288.0524335 300.3048355 281.9706535 285.082916 262.415932 269.3028865 293.4739445 
-16.417243 [    8.     8. -2056.] [   0.    163.84    0.64]263.178034 284.8198695 299.488339 282.446195 287.369856 264.4258945 266.7862575 291.117984 
-16.519179 [    8.     8. -2056.] [   0.    163.84   -0.64]262.422179 281.368138 298.1119185 283.604534 289.3412135 267.0608405 264.7344145 288.2669125 
-16.620983 [    8.     8. -2056.] [   0.    163.84    0.64]262.455719 277.830264 296.2084985 285.363224 291.047015 270.0779025 263.253264 285.0532445 
-16.722976 [    0.     8. -2056.] [   0.    163.84    0.64]263.363624 274.338223 293.860683 287.5042375 292.5372875 273.2342125 262.448712 281.6094945 
-16.825948 [    8.     8. -2056.] [   0.    163.84    0.64]265.0624455 271.0155325 291.151499 289.8083895 293.862057 276.2869025 262.426666 278.0681755 
-16.928415 [    8.     8. -2056.] [   0.    163.84    0.64]267.387422 267.9816265 288.1639735 292.0564945 295.0713505 278.993105 263.2770745 274.5611435 
-17.030494 [    8.     8. -2056.] [   0.    163.84    0.64]270.1732655 265.355913 284.9811345 294.029368 296.2151945 281.109951 264.928927 271.21361 
-17.133695 [    8.     8. -2056.] [   0.    163.84    0.64]273.2546885 263.2578 281.6860085 295.5078245 297.335494 282.4242155 267.217951 268.146937 
-17.237295 [    8.     8. -2056.] [   0.    163.84    0.64]276.466403 261.806695 278.361623 296.272679 298.399392 282.9955355 269.978733 265.4824385 
-17.339528 [    8.     8. -2056.] [   0.    163.84    0.64]279.643121 261.1220065 275.092677 296.1305155 299.3337395 283.0306015 273.045858 263.3414295 
-17.441774 [    8.     8. -2056.] [   0.    163.84    0.64]282.619556 261.3231415 271.977942 295.104871 300.0649965 282.7375305 276.253913 261.8452255 
-17.545564 [    8.     8. -2056.] [   0.    163.84    0.64]285.247851 262.500692 269.123237 293.3279595 300.519625 282.3244375 279.437483 261.1151405 
-17.648674 [    8.     8. -2056.] [   0.    163.84    0.64]287.514644 264.5229155 266.6344355 290.932805 300.624084 281.99944 282.431155 261.2724895 
-17.750717 [    8.     8. -2056.] [   0.    163.84    0.64]289.4691435 267.1546355 264.6174105 288.0524335 300.3048355 281.9706535 285.082916 262.415932 
-17.85349 [    8.     8. -2056.] [   0.    163.84    0.64]291.1609035 270.1601005 263.178034 284.8198695 299.488339 282.446195 287.369856 264.4258945 
-17.957373 [    8.     8. -2056.] [   0.    163.84    0.64]292.63948 273.3035595 262.422179 281.368138 298.1119185 283.604534 289.3412135 267.0608405 
-18.060058 [    8.     8. -2056.] [   0.    163.84    0.64]293.954428 276.349261 262.455719 277.830264 296.2084985 285.363224 291.047015 270.0779025 
-18.16212 [    8.     8. -2056.] [   0.    163.84    0.64]295.155303 279.061454 263.363624 274.338223 293.860683 287.5042375 292.5372875 273.2342125 
-18.265325 [    8.     8. -2056.] [   0.    163.84    0.64]296.2916595 281.204387 265.0624455 271.0155325 291.151499 289.8083895 293.862057 276.2869025 
-18.369237 [    8.     8. -2056.] [   0.    163.84    0.64]297.187473 282.29765 267.387422 267.9816265 288.1639735 292.0564945 295.0713505 278.993105 
-18.471671 [    8.     8. -2056.] [   0.    163.84    0.64]298.2627245 282.9576945 270.1732655 265.355913 284.9811345 294.029368 296.2151945 281.109951 
-18.573804 [    8.     8. -2056.] [   0.    163.84    0.64]299.2184305 283.052991 273.2546885 263.2578 281.6860085 295.5078245 297.335494 282.4242155 
-18.676042 [    8.     8. -2056.] [   0.    163.84   -0.64]299.981012 282.7917785 276.466403 261.806695 278.361623 296.272679 298.399392 282.9955355 
-18.778992 [    8.     8. -2056.] [   0.    163.84    0.64]300.476889 282.3822955 279.643121 261.1220065 275.092677 296.1305155 299.3337395 283.0306015 
-18.881635 [    8.     8. -2056.] [   0.    163.84    0.64]300.632482 282.0327815 282.619556 261.3231415 271.977942 295.104871 300.0649965 282.7375305 
-18.984231 [    8.     8. -2056.] [   0.    163.84    0.64]300.374211 281.951475 285.247851 262.500692 269.123237 293.3279595 300.519625 282.3244375 
-19.087798 [    8.     8. -2056.] [   0.    163.84    0.64]299.6284975 282.3466155 287.514644 264.5229155 266.6344355 290.932805 300.624084 281.99944 
-19.190974 [    8.     8. -2056.] [   0.    163.84    0.64]298.327783 283.4100095 289.4691435 267.1546355 264.6174105 288.0524335 300.3048355 281.9706535 
-19.293123 [    0.     8. -2056.] [   0.    163.84    0.64]296.490029 285.100115 291.1609035 270.1601005 263.178034 284.8198695 299.488339 282.446195 
-19.395928 [    8.     8. -2056.] [   0.    163.84    0.64]294.1967555 287.2019585 292.63948 273.3035595 262.422179 281.368138 298.1119185 283.604534 
-19.499637 [    8.     8. -2056.] [   0.    163.84    0.64]291.530993 289.496449 293.954428 276.349261 262.455719 277.830264 296.2084985 285.363224 
-19.602331 [    8.     8. -2056.] [   0.    163.84    0.64]288.575771 291.764495 295.155303 279.061454 263.363624 274.338223 293.860683 287.5042375 
-19.70406 [    8.     8. -2056.] [   0.    163.84    0.64]285.414119 293.7870065 296.2916595 281.204387 265.0624455 271.0155325 291.151499 289.8083895 
-19.80671 [    8.     8. -2056.] [   0.    163.84    0.64]282.1290665 295.3448915 297.187473 282.29765 267.387422 267.9816265 288.1639735 292.0564945 
-19.911422 [    8.     8. -2056.] [   0.    163.84    0.64]278.803643 296.2190595 298.2627245 282.9576945 270.1732655 265.355913 284.9811345 294.029368 
-20.013819 [    8.     8. -2056.] [   0.    163.84    0.64]275.521817 296.2048415 299.2184305 283.052991 273.2546885 263.2578 281.6860085 295.5078245 
-20.116205 [    8.     8. -2056.] [   0.    163.84    0.64]272.3802125 295.29212 299.981012 282.7917785 276.466403 261.806695 278.361623 296.272679 
-20.219644 [    8.     8. -2056.] [   0.    163.84    0.64]269.4845345 293.6103725 300.476889 282.3822955 279.643121 261.1220065 275.092677 296.1305155 
-20.323075 [    8.     8. -2056.] [   0.    163.84    0.64]266.9406865 291.292125 300.632482 282.0327815 282.619556 261.3231415 271.977942 295.104871 
-20.425225 [    8.     8. -2056.] [   0.    163.84    0.64]264.8545715 288.469903 300.374211 281.951475 285.247851 262.500692 269.123237 293.3279595 
-20.527269 [    8.     8. -2056.] [   0.    163.84    0.64]263.332094 285.2762335 299.6284975 282.3466155 287.514644 264.5229155 266.6344355 290.932805 
-20.629062 [    8.     8. -2056.] [   0.    163.84    0.64]262.4791565 281.8436425 298.327783 283.4100095 289.4691435 267.1546355 264.6174105 288.0524335 
-20.731805 [    8.     8. -2056.] [   0.    163.84    0.64]262.4016635 278.304656 296.490029 285.100115 291.1609035 270.1601005 263.178034 284.8198695 
-20.834709 [    8.     8. -2056.] [   0.    163.84    0.64]263.1936635 274.79131 294.1967555 287.2019585 292.63948 273.3035595 262.422179 281.368138 
-20.93672 [    8.     8. -2056.] [   0.    163.84    0.64]264.7971625 271.4293545 291.530993 289.496449 293.954428 276.349261 262.455719 277.830264 
-21.039925 [    8.     8. -2056.] [   0.    163.84    0.64]267.0488565 268.3401865 288.575771 291.764495 295.155303 279.061454 263.363624 274.338223 
-21.143449 [    8.     8. -2056.] [   0.    163.84    0.64]269.783333 265.645114 285.414119 293.7870065 296.2916595 281.204387 265.0624455 271.0155325 
-21.245534 [    8.     8. -2056.] [   0.    163.84    0.64]272.835179 263.465447 282.1290665 295.3448915 297.187473 282.29765 267.387422 267.9816265 
-21.347394 [    8.     8. -2056.] [   0.    163.84    0.64]276.038981 261.9224935 278.803643 296.2190595 298.2627245 282.9576945 270.1732655 265.355913 
-21.450638 [    8.     8. -2056.] [   0.    163.84    0.64]279.229326 261.1375635 275.521817 296.2048415 299.2184305 283.052991 273.2546885 263.2578 
-21.554047 [    8.     8. -2056.] [   0.    163.84    0.64]282.2408015 261.231966 272.3802125 295.29212 299.981012 282.7917785 276.466403 261.806695 
-21.656094 [    8.     8. -2056.] [   0.    163.84    0.64]284.9180075 262.310084 269.4845345 293.6103725 300.476889 282.3822955 279.643121 261.1220065 
-21.758326 [    0.     8. -2056.] [   0.    163.84    0.64]287.2277665 264.269701 266.9406865 291.292125 300.632482 282.0327815 282.619556 261.3231415 
-21.861767 [    0.     8. -2056.] [   0.    163.84    0.64]289.2186095 266.8704895 264.8545715 288.469903 300.374211 281.951475 285.247851 262.500692 
-21.965069 [    8.     8. -2056.] [   0.    163.84    0.64]290.940561 269.8695915 263.332094 285.2762335 299.6284975 282.3466155 287.514644 264.5229155 
-22.067346 [    8.     8. -2056.] [   0.    163.84    0.64]292.4436475 273.02415 262.4791565 281.8436425 298.327783 283.4100095 289.4691435 267.1546355 
-22.169725 [    0.     8. -2056.] [   0.    163.84    0.64]293.7778945 276.0913075 262.4016635 278.304656 296.490029 285.100115 291.1609035 270.1601005 
-22.273499 [    8.     8. -2056.] [   0.    163.84    0.64]294.993328 278.8282065 263.1936635 274.79131 294.1967555 287.2019585 292.63948 273.3035595 
-22.376468 [    8.     8. -2056.] [   0.    163.84    0.64]296.139974 280.9919895 264.7971625 271.4293545 291.530993 289.496449 293.954428 276.349261 
-22.478369 [    8.     8. -2056.] [   0.    163.84    0.64]297.261756 282.3620685 267.0488565 268.3401865 288.575771 291.764495 295.155303 279.061454 
-22.580366 [    8.     8. -2056.] [   0.    163.84    0.64]298.331664 282.9767255 269.783333 265.645114 285.414119 293.7870065 296.2916595 281.204387 
-22.682492 [    8.     8. -2056.] [   0.    163.84    0.64]299.2769235 283.0412555 272.835179 263.465447 282.1290665 295.3448915 297.187473 282.29765 
-22.785768 [    8.     8. -2056.] [   0.    163.84    0.64]300.023998 282.7637385 276.038981 261.9224935 278.803643 296.2190595 298.2627245 282.9576945 
-22.888133 [    8.     8. -2056.] [   0.    163.84    0.64]300.4993505 282.352254 279.229326 261.1375635 275.521817 296.2048415 299.2184305 283.052991 
-22.990419 [    8.     8. -2056.] [   0.    163.84    0.64]300.6294435 282.014881 282.2408015 261.231966 272.3802125 295.29212 299.981012 282.7917785 
-23.093978 [    0.     8. -2056.] [   0.    163.84    0.64]300.3407415 281.959699 284.9180075 262.310084 269.4845345 293.6103725 300.476889 282.3822955 
-23.197253 [    8.     8. -2056.] [   0.    163.84    0.64]299.559706 282.394788 287.2277665 264.269701 266.9406865 291.292125 300.632482 282.0327815 
-23.299522 [    8.     8. -2056.] [   0.    163.84    0.64]298.2210055 283.5058425 289.2186095 266.8704895 264.8545715 288.469903 300.374211 281.951475 
-23.402135 [    8.     8. -2056.] [   0.    163.84    0.64]296.350211 285.230547 290.940561 269.8695915 263.332094 285.2762335 299.6284975 282.3466155 
-23.506302 [    8.     8. -2056.] [   0.    163.84    0.64]294.0294855 287.352186 292.4436475 273.02415 262.4791565 281.8436425 298.327783 283.4100095 
-23.60894 [    8.     8. -2056.] [   0.    163.84    0.64]291.341847 289.6517115 293.7778945 276.0913075 262.4016635 278.304656 296.490029 285.100115 
-23.710986 [    8.     8. -2056.] [   0.    163.84    0.64]288.3703145 291.910075 294.993328 278.8282065 263.1936635 274.79131 294.1967555 287.2019585 
-23.813961 [    8.     8. -2056.] [   0.    163.84    0.64]285.1979055 293.908229 296.139974 280.9919895 264.7971625 271.4293545 291.530993 289.496449 
-23.917491 [    8.     8. -2056.] [   0.    163.84    0.64]281.9076385 295.4271245 297.261756 282.3620685 267.0488565 268.3401865 288.575771 291.764495 
-24.019908 [    8.     8. -2056.] [   0.    163.84    0.64]278.582532 296.2477145 298.331664 282.9767255 269.783333 265.645114 285.414119 293.7870065 
-24.121864 [    8.     8. -2056.] [   0.    163.84    0.64]275.3068755 296.170479 299.2769235 283.0412555 272.835179 263.465447 282.1290665 295.3448915 
-24.224929 [    8.     8. -2056.] [   0.    163.84    0.64]272.1783945 295.202281 300.023998 282.7637385 276.038981 261.9224935 278.803643 296.2190595 
-24.328579 [    8.     8. -2056.] [   0.    163.84    0.64]269.3028865 293.4739445 300.4993505 282.352254 279.229326 261.1375635 275.521817 296.2048415 
-24.431064 [    8.     8. -2056.] [   0.    163.84    0.64]266.7862575 291.117984 300.6294435 282.014881 282.2408015 261.231966 272.3802125 295.29212 
-24.533561 [    8.     8. -2056.] [   0.    163.84    0.64]264.7344145 288.2669125 300.3407415 281.959699 284.9180075 262.310084 269.4845345 293.6103725 
-24.635351 [    0.     8. -2056.] [   0.    163.84    0.64]263.253264 285.0532445 299.559706 282.394788 287.2277665 264.269701 266.9406865 291.292125 
-24.738269 [    8.     8. -2056.] [   0.    163.84    0.64]262.448712 281.6094945 298.2210055 283.5058425 289.2186095 266.8704895 264.8545715 288.469903 
-24.841008 [    8.     8. -2056.] [   0.    163.84    0.64]262.426666 278.0681755 296.350211 285.230547 290.940561 269.8695915 263.332094 285.2762335 
-24.943054 [    8.     8. -2056.] [   0.    163.84    0.64]263.2770745 274.5611435 294.0294855 287.352186 292.4436475 273.02415 262.4791565 281.8436425 
-25.046287 [    8.     8. -2056.] [   0.    163.84    0.64]264.928927 271.21361 291.341847 289.6517115 293.7778945 276.0913075 262.4016635 278.304656 
-25.149632 [    8.     8. -2056.] [   0.    163.84    0.64]267.217951 268.146937 288.3703145 291.910075 294.993328 278.8282065 263.1936635 274.79131 
-25.252137 [    8.     8. -2056.] [   0.    163.84    0.64]269.978733 265.4824385 285.1979055 293.908229 296.139974 280.9919895 264.7971625 271.4293545 
-25.354093 [    8.     8. -2056.] [   0.    163.84    0.64]273.045858 263.3414295 281.9076385 295.4271245 297.261756 282.3620685 267.0488565 268.3401865 
-25.457587 [    0.     8. -2056.] [   0.    163.84    0.64]276.253913 261.8452255 278.582532 296.2477145 298.331664 282.9767255 269.783333 265.645114 
-25.561012 [    8.     8. -2056.] [   0.    163.84    0.64]279.437483 261.1151405 275.3068755 296.170479 299.2769235 283.0412555 272.835179 263.465447 
-25.663259 [    8.     8. -2056.] [   0.    163.84    0.64]282.431155 261.2724895 272.1783945 295.202281 300.023998 282.7637385 276.038981 261.9224935 
-25.766043 [    8.     8. -2056.] [   0.    163.84    0.64]285.082916 262.415932 269.3028865 293.4739445 300.4993505 282.352254 279.229326 261.1375635 
-25.869724 [    8.     8. -2056.] [   0.    163.84    0.64]287.369856 264.4258945 266.7862575 291.117984 300.6294435 282.014881 282.2408015 261.231966 
-25.972509 [    8.     8. -2056.] [   0.    163.84    0.64]289.3412135 267.0608405 264.7344145 288.2669125 300.3407415 281.959699 284.9180075 262.310084 
-26.074486 [    0.     8. -2056.] [   0.    163.84    0.64]291.047015 270.0779025 263.253264 285.0532445 299.559706 282.394788 287.2277665 264.269701 
-26.176982 [    8.     8. -2056.] [   0.    163.84    0.64]292.5372875 273.2342125 262.448712 281.6094945 298.2210055 283.5058425 289.2186095 266.8704895 
-26.280621 [    8.     8. -2056.] [   0.    163.84    0.64]293.862057 276.2869025 262.426666 278.0681755 296.350211 285.230547 290.940561 269.8695915 
-26.38345 [    8.     8. -2056.] [   0.    163.84    0.64]295.0713505 278.993105 263.2770745 274.5611435 294.0294855 287.352186 292.4436475 273.02415 
-26.485154 [    8.     8. -2056.] [   0.    163.84    0.64]296.2151945 281.109951 264.928927 271.21361 291.341847 289.6517115 293.7778945 276.0913075 
-26.589647 [    8.     8. -2056.] [   0.    163.84    0.64]297.335494 282.4242155 267.217951 268.146937 288.3703145 291.910075 294.993328 278.8282065 
-26.692893 [    8.     8. -2056.] [   0.    163.84    0.64]298.399392 282.9955355 269.978733 265.4824385 285.1979055 293.908229 296.139974 280.9919895 
-26.79493 [    8.     8. -2056.] [   0.    163.84    0.64]299.3337395 283.0306015 273.045858 263.3414295 281.9076385 295.4271245 297.261756 282.3620685 
-26.896839 [    0.     8. -2056.] [   0.    163.84    0.64]300.0649965 282.7375305 276.253913 261.8452255 278.582532 296.2477145 298.331664 282.9767255 
-26.999894 [    8.     8. -2056.] [   0.    163.84    0.64]300.519625 282.3244375 279.437483 261.1151405 275.3068755 296.170479 299.2769235 283.0412555 
-27.103064 [    8.     8. -2056.] [   0.    163.84    0.64]300.624084 281.99944 282.431155 261.2724895 272.1783945 295.202281 300.023998 282.7637385 
-27.205549 [    8.     8. -2056.] [   0.    163.84    0.64]300.3048355 281.9706535 285.082916 262.415932 269.3028865 293.4739445 300.4993505 282.352254 
-27.307671 [    8.     8. -2056.] [   0.    163.84    0.64]299.488339 282.446195 287.369856 264.4258945 266.7862575 291.117984 300.6294435 282.014881 
-27.410951 [    8.     8. -2056.] [   0.    163.84    0.64]298.1119185 283.604534 289.3412135 267.0608405 264.7344145 288.2669125 300.3407415 281.959699 
-27.523926 [    8.     8. -2056.] [   0.    163.84    0.64]296.2084985 285.363224 291.047015 270.0779025 263.253264 285.0532445 299.559706 282.394788 
-27.626164 [    8.     8. -2056.] [   0.    163.84    0.64]293.860683 287.5042375 292.5372875 273.2342125 262.448712 281.6094945 298.2210055 283.5058425 
-27.728037 [    8.     8. -2056.] [   0.    163.84   -0.64]291.151499 289.8083895 293.862057 276.2869025 262.426666 278.0681755 296.350211 285.230547 
-27.830855 [    0.     8. -2056.] [   0.    163.84    0.64]288.1639735 292.0564945 295.0713505 278.993105 263.2770745 274.5611435 294.0294855 287.352186 
-27.934963 [    8.     8. -2056.] [   0.    163.84    0.64]284.9811345 294.029368 296.2151945 281.109951 264.928927 271.21361 291.341847 289.6517115 
-28.037448 [    8.     8. -2056.] [   0.    163.84    0.64]281.6860085 295.5078245 297.335494 282.4242155 267.217951 268.146937 288.3703145 291.910075 
-28.139272 [    8.     8. -2056.] [   0.    163.84    0.64]278.361623 296.272679 298.399392 282.9955355 269.978733 265.4824385 285.1979055 293.908229 
-28.241224 [    0.     8. -2056.] [   0.    163.84    0.64]275.092677 296.1305155 299.3337395 283.0306015 273.045858 263.3414295 281.9076385 295.4271245 
-28.343936 [    8.     8. -2056.] [   0.    163.84    0.64]271.977942 295.104871 300.0649965 282.7375305 276.253913 261.8452255 278.582532 296.2477145 
-28.446887 [    8.     8. -2056.] [   0.    163.84    0.64]269.123237 293.3279595 300.519625 282.3244375 279.437483 261.1151405 275.3068755 296.170479 
-28.548712 [    8.     8. -2056.] [   0.    163.84    0.64]266.6344355 290.932805 300.624084 281.99944 282.431155 261.2724895 272.1783945 295.202281 
-28.651269 [    8.     8. -2056.] [   0.    163.84    0.64]264.6174105 288.0524335 300.3048355 281.9706535 285.082916 262.415932 269.3028865 293.4739445 
-28.755181 [    8.     8. -2056.] [   0.    163.84    0.64]263.178034 284.8198695 299.488339 282.446195 287.369856 264.4258945 266.7862575 291.117984 
-28.857843 [    8.     8. -2056.] [   0.    163.84    0.64]262.422179 281.368138 298.1119185 283.604534 289.3412135 267.0608405 264.7344145 288.2669125 
-28.959649 [    0.     8. -2056.] [   0.    163.84    0.64]262.455719 277.830264 296.2084985 285.363224 291.047015 270.0779025 263.253264 285.0532445 
-29.062517 [    8.     8. -2056.] [   0.    163.84    0.64]263.363624 274.338223 293.860683 287.5042375 292.5372875 273.2342125 262.448712 281.6094945 
-29.16621 [    8.     8. -2056.] [   0.    163.84    0.64]265.0624455 271.0155325 291.151499 289.8083895 293.862057 276.2869025 262.426666 278.0681755 
-29.268735 [    8.     8. -2056.] [   0.    163.84    0.64]267.387422 267.9816265 288.1639735 292.0564945 295.0713505 278.993105 263.2770745 274.5611435 
-29.371034 [    8.     8. -2056.] [   0.    163.84    0.64]270.1732655 265.355913 284.9811345 294.029368 296.2151945 281.109951 264.928927 271.21361 
-29.474409 [    8.     8. -2056.] [   0.    163.84    0.64]273.2546885 263.2578 281.6860085 295.5078245 297.335494 282.4242155 267.217951 268.146937 
-29.57759 [    8.     8. -2056.] [   0.    163.84    0.64]276.466403 261.806695 278.361623 296.272679 298.399392 282.9955355 269.978733 265.4824385 
-29.679584 [    8.     8. -2056.] [   0.    163.84    0.64]279.643121 261.1220065 275.092677 296.1305155 299.3337395 283.0306015 273.045858 263.3414295 
-29.781934 [    8.     8. -2056.] [   0.    163.84    0.64]282.619556 261.3231415 271.977942 295.104871 300.0649965 282.7375305 276.253913 261.8452255 
-29.885361 [    8.     8. -2056.] [   0.    163.84    0.64]285.247851 262.500692 269.123237 293.3279595 300.519625 282.3244375 279.437483 261.1151405 
-29.988693 [    8.     8. -2056.] [   0.    163.84    0.64]287.514644 264.5229155 266.6344355 290.932805 300.624084 281.99944 282.431155 261.2724895 
-30.091395 [    8.     8. -2056.] [   0.    163.84    0.64]289.4691435 267.1546355 264.6174105 288.0524335 300.3048355 281.9706535 285.082916 262.415932 
-30.193473 [    8.     8. -2056.] [   0.    163.84    0.64]291.1609035 270.1601005 263.178034 284.8198695 299.488339 282.446195 287.369856 264.4258945 
-30.295589 [    8.     8. -2056.] [   0.    163.84    0.64]292.63948 273.3035595 262.422179 281.368138 298.1119185 283.604534 289.3412135 267.0608405 
-30.398756 [    8.     8. -2056.] [   0.    163.84    0.64]293.954428 276.349261 262.455719 277.830264 296.2084985 285.363224 291.047015 270.0779025 
-30.501628 [    8.     8. -2056.] [   0.    163.84    0.64]295.155303 279.061454 263.363624 274.338223 293.860683 287.5042375 292.5372875 273.2342125 
-30.604021 [    8.     8. -2056.] [   0.    163.84    0.64]296.2916595 281.204387 265.0624455 271.0155325 291.151499 289.8083895 293.862057 276.2869025 
-30.707821 [    8.     8. -2056.] [   0.    163.84    0.64]297.187473 282.29765 267.387422 267.9816265 288.1639735 292.0564945 295.0713505 278.993105 
-30.810505 [    8.     8. -2056.] [   0.    163.84    0.64]298.2627245 282.9576945 270.1732655 265.355913 284.9811345 294.029368 296.2151945 281.109951 
-30.912321 [    8.     8. -2056.] [   0.    163.84    0.64]299.2184305 283.052991 273.2546885 263.2578 281.6860085 295.5078245 297.335494 282.4242155 
-31.015624 [    8.     8. -2056.] [   0.    163.84    0.64]299.981012 282.7917785 276.466403 261.806695 278.361623 296.272679 298.399392 282.9955355 
-31.119113 [    8.     8. -2056.] [   0.    163.84    0.64]300.476889 282.3822955 279.643121 261.1220065 275.092677 296.1305155 299.3337395 283.0306015 
-31.221824 [    8.     8. -2056.] [   0.    163.84    0.64]300.632482 282.0327815 282.619556 261.3231415 271.977942 295.104871 300.0649965 282.7375305 
-31.32386 [    8.     8. -2056.] [   0.    163.84    0.64]300.374211 281.951475 285.247851 262.500692 269.123237 293.3279595 300.519625 282.3244375 
-31.4269 [    8.     8. -2056.] [   0.    163.84    0.64]299.6284975 282.3466155 287.514644 264.5229155 266.6344355 290.932805 300.624084 281.99944 
-31.530839 [    8.     8. -2056.] [   0.    163.84    0.64]298.327783 283.4100095 289.4691435 267.1546355 264.6174105 288.0524335 300.3048355 281.9706535 
-31.633545 [    8.     8. -2056.] [   0.    163.84    0.64]296.490029 285.100115 291.1609035 270.1601005 263.178034 284.8198695 299.488339 282.446195 
-31.736087 [    8.     8. -2056.] [   0.    163.84    0.64]294.1967555 287.2019585 292.63948 273.3035595 262.422179 281.368138 298.1119185 283.604534 
-31.839844 [    8.     8. -2056.] [   0.    163.84    0.64]291.530993 289.496449 293.954428 276.349261 262.455719 277.830264 296.2084985 285.363224 
-31.942964 [    8.     8. -2056.] [   0.    163.84    0.64]288.575771 291.764495 295.155303 279.061454 263.363624 274.338223 293.860683 287.5042375 
-32.044941 [    8.     8. -2056.] [   0.    163.84    0.64]285.414119 293.7870065 296.2916595 281.204387 265.0624455 271.0155325 291.151499 289.8083895 
-32.146817 [    8.     8. -2056.] [   0.    163.84    0.64]282.1290665 295.3448915 297.187473 282.29765 267.387422 267.9816265 288.1639735 292.0564945 
-32.248774 [    8.     8. -2056.] [   0.    163.84    0.64]278.803643 296.2190595 298.2627245 282.9576945 270.1732655 265.355913 284.9811345 294.029368 
-32.351881 [    8.     8. -2056.] [   0.    163.84    0.64]275.521817 296.2048415 299.2184305 283.052991 273.2546885 263.2578 281.6860085 295.5078245 
-32.454277 [    8.     8. -2056.] [   0.    163.84    0.64]272.3802125 295.29212 299.981012 282.7917785 276.466403 261.806695 278.361623 296.272679 
-32.556294 [    8.     8. -2056.] [   0.    163.84    0.64]269.4845345 293.6103725 300.476889 282.3822955 279.643121 261.1220065 275.092677 296.1305155 
-32.659549 [    0.     8. -2056.] [   0.    163.84    0.64]266.9406865 291.292125 300.632482 282.0327815 282.619556 261.3231415 271.977942 295.104871 
-32.763186 [    8.     8. -2056.] [   0.    163.84    0.64]264.8545715 288.469903 300.374211 281.951475 285.247851 262.500692 269.123237 293.3279595 
-32.875841 [    8.     8. -2056.] [   0.    163.84    0.64]263.332094 285.2762335 299.6284975 282.3466155 287.514644 264.5229155 266.6344355 290.932805 
-32.978603 [    8.     8. -2056.] [   0.    163.84    0.64]262.4791565 281.8436425 298.327783 283.4100095 289.4691435 267.1546355 264.6174105 288.0524335 
-33.082399 [    8.     0. -2056.] [   0.    163.84    0.64]262.4016635 278.304656 296.490029 285.100115 291.1609035 270.1601005 263.178034 284.8198695 
-33.184944 [    8.     8. -2056.] [   0.    163.84    0.64]263.1936635 274.79131 294.1967555 287.2019585 292.63948 273.3035595 262.422179 281.368138 
-33.286888 [    0.     8. -2056.] [   0.    163.84    0.64]264.7971625 271.4293545 291.530993 289.496449 293.954428 276.349261 262.455719 277.830264 
-33.389939 [    0.     8. -2056.] [   0.    163.84    0.64]267.0488565 268.3401865 288.575771 291.764495 295.155303 279.061454 263.363624 274.338223 
-33.493968 [    8.     8. -2056.] [   0.    163.84    0.64]269.783333 265.645114 285.414119 293.7870065 296.2916595 281.204387 265.0624455 271.0155325 
-33.596187 [    8.     0. -2056.] [   0.    163.84    0.64]272.835179 263.465447 282.1290665 295.3448915 297.187473 282.29765 267.387422 267.9816265 
-33.697972 [    8.     8. -2056.] [   0.    163.84    0.64]276.038981 261.9224935 278.803643 296.2190595 298.2627245 282.9576945 270.1732655 265.355913 
-33.799846 [    8.     8. -2056.] [   0.    163.84    0.64]279.229326 261.1375635 275.521817 296.2048415 299.2184305 283.052991 273.2546885 263.2578 
-33.902442 [    8.     8. -2056.] [   0.    163.84    0.64]282.2408015 261.231966 272.3802125 295.29212 299.981012 282.7917785 276.466403 261.806695 
-34.005674 [    8.     8. -2056.] [   0.    163.84    0.64]284.9180075 262.310084 269.4845345 293.6103725 300.476889 282.3822955 279.643121 261.1220065 
-34.107493 [    8.     8. -2056.] [   0.    163.84    0.64]287.2277665 264.269701 266.9406865 291.292125 300.632482 282.0327815 282.619556 261.3231415 
-34.210237 [    8.     8. -2056.] [   0.    163.84    0.64]289.2186095 266.8704895 264.8545715 288.469903 300.374211 281.951475 285.247851 262.500692 
-34.314054 [    8.     8. -2056.] [   0.    163.84    0.64]290.940561 269.8695915 263.332094 285.2762335 299.6284975 282.3466155 287.514644 264.5229155 
-34.416777 [    8.     8. -2056.] [   0.    163.84    0.64]292.4436475 273.02415 262.4791565 281.8436425 298.327783 283.4100095 289.4691435 267.1546355 
-34.518805 [    8.     8. -2056.] [   0.    163.84    0.64]293.7778945 276.0913075 262.4016635 278.304656 296.490029 285.100115 291.1609035 270.1601005 
-34.621832 [    8.     8. -2056.] [   0.    163.84    0.64]294.993328 278.8282065 263.1936635 274.79131 294.1967555 287.2019585 292.63948 273.3035595 
-34.725616 [    8.     8. -2056.] [   0.    163.84    0.64]296.139974 280.9919895 264.7971625 271.4293545 291.530993 289.496449 293.954428 276.349261 
-34.827948 [    8.     8. -2056.] [   0.    163.84    0.64]297.261756 282.3620685 267.0488565 268.3401865 288.575771 291.764495 295.155303 279.061454 
-34.929851 [    0.     8. -2056.] [   0.    163.84    0.64]298.331664 282.9767255 269.783333 265.645114 285.414119 293.7870065 296.2916595 281.204387 
-35.033279 [    8.     8. -2056.] [   0.    163.84    0.64]299.2769235 283.0412555 272.835179 263.465447 282.1290665 295.3448915 297.187473 282.29765 
-35.136762 [    8.     8. -2056.] [   0.    163.84    0.64]300.023998 282.7637385 276.038981 261.9224935 278.803643 296.2190595 298.2627245 282.9576945 
-35.239052 [    8.     8. -2056.] [   0.    163.84    0.64]300.4993505 282.352254 279.229326 261.1375635 275.521817 296.2048415 299.2184305 283.052991 
-35.341647 [    8.     8. -2056.] [   0.    163.84    0.64]300.6294435 282.014881 282.2408015 261.231966 272.3802125 295.29212 299.981012 282.7917785 
-35.445628 [    8.     8. -2056.] [   0.    163.84    0.64]300.3407415 281.959699 284.9180075 262.310084 269.4845345 293.6103725 300.476889 282.3822955 
-35.548485 [    8.     8. -2056.] [   0.    163.84    0.64]299.559706 282.394788 287.2277665 264.269701 266.9406865 291.292125 300.632482 282.0327815 
-35.651045 [    8.     8. -2056.] [   0.    163.84    0.64]298.2210055 283.5058425 289.2186095 266.8704895 264.8545715 288.469903 300.374211 281.951475 
-35.753116 [    8.     8. -2056.] [   0.    163.84    0.64]296.350211 285.230547 290.940561 269.8695915 263.332094 285.2762335 299.6284975 282.3466155 
-35.855521 [    8.     8. -2056.] [   0.    163.84    0.64]294.0294855 287.352186 292.4436475 273.02415 262.4791565 281.8436425 298.327783 283.4100095 
-35.958662 [    8.     8. -2056.] [   0.    163.84    0.64]291.341847 289.6517115 293.7778945 276.0913075 262.4016635 278.304656 296.490029 285.100115 
-36.060436 [    8.     8. -2056.] [   0.    163.84    0.64]288.3703145 291.910075 294.993328 278.8282065 263.1936635 274.79131 294.1967555 287.2019585 
-36.16295 [    8.     8. -2056.] [   0.    163.84    0.64]285.1979055 293.908229 296.139974 280.9919895 264.7971625 271.4293545 291.530993 289.496449 
-36.266725 [    8.     8. -2056.] [   0.    163.84    0.64]281.9076385 295.4271245 297.261756 282.3620685 267.0488565 268.3401865 288.575771 291.764495 
-36.369684 [    8.     8. -2056.] [   0.    163.84    0.64]278.582532 296.2477145 298.331664 282.9767255 269.783333 265.645114 285.414119 293.7870065 
