-0.045136 [ -1.68843700e+03  -9.06200000e+00  -5.00000000e-01] [ -1.80000000e-01   1.45000000e+00  -3.19270000e+02]
-0.105867 [ -1.68875000e+03  -1.15000000e+01  -8.12000000e-01] [  -0.6     1.5  -319.29]
-0.166508 [-1689.187    -7.687    -7.5  ] [  -1.31 -325.13 -319.33]
-0.227851 [ 1.75  -9.437 -3.875] [-1.61  0.66  9.64]
-0.290809 [  2.125 -10.25   -1.25 ] [-1.74  0.21  9.64]
-0.353543 [-1690.437   -10.625     9.125] [ -1.81000000e+00  -1.60000000e-01  -3.18050000e+02]
-0.414245 [-1690.562   -10.437     9.188] [ -1.77000000e+00  -2.00000000e-01  -3.18040000e+02]
-0.47475 [-1690.562    -9.75      9.188] [ -1.66000000e+00  -2.00000000e-01  -3.18020000e+02]
-0.548872 [ 5.375 -9.062  0.625] [-0.27 -0.1   9.68]
-0.649999 [ 5.375 -8.062 -0.062] [-0.1   0.01  9.7 ]
-0.751129 [ 5.313 -7.    -1.312] [-1.2   0.22  9.73]
-0.852364 [ 5.25  -6.187 -2.375] [-1.06  0.41  9.74]
-0.953591 [ 5.125 -5.75  -4.687] [-0.98  0.76  9.72]
-1.054923 [ 4.938 -5.562 -7.875] [-0.95  1.28  9.67]
-1.156222 [  4.75   -5.312 -11.437] [-0.91  1.94  9.56]
-1.257393 [  4.5   -5.   -16.25] [-0.86  2.73  9.37]
-1.358532 [    4.5    2042.688   -18.812] [-0.91  3.14  9.24]
-1.459774 [  4.375  -5.75  -19.375] [-0.98  3.24  9.2 ]
-1.561175 [  4.25   -6.312 -18.875] [-1.08  3.15  9.22]
-1.662417 [  4.438  -5.812 -18.125] [-0.99  3.04  9.26]
-1.764017 [  4.875  -3.75  -17.312] [-0.68  2.92  9.33]
-1.865639 [  5.313  -1.187 -16.437] [-0.21  2.77  9.4 ]
-1.966947 [  5.75    1.375 -15.375] [ 1.51  2.6   9.45]
-2.068108 [  1.937   3.563 -14.125] [ 1.89  2.39  9.49]
-2.17017 [  6.25    4.563 -13.375] [ 2.07  2.26  9.5 ]
-2.273184 [  1.437   5.563 -12.437] [ 0.95  2.1   9.53]
-2.375656 [  6.938   6.938 -10.562] [ 1.15  1.81  9.56]
-2.477339 [ 7.188  8.313 -9.375] [ 1.42  1.58  9.57]
-2.578674 [  7.5    10.125  -8.375] [ 1.72  1.4   9.55]
-2.680108 [  7.688  12.688  -7.75 ] [ 2.15  1.29  9.47]
-2.78266 [  7.438  14.813  -8.312] [ 2.5   1.37  9.38]
-2.885459 [  7.438  15.375  -8.25 ] [ 2.6   1.36  9.35]
-2.987979 [  7.438  15.875  -8.125] [ 3.96  1.33  9.33]
-3.090234 [  7.     15.625  -8.187] [ 3.93  1.34  9.34]
-3.193147 [  6.375  14.938  -8.312] [ 2.53  1.37  9.37]
-3.29717 [  6.125  13.875  -7.625] [ 2.35  1.26  9.43]
-3.399746 [  5.688  12.25   -7.125] [ 2.08  1.19  9.5 ]
-3.502194 [ 4.5    8.938 -6.125] [ 1.52  1.04  9.63]
-3.604506 [ 3.313  4.    -4.375] [ 1.97  0.74  9.75]
-3.706917 [ 2.938 -0.437 -1.875] [-0.01  0.37  9.79]
-3.809524 [ 2.563 -4.125 -0.125] [-0.7   0.02  9.78]
-3.911924 [ 2.063 -9.875  0.   ] [-0.4   0.    9.66]
-4.01426 [  1.813 -11.5     0.75 ] [-0.67 -0.12  9.6 ]
-4.116567 [  1.688 -10.812   1.625] [-0.56 -0.27  9.62]
-4.219391 [  1.688 -10.937   1.875] [-0.58 -0.31  9.62]
-4.32189 [  1.563 -10.437   2.   ] [-0.5  -0.34  9.63]
-4.425711 [ 6.437 -9.812  1.813] [-1.67 -0.31  9.65]
-4.529214 [ 1.563 -8.812  1.063] [-0.22 -0.18  9.68]
-4.631902 [ 1.5   -7.812 -0.062] [-0.06  0.01  9.71]
-4.735352 [ 1.438 -7.187 -0.562] [-1.23  0.1   9.72]
-4.839091 [ 1.375 -6.375 -1.312] [-1.09  0.22  9.74]
-4.941483 [ 1.313 -5.875 -2.562] [-1.    0.44  9.74]
-5.044039 [ 6.812 -5.375 -4.875] [-0.92  0.83  9.72]
-5.148066 [ 1.    -5.187 -8.187] [-0.89  1.34  9.67]
-5.251259 [  0.813  -4.937 -11.5  ] [-0.85  1.95  9.57]
-5.353266 [  0.563  -4.812 -16.375] [-0.83  2.75  9.37]
-5.455605 [  0.313  -5.25  -18.75 ] [-0.9   3.13  7.96]
-5.557744 [  0.125  -5.812 -19.437] [-0.99  3.25  9.19]
-5.660319 [  0.063  -6.312 -19.125] [-1.08  3.19  9.2 ]
-5.762604 [  0.313  -5.437 -18.25 ] [-0.93  3.06  9.26]
-5.864771 [  0.813  -3.187 -17.312] [-0.54  2.92  9.34]
-5.966938 [  6.75   -0.875 -16.375] [-0.15  2.77  9.4 ]
-6.069488 [  1.625   1.563 -15.375] [ 1.52  2.62  9.44]
-6.172529 [  1.938   3.875 -14.25 ] [ 1.94  2.41  9.48]
-6.274833 [  2.125   4.875 -13.5  ] [ 2.12  2.28  9.49]
-6.378953 [  2.5     5.875 -12.687] [ 0.99  2.15  9.51]
-6.482663 [  2.813   7.125 -10.812] [ 2.5   1.83  9.55]
-6.584863 [ 3.     8.688 -9.812] [ 1.48  1.65  9.55]
-6.688703 [  3.063  10.438  -9.437] [ 1.74  1.58  9.51]
-6.792293 [  3.125  11.75   -9.   ] [ 2.    1.5   9.47]
-6.894638 [  3.125  12.625  -8.687] [ 2.14  1.44  9.45]
-6.998801 [  5.     13.688  -9.375] [ 2.33  1.55  9.39]
-7.102622 [  3.375  15.188  -8.125] [ 3.85  1.34  9.36]
-7.20492 [  3.313  15.813  -7.625] [ 3.95  1.25  9.34]
-7.307358 [  3.188  15.375  -7.75 ] [ 3.88  1.27  9.36]
-7.409798 [  2.813  14.188  -7.375] [ 2.41  1.22  9.42]
-7.512349 [  2.25   12.188  -6.75 ] [ 2.11  1.13  9.5 ]
-7.614569 [ 1.188  8.75  -5.125] [ 1.49  0.86  9.65]
-7.716749 [ 1.     5.313 -2.5  ] [ 2.19  0.43  9.75]
-7.818804 [ 0.813  2.5   -1.5  ] [ 1.71  0.26  9.79]
-7.921765 [ 0.563 -2.562 -0.687] [-0.34  0.13  9.79]
-8.024865 [ 8.062 -8.562  0.   ] [-0.18  0.    9.69]
-8.127644 [  8.437 -11.437   0.625] [-0.67 -0.1   9.6 ]
-8.231778 [  8.5   -10.75    1.688] [-1.83 -0.27  9.62]
-8.33453 [  8.5   -10.812   1.875] [-0.56 -0.32  9.62]
-8.436812 [  8.625 -10.375   2.   ] [-0.49 -0.34  9.63]
-8.540943 [ 8.625 -9.562  1.875] [-1.65 -0.32  9.66]
-8.644276 [ 8.625 -8.625  1.375] [-0.19 -0.23  9.69]
-8.746564 [ 8.687 -7.75   0.188] [-0.05 -0.03  9.71]
-8.849717 [ 8.75  -7.312 -0.437] [-1.25  0.07  9.72]
-8.953965 [ 8.812 -6.437 -1.375] [-1.1   0.24  9.74]
-9.056584 [ 8.937 -6.062 -2.75 ] [-1.03  0.47  9.73]
-9.158871 [ 9.062 -5.562 -5.125] [-0.96  0.87  9.72]
-9.261197 [ 9.187 -5.312 -8.25 ] [-0.91  1.4   9.66]
-9.363226 [  9.437  -5.125 -12.125] [-0.88  1.99  9.56]
-9.465617 [  9.687  -4.937 -16.687] [-0.85  2.81  9.35]
-9.567842 [  9.812  -5.062 -18.   ] [-0.87  3.02  9.28]
-9.669971 [  9.937  -5.562 -18.562] [-0.95  3.11  9.25]
-9.772428 [ 10.062  -6.312 -18.625] [-1.07  3.12  9.23]
-9.875142 [  9.937  -5.812 -18.187] [-0.99  3.04  9.26]
-9.977441 [  9.562  -4.187 -17.25 ] [-0.72  2.9   9.33]
-10.080869 [  9.125  -1.875 -16.437] [-0.32  2.77  9.4 ]
-10.185176 [  8.687   1.063 -15.375] [ 1.46  2.6   9.45]
-10.287485 [  8.312   3.313 -14.5  ] [ 1.85  2.46  9.47]
-10.3902 [  8.062   4.5   -13.75 ] [ 2.05  2.32  9.49]
-10.494224 [  0.25    5.5   -12.687] [ 0.94  2.16  9.51]
-10.597219 [  0.563   6.813 -10.812] [ 2.44  1.83  9.56]
-10.699783 [ 0.75   8.188 -9.75 ] [ 1.4   1.64  9.56]
-10.803645 [ 0.875  9.75  -9.25 ] [ 1.63  1.56  9.54]
-10.907236 [  0.813  12.063  -9.437] [ 2.05  1.58  9.45]
-11.009731 [  0.625  13.5   -10.062] [ 2.29  1.66  9.38]
-11.112279 [  0.813  14.313  -9.187] [ 2.42  1.52  9.37]
-11.214737 [  0.938  15.188  -8.375] [ 3.85  1.38  9.36]
-11.317387 [  1.125  15.75   -7.312] [ 3.95  1.2   9.35]
-11.419882 [  1.5    15.938  -5.937] [ 3.97  0.97  9.37]
-11.522345 [  1.25   15.375  -6.062] [ 3.88  1.    9.4 ]
-11.624795 [  6.875  13.938  -5.75 ] [ 2.36  0.95  9.46]
-11.727364 [  1.     10.625  -4.875] [ 1.81  0.82  9.6 ]
-11.829949 [ 0.5    5.875 -3.75 ] [ 2.28  0.64  9.73]
-11.933107 [ 0.063  1.125 -2.687] [ 1.47  0.46  9.79]
-12.037291 [ 8.437 -4.187 -1.375] [-0.72  0.24  9.77]
-12.139988 [  9.687 -10.875  -0.687] [-0.57  0.11  9.62]
-12.243016 [  9.312 -10.687   0.188] [-1.82 -0.03  9.63]
-12.347134 [  8.875 -10.187   1.125] [-1.73 -0.19  9.64]
-12.450028 [  8.937 -10.312   1.5  ] [-0.48 -0.25  9.64]
-12.552333 [ 9.125 -9.937  1.875] [-0.41 -0.31  9.65]
-12.656631 [ 9.062 -9.25   1.625] [-0.31 -0.29  9.67]
-12.759789 [ 9.125 -8.375  1.   ] [-0.14 -0.17  9.7 ]
-12.861934 [ 9.187 -7.812 -0.187] [-0.05  0.03  9.71]
-12.964363 [ 9.25  -7.125 -0.875] [-1.22  0.15  9.72]
-13.066713 [ 9.312 -6.562 -1.75 ] [-1.12  0.29  9.73]
-13.169504 [ 9.437 -5.812 -3.   ] [-1.    0.51  9.74]
-13.271546 [ 9.562 -5.25  -5.312] [-0.9   0.9   9.72]
-13.373709 [-1697.75     -5.       -8.375] [-0.85  1.42  9.66]
-13.475856 [  9.937  -4.812 -11.875] [-0.82  2.01  9.56]
-13.578169 [ 10.25   -4.625 -17.062] [-0.79  2.8   9.36]
-13.681161 [ 10.375 -12.875 -18.375] [-0.84  3.08  9.27]
-13.783929 [ 10.437  -5.187 -18.687] [-0.88  3.13  9.24]
-13.888197 [ 10.437  -5.    -18.812] [-0.86  3.15  9.24]
-13.991077 [ 10.25   -4.312 -18.312] [-0.74  3.07  9.28]
-14.093198 [  9.937  -3.125 -17.375] [-0.53  2.93  9.34]
-14.197068 [  9.562  -1.    -16.312] [-0.17  2.75  9.4 ]
-14.300553 [  9.062   2.    -15.312] [ 1.63  2.59  9.45]
-14.40285 [  8.75    3.875 -14.25 ] [ 1.95  2.41  9.48]
-14.505998 [  8.625   4.625 -13.437] [ 2.07  2.27  9.5 ]
-14.610883 [  8.375   5.813 -12.5  ] [ 2.27  2.11  9.52]
-14.713288 [  8.187   7.125 -10.562] [ 2.5   1.79  9.56]
-14.815744 [ 8.062  8.625 -9.75 ] [ 1.47  1.65  9.55]
-14.918057 [  0.     10.     -9.375] [ 1.7   1.57  9.52]
-15.020622 [  8.062  12.125  -9.625] [ 2.03  1.6   9.45]
-15.122941 [  8.25   13.5   -10.625] [ 2.29  1.76  9.37]
-15.225374 [  8.187  14.313 -10.   ] [ 2.42  1.66  9.35]
-15.32766 [  0.     14.938  -9.25 ] [ 2.53  1.53  9.34]
-15.429981 [  0.25   15.375  -8.062] [ 3.87  1.35  9.35]
-15.53295 [  0.563  15.438  -6.812] [ 3.89  1.13  9.38]
-15.635709 [  0.5    14.875  -6.937] [ 2.51  1.14  9.4 ]
-15.739826 [  0.5   13.25  -6.5 ] [ 2.28  1.09  9.47]
-15.843237 [ 0.313  9.438 -5.437] [ 1.61  0.91  9.62]
-15.945718 [ 8.187  4.625 -4.437] [ 2.07  0.75  9.74]
-16.049911 [ 8.625 -0.562 -2.75 ] [-0.01  0.5   9.79]
-16.153226 [ 9.25  -5.562 -0.875] [-0.95  0.15  9.75]
-16.255506 [ 10.25  -12.312   0.375] [-0.81 -0.07  9.58]
-16.359096 [ 10.625 -12.437   1.188] [-2.11 -0.2   9.57]
-16.462935 [ 10.75  -10.625   2.125] [-0.53 -0.36  9.63]
-16.565135 [ 10.75  -10.687   2.188] [-0.54 -0.37  9.62]
-16.667702 [ 10.812 -10.375   2.125] [-0.49 -0.36  9.63]
-16.770568 [ 10.75   -9.687   1.875] [-0.37 -0.32  9.66]
-16.873162 [ 10.75   -8.625   1.25 ] [-0.2  -0.22  9.69]
-16.975475 [ 10.812  -7.812   0.063] [-0.06 -0.01  9.71]
-17.077748 [ 10.875  -7.187  -0.687] [-1.22  0.11  9.72]
-17.180027 [ 10.875  -6.562  -1.375] [-1.12  0.23  9.73]
-17.282776 [ 11.    -6.    -2.75] [-1.03  0.45  9.74]
-17.385397 [ 11.125  -5.562  -5.062] [-0.95  0.86  9.72]
-17.488257 [ 11.25   -5.375  -7.812] [-0.91  1.33  9.67]
-17.592249 [ 11.5    -5.187 -11.25 ] [-0.89  1.85  9.58]
-17.695122 [ 11.625  -5.062 -15.5  ] [-0.87  2.61  9.41]
-17.797301 [ 11.875  -5.312 -17.625] [-0.9   2.95  9.3 ]
-17.901002 [ 12.     -5.812 -18.125] [-0.99  3.04  9.26]
-18.004313 [ 12.062  -6.187 -17.75 ] [-1.06  2.97  9.28]
-18.107333 [ 11.875  -5.687 -17.062] [-0.97  2.86  9.32]
-18.210744 [ 11.5    -3.937 -16.312] [-0.68  2.75  9.38]
-18.314764 [ 11.062  -1.    -15.312] [-0.18  2.59  9.45]
-18.417071 [ 10.687   1.438 -14.625] [ 1.52  2.48  8.2 ]
-18.519344 [ 10.312   3.75  -13.75 ] [   1.92 -325.36    9.5 ]
-18.621778 [ 10.062   4.813 -12.875] [ 2.1   2.18  9.52]
-18.724093 [  9.75    5.813 -11.812] [ 2.26  2.03  9.54]
-18.82679 [  9.5     7.188 -10.125] [ 2.5   1.71  9.57]
-18.929567 [ 9.437  8.375 -9.562] [ 1.42  1.61  9.56]
-19.032145 [  9.437   9.938 -10.   ] [ 1.7   1.68  9.5 ]
-19.134522 [  9.437  12.375  -9.75 ] [ 2.09  1.63  8.16]
-19.237178 [  9.312  13.063  -9.375] [ 2.21  1.55  9.42]
-19.339743 [  9.187  13.563  -8.937] [ 2.3   1.48  9.41]
-19.443089 [  9.187  14.25   -8.5  ] [ 2.42  1.4   9.39]
-19.546502 [  9.062  14.313  -7.875] [ 2.43  1.3   9.41]
-19.648941 [  8.875  14.125  -6.937] [ 2.39  1.15  9.43]
-19.752083 [  8.687  13.75   -5.687] [ 2.34  0.94  9.47]
-19.856105 [  8.687  12.813  -5.187] [ 2.21  0.87  9.51]
-19.95884 [ 8.937  9.75  -4.25 ] [ 1.66  0.72  9.63]
-20.061713 [ 9.625  4.938 -3.125] [ 0.85  0.53  9.75]
-20.165979 [ 10.312  -0.5    -2.   ] [ 1.28  0.36  9.79]
-20.269123 [ 10.937  -5.937  -0.937] [-1.02  0.16  9.75]
-20.371606 [ 12.    -12.437  -0.312] [-0.83  0.05  9.57]
-20.474016 [ 11.937 -11.625   0.563] [-0.69 -0.09  9.6 ]
-20.576344 [ 11.812 -11.125   1.563] [-0.61 -0.25  9.61]
-20.679199 [ 11.875 -11.187   1.813] [-0.62 -0.3   9.61]
-20.781656 [ 12.062 -10.687   2.125] [-0.54 -0.35  9.62]
-20.883934 [ 12.062 -10.187   2.188] [-0.46 -0.37  9.64]
-20.986091 [ 12.062  -9.25    1.688] [-0.31 -0.3   9.67]
-21.089102 [ 12.125  -8.187   0.313] [-0.12 -0.06  9.7 ]
-21.19155 [ 12.187  -7.5    -0.625] [-1.28  0.1   9.72]
-21.295127 [ 12.25   -6.687  -1.5  ] [-1.15  0.26  9.73]
-21.398879 [ 12.312  -6.25   -2.875] [-1.07  0.49  9.73]
-21.501338 [ 12.437  -5.937  -5.375] [-1.01  0.91  9.71]
-21.60433 [ 12.562  -5.562  -8.75 ] [-0.95  1.49  9.64]
-21.708614 [ 12.875  -5.312 -13.375] [-0.91  2.26  9.49]
-21.811195 [ 12.875  -5.125 -16.562] [-0.88  2.79  9.35]
-21.914211 [ 13.     -5.312 -17.   ] [-0.91  2.86  9.33]
-22.018819 [ 13.062  -5.375 -17.562] [-0.91  2.94  9.3 ]
-22.121665 [ 13.125  -5.812 -17.75 ] [-0.99  2.97  9.29]
-22.223988 [ 13.187  -6.437 -17.5  ] [-1.1   2.93  9.29]
-22.326387 [ 12.937  -5.187 -17.062] [-0.88  2.86  9.33]
-22.428575 [ 12.5    -2.687 -16.312] [-0.51  2.76  9.39]
-22.531156 [ 12.062   0.    -15.5  ] [ 1.28  2.62  9.44]
-22.633442 [ 11.562   2.625 -14.812] [ 1.73  2.5   9.46]
-22.735704 [ 11.312   3.688 -13.75 ] [ 1.91  2.32  9.5 ]
-22.838023 [ 10.875   4.875 -11.875] [ 2.11  2.01  9.56]
-22.940804 [ 10.937   6.563 -10.187] [ 2.41  1.72  9.58]
-23.043202 [ 10.875   8.063  -9.625] [ 1.38  1.63  9.57]
-23.14631 [ 10.937   9.813 -10.062] [ 1.67  1.69  9.51]
-23.250502 [ 11.187  12.5   -10.5  ] [ 2.1   1.75  9.41]
-23.352683 [ 11.     13.875  -9.437] [ 2.35  1.56  9.38]
-23.455279 [ 10.875  14.625  -8.562] [ 2.48  1.41  9.37]
-23.559835 [ 10.75   15.5    -7.625] [ 3.89  1.27  9.36]
-23.663165 [ 10.687  15.875  -7.   ] [ 3.96  1.15  9.36]
-23.765838 [ 10.75   15.5    -7.125] [ 3.9   1.17  9.37]
-23.87003 [ 11.     14.375  -6.937] [ 2.45  1.16  9.42]
-23.973206 [ 11.375  12.563  -6.5  ] [ 2.14  1.09  9.5 ]
-24.075499 [ 12.312   9.25   -5.5  ] [ 1.58  0.93  9.63]
-24.177792 [ 13.312   4.5    -4.25 ] [ 2.05  0.73  9.74]
-24.280097 [ 13.75   -0.062  -2.25 ] [-0.01  0.39  9.79]
-24.382668 [ 14.187  -4.937   0.188] [-0.84 -0.03  9.76]
-24.484949 [ 14.812 -11.25    0.313] [-0.63 -0.05  9.61]
-24.587139 [ 14.937 -12.5     0.75 ] [-0.84 -0.12  9.57]
-24.68957 [ 14.75  -11.312   1.75 ] [-0.64 -0.3   9.61]
-24.792579 [ 14.75  -11.312   2.063] [-0.64 -0.34  9.6 ]
-24.895069 [ 14.812 -10.875   2.063] [-0.57 -0.35  9.62]
-24.998191 [ 14.812 -10.25    1.75 ] [-1.75 -0.29  9.64]
-25.10248 [ 14.75   -9.187   1.125] [-0.3  -0.21  9.67]
-25.205233 [ 14.812  -8.687   0.   ] [-0.2   0.    9.69]
-25.307935 [ 14.875  -8.062  -0.687] [-0.1   0.12  9.7 ]
-25.412078 [ 14.937  -7.312  -1.75 ] [-1.27  0.28  9.71]
-25.515112 [ 15.   -6.5  -3. ] [-1.12  0.51  9.72]
-25.617414 [ 15.062  -6.125  -5.25 ] [-1.04  0.89  9.7 ]
-25.721418 [ 15.25   -5.875  -8.625] [-1.    1.41  9.65]
-25.825052 [ 15.437  -5.687 -12.125] [-0.97  2.05  9.54]
-25.92771 [ 15.625  -5.5   -16.375] [-0.94  2.75  9.36]
-26.030618 [ 15.75   -5.625 -17.437] [-0.96  2.92  9.31]
-26.133129 [ 15.812  -5.875 -18.062] [-1.    3.02  9.27]
-26.235349 [ 15.937  -6.25  -18.187] [-1.07  3.04  9.26]
-26.337629 [ 15.875  -6.25  -17.812] [-1.07  2.98  9.27]
-26.439928 [ 15.625  -5.    -17.312] [-0.86  2.91  9.32]
-26.542224 [ 15.25  -3.   -16.5 ] [-0.51  2.78  9.38]
-26.645103 [ 14.687   0.125 -15.5  ] [ 1.3   2.62  9.44]
-26.747684 [ 14.25    2.625 -14.812] [ 1.73  2.51  9.46]
-26.850223 [ 13.812   4.375 -13.812] [ 2.03  2.33  9.49]
-26.954287 [ 13.437   5.5   -11.375] [ 2.2   1.96  9.56]
-27.057266 [ 13.437   6.938 -10.   ] [ 2.46  1.69  8.3 ]
-27.159998 [ 13.375   8.125  -9.75 ] [ 1.39  1.65  9.56]
-27.264187 [ 13.375   9.625  -9.875] [ 1.61  1.66  9.52]
-27.367336 [ 13.437  12.    -10.062] [ 2.04  1.67  9.44]
-27.469917 [ 13.437  13.313  -9.937] [ 2.26  1.65  9.39]
-27.573923 [ 13.375  14.     -9.25 ] [ 2.37  1.54  9.38]
-27.677672 [ 13.25   14.625  -8.687] [ 2.47  1.43  9.37]
-27.78008 [ 13.187  14.625  -8.062] [ 2.48  1.33  9.39]
-27.882488 [ 13.062  14.438  -7.25 ] [ 2.44  1.19  9.42]
-27.984574 [ 12.812  14.     -5.875] [ 2.38  0.97  9.46]
-28.08734 [ 12.75   13.438  -5.062] [ 2.28  0.84  9.49]
-28.189992 [ 12.5    10.625  -4.312] [ 1.81  0.73  9.6 ]
-28.292463 [ 12.625   6.25   -3.187] [ 2.34  0.55  9.73]
-28.3949 [ 13.062   1.063  -2.062] [ 1.46  0.35  9.79]
-28.497469 [ 13.75   -5.062  -0.812] [-0.87  0.14  9.76]
-28.599919 [ 15.062 -12.5    -0.25 ] [-0.84  0.04  9.57]
-28.703964 [ 15.125 -12.062   0.625] [-0.77 -0.11  9.58]
-28.808075 [ 14.875 -10.937   1.75 ] [-0.58 -0.29  9.62]
-28.910705 [ 14.875 -11.125   1.938] [-0.61 -0.33  9.61]
-29.014276 [ 14.937 -10.75    2.   ] [-0.55 -0.34  9.62]
-29.118545 [ 14.875 -10.      1.688] [-0.43 -0.29  9.65]
-29.221246 [ 14.937  -9.      1.063] [-0.25 -0.18  9.68]
-29.325156 [ 15.    -7.75   0.  ] [-1.32  0.    9.71]
-29.430759 [ 15.062  -7.312  -0.75 ] [-1.25  0.13  9.72]
-29.53513 [ 15.125  -6.812  -1.687] [-1.16  0.29  9.73]
-29.637612 [ 15.187  -6.312  -3.062] [-1.09  0.49  9.73]
-29.740044 [ 15.312  -5.875  -5.5  ] [-1.    0.93  9.7 ]
-29.842194 [ 15.437  -5.625  -8.437] [-0.96  1.43  9.65]
-29.944333 [ 15.625  -5.5   -11.625] [-0.94  1.97  9.55]
-30.046651 [ 15.812  -5.5   -15.937] [-0.94  2.68  9.38]
-30.149223 [ 16.     -5.875 -18.25 ] [-1.    3.05  9.26]
-30.251685 [ 16.125  -6.375 -18.562] [-1.09  3.1   9.23]
-30.355153 [  8.187  -6.812 -18.375] [-1.16  3.07  9.23]
-30.459435 [ 16.     -5.937 -17.812] [-1.02  2.98  9.28]
-30.5619 [ 15.625  -4.062 -17.187] [-0.7   2.89  9.34]
-30.664615 [ 15.187  -1.687 -16.312] [-0.28  2.75  9.4 ]
-30.76876 [ 14.75    1.063 -15.562] [ 1.42  2.64  9.44]
-30.871769 [ 14.375   3.313 -14.75 ] [ 1.85  2.5   9.46]
-30.974326 [ 14.125   4.5   -13.812] [ 0.77  2.34  9.49]
-31.078655 [ 13.75    5.438 -12.812] [ 2.2   2.17  9.51]
-31.182382 [ 13.5     6.813 -11.062] [ 2.44  1.86  9.55]
-31.285245 [ 13.437   8.    -10.437] [ 1.37  1.76  9.54]
-31.387705 [ 13.375   9.125 -10.125] [ 1.56  1.7   9.52]
-31.49001 [ 13.375  11.25  -10.   ] [ 1.89  1.66  9.47]
-31.592435 [ 13.5    12.313 -10.875] [ 2.09  1.81  9.4 ]
-31.694744 [ 13.625  13.063 -11.5  ] [ 2.21  1.9   9.35]
-31.797044 [ 13.437  13.688 -10.5  ] [ 2.32  1.74  9.36]
-31.899446 [ 13.312  14.     -9.562] [ 2.37  1.58  9.38]
-32.002338 [ 13.125  13.625  -8.375] [ 2.31  1.38  9.42]
-32.104481 [-2.5   -0.062 -0.062] [ 2.21  1.17  9.48]
-32.207093 [ 12.812  12.25   -5.562] [ 2.08  0.93  9.53]
-32.31126 [ 13.187   9.375  -4.75 ] [ 1.67  0.83  9.62]
-32.413969 [ 13.812   4.875  -3.812] [ 2.11  0.65  9.74]
-32.516578 [ 14.375   0.     -2.625] [ 0.    0.45  9.79]
-32.620851 [ 15.187  -6.25   -1.375] [-0.96  0.25  9.75]
-32.723963 [  8.187 -12.     -0.687] [-0.76  0.12  9.59]
-32.826321 [  8.437 -11.062   0.188] [-1.88 -0.03  9.62]
-32.93059 [  8.5   -11.187   1.063] [-0.62 -0.17  9.61]
-33.033943 [  8.562 -11.187   1.375] [-0.63 -0.23  9.61]
-33.136292 [  8.687 -10.75    1.75 ] [-0.55 -0.29  9.62]
-33.238625 [  8.75  -10.187   1.875] [-0.45 -0.32  9.64]
-33.341098 [ 8.75  -9.187  1.5  ] [-0.29 -0.25  9.67]
-33.443397 [ 8.75  -8.187  0.25 ] [-0.13 -0.06  9.7 ]
-33.545532 [ 8.812 -7.75  -0.562] [-0.04  0.1   9.71]
-33.647869 [ 8.937 -7.187 -1.75 ] [-1.22  0.3   9.72]
-33.750183 [ 9.062 -6.937 -3.25 ] [-1.19  0.55  9.71]
-33.852445 [ 9.187 -6.562 -5.5  ] [-1.12  0.89  9.7 ]
-33.954902 [ 9.312 -6.312 -8.625] [-1.08  1.46  9.63]
-34.057396 [  9.562  -6.    -12.75 ] [-1.03  2.15  9.51]
-34.161195 [ 17.687  -5.687 -16.875] [-0.97  2.83  9.33]
-34.264771 [  9.875  -5.937 -17.812] [-1.02  2.99  9.28]
-34.367182 [ 10.     -6.437 -18.187] [-1.1   3.05  9.25]
-34.470392 [ 10.187  -7.062 -18.437] [-1.21  3.08  9.22]
-34.574652 [ 10.062  -6.75  -18.125] [-1.15  3.03  9.25]
-34.677115 [  9.687  -4.937 -17.375] [-0.85  2.92  9.32]
-34.780142 [  9.25   -2.375 -16.437] [-0.41  2.78  9.39]
-34.88427 [  8.75    0.25  -15.375] [ 1.28  2.61  9.45]
-34.987159 [  8.5     2.375 -14.687] [ 1.69  2.48  9.47]
-35.089457 [  8.187   3.625 -13.75 ] [ 1.9   2.33  9.5 ]
-35.191875 [ 15.812   4.75  -12.687] [ 2.1   2.14  9.53]
-35.294052 [ 15.562   6.438 -10.687] [ 2.36  1.82  9.57]
-35.3965 [ 15.5     7.625 -10.062] [ 1.3   1.7   9.56]
-35.498643 [ 15.437   8.75   -9.687] [ 1.49  1.64  9.55]
-35.60108 [ 15.437  10.938  -9.625] [ 1.86  1.61  9.48]
-35.703249 [ 15.5    11.938 -10.312] [ 2.03  1.72  9.43]
-35.806136 [ 15.625  12.688 -11.125] [ 2.15  1.85  9.38]
-35.908712 [ 15.5    13.188 -10.25 ] [ 2.24  1.7   9.39]
-36.011949 [ 15.437  13.5    -9.5  ] [ 2.28  1.58  9.4 ]
-36.115979 [ 15.25   13.063  -8.312] [ 2.22  1.4   9.44]
-36.218878 [ 15.187  12.438  -7.187] [ 2.12  1.2   9.49]
-36.321939 [ 15.062  11.688  -5.687] [ 1.99  0.96  9.55]
-36.42592 [ 14.875   9.688  -3.25 ] [ 1.69  0.55  9.64]
-36.528622 [ 15.      5.688  -2.687] [ 2.26  0.46  9.74]
-36.630788 [ 15.187   1.188  -1.812] [ 1.49  0.31  9.79]
