0.074946 [ 7.25  -2.062 -9.312] [-0.35  1.59  9.67] 254.468829 348.01389875 326.258887 333.6342263 283.458652 285.61639605 282.607286 366.30383685 
0.177206 [ 2.    -8.062 -7.937] [-0.09  1.34  9.61] 251.506528 340.62246235 325.681483 333.5073077 289.481603 285.8335218 276.043634 366.27113545 
0.279339 [  5.125 -10.125  -3.75 ] [-0.45  0.63  9.63] 249.897424 332.70183735 324.119412 334.5080124 294.836015 288.3131932 269.760425 364.171876 
0.381385 [  4.5   -11.25    0.313] [-0.63 -0.01  9.61] 249.853332 324.55680365 321.442011 337.06343775 299.455533 292.8203123 263.969069 360.30385675 
0.483269 [  4.438 -11.562   0.75 ] [-0.68 -0.12  9.6 ] 251.554149 316.49063005 317.700422 341.0302581 303.437219 298.80212585 258.881373 354.9718875 
0.58504 [  4.438 -11.187   1.063] [-0.62 -0.18  9.61] 254.857854 308.791303 313.058971 345.9100278 306.881122 305.70006045 254.709143 348.4807769 
0.687296 [  3.5   -10.5     0.938] [-1.78 -0.15  9.64] 259.435902 301.7379551 307.683694 351.19893645 309.887295 312.955545 251.664188 341.13533705 
0.79113 [ 4.375 -9.25   0.188] [-0.31 -0.05  9.67] 264.957466 295.60960855 301.740629 356.3931725 312.555789 320.01000725 249.958313 333.24037775 
0.893875 [ 4.375 -8.187 -0.125] [-0.12  0.02  9.7 ] 271.091716 290.68528785 295.395811 360.9889267 314.986656 326.30487495 249.803327 325.1007088 
0.995577 [ 4.375 -7.375  0.563] [-1.26 -0.1   9.72] 277.507826 287.24401865 288.815277 364.48238635 317.279948 331.28157585 251.387327 317.020013 
1.098139 [ 4.125 -6.562  0.   ] [-1.12  0.    9.74] 283.874966 285.56482315 282.165064 366.36974335 319.523512 334.43275755 254.594325 309.28751535 
1.201748 [ 3.938 -6.375 -1.937] [-1.08  0.3   9.74] 289.86231 285.92672585 275.613751 366.1921017 321.663328 335.84646865 259.097713 302.18242895 
1.304401 [ 3.75  -6.75  -3.937] [-1.15  0.67  9.71] 295.165832 288.5566436 269.356789 363.9652463 323.553847 335.99488765 264.566666 295.9837622 
1.406046 [ 3.563 -6.875 -6.062] [-1.18  1.03  9.67] 299.739712 293.17955735 263.605773 359.99007235 325.047996 335.35659855 270.670358 290.9705281 
1.508289 [ 3.5   -7.25  -7.062] [-1.24  1.2   9.65] 303.682427 299.23993315 258.572515 354.5713632 325.998701 334.4101842 277.077962 287.42173505 
1.611695 [ 3.375 -8.562 -7.625] [-1.46  1.29  9.61] 307.09403 306.17917575 254.468829 348.01389875 326.258887 333.6342263 283.458652 285.61639605 
1.714822 [ 3.125 -8.812 -9.562] [-0.22  1.61  9.55] 310.074575 313.43868875 251.506528 340.62246235 325.681483 333.5073077 289.481603 285.8335218 
1.817295 [  3.25   -6.125 -12.062] [-1.05  2.03  9.53] 312.724114 320.45987575 249.897424 332.70183735 324.119412 334.5080124 294.836015 288.3131932 
1.918965 [  3.375  -3.937 -14.937] [-0.67  2.52  9.45] 315.142701 326.6841415 249.853332 324.55680365 321.442011 337.06343775 299.455533 292.8203123 
2.020839 [  3.438  -2.375 -19.312] [-0.41  3.24  9.24] 317.430389 331.5528873 251.554149 316.49063005 317.700422 341.0302581 303.437219 298.80212585 
2.122809 [  4.313  -0.375 -21.   ] [-0.07  3.51  9.15] 319.670988 334.57569565 254.857854 308.791303 313.058971 345.9100278 306.881122 305.70006045 
2.22465 [  4.5     0.188 -20.062] [ 1.29  3.39  9.19] 321.798784 335.88973165 259.435902 301.7379551 307.683694 351.19893645 309.887295 312.955545 
2.326614 [  4.563   1.125 -17.187] [ 1.47  2.9   9.36] 323.667479 335.97038345 264.957466 295.60960855 301.740629 356.3931725 312.555789 320.01000725 
2.42836 [  4.688   2.063 -14.812] [ 1.64  2.51  9.47] 325.129993 335.29632015 271.091716 290.68528785 295.395811 360.9889267 314.986656 326.30487495 
2.53006 [  4.875   3.375 -14.062] [ 1.86  2.38  9.49] 326.03925 334.34620625 277.507826 287.24401865 288.815277 364.48238635 317.279948 331.28157585 
2.631701 [  5.375   4.938 -13.   ] [ 2.13  2.19  9.51] 326.248168 333.598712 283.874966 285.56482315 282.165064 366.36974335 319.523512 334.43275755 
2.733239 [  5.5     6.5   -10.875] [ 2.39  1.83  9.56] 325.609671 333.53250305 289.86231 285.92672585 275.613751 366.1921017 321.663328 335.84646865 
2.835266 [  5.563   7.563 -10.187] [ 1.28  1.72  9.56] 323.976678 334.6262485 295.165832 288.5566436 269.356789 363.9652463 323.553847 335.99488765 
2.937422 [  5.625   8.5   -10.   ] [ 1.45  1.68  9.55] 321.223837 337.2904282 299.739712 293.17955735 263.605773 359.99007235 325.047996 335.35659855 
3.039059 [  5.688  10.625  -9.937] [ 1.81  1.67  9.49] 317.416997 341.3354152 303.682427 299.23993315 258.572515 354.5713632 325.998701 334.4101842 
3.141369 [  5.625  11.813 -10.375] [ 2.01  1.73  9.44] 312.721366 346.25974625 307.09403 306.17917575 254.468829 348.01389875 326.258887 333.6342263 
3.24467 [  5.5    12.438 -11.437] [ 2.11  1.9   9.38] 307.302998 351.55929585 310.074575 313.43868875 251.506528 340.62246235 325.681483 333.5073077 
3.347185 [  5.625  13.    -10.75 ] [ 2.2   1.78  9.38] 301.327947 356.72993735 312.724114 320.45987575 249.897424 332.70183735 324.119412 334.5080124 
3.448941 [  5.875  13.438  -9.687] [ 2.28  1.6   9.4 ] 294.962269 361.2675464 315.142701 326.6841415 249.853332 324.55680365 321.442011 337.06343775 
3.550839 [  6.25   13.438  -8.437] [ 2.28  1.4   9.43] 288.372017 364.66799635 317.430389 331.5528873 251.554149 316.49063005 317.700422 341.0302581 
3.653837 [  7.125  13.563  -6.25 ] [ 2.3   1.04  9.47] 281.723246 366.4271617 319.670988 334.57569565 254.857854 308.791303 313.058971 345.9100278 
3.75678 [  6.125  11.188  -6.25 ] [ 1.95  1.05  9.55] 275.185354 366.10018565 321.798784 335.88973165 259.435902 301.7379551 307.683694 351.19893645 
3.858863 [ 4.25   7.375 -5.312] [ 2.54  0.9   9.68] 268.955884 363.7412033 323.667479 335.97038345 264.957466 295.60960855 301.740629 356.3931725 
3.960388 [ 1.938  3.25  -4.25 ] [ 1.84  0.72  9.76] 263.246474 359.65430685 325.129993 335.29632015 271.091716 290.68528785 295.395811 360.9889267 
4.062717 [ 8.25 -0.25 -3.  ] [-0.04  0.51  9.79] 258.268871 354.1454515 326.03925 334.34620625 277.507826 287.24401865 288.815277 364.48238635 
4.166013 [ 10.812  -5.75   -1.562] [-0.89  0.28  9.76] 254.234821 347.52059705 326.248168 333.598712 283.874966 285.56482315 282.165064 366.36974335 
4.268676 [ 12.75  -11.25   -0.875] [-0.63  0.15  9.61] 251.356068 340.08569985 325.609671 333.53250305 289.86231 285.92672585 275.613751 366.1921017 
4.3702 [ 12.    -10.5    -0.062] [-0.51  0.01  9.64] 249.844358 332.1467174 323.976678 334.6262485 295.165832 288.5566436 269.356789 363.9652463 
4.471745 [ 11.875 -10.562   0.5  ] [-0.51 -0.08  9.63] 249.911438 324.0096072 321.223837 337.2904282 299.739712 293.17955735 263.605773 359.99007235 
4.57297 [ 11.937 -11.75    2.563] [-0.72 -0.43  9.58] 251.727248 315.9779129 317.416997 341.3354152 303.682427 299.23993315 258.572515 354.5713632 
4.674349 [ 13.5   -15.062   6.625] [-1.27 -1.09  9.4 ] 255.124891 308.33572475 312.721366 346.25974625 307.09403 306.17917575 254.468829 348.01389875 
4.775839 [ 14.5   -13.625   7.625] [-1.03 -1.27  9.44] 259.774844 301.35774095 307.302998 351.55929585 310.074575 313.43868875 251.506528 340.62246235 
4.877891 [ 15.437 -12.      5.313] [-0.76 -0.92  9.54] 265.346531 295.3185999 301.327947 356.72993735 312.724114 320.45987575 249.897424 332.70183735 
4.979814 [ 15.937 -10.75    3.   ] [-0.55 -0.5   9.61] 271.509377 290.49294 294.962269 361.2675464 315.142701 326.6841415 249.853332 324.55680365 
5.081253 [ 8.375 -9.375  2.   ] [-0.32 -0.33  9.66] 277.932806 287.1553985 288.372017 364.66799635 317.430389 331.5528873 251.554149 316.49063005 
5.182638 [ 9.125 -8.062  0.5  ] [-0.1  -0.08  9.7 ] 284.286242 285.58061495 281.723246 366.4271617 319.670988 334.57569565 254.857854 308.791303 
5.284221 [ 9.875 -7.    -1.875] [-1.2   0.32  9.72] 290.239112 286.04322545 275.185354 366.10018565 321.798784 335.88973165 259.435902 301.7379551 
5.385701 [ 10.375  -6.812  -4.625] [-1.17  0.79  9.7 ] 295.495702 288.7515916 268.955884 363.7412033 323.667479 335.97038345 264.957466 295.60960855 
5.487389 [ 10.812  -6.625  -8.437] [-1.13  1.43  9.63] 300.029288 293.40270565 263.246474 359.65430685 325.129993 335.29632015 271.091716 290.68528785 
5.589283 [ 11.25   -6.812 -10.187] [-1.16  1.7   9.58] 303.938287 299.45566165 258.268871 354.1454515 326.03925 334.34620625 277.507826 287.24401865 
5.691172 [ 11.812  -7.375 -11.437] [-1.26  1.92  9.53] 307.321807 306.36823115 254.234821 347.52059705 326.248168 333.598712 283.874966 285.56482315 
5.792711 [ 20.25   -7.812 -12.   ] [-0.05  2.02  9.5 ] 310.27896 313.59818685 251.356068 340.08569985 325.609671 333.53250305 289.86231 285.92672585 
5.89507 [ 12.375  -8.187 -12.437] [-0.12  2.1   9.47] 312.908856 320.6033003 249.844358 332.1467174 323.976678 334.6262485 295.165832 288.5566436 
5.99879 [ 12.687  -9.187 -12.187] [-0.27  2.05  9.46] 315.310606 326.8413442 249.911438 324.0096072 321.223837 337.2904282 299.739712 293.17955735 
6.101613 [ 13.062  -9.937 -11.437] [-0.42  1.92  9.46] 317.583319 331.7700901 251.727248 315.9779129 317.416997 341.3354152 303.682427 299.23993315 
6.203683 [ 21.    -10.25  -12.312] [-0.46  2.06  9.42] 319.374946 334.284595 255.124891 308.33572475 312.721366 346.25974625 307.09403 306.17917575 
6.306479 [ 13.125  -8.    -13.5  ] [-0.09  2.26  9.44] 321.525449 335.80269735 259.774844 301.35774095 307.302998 351.55929585 310.074575 313.43868875 
6.410346 [ 12.312  -3.437 -14.687] [-0.66  2.46  9.46] 323.436861 336.0218793 265.346531 295.3185999 301.327947 356.72993735 312.724114 320.45987575 
6.512644 [ 11.      1.313 -15.437] [ 1.5   2.61  9.45] 324.962024 335.42109055 271.509377 290.49294 294.962269 361.2675464 315.142701 326.6841415 
6.614495 [ 15.687   5.25  -14.312] [ 2.17  2.42  9.45] 325.953778 334.47927965 277.932806 287.1553985 288.372017 364.66799635 317.430389 331.5528873 
6.717419 [ 13.875   6.188 -15.125] [ 2.34  2.54  9.4 ] 326.264964 333.67539745 284.286242 285.58061495 281.723246 366.4271617 319.670988 334.57569565 
6.82118 [ 13.125   8.563 -17.687] [ 1.41  2.91  9.25] 325.748422 333.4883925 290.239112 286.04322545 275.185354 366.10018565 321.798784 335.88973165 
6.92378 [ 13.125   7.938 -16.75 ] [ 1.35  2.8   9.29] 324.256995 334.39721565 295.495702 288.7515916 268.955884 363.7412033 323.667479 335.97038345 
7.025569 [ 12.562   8.563 -13.25 ] [ 1.46  2.22  9.43] 321.655566 336.84302185 300.029288 293.40270565 263.246474 359.65430685 325.129993 335.29632015 
7.127551 [ 11.75    9.313 -11.25 ] [ 1.59  1.89  9.48] 317.980058 340.7302645 303.938287 299.45566165 258.268871 354.1454515 326.03925 334.34620625 
7.229507 [ 10.437  12.    -10.812] [ 2.04  1.8   9.41] 313.393511 345.56450455 307.321807 306.36823115 254.234821 347.52059705 326.248168 333.598712 
7.331194 [-1697.625    14.5     -10.25 ] [ 2.45  1.69  9.34] 308.061986 350.8418327 310.27896 313.59818685 251.356068 340.08569985 325.609671 333.53250305 
7.432979 [  9.312  15.375  -8.875] [ 3.87  1.48  9.33] 302.151542 356.0583385 312.908856 320.6033003 249.844358 332.1467174 323.976678 334.6262485 
7.534708 [  9.125  15.813  -8.   ] [ 3.95   1.31   8.061] 295.828238 360.71011495 315.310606 326.8413442 249.911438 324.0096072 321.223837 337.2904282 
7.636379 [  9.437  15.188  -8.125] [ 3.85  1.34  9.36] 289.258133 364.29325045 317.583319 331.7700901 251.727248 315.9779129 317.416997 341.3354152 
7.73836 [  9.937  13.563  -7.875] [ 2.3   1.31  9.44] 282.607286 366.30383685 319.374946 334.284595 255.124891 308.33572475 312.721366 346.25974625 
7.840258 [ 11.     10.813  -7.5  ] [ 1.84  1.26  9.54] 276.043634 366.27113545 321.525449 335.80269735 259.774844 301.35774095 307.302998 351.55929585 
7.942677 [ 12.      6.625  -6.562] [ 1.21  1.13  9.66] 269.760425 364.171876 323.436861 336.0218793 265.346531 295.3185999 301.327947 356.72993735 
8.044796 [ 12.875   2.188  -5.5  ] [ 1.65  0.94  9.75] 263.969069 360.30385675 324.962024 335.42109055 271.509377 290.49294 294.962269 361.2675464 
8.146471 [ 13.5    -2.562  -4.312] [-0.44  0.74  9.76] 258.881373 354.9718875 325.953778 334.47927965 277.932806 287.1553985 288.372017 364.66799635 
8.249357 [ 14.812  -9.312  -3.062] [-0.31  0.51  9.66] 254.709143 348.4807769 326.264964 333.67539745 284.286242 285.58061495 281.723246 366.4271617 
8.352894 [ 14.875 -10.562  -1.187] [-0.51  0.24  9.63] 251.664188 341.13533705 325.748422 333.4883925 290.239112 286.04322545 275.185354 366.10018565 
8.455456 [ 15.    -10.25    1.125] [-0.47 -0.19  9.64] 249.958313 333.24037775 324.256995 334.39721565 295.495702 288.7515916 268.955884 363.7412033 
8.557669 [ 14.75   -9.812   1.5  ] [-0.39 -0.25  9.65] 249.803327 325.1007088 321.655566 336.84302185 300.029288 293.40270565 263.246474 359.65430685 
8.661113 [ 14.687  -9.875   1.375] [-0.41 -0.23  9.65] 251.387327 317.020013 317.980058 340.7302645 303.938287 299.45566165 258.268871 354.1454515 
8.764414 [ 14.562  -9.5     1.125] [-1.63 -0.2   9.66] 254.594325 309.28751535 313.393511 345.56450455 307.321807 306.36823115 254.234821 347.52059705 
8.866644 [ 14.562  -8.687   0.75 ] [-0.2  -0.13  9.69] 259.097713 302.18242895 308.061986 350.8418327 310.27896 313.59818685 251.356068 340.08569985 
8.968813 [ 14.562  -7.687   0.188] [-0.03 -0.03  9.71] 264.566666 295.9837622 302.151542 356.0583385 312.908856 320.6033003 249.844358 332.1467174 
9.072432 [ 14.625  -7.5    -0.812] [-1.28  0.13  9.72] 270.670358 290.9705281 295.828238 360.71011495 315.310606 326.8413442 249.911438 324.0096072 
9.175715 [ 14.75   -6.562  -1.375] [-1.12  0.24  9.73] 277.077962 287.42173505 289.258133 364.29325045 317.583319 331.7700901 251.727248 315.9779129 
9.277858 [ 14.812  -6.     -2.187] [-1.03  0.37  9.74] 283.458652 285.61639605 282.607286 366.30383685 319.374946 334.284595 255.124891 308.33572475 
9.38007 [ 14.937  -5.875  -3.562] [-1.01  0.61  9.73] 289.481603 285.8335218 276.043634 366.27113545 321.525449 335.80269735 259.774844 301.35774095 
9.482083 [ 15.062  -5.875  -5.187] [-1.    0.88  9.71] 294.836015 288.3131932 269.760425 364.171876 323.436861 336.0218793 265.346531 295.3185999 
9.583597 [ 15.25   -5.687  -7.812] [-0.97  1.33  9.66] 299.455533 292.8203123 263.969069 360.30385675 324.962024 335.42109055 271.509377 290.49294 
9.685558 [ 15.5    -5.437 -11.187] [-0.93  1.84  9.58] 303.437219 298.80212585 258.881373 354.9718875 325.953778 334.47927965 277.932806 287.1553985 
9.787533 [ 15.875  -5.75  -14.937] [-0.98  2.52  9.42] 306.881122 305.70006045 254.709143 348.4807769 326.264964 333.67539745 284.286242 285.58061495 
9.889248 [  8.437  -5.937 -20.312] [-1.02  3.39  9.14] 309.887295 312.955545 251.664188 341.13533705 325.748422 333.4883925 290.239112 286.04322545 
9.991236 [  8.062  -5.    -21.187] [-0.85  3.53  9.1 ] 312.555789 320.01000725 249.958313 333.24037775 324.256995 334.39721565 295.495702 288.7515916 
10.09288 [ 15.812  -4.062 -21.312] [-0.69  3.56  9.1 ] 314.986656 326.30487495 249.803327 325.1007088 321.655566 336.84302185 300.029288 293.40270565 
10.194552 [ 15.5    -2.812 -21.   ] [-0.49  3.51  9.14] 317.279948 331.28157585 251.387327 317.020013 317.980058 340.7302645 303.938287 299.45566165 
10.296697 [ 14.875  -0.125 -20.125] [-0.07  3.39  9.19] 319.523512 334.43275755 254.594325 309.28751535 313.393511 345.56450455 307.321807 306.36823115 
10.398909 [ 14.25    2.375 -19.   ] [ 1.69  3.19  9.26] 321.663328 335.84646865 259.097713 302.18242895 308.061986 350.8418327 310.27896 313.59818685 
10.501159 [ 14.062   3.313 -17.437] [ 1.85  2.93  9.33] 323.553847 335.99488765 264.566666 295.9837622 302.151542 356.0583385 312.908856 320.6033003 
10.604481 [ 14.125   4.063 -14.75 ] [ 0.7   2.49  9.45] 325.047996 335.35659855 270.670358 290.9705281 295.828238 360.71011495 315.310606 326.8413442 
10.707645 [ 13.812   5.    -13.812] [ 2.13  2.33  9.48] 325.998701 334.4101842 277.077962 287.42173505 289.258133 364.29325045 317.583319 331.7700901 
10.809783 [ 13.437   6.188 -13.125] [ 2.34  2.22  9.49] 326.258887 333.6342263 283.458652 285.61639605 282.607286 366.30383685 319.374946 334.284595 
10.91268 [ 13.125   7.438 -11.062] [ 2.55  1.87  9.54] 325.681483 333.5073077 289.481603 285.8335218 276.043634 366.27113545 321.525449 335.80269735 
11.01635 [ 12.937   8.625 -10.187] [ 1.46  1.73  9.54] 324.119412 334.5080124 294.836015 288.3131932 269.760425 364.171876 323.436861 336.0218793 
11.118978 [ 12.875  10.188 -10.   ] [ 1.73  1.68  9.5 ] 321.442011 337.06343775 299.455533 292.8203123 263.969069 360.30385675 324.962024 335.42109055 
11.220928 [ 13.375  13.375  -9.625] [ 2.27  1.59  9.4 ] 317.700422 341.0302581 303.437219 298.80212585 258.881373 354.9718875 325.953778 334.47927965 
11.323768 [ 14.187  15.688  -9.937] [ 3.93  1.63  9.29] 313.058971 345.9100278 306.881122 305.70006045 254.709143 348.4807769 326.264964 333.67539745 
11.427492 [ 13.5    17.125  -8.062] [ 4.17  1.32  9.27] 307.683694 351.19893645 309.887295 312.955545 251.664188 341.13533705 325.748422 333.4883925 
11.530038 [ 14.562  17.     -8.437] [ 4.15  1.38  9.27] 301.740629 356.3931725 312.555789 320.01000725 249.958313 333.24037775 324.256995 334.39721565 
11.631771 [  8.125  16.688  -8.812] [ 4.1   1.44  9.28] 295.395811 360.9889267 314.986656 326.30487495 249.803327 325.1007088 321.655566 336.84302185 
11.733456 [  9.562  15.938  -8.875] [ 3.97  1.46  9.31] 288.815277 364.48238635 317.279948 331.28157585 251.387327 317.020013 317.980058 340.7302645 
11.835123 [ 10.312  14.563  -8.5  ] [ 2.47  1.4   9.38] 282.165064 366.36974335 319.523512 334.43275755 254.594325 309.28751535 313.393511 345.56450455 
11.937018 [ 11.125  12.063  -8.   ] [ 2.05  1.34  9.49] 275.613751 366.1921017 321.663328 335.84646865 259.097713 302.18242895 308.061986 350.8418327 
12.038937 [ 11.875   7.75   -6.312] [ 1.4   1.12  9.64] 269.356789 363.9652463 323.553847 335.99488765 264.566666 295.9837622 302.151542 356.0583385 
12.141034 [ 11.937   4.063  -3.812] [ 1.97  0.65  9.75] 263.605773 359.99007235 325.047996 335.35659855 270.670358 290.9705281 295.828238 360.71011495 
12.242664 [ 12.      0.875  -2.875] [ 1.43  0.49  9.79] 258.572515 354.5713632 325.998701 334.4101842 277.077962 287.42173505 289.258133 364.29325045 
12.344527 [ 12.5    -3.125  -1.625] [-0.53  0.28  9.78] 254.468829 348.01389875 326.258887 333.6342263 283.458652 285.61639605 282.607286 366.30383685 
12.446426 [ 13.875  -9.625  -0.875] [-0.36  0.15  9.66] 251.506528 340.62246235 325.681483 333.5073077 289.481603 285.8335218 276.043634 366.27113545 
12.548381 [ 12.75   -9.875  -0.187] [-0.42  0.05  9.65] 249.897424 332.70183735 324.119412 334.5080124 294.836015 288.3131932 269.760425 364.171876 
12.650854 [ 12.312  -9.625   0.688] [-0.36 -0.12  9.66] 249.853332 324.55680365 321.442011 337.06343775 299.455533 292.8203123 263.969069 360.30385675 
12.752631 [ 20.312  -9.625   1.313] [-0.36 -0.22  9.66] 251.554149 316.49063005 317.700422 341.0302581 303.437219 298.80212585 258.881373 354.9718875 
12.85501 [ 12.312  -9.312   1.563] [-0.3  -0.26  9.67] 254.857854 308.791303 313.058971 345.9100278 306.881122 305.70006045 254.709143 348.4807769 
12.957913 [ 20.312  -8.687   1.188] [-1.48 -0.21  9.69] 259.435902 301.7379551 307.683694 351.19893645 309.887295 312.955545 251.664188 341.13533705 
13.0613 [ 12.437  -7.687   0.25 ] [-0.03 -0.04  9.71] 264.957466 295.60960855 301.740629 356.3931725 312.555789 320.01000725 249.958313 333.24037775 
13.163091 [ 12.5    -6.375  -0.875] [-1.09  0.15  9.74] 271.091716 290.68528785 295.395811 360.9889267 314.986656 326.30487495 249.803327 325.1007088 
13.265227 [ 12.562  -5.875  -1.   ] [-1.    0.17  9.75] 277.507826 287.24401865 288.815277 364.48238635 317.279948 331.28157585 251.387327 317.020013 
13.368919 [ 12.75   -4.625  -1.25 ] [-0.81  0.2   9.77] 283.874966 285.56482315 282.165064 366.36974335 319.523512 334.43275755 254.594325 309.28751535 
13.471904 [ 12.875  -4.75   -2.125] [-0.81  0.36  9.76] 289.86231 285.92672585 275.613751 366.1921017 321.663328 335.84646865 259.097713 302.18242895 
13.573667 [ 13.125  -5.125  -4.125] [-0.87  0.71  9.74] 295.165832 288.5566436 269.356789 363.9652463 323.553847 335.99488765 264.566666 295.9837622 
13.675822 [ 13.562  -5.437  -7.125] [-0.93  1.21  9.68] 299.739712 293.17955735 263.605773 359.99007235 325.047996 335.35659855 270.670358 290.9705281 
13.779498 [ 14.     -5.562  -9.625] [-0.97  1.62  9.62] 303.682427 299.23993315 258.572515 354.5713632 325.998701 334.4101842 277.077962 287.42173505 
13.882686 [ 14.187  -4.375 -10.437] [-0.75  1.77  9.61] 307.09403 306.17917575 254.468829 348.01389875 326.258887 333.6342263 283.458652 285.61639605 
13.984405 [ 14.625  -2.562 -10.812] [-0.44  1.84  9.62] 310.074575 313.43868875 251.506528 340.62246235 325.681483 333.5073077 289.481603 285.8335218 
14.086249 [ 15.     -1.    -11.812] [-0.17  2.    9.59] 312.724114 320.45987575 249.897424 332.70183735 324.119412 334.5080124 294.836015 288.3131932 
14.188122 [ 15.5   0.5 -15. ] [ 1.37  2.53  9.47] 315.142701 326.6841415 249.853332 324.55680365 321.442011 337.06343775 299.455533 292.8203123 
14.289827 [ 24.562   0.813 -21.125] [ 1.42  3.54  9.14] 317.430389 331.5528873 251.554149 316.49063005 317.700422 341.0302581 303.437219 298.80212585 
14.391574 [ 26.      1.438 -23.   ] [ 1.5   3.84  9.01] 319.670988 334.57569565 254.857854 308.791303 313.058971 345.9100278 306.881122 305.70006045 
14.493503 [ 26.375   2.813 -20.75 ] [ 1.76  3.47  9.15] 321.798784 335.88973165 259.435902 301.7379551 307.683694 351.19893645 309.887295 312.955545 
14.595233 [ 26.437   4.063 -16.25 ] [ 1.97  2.74  9.38] 323.667479 335.97038345 264.957466 295.60960855 301.740629 356.3931725 312.555789 320.01000725 
14.697018 [ 25.937   5.5   -13.937] [ 2.22  2.35  9.47] 325.129993 335.29632015 271.091716 290.68528785 295.395811 360.9889267 314.986656 326.30487495 
14.798652 [ 24.625   6.563 -11.562] [ 2.41  1.95  9.54] 326.03925 334.34620625 277.507826 287.24401865 288.815277 364.48238635 317.279948 331.28157585 
14.900459 [ 12.875   7.5   -12.812] [ 1.28  2.15  9.47] 326.248168 333.598712 283.874966 285.56482315 282.165064 366.36974335 319.523512 334.43275755 
15.002506 [  8.687   9.375 -11.812] [ 1.58  2.    9.46] 325.609671 333.53250305 289.86231 285.92672585 275.613751 366.1921017 321.663328 335.84646865 
15.104558 [ 13.187  11.25  -11.   ] [ 1.91  1.83  9.44] 323.976678 334.6262485 295.165832 288.5566436 269.356789 363.9652463 323.553847 335.99488765 
15.20635 [  9.312  13.063 -10.062] [ 2.22  1.66  8.12] 321.223837 337.2904282 299.739712 293.17955735 263.605773 359.99007235 325.047996 335.35659855 
15.309096 [  7.75   14.125  -9.5  ] [ 2.39  1.57  9.37] 317.416997 341.3354152 303.682427 299.23993315 258.572515 354.5713632 325.998701 334.4101842 
15.412763 [  0.313  14.938  -9.125] [ 2.53  1.5   9.35] 312.721366 346.25974625 307.09403 306.17917575 254.468829 348.01389875 326.258887 333.6342263 
15.51538 [  0.     14.75   -9.187] [ 2.49  1.51  9.36] 307.302998 351.55929585 310.074575 313.43868875 251.506528 340.62246235 325.681483 333.5073077 
15.617091 [  0.     15.125  -9.062] [ 3.84  1.49  9.34] 301.327947 356.72993735 312.724114 320.45987575 249.897424 332.70183735 324.119412 334.5080124 
15.719997 [  8.125  14.875  -9.25 ] [ 2.52  1.52  9.35] 294.962269 361.2675464 315.142701 326.6841415 249.853332 324.55680365 321.442011 337.06343775 
15.823454 [  8.312  13.813  -9.312] [ 2.36  1.54  9.39] 288.372017 364.66799635 317.430389 331.5528873 251.554149 316.49063005 317.700422 341.0302581 
15.926029 [  8.5    12.25   -8.937] [ 2.08  1.49  9.46] 281.723246 366.4271617 319.670988 334.57569565 254.857854 308.791303 313.058971 345.9100278 
16.028045 [  8.562  10.063  -7.187] [ 1.72  1.21  9.57] 275.185354 366.10018565 321.798784 335.88973165 259.435902 301.7379551 307.683694 351.19893645 
16.130906 [ 8.687  7.375 -5.5  ] [ 2.54  0.93  9.68] 268.955884 363.7412033 323.667479 335.97038345 264.957466 295.60960855 301.740629 356.3931725 
16.234458 [ 9.562  2.75  -4.562] [ 1.82  0.79  9.75] 263.246474 359.65430685 325.129993 335.29632015 271.091716 290.68528785 295.395811 360.9889267 
16.336954 [ 10.     -1.312  -3.5  ] [-0.23  0.6   9.78] 258.268871 354.1454515 326.03925 334.34620625 277.507826 287.24401865 288.815277 364.48238635 
16.438911 [ 11.     -6.562  -2.25 ] [-1.12  0.38  9.73] 254.234821 347.52059705 326.248168 333.598712 283.874966 285.56482315 282.165064 366.36974335 
16.540654 [ 12.    -11.812  -1.687] [-0.72  0.29  9.59] 251.356068 340.08569985 325.609671 333.53250305 289.86231 285.92672585 275.613751 366.1921017 
16.642405 [ 11.25  -11.125  -0.812] [-1.89  0.14  9.61] 249.844358 332.1467174 323.976678 334.6262485 295.165832 288.5566436 269.356789 363.9652463 
16.744355 [ 11.187 -11.062   0.   ] [-0.6   0.    9.62] 249.911438 324.0096072 321.223837 337.2904282 299.739712 293.17955735 263.605773 359.99007235 
16.846253 [ 11.187 -10.937   0.625] [-0.59 -0.1   9.62] 251.727248 315.9779129 317.416997 341.3354152 303.682427 299.23993315 258.572515 354.5713632 
16.948659 [ 11.187 -10.562   0.938] [-0.51 -0.16  9.63] 255.124891 308.33572475 312.721366 346.25974625 307.09403 306.17917575 254.468829 348.01389875 
17.050651 [ 11.187  -9.875   0.875] [-0.4  -0.15  9.66] 259.774844 301.35774095 307.302998 351.55929585 310.074575 313.43868875 251.506528 340.62246235 
17.152446 [ 11.25   -8.937   0.313] [-0.25 -0.05  9.68] 265.346531 295.3185999 301.327947 356.72993735 312.724114 320.45987575 249.897424 332.70183735 
17.254374 [ 11.312  -7.437  -0.375] [-1.27  0.06  9.72] 271.509377 290.49294 294.962269 361.2675464 315.142701 326.6841415 249.853332 324.55680365 
17.35704 [ 11.312  -6.625  -0.125] [-1.14  0.02  9.73] 277.932806 287.1553985 288.372017 364.66799635 317.430389 331.5528873 251.554149 316.49063005 
17.45905 [ 11.437  -6.     -1.187] [-1.03  0.2   9.74] 284.286242 285.58061495 281.723246 366.4271617 319.670988 334.57569565 254.857854 308.791303 
17.561328 [ 11.562  -5.812  -2.937] [-0.99  0.51  9.74] 290.239112 286.04322545 275.185354 366.10018565 321.798784 335.88973165 259.435902 301.7379551 
17.664804 [ 11.687  -5.75   -5.   ] [-0.99  0.86  9.71] 295.495702 288.7515916 268.955884 363.7412033 323.667479 335.97038345 264.957466 295.60960855 
17.767957 [ 11.875  -5.562  -8.   ] [-0.95  1.36  9.66] 300.029288 293.40270565 263.246474 359.65430685 325.129993 335.29632015 271.091716 290.68528785 
17.86984 [ 12.25   -5.875 -11.375] [-1.    1.92  9.56] 303.938287 299.45566165 258.268871 354.1454515 326.03925 334.34620625 277.507826 287.24401865 
17.972384 [ 13.562  -6.5   -15.937] [-1.11  2.67  9.36] 307.321807 306.36823115 254.234821 347.52059705 326.248168 333.598712 283.874966 285.56482315 
18.07592 [ 10.75   -5.062 -18.062] [-0.89  3.02  9.28] 310.27896 313.59818685 251.356068 340.08569985 325.609671 333.53250305 289.86231 285.92672585 
18.178676 [  1.125  -3.812 -18.937] [-0.66  3.18  9.25] 312.908856 320.6033003 249.844358 332.1467174 323.976678 334.6262485 295.165832 288.5566436 
18.280605 [  3.75   -1.812 -23.25 ] [-0.31  3.87  9.  ] 315.310606 326.8413442 249.911438 324.0096072 321.223837 337.2904282 299.739712 293.17955735 
18.382971 [  4.937  -1.875 -24.   ] [-0.32  3.98  8.95] 317.583319 331.7700901 251.727248 315.9779129 317.416997 341.3354152 303.682427 299.23993315 
18.486837 [  2.     -1.437 -22.75 ] [-0.26  3.82  9.02] 319.374946 334.284595 255.124891 308.33572475 312.721366 346.25974625 307.09403 306.17917575 
18.589756 [  1.813  -0.125 -20.437] [-0.02  3.42  9.18] 321.525449 335.80269735 259.774844 301.35774095 307.302998 351.55929585 310.074575 313.43868875 
18.691581 [  1.813   0.938 -17.437] [ 1.44  2.93  9.35] 323.436861 336.0218793 265.346531 295.3185999 301.327947 356.72993735 312.724114 320.45987575 
18.793203 [  1.938   1.875 -14.187] [ 1.6  2.4  9.5] 324.962024 335.42109055 271.509377 290.49294 294.962269 361.2675464 315.142701 326.6841415 
18.894956 [  2.25    3.    -13.375] [ 1.8   2.27  9.52] 325.953778 334.47927965 277.932806 287.1553985 288.372017 364.66799635 317.430389 331.5528873 
18.996625 [  2.75    4.375 -13.125] [ 2.03  2.22  9.52] 326.264964 333.67539745 284.286242 285.58061495 281.723246 366.4271617 319.670988 334.57569565 
19.098884 [  3.313   5.625 -11.812] [ 2.23  2.01  9.54] 325.748422 333.4883925 290.239112 286.04322545 275.185354 366.10018565 321.798784 335.88973165 
19.201003 [  3.563   6.625 -11.25 ] [ 2.41  1.9   9.55] 324.256995 334.39721565 295.495702 288.7515916 268.955884 363.7412033 323.667479 335.97038345 
19.302753 [  3.75    8.063 -10.812] [ 1.37  1.82  9.53] 321.655566 336.84302185 300.029288 293.40270565 263.246474 359.65430685 325.129993 335.29632015 
19.404419 [  3.75    9.625 -11.   ] [ 1.64  1.84  9.49] 317.980058 340.7302645 303.938287 299.45566165 258.268871 354.1454515 326.03925 334.34620625 
19.506132 [  3.75   10.563 -11.562] [ 1.79  1.93  9.44] 313.393511 345.56450455 307.321807 306.36823115 254.234821 347.52059705 326.248168 333.598712 
19.607843 [  4.187  11.313 -11.062] [ 1.92  1.85  9.43] 308.061986 350.8418327 310.27896 313.59818685 251.356068 340.08569985 325.609671 333.53250305 
19.710103 [  3.875  11.438 -10.375] [ 1.94  1.73  9.45] 302.151542 356.0583385 312.908856 320.6033003 249.844358 332.1467174 323.976678 334.6262485 
19.812295 [  3.938  11.125  -9.75 ] [ 1.89  1.63  9.48] 295.828238 360.71011495 315.310606 326.8413442 249.911438 324.0096072 321.223837 337.2904282 
19.914533 [  3.938  10.75   -9.312] [ 1.83  1.56  9.5 ] 289.258133 364.29325045 317.583319 331.7700901 251.727248 315.9779129 317.416997 341.3354152 
20.017953 [  3.937  10.25   -8.062] [ 1.74  1.35  9.55] 282.607286 366.30383685 319.374946 334.284595 255.124891 308.33572475 312.721366 346.25974625 
20.120995 [ 4.188  9.438 -6.125] [ 1.6   1.03  9.61] 276.043634 366.27113545 321.525449 335.80269735 259.774844 301.35774095 307.302998 351.55929585 
20.222665 [ 3.938  7.688 -4.687] [ 1.31  0.79  9.68] 269.760425 364.171876 323.436861 336.0218793 265.346531 295.3185999 301.327947 356.72993735 
20.324529 [ 5.937  3.063 -4.   ] [ 1.8   0.69  9.76] 263.969069 360.30385675 324.962024 335.42109055 271.509377 290.49294 294.962269 361.2675464 
20.42755 [ 1.25  -1.625 -3.125] [-0.28  0.53  9.78] 258.881373 354.9718875 325.953778 334.47927965 277.932806 287.1553985 288.372017 364.66799635 
20.530625 [ 0.063 -8.062 -1.937] [-1.25  0.34  9.72] 254.709143 348.4807769 326.264964 333.67539745 284.286242 285.58061495 281.723246 366.4271617 
20.632784 [  8.937 -12.812  -1.187] [-0.89  0.2   9.55] 251.664188 341.13533705 325.748422 333.4883925 290.239112 286.04322545 275.185354 366.10018565 
20.734788 [  8.5   -11.187   2.063] [-0.62 -0.34  9.61] 249.958313 333.24037775 324.256995 334.39721565 295.495702 288.7515916 268.955884 363.7412033 
20.838027 [  8.562 -11.25    1.438] [-0.63 -0.24  9.61] 249.803327 325.1007088 321.655566 336.84302185 300.029288 293.40270565 263.246474 359.65430685 
20.941537 [  8.437 -11.437   0.938] [-1.94 -0.16  9.6 ] 251.387327 317.020013 317.980058 340.7302645 303.938287 299.45566165 258.268871 354.1454515 
21.043769 [  8.437 -11.187   0.938] [-0.62 -0.16  9.61] 254.594325 309.28751535 313.393511 345.56450455 307.321807 306.36823115 254.234821 347.52059705 
21.145474 [  8.5   -10.437   0.688] [-0.5  -0.11  9.64] 259.097713 302.18242895 308.061986 350.8418327 310.27896 313.59818685 251.356068 340.08569985 
21.247531 [ 8.562 -9.437  0.125] [-0.33 -0.02  9.67] 264.566666 295.9837622 302.151542 356.0583385 312.908856 320.6033003 249.844358 332.1467174 
21.349545 [ 8.687 -7.875 -1.437] [-0.07  0.25  9.7 ] 270.670358 290.9705281 295.828238 360.71011495 315.310606 326.8413442 249.911438 324.0096072 
21.45152 [ 8.687 -7.312 -2.875] [-1.26  0.48  9.71] 277.077962 287.42173505 289.258133 364.29325045 317.583319 331.7700901 251.727248 315.9779129 
21.553457 [ 8.687 -7.    -3.312] [-1.19  0.56  9.71] 283.458652 285.61639605 282.607286 366.30383685 319.374946 334.284595 255.124891 308.33572475 
21.655339 [ 8.687 -6.312 -3.875] [-1.08  0.66  9.72] 289.481603 285.8335218 276.043634 366.27113545 321.525449 335.80269735 259.774844 301.35774095 
21.757253 [ 8.75  -6.187 -4.875] [-1.06  0.83  9.71] 294.836015 288.3131932 269.760425 364.171876 323.436861 336.0218793 265.346531 295.3185999 
21.859131 [ 8.875 -6.437 -6.25 ] [-1.1   1.07  9.68] 299.455533 292.8203123 263.969069 360.30385675 324.962024 335.42109055 271.509377 290.49294 
21.961041 [ 9.375 -7.062 -8.437] [-1.2   1.43  9.62] 303.437219 298.80212585 258.881373 354.9718875 325.953778 334.47927965 277.932806 287.1553985 
22.063455 [ 9.25  -6.5   -9.375] [-1.11  1.59  9.61] 306.881122 305.70006045 254.709143 348.4807769 326.264964 333.67539745 284.286242 285.58061495 
22.1653 [ 8.312 -4.625 -9.437] [-0.79  1.6   9.64] 309.887295 312.955545 251.664188 341.13533705 325.748422 333.4883925 290.239112 286.04322545 
22.267368 [ 0.625 -2.5   -9.5  ] [-0.43  1.61  9.66] 312.555789 320.01000725 249.958313 333.24037775 324.256995 334.39721565 295.495702 288.7515916 
22.370753 [  1.438  -2.562 -10.375] [-0.44  1.77  9.63] 314.986656 326.30487495 249.803327 325.1007088 321.655566 336.84302185 300.029288 293.40270565 
22.474147 [  2.875  -2.875 -13.187] [-0.49  2.23  9.53] 317.279948 331.28157585 251.387327 317.020013 317.980058 340.7302645 303.938287 299.45566165 
22.576233 [  4.125  -2.437 -15.687] [-0.42  2.65  9.43] 319.523512 334.43275755 254.594325 309.28751535 313.393511 345.56450455 307.321807 306.36823115 
22.678636 [  1.375  -1.187 -19.375] [-0.21  3.25  9.24] 321.663328 335.84646865 259.097713 302.18242895 308.061986 350.8418327 310.27896 313.59818685 
22.782413 [  6.5    -0.187 -17.312] [-0.05  2.95  9.35] 323.553847 335.99488765 264.566666 295.9837622 302.151542 356.0583385 312.908856 320.6033003 
22.885313 [  6.313   0.75  -15.875] [ 1.41  2.69  9.42] 325.047996 335.35659855 270.670358 290.9705281 295.828238 360.71011495 315.310606 326.8413442 
22.987223 [  6.438   2.063 -14.812] [ 1.64  2.51  9.47] 325.998701 334.4101842 277.077962 287.42173505 289.258133 364.29325045 317.583319 331.7700901 
23.090028 [  6.875   3.563 -12.75 ] [ 1.89  2.16  9.54] 326.258887 333.6342263 283.458652 285.61639605 282.607286 366.30383685 319.374946 334.284595 
23.193489 [  7.      4.688 -11.125] [ 2.07  1.9   9.58] 325.681483 333.5073077 289.481603 285.8335218 276.043634 366.27113545 321.525449 335.80269735 
23.296087 [  7.25    6.313 -10.5  ] [ 2.36  1.78  9.58] 324.119412 334.5080124 294.836015 288.3131932 269.760425 364.171876 323.436861 336.0218793 
23.397812 [  7.313   7.875 -10.375] [ 1.34  1.75  9.55] 321.442011 337.06343775 299.455533 292.8203123 263.969069 360.30385675 324.962024 335.42109055 
23.499805 [  7.375   9.5   -10.312] [ 1.62  1.74  9.51] 317.700422 341.0302581 303.437219 298.80212585 258.881373 354.9718875 325.953778 334.47927965 
23.60152 [  7.313  10.313 -11.062] [ 1.76  1.85  9.46] 313.058971 345.9100278 306.881122 305.70006045 254.709143 348.4807769 326.264964 333.67539745 
23.7033 [  7.25   10.625 -11.687] [ 1.81  1.95  9.43] 307.683694 351.19893645 309.887295 312.955545 251.664188 341.13533705 325.748422 333.4883925 
23.805257 [  7.313  10.625 -10.75 ] [ 1.81  1.81  9.46] 301.740629 356.3931725 312.555789 320.01000725 249.958313 333.24037775 324.256995 334.39721565 
23.907276 [  7.375  10.625 -10.125] [ 1.81  1.69  9.48] 295.395811 360.9889267 314.986656 326.30487495 249.803327 325.1007088 321.655566 336.84302185 
24.009023 [  7.438  10.25   -9.375] [ 1.75  1.57  9.51] 288.815277 364.48238635 317.279948 331.28157585 251.387327 317.020013 317.980058 340.7302645 
24.111009 [ 7.563  9.813 -8.125] [ 1.67  1.37  9.56] 282.165064 366.36974335 319.523512 334.43275755 254.594325 309.28751535 313.393511 345.56450455 
24.21268 [ 7.625  9.188 -6.625] [ 1.56  1.12  9.61] 275.613751 366.1921017 321.663328 335.84646865 259.097713 302.18242895 308.061986 350.8418327 
24.31442 [ 0.437  7.25  -4.875] [ 2.52  0.82  9.69] 269.356789 363.9652463 323.553847 335.99488765 264.566666 295.9837622 302.151542 356.0583385 
24.416606 [ 6.125  2.438 -4.   ] [ 1.69  0.69  9.77] 263.605773 359.99007235 325.047996 335.35659855 270.670358 290.9705281 295.828238 360.71011495 
24.518425 [ 5.25  -2.562 -3.125] [-0.44  0.53  9.78] 258.572515 354.5713632 325.998701 334.4101842 277.077962 287.42173505 289.258133 364.29325045 
24.620752 [ 4.25  -8.875 -2.187] [-0.24  0.37  9.68] 254.468829 348.01389875 326.258887 333.6342263 283.458652 285.61639605 282.607286 366.30383685 
24.724298 [  6.062 -13.375  -1.562] [-1.01  0.27  9.53] 251.506528 340.62246235 325.681483 333.5073077 289.481603 285.8335218 276.043634 366.27113545 
24.827913 [  2.5   -12.437  -0.625] [-0.84  0.11  9.57] 249.897424 332.70183735 324.119412 334.5080124 294.836015 288.3131932 269.760425 364.171876 
24.929917 [  2.625 -12.25    0.25 ] [-0.8  -0.04  9.58] 249.853332 324.55680365 321.442011 337.06343775 299.455533 292.8203123 263.969069 360.30385675 
25.032624 [  5.437 -12.187   0.75 ] [-0.79 -0.12  9.58] 251.554149 316.49063005 317.700422 341.0302581 303.437219 298.80212585 258.881373 354.9718875 
25.136118 [  2.563 -11.75    0.813] [-0.73 -0.14  9.59] 254.857854 308.791303 313.058971 345.9100278 306.881122 305.70006045 254.709143 348.4807769 
25.238532 [  2.563 -11.      0.563] [-0.59 -0.09  9.62] 259.435902 301.7379551 307.683694 351.19893645 309.887295 312.955545 251.664188 341.13533705 
25.345913 [  2.5  -10.25   0.  ] [-0.46  0.    9.65] 264.957466 295.60960855 301.740629 356.3931725 312.555789 320.01000725 249.958313 333.24037775 
25.448917 [ 2.438 -9.562 -0.5  ] [-0.34  0.09  9.66] 271.091716 290.68528785 295.395811 360.9889267 314.986656 326.30487495 249.803327 325.1007088 
25.550833 [ 2.375 -8.125 -1.187] [-0.11  0.2   9.7 ] 277.507826 287.24401865 288.815277 364.48238635 317.279948 331.28157585 251.387327 317.020013 
25.652708 [ 2.313 -7.312 -2.187] [-1.25  0.37  9.71] 283.874966 285.56482315 282.165064 366.36974335 319.523512 334.43275755 254.594325 309.28751535 
25.754437 [ 2.25  -7.125 -3.25 ] [-1.22  0.55  9.71] 289.86231 285.92672585 275.613751 366.1921017 321.663328 335.84646865 259.097713 302.18242895 
25.856653 [ 2.125 -7.    -5.25 ] [-1.19  0.89  9.69] 295.165832 288.5566436 269.356789 363.9652463 323.553847 335.99488765 264.566666 295.9837622 
25.958908 [ 2.    -6.875 -8.437] [-1.17  1.43  9.63] 299.739712 293.17955735 263.605773 359.99007235 325.047996 335.35659855 270.670358 290.9705281 
26.060986 [  1.875  -6.687 -11.25 ] [-1.14  1.9   9.55] 303.682427 299.23993315 258.572515 354.5713632 325.998701 334.4101842 277.077962 287.42173505 
26.162634 [  1.5    -7.375 -14.562] [-1.26  2.45  9.41] 307.09403 306.17917575 254.468829 348.01389875 326.258887 333.6342263 283.458652 285.61639605 
26.26434 [  0.938  -8.375 -19.75 ] [-0.14  3.28  9.12] 310.074575 313.43868875 251.506528 340.62246235 325.681483 333.5073077 289.481603 285.8335218 
26.366075 [  7.125  -8.25  -21.875] [-0.13  3.62  9.  ] 312.724114 320.45987575 249.897424 332.70183735 324.119412 334.5080124 294.836015 288.3131932 
26.468718 [  1.188  -6.687 -21.437] [-1.17  3.57  9.05] 315.142701 326.6841415 249.853332 324.55680365 321.442011 337.06343775 299.455533 292.8203123 
26.571218 [  1.625  -5.    -20.687] [-0.86  3.45  9.13] 317.430389 331.5528873 251.554149 316.49063005 317.700422 341.0302581 303.437219 298.80212585 
26.673503 [  2.125  -2.625 -19.937] [-0.45  3.34  9.2 ] 319.670988 334.57569565 254.857854 308.791303 313.058971 345.9100278 306.881122 305.70006045 
26.777203 [  2.563  -0.312 -18.75 ] [-0.08  3.17  9.27] 321.798784 335.88973165 259.435902 301.7379551 307.683694 351.19893645 309.887295 312.955545 
26.879947 [  2.875   1.438 -17.312] [ 1.53  2.92  9.35] 323.667479 335.97038345 264.957466 295.60960855 301.740629 356.3931725 312.555789 320.01000725 
26.981885 [  5.187   2.125 -15.062] [ 1.65  2.54  9.46] 325.129993 335.29632015 271.091716 290.68528785 295.395811 360.9889267 314.986656 326.30487495 
27.084675 [  3.      3.    -14.312] [ 1.79  2.42  9.48] 326.03925 334.34620625 277.507826 287.24401865 288.815277 364.48238635 317.279948 331.28157585 
27.188462 [  3.438   4.375 -13.437] [ 2.01  2.3   9.5 ] 326.248168 333.598712 283.874966 285.56482315 282.165064 366.36974335 319.523512 334.43275755 
27.291152 [  3.688   5.563 -11.562] [ 2.23  1.95  9.56] 325.609671 333.53250305 289.86231 285.92672585 275.613751 366.1921017 321.663328 335.84646865 
27.392988 [  3.75    6.813 -11.062] [ 2.45  1.87  9.55] 323.976678 334.6262485 295.165832 288.5566436 269.356789 363.9652463 323.553847 335.99488765 
27.495844 [  4.312   8.5   -10.687] [ 1.45  1.79  9.52] 321.223837 337.2904282 299.739712 293.17955735 263.605773 359.99007235 325.047996 335.35659855 
27.59966 [  3.313  12.063 -11.062] [ 2.01  1.87  9.41] 317.416997 341.3354152 303.682427 299.23993315 258.572515 354.5713632 325.998701 334.4101842 
27.702289 [  4.563  13.75   -8.812] [ 2.33  1.46  9.41] 312.721366 346.25974625 307.09403 306.17917575 254.468829 348.01389875 326.258887 333.6342263 
27.804027 [  5.75   14.938  -7.687] [ 2.53  1.27  9.38] 307.302998 351.55929585 310.074575 313.43868875 251.506528 340.62246235 325.681483 333.5073077 
27.905819 [  4.938  14.875  -8.312] [ 2.52  1.37  9.37] 301.327947 356.72993735 312.724114 320.45987575 249.897424 332.70183735 324.119412 334.5080124 
28.007569 [  3.375  15.063  -8.625] [ 2.55  1.42  9.36] 294.962269 361.2675464 315.142701 326.6841415 249.853332 324.55680365 321.442011 337.06343775 
28.109619 [  2.625  14.438  -8.75 ] [ 2.47  1.44  9.37] 288.372017 364.66799635 317.430389 331.5528873 251.554149 316.49063005 317.700422 341.0302581 
28.211502 [  2.188  12.938  -8.312] [ 2.2   1.38  9.45] 281.723246 366.4271617 319.670988 334.57569565 254.857854 308.791303 313.058971 345.9100278 
28.313255 [  1.375  10.438  -8.062] [ 1.78  1.35  9.54] 275.185354 366.10018565 321.798784 335.88973165 259.435902 301.7379551 307.683694 351.19893645 
28.415002 [ 0.063  6.125 -7.   ] [ 2.33  1.18  9.67] 268.955884 363.7412033 323.667479 335.97038345 264.957466 295.60960855 301.740629 356.3931725 
28.51695 [ 8.937  1.    -5.875] [ 1.45  1.    9.75] 263.246474 359.65430685 325.129993 335.29632015 271.091716 290.68528785 295.395811 360.9889267 
28.618675 [ 9.5   -4.187 -4.562] [-0.72  0.78  9.74] 258.268871 354.1454515 326.03925 334.34620625 277.507826 287.24401865 288.815277 364.48238635 
28.720418 [ 11.187 -11.125  -3.5  ] [-0.59  0.61  9.6 ] 254.234821 347.52059705 326.248168 333.598712 283.874966 285.56482315 282.165064 366.36974335 
28.822698 [ 11.    -11.437  -1.812] [-0.66  0.3   9.6 ] 251.356068 340.08569985 325.609671 333.53250305 289.86231 285.92672585 275.613751 366.1921017 
28.924748 [ 11.187 -11.062   0.438] [-0.61 -0.07  9.62] 249.844358 332.1467174 323.976678 334.6262485 295.165832 288.5566436 269.356789 363.9652463 
29.027312 [ 11.187 -10.812   1.875] [-0.56 -0.31  9.62] 249.911438 324.0096072 321.223837 337.2904282 299.739712 293.17955735 263.605773 359.99007235 
29.130888 [ 11.    -10.812   1.188] [-0.56 -0.2   9.62] 251.727248 315.9779129 317.416997 341.3354152 303.682427 299.23993315 258.572515 354.5713632 
29.233216 [ 10.875 -10.375   0.875] [-0.49 -0.15  9.64] 255.124891 308.33572475 312.721366 346.25974625 307.09403 306.17917575 254.468829 348.01389875 
29.335011 [ 10.875  -9.625   0.625] [-0.36 -0.11  9.66] 259.774844 301.35774095 307.302998 351.55929585 310.074575 313.43868875 251.506528 340.62246235 
29.437755 [ 10.937  -8.437  -0.125] [-0.16  0.02  9.69] 265.346531 295.3185999 301.327947 356.72993735 312.724114 320.45987575 249.897424 332.70183735 
29.541171 [ 11.     -7.437  -0.937] [-1.27  0.16  9.72] 271.509377 290.49294 294.962269 361.2675464 315.142701 326.6841415 249.853332 324.55680365 
29.643718 [ 11.125  -6.687  -1.375] [-1.14  0.23  9.73] 277.932806 287.1553985 288.372017 364.66799635 317.430389 331.5528873 251.554149 316.49063005 
29.745544 [ 11.187  -6.312  -2.312] [-1.08  0.4   9.73] 284.286242 285.58061495 281.723246 366.4271617 319.670988 334.57569565 254.857854 308.791303 
29.848191 [ 11.25   -6.062  -3.625] [-1.04  0.62  9.73] 290.239112 286.04322545 275.185354 366.10018565 321.798784 335.88973165 259.435902 301.7379551 
29.951987 [ 11.375  -5.75   -5.75 ] [-0.99  0.94  9.71] 295.495702 288.7515916 268.955884 363.7412033 323.667479 335.97038345 264.957466 295.60960855 
30.054539 [ 11.562  -5.5    -8.562] [-0.94  1.45  9.65] 300.029288 293.40270565 263.246474 359.65430685 325.129993 335.29632015 271.091716 290.68528785 
30.156288 [ 11.75   -5.312 -11.5  ] [-0.91  1.95  9.56] 303.938287 299.45566165 258.268871 354.1454515 326.03925 334.34620625 277.507826 287.24401865 
30.25812 [ 12.062  -5.437 -15.375] [-0.93  2.59  9.41] 307.321807 306.36823115 254.234821 347.52059705 326.248168 333.598712 283.874966 285.56482315 
30.360098 [ 12.625  -6.437 -20.375] [-1.1   3.4   9.13] 310.27896 313.59818685 251.356068 340.08569985 325.609671 333.53250305 289.86231 285.92672585 
30.462063 [ 13.     -7.125 -21.812] [-1.22  3.61  9.03] 312.908856 320.6033003 249.844358 332.1467174 323.976678 334.6262485 295.165832 288.5566436 
30.563772 [ 12.562  -5.5   -21.5  ] [-0.97  3.58  9.07] 315.310606 326.8413442 249.911438 324.0096072 321.223837 337.2904282 299.739712 293.17955735 
30.665891 [ 12.125  -3.562 -20.687] [-0.6   3.46  9.15] 317.583319 331.7700901 251.727248 315.9779129 317.416997 341.3354152 303.682427 299.23993315 
30.767804 [ 11.625  -1.187 -20.   ] [-0.21  3.35  9.21] 319.374946 334.284595 255.124891 308.33572475 312.721366 346.25974625 307.09403 306.17917575 
30.869792 [ 11.187   0.813 -18.875] [ 1.42  3.17  9.27] 321.525449 335.80269735 259.774844 301.35774095 307.302998 351.55929585 310.074575 313.43868875 
30.971752 [ 10.937   2.125 -25.312] [ 1.64  2.92  9.35] 323.436861 336.0218793 265.346531 295.3185999 301.327947 356.72993735 312.724114 320.45987575 
31.074117 [ 10.875   3.    -15.   ] [ 0.5   2.55  9.45] 324.962024 335.42109055 271.509377 290.49294 294.962269 361.2675464 315.142701 326.6841415 
31.176092 [ 10.562   4.    -14.312] [ 1.97  2.42  9.47] 325.953778 334.47927965 277.932806 287.1553985 288.372017 364.66799635 317.430389 331.5528873 
31.278176 [ 10.25    5.625 -12.812] [ 2.24  2.17  9.51] 326.264964 333.67539745 284.286242 285.58061495 281.723246 366.4271617 319.670988 334.57569565 
31.381276 [ 10.062   7.    -11.187] [ 2.47  1.89  9.54] 325.748422 333.4883925 290.239112 286.04322545 275.185354 366.10018565 321.798784 335.88973165 
31.484706 [ 10.062   8.188 -11.062] [ 1.38  1.86  9.52] 324.256995 334.39721565 295.495702 288.7515916 268.955884 363.7412033 323.667479 335.97038345 
31.586598 [ 10.062  10.    -11.187] [ 1.71  1.87  9.47] 321.655566 336.84302185 300.029288 293.40270565 263.246474 359.65430685 325.129993 335.29632015 
31.688417 [ 10.25   12.125 -11.437] [ 2.06  1.9   9.39] 317.980058 340.7302645 303.938287 299.45566165 258.268871 354.1454515 326.03925 334.34620625 
31.791247 [ 10.687  13.188 -12.312] [ 2.24  2.04  9.32] 313.393511 345.56450455 307.321807 306.36823115 254.234821 347.52059705 326.248168 333.598712 
31.894905 [ 10.625  14.188 -11.125] [ 2.38  1.86  9.32] 308.061986 350.8418327 310.27896 313.59818685 251.356068 340.08569985 325.609671 333.53250305 
31.997457 [ 10.     15.25   -8.937] [ 3.85  1.47  9.34] 302.151542 356.0583385 312.908856 320.6033003 249.844358 332.1467174 323.976678 334.6262485 
32.099453 [  9.5    15.938  -7.687] [ 2.69  1.26  9.34] 295.828238 360.71011495 315.310606 326.8413442 249.911438 324.0096072 321.223837 337.2904282 
32.202945 [ 10.25   15.188  -7.937] [ 3.85  1.3   9.37] 289.258133 364.29325045 317.583319 331.7700901 251.727248 315.9779129 317.416997 341.3354152 
32.306335 [ 10.875  13.688  -7.812] [ 2.32  1.29  9.43] 282.607286 366.30383685 319.374946 334.284595 255.124891 308.33572475 312.721366 346.25974625 
32.408358 [ 11.187  11.313  -7.5  ] [ 1.93  1.25  9.53] 276.043634 366.27113545 321.525449 335.80269735 259.774844 301.35774095 307.302998 351.55929585 
32.510358 [ 11.625   7.563  -6.625] [ 1.3   1.13  9.65] 269.760425 364.171876 323.436861 336.0218793 265.346531 295.3185999 301.327947 356.72993735 
32.612064 [ 12.187   3.5    -5.5  ] [ 1.88  0.94  9.74] 263.969069 360.30385675 324.962024 335.42109055 271.509377 290.49294 294.962269 361.2675464 
32.713633 [ 13.687  -0.062  -4.312] [-0.01  0.74  9.77] 258.881373 354.9718875 325.953778 334.47927965 277.932806 287.1553985 288.372017 364.66799635 
32.815248 [ 15.75   -5.187  -3.187] [-0.89  0.54  9.75] 254.709143 348.4807769 326.264964 333.67539745 284.286242 285.58061495 281.723246 366.4271617 
32.91701 [  9.562 -10.062  -1.812] [-0.45  0.34  9.64] 251.664188 341.13533705 325.748422 333.4883925 290.239112 286.04322545 275.185354 366.10018565 
33.018633 [ 9.562 -9.812  2.375] [-0.4  -0.4   9.65] 249.958313 333.24037775 324.256995 334.39721565 295.495702 288.7515916 268.955884 363.7412033 
33.120025 [ 8.937 -9.937  6.375] [-0.41 -1.08  9.59] 249.803327 325.1007088 321.655566 336.84302185 300.029288 293.40270565 263.246474 359.65430685 
33.221489 [ 9.062 -9.312  8.25 ] [-0.31 -1.39  9.57] 251.387327 317.020013 317.980058 340.7302645 303.938287 299.45566165 258.268871 354.1454515 
33.32285 [  9.062 -10.      9.   ] [-0.43 -1.51  9.53] 254.594325 309.28751535 313.393511 345.56450455 307.321807 306.36823115 254.234821 347.52059705 
33.424728 [ 9.187 -9.187  9.875] [-0.28 -1.66  9.53] 259.097713 302.18242895 308.061986 350.8418327 310.27896 313.59818685 251.356068 340.08569985 
33.526582 [ 8.937 -7.187  8.   ] [-1.28 -1.42  9.61] 264.566666 295.9837622 302.151542 356.0583385 312.908856 320.6033003 249.844358 332.1467174 
33.628872 [ 8.562 -5.312  1.625] [-0.91 -0.28  9.75] 270.670358 290.9705281 295.828238 360.71011495 315.310606 326.8413442 249.911438 324.0096072 
33.730368 [ 9.312 -4.25  -7.5  ] [-0.73  1.28  9.69] 277.077962 287.42173505 289.258133 364.29325045 317.583319 331.7700901 251.727248 315.9779129 
33.832465 [  9.625  -4.375 -13.687] [-0.75  2.31  9.49] 283.458652 285.61639605 282.607286 366.30383685 319.374946 334.284595 255.124891 308.33572475 
33.935914 [ 15.812  -1.875 -16.812] [-0.35  2.79  9.39] 289.481603 285.8335218 276.043634 366.27113545 321.525449 335.80269735 259.774844 301.35774095 
34.038698 [ 15.25   -0.812 -18.937] [-0.14  3.18  9.27] 294.836015 288.3131932 269.760425 364.171876 323.436861 336.0218793 265.346531 295.3185999 
34.140388 [ 15.312  -0.75  -20.125] [-0.13  3.38  9.2 ] 299.455533 292.8203123 263.969069 360.30385675 324.962024 335.42109055 271.509377 290.49294 
34.241934 [ 15.437  -1.062 -21.062] [-0.18  3.52  9.14] 303.437219 298.80212585 258.881373 354.9718875 325.953778 334.47927965 277.932806 287.1553985 
34.344324 [ 15.562  -1.125 -22.875] [-0.19  3.81  9.03] 306.881122 305.70006045 254.709143 348.4807769 326.264964 333.67539745 284.286242 285.58061495 
34.447778 [ 15.75   -1.375 -23.812] [-0.23  3.95  8.97] 309.887295 312.955545 251.664188 341.13533705 325.748422 333.4883925 290.239112 286.04322545 
34.55004 [ 15.5    -0.375 -24.437] [-0.06  4.05  8.92] 312.555789 320.01000725 249.958313 333.24037775 324.256995 334.39721565 295.495702 288.7515916 
34.651697 [ 15.5     0.    -24.937] [ 1.28  4.13  8.89] 314.986656 326.30487495 249.803327 325.1007088 321.655566 336.84302185 300.029288 293.40270565 
34.753743 [ 15.5    -0.25  -24.437] [-0.05  4.06  8.92] 317.279948 331.28157585 251.387327 317.020013 317.980058 340.7302645 303.938287 299.45566165 
34.857252 [ 15.375  -0.437 -23.375] [-0.08  3.91  8.99] 319.523512 334.43275755 254.594325 309.28751535 313.393511 345.56450455 307.321807 306.36823115 
34.960176 [ 14.625   0.188 -21.125] [ 1.31  3.53  9.14] 321.663328 335.84646865 259.097713 302.18242895 308.061986 350.8418327 310.27896 313.59818685 
35.061853 [ 13.687   1.313 -17.562] [ 1.51  2.96  9.34] 323.553847 335.99488765 264.566666 295.9837622 302.151542 356.0583385 312.908856 320.6033003 
35.163231 [ 13.437   2.438 -15.062] [ 1.69  2.55  9.45] 325.047996 335.35659855 270.670358 290.9705281 295.828238 360.71011495 315.310606 326.8413442 
35.26474 [ 13.187   3.688 -14.312] [ 1.91  2.42  9.48] 325.998701 334.4101842 277.077962 287.42173505 289.258133 364.29325045 317.583319 331.7700901 
35.366109 [ 12.875   5.375 -12.437] [ 2.2   2.1   9.53] 326.258887 333.6342263 283.458652 285.61639605 282.607286 366.30383685 319.374946 334.284595 
35.467791 [ 12.75    7.125 -11.   ] [ 2.5   1.86  9.55] 325.681483 333.5073077 289.481603 285.8335218 276.043634 366.27113545 321.525449 335.80269735 
35.56951 [ 12.687   8.188 -10.625] [ 1.4   1.79  9.53] 324.119412 334.5080124 294.836015 288.3131932 269.760425 364.171876 323.436861 336.0218793 
35.671118 [ 12.687   9.25  -10.875] [ 1.58  1.82  9.5 ] 321.442011 337.06343775 299.455533 292.8203123 263.969069 360.30385675 324.962024 335.42109055 
35.772806 [ 12.625  11.438 -10.812] [ 1.94  1.81  9.43] 317.700422 341.0302581 303.437219 298.80212585 258.881373 354.9718875 325.953778 334.47927965 
35.874331 [ 12.625  12.375 -11.062] [ 2.1   1.84  9.39] 313.058971 345.9100278 306.881122 305.70006045 254.709143 348.4807769 326.264964 333.67539745 
35.97615 [ 12.75   12.75  -11.437] [ 2.17  1.9   9.37] 307.683694 351.19893645 309.887295 312.955545 251.664188 341.13533705 325.748422 333.4883925 
36.078152 [ 12.625  12.938 -10.625] [ 2.2   1.77  9.39] 301.740629 356.3931725 312.555789 320.01000725 249.958313 333.24037775 324.256995 334.39721565 
36.180382 [ 12.562  13.    -10.062] [ 2.2   1.68  9.4 ] 295.395811 360.9889267 314.986656 326.30487495 249.803327 325.1007088 321.655566 336.84302185 
36.282734 [ 12.5    12.875  -9.562] [ 2.18  1.59  9.42] 288.815277 364.48238635 317.279948 331.28157585 251.387327 317.020013 317.980058 340.7302645 
36.384675 [ 12.375  12.25   -8.375] [ 2.08  1.4   9.47] 282.165064 366.36974335 319.523512 334.43275755 254.594325 309.28751535 313.393511 345.56450455 
36.493871 [ 12.312  10.938  -6.562] [ 1.86  1.1   9.56] 275.613751 366.1921017 321.663328 335.84646865 259.097713 302.18242895 308.061986 350.8418327 
36.595516 [ 12.25    8.75   -4.187] [   1.49    0.71 -318.02] 269.356789 363.9652463 323.553847 335.99488765 264.566666 295.9837622 302.151542 356.0583385 
36.698549 [ 12.937   5.25   -4.125] [ 2.18  0.71  9.73] 263.605773 359.99007235 325.047996 335.35659855 270.670358 290.9705281 295.828238 360.71011495 
36.801975 [ 14.312   0.563  -3.312] [ 1.47  0.59  9.78] 258.572515 354.5713632 325.998701 334.4101842 277.077962 287.42173505 289.258133 364.29325045 
