-0.075052 [ 7.813 -1.562 -9.125] [-0.27  1.56  9.67]
-0.177917 [ 1.    -7.187 -8.937] [-1.23  1.51  9.6 ]
-0.281029 [ 6.25  -9.375 -3.687] [-0.3   0.69  9.65]
-0.382959 [  5.938 -10.5    -0.187] [-0.5   0.03  9.64]
-0.485132 [  5.688 -10.812   1.625] [-0.56 -0.27  9.62]
-0.588435 [  5.5   -10.375   1.375] [-0.49 -0.23  9.64]
-0.692884 [ 5.5   -9.625  1.125] [-0.36 -0.19  9.66]
-0.79543 [ 5.438 -8.125  0.75 ] [-0.1  -0.12  9.7 ]
-0.897773 [ 5.375 -7.     0.125] [-1.19 -0.02  9.73]
-1.000236 [ 5.375 -6.312 -0.687] [-1.07  0.12  9.74]
-1.102915 [ 5.313 -5.687 -1.687] [-0.98  0.28  9.75]
-1.205224 [ 5.25  -5.437 -2.812] [-0.92  0.48  9.75]
-1.307674 [ 5.125 -5.062 -4.937] [-0.87  0.84  9.73]
-1.409972 [ 5.    -4.875 -8.   ] [-0.84  1.36  9.67]
-1.512291 [  3.25  -4.75 -11.25] [-0.81  1.91  9.58]
-1.614866 [  4.438  -4.625 -16.437] [-0.79  2.77  9.37]
-1.717148 [  4.625  -4.5   -19.312] [-0.77  3.24  9.22]
-1.820783 [  3.5    -4.687 -19.937] [-0.81  3.33  9.18]
-1.924696 [  4.438  -5.312 -19.625] [-0.91  3.28  9.19]
-2.027484 [  3.5    -5.25  -18.875] [-0.9   3.16  9.23]
-2.131191 [  4.875 -11.625 -18.   ] [-0.62  3.03  9.3 ]
-2.234814 [  5.375  -1.    -16.812] [-0.17  2.84  9.38]
-2.33737 [  5.875   1.75  -15.812] [ 1.57  2.67  9.42]
-2.440685 [  6.188   3.75  -14.687] [ 1.92  2.48  9.46]
-2.545117 [  6.375   4.875 -13.937] [ 2.11  2.36  9.48]
-2.647692 [  6.75    5.813 -12.75 ] [ 2.28  2.16  9.51]
-2.750128 [  6.875   7.125 -10.75 ] [ 2.5   1.82  9.55]
-2.852596 [  6.938   8.563 -10.   ] [ 1.46  1.68  9.54]
-2.955597 [  7.     10.    -10.062] [ 1.7   1.68  9.5 ]
-3.057904 [  6.813  12.438 -10.375] [ 2.11  1.72  9.41]
-3.16022 [  6.813  13.875 -10.25 ] [ 2.36  1.69  9.36]
-3.262595 [  7.     14.75   -9.187] [ 2.5   1.51  9.36]
-3.364944 [  7.188  15.563  -8.187] [ 3.9   1.36  9.35]
-3.467796 [  7.438  16.     -7.187] [ 3.98  1.18  9.35]
-3.569976 [  7.313  15.813  -7.312] [ 3.95  1.2   9.35]
-3.673995 [  7.188  14.563  -7.125] [ 2.5   1.18  9.4 ]
-3.777406 [  7.     13.     -6.812] [ 2.21  1.13  9.48]
-3.879837 [  6.438  10.063  -5.875] [ 1.72  0.99  9.6 ]
-3.983731 [ 2.437  5.25  -4.625] [ 2.17  0.78  9.73]
-4.087296 [ 4.813 -0.375 -3.562] [-0.07  0.61  9.78]
-4.189633 [ 4.188 -6.    -2.5  ] [-1.03  0.43  9.74]
-4.292904 [  3.313 -11.25   -1.75 ] [-0.63  0.3   9.61]
-4.397211 [  3.625 -10.312  -0.687] [-0.47  0.12  9.64]
-4.499939 [  3.563 -10.375   0.   ] [-0.48  0.    9.64]
-4.602104 [  3.5   -10.312   0.563] [-0.48 -0.09  9.64]
-4.704667 [ 3.438 -9.875  1.063] [-0.4  -0.18  9.65]
-4.807111 [ 3.438 -9.187  1.188] [-0.3  -0.2   9.67]
-4.909695 [ 3.375 -8.875  0.813] [-0.23 -0.14  9.68]
-5.012148 [ 3.25  -8.312  0.063] [-0.14 -0.02  9.7 ]
-5.114711 [ 3.188 -7.5   -0.812] [-1.28  0.14  9.72]
-5.217165 [ 3.125 -6.562 -1.812] [-1.14  0.29  9.73]
-5.320038 [ 3.063 -5.937 -2.875] [-1.01  0.49  9.74]
-5.422761 [ 5.125 -5.437 -5.   ] [-0.92  0.85  9.72]
-5.527215 [ 2.688 -5.125 -8.437] [-0.88  1.38  9.66]
-5.630248 [  2.5    -5.    -11.937] [-0.85  2.02  9.55]
-5.732647 [  2.188  -4.875 -16.75 ] [-0.83  2.82  9.35]
-5.836656 [  2.     -5.312 -18.75 ] [-0.91  3.13  9.24]
-5.940247 [  1.875  -5.875 -19.25 ] [-1.01  3.22  9.2 ]
-6.042845 [  1.938  -5.875 -18.812] [-1.    3.15  9.23]
-6.146806 [  2.188  -5.    -18.125] [-0.88  3.04  9.27]
-6.250582 [  2.563  -3.125 -17.375] [-0.54  2.93  9.34]
-6.353129 [  3.     -0.562 -16.25 ] [-0.1   2.75  9.41]
-6.455598 [  3.438   1.813 -15.375] [ 1.59  2.6   9.44]
-6.557897 [  3.75    4.125 -14.187] [ 1.98  2.39  9.48]
-6.66063 [  3.875   5.    -13.375] [ 2.13  2.26  9.5 ]
-6.763168 [  4.      5.938 -12.625] [ 2.3   2.13  9.51]
-6.865507 [  4.313   7.375 -10.875] [ 2.54  1.83  9.54]
-6.967983 [  3.562   8.688 -10.   ] [ 1.48  1.68  9.54]
-7.070819 [  4.5     9.938 -10.   ] [ 1.7   1.68  9.51]
-7.173247 [  4.5    12.188 -10.187] [ 2.07  1.69  9.43]
-7.276584 [  3.5    13.125 -10.062] [ 2.23  1.67  9.4 ]
-7.380598 [  4.563  13.813  -9.437] [ 2.33  1.57  9.39]
-7.4833 [  3.312  14.375  -9.   ] [ 2.44  1.48  9.38]
-7.5866 [  4.813  14.625  -8.312] [ 2.47  1.37  9.38]
-7.690621 [  5.     14.375  -7.437] [ 2.44  1.24  9.41]
-7.793794 [  2.75   14.063  -6.125] [ 2.39  1.01  9.45]
-7.897223 [  5.313  13.438  -5.437] [ 2.27  0.9   9.49]
-8.00154 [  5.25   10.25   -4.562] [ 1.75  0.77  9.61]
-8.104537 [ 4.875  5.563 -3.375] [ 2.23  0.58  9.74]
-8.206956 [ 4.25   0.563 -2.312] [ 1.38  0.39  9.79]
-8.309272 [ 3.625 -4.5   -1.187] [-0.78  0.2   9.77]
-8.411424 [  2.5   -11.687  -0.5  ] [-0.63  0.1   9.61]
-8.514152 [  1.938 -11.      0.438] [-0.59 -0.08  9.62]
-8.616604 [  1.875 -10.375   1.438] [-0.48 -0.24  9.64]
-8.718638 [  1.813 -10.5     1.688] [-0.51 -0.29  9.63]
-8.821019 [  1.563 -10.187   1.938] [-0.45 -0.33  9.64]
-8.923673 [ 1.563 -9.437  1.938] [-0.33 -0.32  9.66]
-9.026209 [ 1.5 -8.5  1.5] [-0.17 -0.26  9.69]
-9.129689 [ 1.438 -7.812  0.438] [-0.05 -0.07  9.71]
-9.233678 [ 1.375 -7.062 -0.625] [-1.21  0.11  9.73]
-9.336093 [ 1.25  -6.375 -1.875] [  3.26590000e+02   3.20000000e-01   9.73000000e+00]
-9.438969 [ 1.188 -5.812 -3.187] [-0.99  0.54  9.74]
-9.543276 [ 1.063 -5.312 -5.375] [-0.91  0.87  9.72]
-9.645975 [ 0.938 -5.062 -8.5  ] [-0.87  1.44  9.65]
-9.748894 [  0.688  -4.875 -12.375] [-0.83  2.1   9.54]
-9.853154 [  0.5    -4.5   -16.875] [-0.77  2.8   9.36]
-9.95661 [  0.5    -4.5   -17.687] [-0.77  2.97  9.31]
-10.059209 [  0.438  -4.562 -18.062] [-0.78  3.03  9.29]
-10.161376 [  0.375  -4.937 -18.062] [-0.84  3.03  9.28]
-10.263801 [  7.687  -5.5   -17.562] [-0.95  2.96  9.29]
-10.366236 [  0.563  -4.312 -17.   ] [-0.74  2.86  9.34]
-10.468529 [  0.938  -2.25  -16.312] [-0.39  2.75  9.4 ]
-10.570849 [  1.375   0.5   -15.375] [ 1.36  2.6   9.45]
-10.673138 [  6.187   3.    -14.687] [ 1.8   2.49  9.47]
-10.776018 [  2.25    5.063 -13.687] [ 2.15  2.31  9.48]
-10.878421 [  2.625   6.    -12.625] [ 2.3   2.13  9.51]
-10.982009 [  5.062   7.125 -10.875] [ 1.22  1.83  9.55]
-11.085752 [ 3.063  8.625 -9.875] [ 1.48  1.66  9.55]
-11.188198 [  3.125  10.188  -9.5  ] [ 1.73  1.59  9.51]
-11.291395 [  4.812  12.125  -9.25 ] [ 2.05  1.54  9.46]
-11.395657 [  3.25   13.     -9.062] [ 2.19  1.5   9.43]
-11.49838 [  4.937  13.875  -9.812] [ 2.35  1.62  9.37]
-11.601694 [  4.75   14.625  -9.   ] [ 2.48  1.48  9.36]
-11.705829 [  3.375  15.25   -8.062] [ 2.58  1.34  9.36]
-11.809123 [  3.75   15.125  -6.75 ] [ 3.84  1.11  9.39]
-11.911558 [  3.875  15.     -5.937] [ 2.53  0.98  9.42]
-12.014028 [  3.688  13.875  -5.75 ] [ 2.35  0.95  9.47]
-12.116609 [  3.313  10.313  -4.687] [ 1.83  0.81  9.59]
-12.218921 [ 2.875  5.625 -3.625] [ 2.24  0.62  9.73]
-12.321233 [ 2.438  1.    -2.562] [ 1.45  0.44  9.79]
-12.423788 [ 2.    -3.687 -1.437] [-0.64  0.24  9.78]
-12.526097 [  0.75  -10.812  -0.5  ] [-0.46  0.1   9.65]
-12.62898 [  0.875 -10.875   0.25 ] [-0.57 -0.04  9.62]
-12.731394 [  0.875 -10.437   1.125] [-0.5  -0.19  9.64]
-12.835396 [  0.813 -10.562   1.5  ] [-1.81 -0.25  9.63]
-12.93886 [  0.625 -10.187   1.813] [-0.45 -0.31  9.64]
-13.04199 [ 0.625 -9.5    1.625] [-1.62 -0.28  9.66]
-13.146265 [ 0.563 -9.25   1.25 ] [-1.57 -0.21  9.67]
-13.249692 [ 0.5   -8.625  0.688] [-0.19 -0.12  9.69]
-13.352051 [ 7.625 -7.5   -0.187] [-1.28  0.03  9.72]
-13.456014 [ 0.313 -6.562 -1.625] [-1.14  0.25  9.73]
-13.55975 [ 0.25  -5.812 -3.062] [-0.99  0.52  9.74]
-13.66208 [ 0.125 -5.5   -4.562] [-0.94  0.77  9.72]
-13.764393 [ 0.    -5.437 -7.062] [-0.93  1.2   9.68]
-13.867108 [  8.187  -5.25  -10.375] [-0.9   1.76  9.6 ]
-13.969679 [  8.5    -5.062 -15.562] [-0.87  2.62  9.4 ]
-14.072121 [  8.625  -5.437 -18.625] [-0.93  3.12  9.24]
-14.174432 [  8.812  -5.875 -19.312] [  -1.01 -324.46    9.2 ]
-14.276905 [  8.75  -6.   -19.  ] [-1.03  3.17  9.22]
-14.380004 [  8.562  -5.187 -18.312] [-0.89  3.07  9.26]
-14.482863 [  8.187  -3.437 -17.375] [-0.59  2.93  9.33]
-14.58635 [  0.25   -1.062 -16.375] [-0.19  2.76  9.4 ]
-14.690256 [  0.75    1.688 -15.375] [ 1.57  2.6   9.45]
-14.792845 [  7.      3.625 -14.25 ] [ 1.9   2.41  9.48]
-14.895961 [  1.125   4.375 -13.437] [ 0.75  2.27  9.5 ]
-15.000253 [  1.438   5.625 -12.625] [ 0.94  2.16  9.51]
-15.102977 [  1.625   6.938 -10.625] [ 2.47  1.8   9.56]
-15.206141 [ 1.75   8.313 -9.75 ] [ 1.42  1.64  9.56]
-15.310573 [ 1.813  9.688 -9.562] [ 1.62  1.61  9.53]
-15.414006 [  1.813  12.063  -9.812] [ 2.05  1.63  9.44]
-15.516612 [  1.625  13.438 -10.5  ] [ 2.28  1.74  9.37]
-15.619082 [  1.813  14.188  -9.812] [ 2.4   1.62  9.36]
-15.721353 [  1.938  14.875  -9.125] [-325.17    1.51    9.35]
-15.823922 [  2.063  15.063  -8.375] [ 2.55  1.38  9.36]
-15.926516 [  2.25   14.813  -7.312] [ 2.51  1.21  9.4 ]
-16.02868 [  2.5    14.375  -5.937] [ 2.44  0.99  9.44]
-16.131109 [  2.563  13.813  -5.   ] [ 2.35  0.83  9.48]
-16.233839 [  2.313  10.938  -4.187] [ 1.86  0.7   9.6 ]
-16.336392 [ 6.187  6.625 -3.125] [ 2.41  0.53  9.72]
-16.440418 [ 1.188  1.188 -2.   ] [ 1.57  0.36  9.79]
-16.543612 [ 0.688 -3.812 -0.875] [-0.66  0.15  9.78]
-16.646013 [  8.562 -10.75   -0.125] [-0.55  0.02  9.63]
-16.749339 [  8.937 -11.75    0.625] [-0.72 -0.1   9.59]
-16.853464 [  8.937 -10.75    1.563] [-0.55 -0.27  9.63]
-16.955981 [  8.937 -10.875   1.813] [-0.57 -0.31  9.62]
-17.059224 [  9.187 -10.437   1.875] [-1.78 -0.32  9.63]
-17.163501 [ 9.25  -9.687  1.375] [-1.65 -0.24  9.66]
-17.26599 [ 9.25  -8.687  1.063] [-0.2  -0.18  9.69]
-17.367918 [ 9.25  -7.687 -0.125] [-0.03  0.03  9.71]
-17.472246 [ 9.312 -7.    -1.312] [-1.2   0.21  9.72]
-17.574576 [ 9.437 -6.625 -2.437] [-1.13  0.41  9.73]
-17.676464 [ 9.5   -6.187 -3.75 ] [-1.06  0.63  9.72]
-17.778311 [ 9.625 -5.687 -5.687] [-0.97  0.97  9.7 ]
-17.880064 [ 9.75  -5.437 -8.187] [-0.93  1.39  9.66]
-17.981714 [  9.875  -5.25  -11.062] [-0.9   1.87  9.58]
-18.0845 [ 10.187  -5.312 -15.562] [-0.91  2.55  9.42]
-18.187223 [ 10.187  -5.312 -17.875] [-0.91  3.    9.28]
-18.290389 [ 10.312  -5.812 -18.25 ] [-0.99  3.06  9.26]
-18.394672 [ 10.437  -6.5   -18.187] [-1.1   3.05  9.25]
-18.497554 [ 10.312  -6.    -17.687] [-1.02  2.96  9.29]
-18.600286 [ 10.     -4.562 -17.312] [-0.78  2.91  9.33]
-18.704575 [  9.5    -1.875 -16.187] [-0.37  2.75  9.4 ]
-18.807709 [  9.125   0.688 -15.437] [ 1.4   2.61  9.45]
-18.910469 [  8.562   3.438 -14.687] [ 1.86  2.48  9.46]
-19.014486 [  8.187   4.875 -13.625] [ 0.82  2.31  9.49]
-19.118336 [  0.188   5.75  -12.625] [ 2.27  2.14  9.51]
-19.220624 [  0.375   7.    -10.875] [ 2.48  1.83  9.55]
-19.322935 [  0.5    8.25 -10.25] [ 1.41  1.72  9.54]
-19.425544 [ 0.563  9.625 -9.875] [ 1.61  1.66  9.52]
-19.528247 [  0.563  11.375  -9.75 ] [ 1.93  1.63  9.47]
-19.630555 [  0.563  12.063 -10.125] [ 2.05  1.68  9.44]
-19.73301 [  0.375  12.938 -11.25 ] [ 2.2   1.86  9.37]
-19.835427 [  7.562  13.625 -10.75 ] [ 2.31  1.78  9.36]
-19.938015 [  0.625  13.813  -9.687] [ 2.35  1.61  9.38]
-20.040305 [  0.813  13.5    -8.562] [ 2.29  1.42  9.42]
-20.143708 [  7.125  12.938  -7.437] [ 2.19  1.24  9.47]
-20.247906 [  1.125  12.     -5.312] [ 2.04  0.89  9.54]
-20.350644 [  1.188  10.     -3.312] [ 1.71  0.56  9.63]
-20.453798 [ 0.875  6.125 -2.75 ] [ 2.33  0.47  9.73]
-20.558102 [ 0.313  0.938 -1.625] [ 1.44  0.28  9.8 ]
-20.660687 [ 8.312 -4.    -0.562] [-0.68  0.1   9.78]
-20.763688 [  9.5   -10.812   0.   ] [-0.56 -0.01  9.63]
-20.8677 [ 10.    -12.312   1.   ] [-2.09 -0.15  9.57]
-20.970864 [  9.625 -11.25    2.063] [-0.63 -0.34  9.61]
-21.073444 [  9.625 -11.375   2.25 ] [-0.65 -0.38  9.6 ]
-21.17587 [  9.625 -10.875   2.25 ] [-0.57 -0.38  9.62]
-21.27834 [  9.625 -10.187   1.875] [-0.46 -0.33  9.64]
-21.380889 [ 9.687 -9.562  1.438] [-0.34 -0.24  9.66]
-21.483219 [ 9.687 -8.25   0.125] [-0.13 -0.02  9.7 ]
-21.58581 [ 9.812 -7.562 -0.937] [-0.01  0.16  9.71]
-21.688189 [ 9.875 -7.    -2.187] [-1.21  0.35  9.72]
-21.791116 [ 9.937 -6.25  -3.5  ] [-1.07  0.6   9.72]
-21.89368 [ 10.062  -5.937  -5.562] [-1.02  0.95  9.7 ]
-21.997692 [ 10.187  -5.75   -9.062] [-0.99  1.48  9.64]
-22.101437 [ 10.375  -5.437 -12.937] [-0.93  2.19  9.51]
-22.203726 [ 10.5    -5.437 -17.062] [-0.93   2.86   8.051]
-22.307327 [ 10.625  -5.625 -17.812] [-0.97  2.98  9.28]
-22.411175 [ 10.625  -5.5   -18.187] [-0.94  3.04  9.27]
-22.513619 [ 10.625  -5.625 -18.187] [-0.96  3.04  9.27]
-22.617073 [ 10.687  -5.937 -18.   ] [-1.01  3.01  9.27]
-22.721216 [ 10.5    -5.    -17.437] [-0.85  2.92  9.31]
-22.824387 [ 10.125  -3.187 -16.625] [-0.55  2.8   9.37]
-22.92681 [  9.687  -0.375 -15.75 ] [-0.07  2.66  9.43]
-23.029234 [  9.25    2.125 -15.187] [ 1.64  2.57  9.45]
-23.131964 [    8.812     4.25   2034.   ] [ 1.99  1.1   9.48]
-23.23431 [  8.625   5.25  -12.562] [ 2.17  2.12  9.53]
-23.336883 [  8.562   6.438 -10.75 ] [ 1.1   1.82  9.57]
-23.439324 [  8.5     7.813 -10.187] [ 1.34  1.72  9.56]
-23.542193 [ 8.437  9.375 -9.937] [ 1.6   1.67  9.52]
-23.644917 [  8.437  11.188  -9.75 ] [ 1.91  1.62  9.47]
-23.748288 [  8.437  11.813  -9.75 ] [ 2.    1.63  9.45]
-23.852619 [  8.625  12.563 -11.   ] [ 2.13  0.55  9.39]
-23.95524 [  8.5    13.25  -10.562] [ 2.25  1.75  9.38]
-24.058366 [  8.375  13.625  -9.75 ] [ 2.31  1.61  9.39]
-24.162544 [  8.25   13.188  -8.625] [ 2.25  1.44  9.43]
-24.265334 [  8.125  12.625  -7.5  ] [ 2.14  1.25  9.48]
-24.368291 [  0.     11.938  -5.812] [ 2.03  0.97  9.54]
-24.472438 [ 0.125  9.938 -3.562] [ 1.74  0.6   9.63]
-24.575455 [ 8.062  5.938 -3.   ] [ 2.29  0.51  9.74]
-24.67776 [ 8.375  1.375 -2.062] [ 1.51  0.36  9.79]
-24.78031 [ 8.875 -3.562 -0.937] [-0.61  0.16  9.78]
-24.882653 [ 10.    -10.937  -0.187] [-0.44  0.03  9.65]
-24.985377 [ 10.625 -12.562   0.563] [-0.85 -0.09  9.57]
-25.088091 [ 10.625 -11.562   1.688] [-0.69 -0.28  9.6 ]
-25.19057 [ 10.687 -11.687   1.938] [-0.71 -0.33  9.59]
-25.292664 [ 10.75  -11.25    2.125] [-0.65 -0.36  9.6 ]
-25.395118 [ 10.75  -10.562   1.813] [-0.52 -0.3   9.63]
-25.497154 [ 10.75   -9.562   1.25 ] [-0.35 -0.21  9.66]
-25.599678 [ 10.812  -8.187   0.375] [-0.12 -0.06  9.7 ]
-25.703124 [ 10.875  -7.312  -0.5  ] [-1.25  0.06  9.72]
-25.805765 [ 10.875  -6.937  -1.437] [-1.18  0.25  9.73]
-25.907719 [ 10.937  -6.187  -3.   ] [-1.05  0.51  9.73]
-26.010349 [ 11.062  -5.875  -5.437] [-1.    0.92  9.71]
-26.114064 [ 11.187  -5.687  -8.687] [-0.97  1.42  9.65]
-26.216678 [ 11.312  -5.5   -12.062] [-0.94  2.04  9.54]
-26.318386 [ 11.437  -5.437 -16.062] [-0.93  2.7   9.38]
-26.421109 [ 11.562  -5.687 -17.125] [-0.97  2.87  9.32]
-26.52709 [ 11.562  -5.5   -17.5  ] [-0.94  2.94  9.3 ]
-26.628878 [ 11.5    -5.375 -17.5  ] [-0.92  2.94  9.3 ]
-26.730567 [ 11.5    -5.437 -17.187] [-0.93  2.89  9.32]
-26.832374 [ 11.437  -5.062 -16.937] [-0.87  2.85  9.34]
-26.934246 [ 11.187  -3.812 -16.312] [-0.65  2.74  9.39]
-27.036319 [ 10.75   -1.    -15.125] [-0.23  2.58  9.45]
-27.138034 [ 10.25    2.125 -14.375] [ 1.64  2.43  9.49]
-27.239671 [  9.875   4.    -13.25 ] [ 1.97  2.25  9.51]
-27.341607 [  9.562   4.938 -11.937] [ 2.12  2.03  9.55]
-27.443395 [  9.437   6.188 -10.25 ] [ 2.33  1.73  9.59]
-27.545258 [ 9.375  7.5   -9.687] [ 1.28  1.64  9.58]
-27.647387 [ 9.312  8.938 -9.312] [ 1.49  1.58  9.56]
-27.749261 [  9.312  11.125  -9.375] [ 1.89  1.57  9.49]
-27.850929 [  9.437  12.188 -10.062] [ 2.07  1.68  9.43]
-27.953709 [  9.5    12.938 -10.312] [ 2.19  1.71  9.4 ]
-28.059832 [  9.375  13.625  -9.562] [ 2.31  1.58  9.39]
-28.16195 [  9.25   13.75   -8.812] [ 2.33  1.45  9.41]
-28.265456 [    9.125 -2034.625    -7.875] [ 2.27  1.31  9.44]
-28.368678 [  9.     12.75   -6.625] [ 2.17  1.11  9.49]
-28.470516 [  8.812  11.938  -4.875] [ 2.03  0.82  9.55]
-28.572672 [  8.687  10.25   -2.812] [ 1.75  0.47  9.63]
-28.675966 [ 8.875  6.063 -2.312] [ 2.31  0.4   9.74]
-28.779399 [ 9.312  0.625 -1.5  ] [ 1.39  0.25  9.8 ]
-28.881472 [ 9.75  -4.5   -0.437] [-0.77  0.08  9.77]
-28.983442 [ 10.687 -12.125   0.188] [-0.78 -0.04  9.58]
-29.085182 [ 11.062 -12.937   1.063] [-0.92 -0.17  9.55]
-29.186947 [ 11.312 -11.812   2.063] [-0.72 -0.35  9.59]
-29.289176 [ 11.312 -11.75    2.375] [-0.73 -0.39  9.58]
-29.391463 [ 11.437 -11.312   2.563] [-0.65 -0.43  9.6 ]
-29.495919 [ 11.312 -10.625   2.188] [-0.53 -0.37  9.62]
-29.597803 [ 11.375  -9.75    1.625] [-0.38 -0.28  9.65]
-29.700072 [ 11.562  -8.5     0.125] [-1.46 -0.04  9.69]
-29.802331 [ 11.625  -7.937  -0.75 ] [-0.07  0.13  9.71]
-29.904454 [ 11.625  -7.562  -1.812] [-0.01  0.31  9.71]
-30.007804 [ 11.75   -7.25   -3.062] [-1.24  0.52  9.71]
-30.111345 [ 11.812  -6.625  -5.187] [-1.14  0.88  9.69]
-30.213883 [ 11.937  -6.437  -7.687] [-1.1   1.3   9.65]
-30.317606 [ 12.062  -6.25  -10.625] [-1.06  1.8   9.58]
-30.42193 [ 12.375  -6.187 -15.5  ] [-1.06  2.6   9.39]
-30.524372 [ 12.437  -6.25  -17.75 ] [-1.07  2.98  9.28]
-30.627784 [ 12.625  -6.875 -18.375] [-1.18  3.07  9.23]
-30.731991 [ 12.687  -7.562 -18.25 ] [-0.01  3.05  9.22]
-30.834542 [ 12.562  -6.812 -17.812] [-1.17  2.98  9.26]
-30.937119 [ 12.187  -5.062 -17.312] [-0.87  2.9   9.32]
-31.039572 [ 11.75   -2.5   -16.187] [-0.42  2.73  9.4 ]
-31.142253 [ 11.312   0.125 -15.187] [ 1.3   2.57  9.46]
-31.245137 [ 10.875   2.438 -14.5  ] [ 1.7   2.46  9.48]
-31.34805 [ 10.5     3.813 -13.5  ] [ 1.94  2.28  9.51]
-31.450883 [ 10.125   4.625 -12.437] [ 2.08  2.1   9.54]
-31.553487 [  9.875   6.    -10.625] [ 2.3   1.8   9.58]
-31.656228 [  9.812   7.438 -10.312] [ 2.55  1.74  9.56]
-31.760073 [  9.75    8.688 -10.5  ] [ 1.48  1.77  9.53]
-31.864093 [  9.75   10.875 -10.562] [ 1.85  1.77  9.46]
-31.966558 [  9.75   11.625 -11.062] [ 1.97  1.84  9.42]
-32.07025 [  9.875  12.313 -11.625] [ 2.09  1.93  9.38]
-32.174393 [  9.687  12.813 -10.5  ] [ 2.17  1.75  9.39]
-32.276861 [  9.562  12.875  -9.625] [ 2.19  1.6   9.42]
-32.380414 [  9.5    12.438  -8.5  ] [ 2.11  1.41  9.46]
-32.484607 [  9.375  11.688  -7.25 ] [ 1.99  1.21  9.52]
-32.587191 [  9.187  10.688  -5.25 ] [ 1.82  0.88  9.59]
-32.689494 [ 9.187  8.625 -3.437] [ 1.47  0.58  9.67]
-32.792209 [ 9.5    4.625 -2.812] [ 2.07  0.48  9.76]
-32.894671 [ 9.937 -0.5   -1.687] [ 1.28  0.31  9.8 ]
-32.997367 [ 10.375  -5.687  -0.562] [-0.98  0.09  9.75]
-33.099952 [ 11.5   -13.062  -0.062] [-0.94  0.01  9.55]
-33.202254 [-1.812 -0.062 -0.062] [-0.86 -0.15  9.56]
-33.304981 [ 11.5   -11.937   1.938] [-0.74 -0.32  9.58]
-33.407551 [ 11.562 -12.      2.063] [-0.76 -0.35  9.58]
-33.510004 [ 11.812 -11.5     2.188] [-0.68 -0.36  9.6 ]
-33.61432 [ 11.75 -10.75   2.  ] [-0.56 -0.34  9.62]
-33.717327 [ 11.75   -9.812   1.5  ] [-0.4  -0.25  9.65]
-33.820048 [ 11.812  -8.875   0.25 ] [-1.52 -0.05  9.68]
-33.924365 [ 11.937  -8.375  -0.875] [-0.15  0.13  9.69]
-34.027646 [ 12.     -7.937  -2.062] [-0.07  0.35  9.7 ]
-34.130232 [ 12.062  -7.312  -3.437] [-1.24  0.58  9.7 ]
-34.234383 [ 12.187  -6.687  -6.   ] [-1.15  0.97  9.68]
-34.33783 [ 12.312  -6.5    -9.187] [-1.11  1.56  9.61]
-34.440255 [ 12.5   -14.187 -13.187] [-1.06  2.22  9.49]
-34.542848 [ 12.625  -6.125 -17.125] [-1.04  2.87  9.31]
-34.645435 [ 12.812  -6.312 -17.687] [-1.07  2.96  9.28]
-34.747721 [ 12.812  -6.375 -18.125] [-1.09  3.03  9.26]
-34.850323 [ 12.937  -6.812 -18.375] [-1.16  3.06  9.24]
-34.952858 [ 12.937  -7.125 -18.125] [-1.22  3.03  9.24]
-35.055466 [ 12.75   -6.062 -17.562] [-1.04  2.95  9.29]
-35.158089 [ 12.375  -4.    -16.75 ] [-0.69  2.81  9.36]
-35.260368 [ 11.875  -1.187 -15.687] [-0.2   2.65  9.43]
-35.363968 [ 11.437   1.438 -15.062] [ 0.24  2.54  9.46]
-35.467989 [ 10.875   3.938 -13.875] [ 1.95  2.34  9.49]
-35.570702 [ 10.625   4.688 -12.937] [ 2.08  2.19  9.52]
-35.674274 [ 10.25    5.688 -11.312] [ 2.25  1.91  9.56]
-35.778347 [ 10.187   7.063 -10.375] [ 2.49  1.75  9.57]
-35.880887 [ 10.125   8.063 -10.062] [ 1.38  1.69  9.55]
-35.98404 [ 10.062  10.063  -9.875] [ 1.71  1.66  9.51]
-36.088344 [ 10.062  11.     -9.875] [ 1.85  1.65  9.48]
-36.191484 [ 10.125  11.563 -10.625] [ 1.97  1.77  9.43]
-36.294229 [ 10.187  11.813 -10.937] [ 2.    1.82  9.42]
-36.39709 [ 10.062  12.063 -10.   ] [ 2.04  1.67  9.44]
-36.499685 [  9.937  12.063  -9.   ] [ 2.05  1.5   9.46]
-36.602128 [  9.812  11.375  -7.875] [ 1.94  1.32  9.52]
-36.704548 [  9.687  10.563  -6.125] [ 1.79  1.03  9.58]
-36.806986 [ 9.562  8.563 -3.5  ] [ 1.46  0.59  9.67]
-36.910029 [ 9.875  4.563 -2.937] [ 2.06  0.5   9.76]
-37.012591 [ 10.25    0.125  -2.   ] [ 1.3   0.34  9.8 ]
