-0.075057 [ 28.375  -1.812  -4.375] [-0.31  0.75  9.77]
-0.177088 [ 28.688  -4.5    -2.75 ] [-0.77  0.47  9.76]
-0.278477 [ 29.     -7.75    1.875] [-0.04 -0.32  9.71]
-0.380022 [ 29.25  -11.187   2.813] [-0.63 -0.47  9.6 ]
-0.481518 [ 29.313 -10.062   3.125] [-0.44 -0.53  9.63]
-0.582861 [ 29.25   -9.875   3.5  ] [-0.4  -0.59  9.64]
-0.684247 [ 28.5    -9.      2.813] [-0.27 -0.49  9.66]
-0.788381 [ 26.688  -7.812   0.438] [-0.05 -0.07  9.71]
-0.889802 [ 24.063  -6.687  -1.937] [-1.14  0.33  9.73]
-0.992924 [ 14.063  -6.187  -2.812] [-1.05  0.48  9.73]
-1.095888 [ 13.688  -4.937  -2.125] [-0.86  0.38  9.76]
-1.197736 [ 13.75   -4.312  -1.062] [-0.74  0.19  9.77]
-1.2993 [ 13.75   -4.     -0.625] [-0.69  0.1   9.78]
-1.401589 [ 13.688  -3.437  -1.875] [-0.59  0.32  9.78]
-1.50447 [ 13.625  -3.     -4.187] [-0.51  0.72  9.76]
-1.607313 [ 13.438  -2.812  -7.125] [-0.48  1.22  9.71]
-1.709012 [ 13.25   -2.375 -11.062] [-0.41  1.88  9.61]
-1.810449 [ 12.688  -2.5   -15.937] [-0.43  2.69  9.41]
-1.912549 [ 12.563  -2.437 -18.437] [-0.42  3.1   9.29]
-2.015586 [ 12.875  -0.562 -19.562] [-0.13  3.27  9.24]
-2.118242 [ 12.75   -0.5   -19.125] [-0.08  3.21  9.26]
-2.219796 [ 12.813   0.    -17.562] [ 1.28  2.96  9.34]
-2.321289 [ 13.063   1.125 -14.25 ] [ 1.47  2.41  9.5 ]
-2.422721 [ 13.375   2.125 -11.25 ] [ 1.64  1.91  9.61]
-2.523862 [ 13.375   3.    -10.125] [ 1.8   1.72  9.63]
-2.625309 [ 13.25    4.188  -9.125] [ 2.    1.55  9.65]
-2.726763 [ 12.938   5.5    -8.625] [   2.22    1.47 -318.04]
-2.82852 [ 12.688   6.688  -6.875] [ 2.41  1.19  9.66]
-2.930227 [ 12.688   7.875  -6.187] [ 1.34  1.05  9.65]
-3.031796 [ 12.5    10.25   -6.437] [ 1.74  1.08  9.58]
-3.13303 [ 12.375  11.5    -7.125] [ 1.96  1.19  9.53]
-3.234453 [ 12.25   12.438  -6.937] [ 2.11  1.16  9.5 ]
-3.336723 [ 12.375  13.375  -6.   ] [ 2.26  1.    9.48]
-3.44618 [ 12.5    14.25   -4.875] [ 2.41  0.81  9.46]
-3.549735 [ 12.188  13.688  -5.062] [ 2.33  0.83  9.48]
-3.65175 [   12.188    12.313  2043.25 ] [ 2.09  0.79  9.54]
-3.753479 [ 12.438  10.     -4.187] [   1.7     0.7  -318.05]
-3.855974 [ 13.25    5.938  -3.5  ] [ 2.29  0.59  9.73]
-3.959352 [ 13.875   0.875  -2.5  ] [ 0.24  0.45  9.79]
-4.061821 [ 13.875  -3.812  -1.312] [-0.65  0.23  9.78]
-4.163341 [ 13.938 -10.062  -0.5  ] [-0.44  0.08  9.65]
-4.265191 [ 13.375  -9.75    0.438] [-0.38 -0.07  9.66]
-4.36846 [ 13.063  -9.5     2.   ] [-0.34 -0.34  9.66]
-4.471652 [ 13.    -10.187   2.875] [-0.45 -0.49  9.63]
-4.573674 [ 13.    -10.312   3.188] [-0.47 -0.53  9.63]
-4.675042 [ 13.    -10.062   3.25 ] [-0.43 -0.55  9.63]
-4.776496 [ 13.     -9.312   3.   ] [-0.31 -0.5   9.66]
-4.878244 [ 12.938  -8.937   2.438] [-0.24 -0.41  9.67]
-4.97981 [ 12.875  -8.312   1.375] [-0.13 -0.24  9.7 ]
-5.081356 [ 12.75   -7.25    0.125] [-1.25 -0.04  9.72]
-5.18308 [ 12.625  -7.062  -0.375] [-1.21  0.07  9.73]
-5.2854 [ 12.    -6.75  -0.25] [-1.16  0.04  9.73]
-5.387066 [ 11.75   -6.125   0.5  ] [-1.04 -0.08  9.74]
-5.488799 [ 12.063  -4.187   1.375] [-0.72 -0.24  9.77]
-5.590487 [ 11.     -3.562   0.625] [-0.61 -0.11  9.78]
-5.69187 [ 9.688 -3.125 -0.437] [-0.53  0.07  9.79]
-5.793604 [ 8.625 -3.187 -2.375] [-0.54  0.37  9.78]
-5.895356 [ 15.313  -3.312  -4.312] [-0.57  0.73  9.76]
-5.99672 [ 14.     -3.312  -5.875] [-0.57  1.    9.73]
-6.098902 [ 13.188  -3.062  -8.   ] [-0.53  1.36  9.69]
-6.202161 [  4.688  -0.875 -12.437] [-0.15  2.12  9.57]
-6.304801 [ 13.      1.063 -16.   ] [ 1.46  2.7   9.42]
-6.406537 [ 14.      1.438 -14.   ] [ 1.52  2.37  9.51]
-6.508223 [  7.125   2.25  -11.187] [ 1.67  1.9   9.61]
-6.610707 [ 15.313   3.    -10.437] [ 1.8   1.77  9.63]
-6.713974 [ 15.438   4.063  -9.75 ] [ 1.96  1.66  9.63]
-6.816348 [ 15.563   5.5    -7.875] [ 2.22  1.34  9.66]
-6.9181 [ 15.625   6.563  -6.5  ] [ 2.4   1.1   9.67]
-7.02038 [ 7.5    8.063 -5.625] [ 1.37  0.95  9.66]
-7.12361 [  7.5    10.188  -5.562] [ 1.73  0.93  9.6 ]
-7.22648 [ 15.5    10.813  -5.625] [ 1.84  0.95  9.58]
-7.328647 [ 15.5    10.688  -5.937] [ 1.82  1.    9.58]
-7.430179 [ 15.375  10.375  -6.25 ] [ 1.77  1.05  9.58]
-7.531599 [ 15.438  10.75   -5.875] [ 1.83  0.99  9.58]
-7.63313 [  8.125  12.188  -4.562] [ 2.07  0.76  9.55]
-7.734584 [  8.25   12.     -4.562] [ 2.04  0.76  9.55]
-7.836009 [ 8.688  9.75  -4.   ] [ 1.66  0.67  9.64]
-7.937612 [ 9.25   5.688 -3.562] [ 2.32  0.61  9.73]
-8.039364 [ 9.438  1.875 -2.625] [ 1.6   0.45  9.79]
-8.140887 [ 9.25  -1.625 -1.375] [-0.28  0.23  9.79]
-8.242447 [ 8.75  -4.875 -0.375] [-0.83  0.06  9.77]
-8.34416 [ 15.875  -9.312   0.25 ] [-0.3  -0.05  9.67]
-8.445768 [ 7.813 -9.875  0.875] [-0.4  -0.15  9.65]
-8.547853 [ 15.813 -10.187   1.313] [-0.45 -0.21  9.64]
-8.649788 [ 15.813 -10.375   2.   ] [-0.49 -0.34  9.63]
-8.75129 [ 15.813 -10.25    2.563] [-0.46 -0.44  9.63]
-8.852824 [ 7.813 -9.687  2.625] [-0.37 -0.44  9.65]
-8.955073 [ 15.75  -9.25   1.5 ] [-0.3  -0.26  9.67]
-9.058495 [ 15.5    -8.062   0.188] [-0.13 -0.03  9.7 ]
-9.160456 [ 15.875  -5.562   0.875] [-0.95 -0.15  9.75]
-9.261886 [ 8.688 -5.812  1.313] [-1.   -0.22  9.75]
-9.3639 [ 9.75  -5.937  1.188] [-1.02 -0.2   9.75]
-9.466932 [ 9.938 -5.312  0.188] [-0.91 -0.03  9.76]
-9.569988 [ 9.938 -4.625 -1.   ] [-0.8   0.14  9.77]
-9.671436 [ 9.938 -4.187 -2.875] [-0.71  0.49  9.76]
-9.772758 [ 10.063  -3.562  -5.875] [-0.61  1.    9.73]
-9.877198 [ 10.125  -3.375  -9.687] [-0.58  1.64  9.64]
-9.98047 [ 10.25   -2.937 -15.   ] [-0.51  2.43  9.48]
-10.082586 [ 11.188  -2.437 -22.187] [-0.42  3.7   9.07]
-10.184122 [ 11.688  -2.5   -21.875] [-0.42  3.65  9.09]
-10.285573 [ 12.063  -2.    -20.812] [-0.34  3.48  9.16]
-10.387198 [ 12.625  -0.937 -18.125] [-0.17  3.05  9.31]
-10.488748 [ 14.313  -0.437 -13.875] [-0.08  2.35  9.51]
-10.590209 [ 15.813   0.438 -12.375] [ 1.35  2.1   9.57]
-10.691648 [ 15.5     1.563 -11.   ] [ 1.53  1.88  9.62]
-10.793159 [ 12.75    2.75  -10.062] [ 1.75  1.72  9.64]
-10.894521 [ 9.5    4.438 -9.5  ] [ 2.04  1.62  9.64]
-10.995806 [ 15.75    5.688  -8.812] [ 2.25  1.5   9.64]
-11.097225 [ 14.875   6.625  -7.625] [   2.42    1.29 -318.03]
-11.198612 [ 14.875   8.063  -7.125] [ 1.37  1.21  9.63]
-11.301359 [ 15.      1.25   -6.562] [ 1.58  1.11  9.61]
-11.403118 [ 15.125  10.438  -6.   ] [ 1.76  1.02  9.59]
-11.504698 [ 15.188  11.563  -5.437] [ 1.97  0.91  9.56]
-11.606208 [  7.125  11.813  -5.312] [ 2.01  0.89  9.55]
-11.708788 [ 15.125  11.563  -5.562] [ 1.96  0.94  9.56]
-11.811398 [  7.063  10.5    -5.625] [ 1.78  0.95  9.59]
-11.913948 [ 15.125   8.688  -5.687] [ 1.51  0.96  9.64]
-12.015612 [ 15.188   5.375  -5.125] [ 2.2   0.87  9.72]
-12.117064 [ 7.063  1.063 -4.187] [ 1.47  0.72  9.77]
-12.219299 [ 14.875  -3.625  -2.937] [-0.62  0.5   9.77]
-12.323071 [ 14.5   -10.187  -2.   ] [-0.39  0.36  9.65]
-12.425778 [ 14.125  -9.75   -0.5  ] [-0.38  0.09  9.66]
-12.527314 [ 13.875 -10.125   0.813] [-0.45 -0.13  9.65]
-12.62961 [ 5.688 -9.812  1.063] [-0.39 -0.18  9.66]
-12.732836 [ 13.938 -10.25    1.313] [-0.46 -0.22  9.64]
-12.83576 [ 13.75  -10.062   1.813] [-0.44 -0.31  9.64]
-12.937945 [ 13.75   -9.437   1.875] [-0.32 -0.32  9.66]
-13.039686 [ 13.688  -8.562   1.063] [-0.18 -0.18  9.69]
-13.141821 [ 13.563  -8.375  -0.437] [-0.14  0.07  9.7 ]
-13.24337 [ 13.5    -7.875  -1.   ] [-0.06  0.17  9.71]
-13.345027 [ 13.5    -7.187  -1.437] [-1.25  0.23  9.72]
-13.446744 [ 13.438  -6.625  -2.187] [-1.14  0.37  9.73]
-13.548563 [ 13.313  -6.25   -3.75 ] [-1.07  1.91  9.72]
-13.650176 [ 13.25   -6.125  -5.437] [-1.04  0.93  9.7 ]
-13.751724 [ 13.125  -6.     -7.5  ] [-1.03  1.27  9.66]
-13.852986 [ 12.875  -6.    -10.875] [-1.03  1.84  9.57]
-13.954866 [  4.438  -5.937 -16.125] [-1.02  2.71  9.36]
-14.056966 [ 12.25   -6.125 -18.437] [-1.04  3.06  9.25]
-14.158995 [ 12.438  -4.875 -19.437] [-0.83  3.25  9.21]
-14.260533 [  5.063  -2.625 -19.75 ] [-0.45  3.31  9.21]
-14.363197 [ 13.75   -0.687 -19.562] [-0.12  3.29  9.23]
-14.466589 [ 14.063  -0.25  -17.75 ] [-0.06  3.03  9.32]
-14.569373 [ 14.438   0.375 -14.75 ] [ 1.35  2.5   9.48]
-14.671036 [ 14.625   1.438 -12.25 ] [ 1.52  2.08  9.57]
-14.773411 [  6.75    2.313 -11.5  ] [ 0.4   1.96  9.59]
-14.876752 [ 14.875   3.5   -10.875] [ 1.87  1.86  9.61]
-14.980093 [ 15.125   4.75   -9.125] [ 2.09  1.55  9.64]
-15.082023 [ 7.125  5.938 -7.812] [ 2.3   1.32  9.66]
-15.185047 [ 7.125  7.063 -6.937] [ 1.2   1.18  9.65]
-15.288421 [ 15.063   9.813  -6.562] [ 1.64  1.1   9.6 ]
-15.390754 [ 15.     11.125  -6.875] [ 1.89  1.15  9.55]
-15.492181 [ 14.813  12.125  -7.125] [ 2.06  1.19  9.51]
-15.593561 [ 14.875  13.188  -6.187] [ 2.23  1.03  9.49]
-15.69484 [ 14.875  13.438  -6.312] [ 2.28  1.04  9.47]
-15.796031 [ 14.938  12.688  -6.437] [ 2.15  1.07  9.5 ]
-15.900196 [ 15.438  11.25   -6.312] [ 1.94  1.07  9.55]
-16.002148 [ 8.5    8.813 -5.812] [ 1.51  0.98  9.63]
-16.103581 [ 10.063   4.625  -5.   ] [ 2.07  0.86  9.73]
-16.205047 [ 10.938   0.375  -4.125] [ 1.34  0.7   9.78]
-16.306766 [ 11.25   -3.25   -3.125] [-0.56  0.54  9.77]
-16.408896 [ 11.188  -5.     -1.437] [-0.86  0.24  9.76]
-16.510784 [ 11.313  -8.25   -0.187] [-1.35  0.04  9.71]
-16.61267 [ 11.125 -10.437   0.25 ] [-0.49 -0.04  9.64]
-16.714238 [ 10.938 -10.437   0.75 ] [-0.5  -0.12  9.64]
-16.816344 [ 10.875 -10.812   1.313] [-0.56 -0.22  9.62]
-16.919119 [ 10.688 -10.625   1.688] [-0.53 -0.28  9.63]
-17.021963 [ 10.188 -10.      1.563] [-1.71 -0.27  9.65]
-17.123877 [ 9.625 -9.125  1.   ] [-0.27 -0.17  9.68]
-17.22533 [ 9.063 -8.562  0.375] [-0.18 -0.06  9.69]
-17.32805 [ 8.938 -7.625 -0.875] [-1.3   0.15  9.71]
-17.431584 [ 8.875 -7.    -1.937] [-1.2   0.32  9.72]
-17.533911 [    8.938  2040.688    -2.187] [-1.25  0.37  9.71]
-17.635387 [ 9.063 -7.312 -2.125] [-1.25  0.37  9.71]
-17.737342 [ 8.625 -4.937 -1.   ] [-0.84  0.18  9.76]
-17.840756 [ 7.438 -3.375 -0.437] [-0.58  0.07  9.78]
-17.943948 [ 15.375  -3.437  -2.312] [-0.59  0.4   9.78]
-18.045918 [ 8.188 -3.562 -4.062] [-0.61  0.69  9.76]
-18.147632 [ 8.813 -3.875 -6.375] [-0.67  1.08  9.72]
-18.249031 [ 9.125 -3.937 -8.625] [-0.68  1.47  9.67]
-18.350794 [  8.938  -3.937 -12.687] [-0.67  2.15  9.54]
-18.45253 [  8.875  -2.562 -18.812] [-0.44  3.16  9.27]
-18.554272 [ 10.75   0.25 -18.25] [ 1.32  3.08  9.3 ]
-18.656011 [ 11.375   0.75  -16.187] [ 1.41  2.73  9.41]
-18.757717 [ 11.625   1.688 -12.75 ] [ 1.57  2.17  9.55]
-18.85949 [ 11.75    2.375 -11.562] [ 1.68  1.96  9.59]
-18.961757 [ 11.813   3.25  -11.   ] [ 1.83  1.87  9.6 ]
-19.063494 [ 12.125   4.375  -9.625] [ 2.03  1.63  9.63]
-19.165392 [ 12.063   5.5    -8.187] [ 0.94  1.4   9.65]
-19.267658 [ 12.125   6.563  -7.562] [ 2.4   1.28  9.65]
-19.369432 [ 12.375   8.063  -6.875] [ 1.37  1.16  9.63]
-19.471922 [ 12.5     9.625  -6.437] [ 1.64  1.09  9.6 ]
-19.575091 [ 12.     11.5    -6.937] [ 1.92  1.15  9.54]
-19.677331 [ 11.875  12.25   -6.812] [ 2.08  1.13  9.51]
-19.778956 [ 11.813  11.875  -7.   ] [ 2.02  1.17  9.52]
-19.880744 [ 11.813  11.5    -7.25 ] [ 1.96  1.21  9.53]
-19.983713 [ 12.063  10.25   -7.312] [ 1.75  1.22  9.57]
-20.087364 [ 12.5   7.5  -6.5] [ 1.28  1.1   9.65]
-20.189349 [ 12.875   3.563  -5.875] [ 1.89  1.    9.73]
-20.291129 [ 12.813  -0.312  -4.937] [-0.05  0.85  9.76]
-20.393943 [ 12.188  -4.187  -3.   ] [-0.71  0.51  9.76]
-20.49766 [ 11.438  -8.75   -2.   ] [-1.4   0.35  9.69]
-20.600001 [ 11.25   -9.812  -1.187] [-0.39  0.2   9.66]
-20.70166 [ 11.188  -9.875   0.25 ] [-0.4  -0.04  9.66]
-20.803155 [ 11.063 -10.562   1.375] [-0.52 -0.23  9.63]
-20.904587 [ 11.063 -10.812   1.5  ] [-0.56 -0.26  9.62]
-21.005969 [ 11.063 -10.625   1.438] [-0.52 -0.24  9.63]
-21.107537 [ 11.063 -10.312   1.438] [-0.48 -0.24  9.64]
-21.209051 [ 11.     -9.437   0.688] [-0.34 -0.14  9.67]
-21.310727 [ 11.     -8.312  -0.25 ] [-0.13  0.04  9.7 ]
-21.41256 [ 10.875  -7.25   -0.5  ] [-1.24  0.08  9.72]
-21.51422 [ 11.125  -6.75   -0.5  ] [-1.16  0.09  9.73]
-21.615784 [ 11.375  -6.062  -0.812] [-1.04  0.14  9.75]
-21.717406 [ 11.5   -5.25  -1.5 ] [-0.89  0.26  9.76]
-21.8195 [ 11.438  -4.562  -2.812] [-0.79  0.46  9.76]
-21.921615 [ 11.375  -4.375  -4.312] [-0.75  0.74  9.74]
-22.023137 [ 11.313  -4.125  -7.   ] [-0.71  1.19  9.7 ]
-22.125397 [ 11.125  -4.437 -10.437] [-0.76  1.77  9.61]
-22.22867 [ 10.813  -4.562 -16.187] [-0.79  2.61  9.41]
-22.331341 [ 10.75   -2.25  -21.687] [-0.39  3.62  9.1 ]
-22.433328 [ 10.625  -1.875 -22.25 ] [-0.32  3.71  9.06]
-22.535261 [ 10.625  -1.625 -21.125] [-0.27  3.53  9.14]
-22.638411 [ 10.75   -0.812 -18.875] [-0.13  3.17  9.27]
-22.741292 [ 10.875   0.    -15.375] [-0.01  2.64  9.44]
-22.842986 [ 10.938   0.938 -12.937] [ 1.44  2.2   9.55]
-22.944423 [ 11.063   2.063 -11.875] [ 1.64  2.02  9.58]
-23.046549 [ 11.313   3.188 -11.125] [ 1.82  1.89  9.6 ]
-23.149088 [ 11.5    4.25 -10.5 ] [ 0.72  1.79  9.61]
-23.252062 [ 11.625   5.625  -8.375] [ 2.22  1.46  9.65]
-23.356372 [ 11.813   8.125  -7.25 ] [ 1.38  1.23  9.62]
-23.457937 [ 11.875   9.938  -7.25 ] [ 1.69  1.22  9.58]
-23.559394 [ 11.813  10.5    -7.375] [ 1.78  1.23  9.56]
-23.660815 [ 11.813  10.375  -7.625] [ 1.77  1.28  9.55]
-23.762474 [ 11.75   10.375  -7.5  ] [ 1.77  1.27  9.55]
-23.863925 [ 11.875  10.688  -6.687] [ 1.82  1.13  9.56]
-23.96514 [ 11.938  10.688  -5.937] [ 1.82  1.    9.58]
-24.066528 [ 11.938  10.313  -5.687] [ 1.75  0.95  9.59]
-24.168014 [ 11.813   9.125  -5.687] [ 1.56  0.96  9.63]
-24.269609 [ 11.313   6.5    -5.25 ] [ 2.39  0.89  9.7 ]
-24.371082 [ 10.438   2.875  -4.5  ] [ 1.77  0.77  9.76]
-24.47251 [ 9.75  0.   -3.25] [ 1.28  0.56  9.79]
-24.574786 [ 9.375 -3.375 -2.   ] [-0.58  0.34  9.78]
-24.676148 [ 8.938 -6.125 -1.25 ] [-1.05  0.21  9.74]
-24.777506 [ 8.375 -8.125 -0.625] [-0.11  0.11  9.7 ]
-24.882479 [ 7.813 -9.75   0.   ] [-0.38  0.    9.66]
-24.985419 [ 15.75  -10.25    0.563] [-0.46 -0.1   9.64]
-25.087345 [ 15.75   -9.937   1.313] [-0.41 -0.23  9.65]
-25.189369 [ 15.563  -9.125   0.875] [-0.27 -0.15  9.68]
-25.29216 [ 14.938  -8.062  -0.25 ] [-0.09  0.04  9.7 ]
-25.395138 [ 9.063 -8.25  -0.125] [-0.11  0.02  9.7 ]
-25.497098 [ 14.125  -9.5     0.25 ] [-0.34 -0.04  9.67]
-25.598482 [ 15.438  -9.187   0.688] [-0.29 -0.12  9.67]
-25.700471 [ 14.75   -9.187   1.125] [-1.57 -0.19  9.67]
-25.803401 [ 13.875 -10.062   2.   ] [-1.71 -0.33  9.64]
-25.906378 [ 13.313 -10.875   5.563] [-1.84 -0.85  9.59]
-26.008549 [ 12.875 -11.375  11.813] [-0.66 -1.97  9.4 ]
-26.110113 [ 11.938 -11.5    17.125] [-0.67 -2.83  9.18]
-26.211786 [ 10.875 -12.375  15.125] [-0.82 -2.5   9.24]
-26.315634 [ 10.625 -12.875  15.75 ] [-0.9  -2.59  9.2 ]
-26.417588 [ 10.563 -13.     16.   ] [-0.92 -2.64  9.18]
-26.519393 [ 10.563 -13.     16.   ] [-0.92 -2.63  9.18]
-26.620893 [ 10.563 -13.     15.938] [-0.92 -2.62  9.18]
-26.723331 [ 28.063 -13.062  16.125] [-0.94 -2.65  9.17]
-26.824797 [ 29.125 -11.75   14.688] [-0.71 -2.44  9.28]
-26.926237 [ 31.063 -10.     12.375] [-0.42 -2.07  9.43]
-27.027995 [ 24.375  -9.937   6.188] [-0.42 -1.15  9.58]
-27.129868 [ 25.188  -7.25    1.5  ] [-1.24 -0.25  9.72]
-27.231323 [ 24.625  -3.25   -2.562] [-0.56  0.43  9.78]
-27.333336 [ 24.875  -1.312  -5.   ] [-0.23  0.85  9.76]
-27.436522 [ 25.5    -1.375  -5.   ] [-0.24  0.85  9.76]
-27.539587 [ 25.75   -1.375  -4.937] [-0.24  0.85  9.76]
-27.641348 [ 25.625  -1.375  -5.   ] [-0.23  0.85  9.76]
-27.742835 [ 25.875  -2.25   -4.562] [-0.38  0.78  9.76]
-27.84565 [ 25.875  -2.375  -4.562] [-0.41  0.78  9.76]
-27.949037 [ 26.063  -2.375  -4.687] [-0.41  0.8   9.76]
-28.051315 [ 26.125  -2.375  -4.687] [-0.41  0.8   9.76]
-28.152815 [ 25.563  -2.312  -4.687] [-0.4   0.8   9.76]
-28.255033 [ 25.25   -2.312  -5.125] [-0.4   0.87  9.75]
-28.358089 [ 24.813  -2.312  -5.562] [-0.4   0.94  9.75]
-28.461362 [ 30.938  -2.687  -6.937] [-0.46  1.18  9.72]
-28.563036 [ 29.125  -2.687  -6.875] [-0.46  1.17  9.72]
-28.66453 [ 27.438  -2.312  -5.75 ] [-0.4   0.99  9.74]
-28.765986 [ 26.563  -2.187  -5.5  ] [-0.38  0.94  9.75]
-28.867708 [ 25.313  -2.187  -4.625] [-0.37  0.79  9.76]
-28.969388 [ 25.313  -2.437  -3.875] [-0.41  0.66  9.77]
-29.071122 [ 25.688  -2.75   -3.625] [-0.48  0.6   9.77]
-29.172765 [ 26.625  -3.     -6.187] [-0.51  1.06  9.73]
-29.274294 [ 27.125  -2.625  -5.687] [-0.45  0.97  9.74]
-29.376506 [ 27.063  -2.625  -5.687] [-0.45  0.97  9.74]
-29.479805 [ 19.063  -2.562  -5.687] [-0.44  0.97  9.74]
-29.582558 [ 27.063  -2.562  -5.75 ] [-0.44  0.98  9.74]
-29.684428 [ 27.063  -2.562  -5.75 ] [-0.43  0.99  9.74]
-29.785956 [ 19.063  -2.5    -5.812] [-0.43  0.99  9.74]
-29.888512 [ 26.625  -2.5    -5.812] [-0.43  1.    9.74]
-29.991912 [ 25.563  -2.5    -5.875] [-0.43  1.    9.74]
-30.0943 [ 25.25   -2.5    -5.875] [-0.42  1.01  9.74]
-30.195716 [ 24.688  -2.437  -5.937] [-0.42  1.01  9.74]
-30.297308 [ 24.25   -2.437  -5.937] [-0.42  1.01  9.74]
-30.400131 [ 15.938  -2.437  -5.937] [-0.42  1.01  9.74]
-30.503364 [ 15.625  -2.437  -5.937] [-0.42  1.01  9.74]
-30.605364 [ 15.313  -2.437  -5.937] [-0.42  1.01  9.74]
-30.706973 [ 15.063  -2.437  -5.937] [-0.42  1.01  9.74]
-30.809408 [ 14.25   -2.437  -5.937] [-0.42  1.01  9.74]
-30.913142 [ 13.875  -2.437  -5.937] [-0.42  1.01  9.74]
-31.015691 [ 13.375  -2.437  -5.937] [-0.42  1.01  9.74]
-31.117159 [ 13.     -2.437  -5.937] [-0.42  1.01  9.74]
-31.218753 [ 12.688  -2.437  -5.937] [-0.42  1.01  9.74]
-31.32017 [ 12.625  -2.437  -5.937] [-0.42  1.01  9.74]
-31.421617 [ 12.     -2.437  -5.937] [-0.42  1.01  9.74]
-31.523013 [ 11.938  -2.437  -5.937] [-0.42  1.01  9.74]
-31.625027 [ 12.063  -2.437  -5.937] [-0.42  1.01  9.74]
-31.726939 [ 11.938  -2.437  -5.937] [-0.42  1.01  9.74]
-31.828373 [ 11.563  -2.437  -5.937] [-0.42  1.01  9.74]
-31.930036 [ 11.5    -2.437  -5.937] [-0.42  1.01  9.74]
-32.032554 [ 11.188  -2.437  -5.937] [-0.42  1.01  9.74]
-32.135769 [ 11.438  -2.437  -5.937] [-0.42  1.01  9.74]
-32.238036 [ 11.375  -2.437  -5.937] [-0.42  1.01  9.74]
-32.341821 [ 11.5    -2.437  -5.875] [-0.42  1.01  9.74]
-32.445235 [ 11.438  -2.437  -5.875] [-0.42  1.01  9.74]
-32.547873 [ 11.438  -2.437  -5.875] [-0.42  1.01  9.74]
-32.649512 [ 11.5    -2.437  -5.875] [-0.42  1.01  9.74]
-32.751114 [ 11.688  -2.437  -5.875] [-0.42  1.01  9.74]
-32.853633 [ 11.375  -2.437  -5.875] [-0.42  1.01  9.74]
-32.957134 [ 11.438  -2.437  -5.875] [-0.42  1.01  9.74]
-33.059328 [ 10.938  -2.437  -5.875] [-0.42  1.01  9.74]
-33.161088 [ 11.     -2.437  -5.875] [-0.42  1.01  9.74]
-33.263324 [ 11.     -2.437  -5.875] [-0.42  1.01  9.74]
-33.366719 [ 11.188  -2.437  -5.875] [-0.42  1.01  9.74]
-33.46968 [ 10.75   -2.437  -5.875] [-0.42  1.01  9.74]
-33.571346 [ 10.5    -2.437  -5.875] [-0.42  1.01  9.74]
-33.672571 [ 10.625  -2.437  -5.875] [-0.42  1.01  9.74]
-33.773871 [ 10.688  -2.437  -5.875] [-0.42  1.01  9.74]
-33.877218 [ 10.813  -2.437  -5.875] [-0.42  1.01  9.74]
-33.979778 [ 11.125  -2.437  -5.875] [-0.42  1.01  9.74]
-34.081602 [ 11.313  -2.437  -5.875] [-0.42  2.29  9.74]
-34.183082 [ 11.5    -2.437  -5.875] [-0.42  1.01  9.74]
-34.285254 [ 11.375  -2.437  -5.875] [-0.42  1.01  9.74]
-34.388496 [ 11.063  -2.437  -5.875] [-0.42  1.01  9.74]
-34.491259 [ 11.063  -2.437  -5.875] [-0.42  1.01  9.74]
-34.59283 [ 11.063  -2.437  -5.875] [-0.42  1.01  9.74]
-34.694631 [ 11.063  -2.437  -5.875] [-0.42  1.01  9.74]
-34.797299 [ 11.063  -2.437  -5.875] [-0.42  1.01  9.74]
-34.900809 [ 11.063  -2.437  -5.875] [-0.42  1.01  9.74]
-35.002774 [ 11.063  -2.437  -5.875] [-0.42  1.01  9.74]
-35.104074 [ 11.063  -2.437  -5.875] [-0.42  1.01  9.74]
-35.205924 [ 11.063  -2.437  -5.875] [-0.42  1.01  9.74]
-35.309027 [ 11.063  -2.437  -5.875] [-0.42  1.01  9.74]
-35.412598 [ 11.063  -2.437  -5.875] [-0.42  1.01  9.74]
-35.514548 [ 11.063  -2.437  -5.875] [-0.42  1.01  9.74]
-35.616097 [ 11.063  -2.437  -5.875] [-0.42  1.01  9.74]
-35.718805 [ 11.063  -2.437  -5.875] [-0.42  1.01  9.74]
-35.822599 [ 11.063  -2.437  -5.875] [-0.42  1.01  9.74]
-35.924898 [ 11.063  -2.437  -5.875] [-0.42  1.01  9.74]
-36.026535 [ 11.063  -2.437  -5.875] [-0.42  1.01  9.74]
-36.127856 [ 11.063  -2.437  -5.875] [-0.42  1.01  9.74]
-36.22933 [ 11.063  -2.437  -5.875] [-0.42  1.01  9.74]
-36.331004 [ 11.063  -2.437  -5.875] [-0.42  1.01  9.74]
-36.43332 [ 11.063  -2.437  -5.875] [-0.42  1.01  9.74]
-36.53536 [ 11.063  -2.437  -5.875] [-0.42  1.01  9.74]
-36.636952 [ 11.063  -2.437  -5.875] [-0.42  1.01  9.74]
-36.73934 [ 11.063  -2.437  -5.875] [-0.42  1.01  9.74]
