-0.074958 [ 7.188 -2.187 -9.187] [-0.38  1.57  9.67]
-0.17697 [ 6.188 -8.    -8.5  ] [-0.08  1.43  9.6 ]
-0.278466 [  5.688 -10.25   -3.625] [-0.45  0.66  9.62]
-0.379993 [  5.688 -11.312  -0.562] [-1.92  0.1   9.61]
-0.481554 [  5.75  -11.5     1.563] [-0.67 -0.26  9.6 ]
-0.582874 [  5.813 -11.25    1.438] [-0.64 -0.25  9.61]
-0.684361 [  5.938 -10.625   1.125] [-0.53 -0.19  9.63]
-0.785799 [ 5.938 -9.687  0.688] [-0.37 -0.11  9.66]
-0.887396 [ 5.813 -8.937 -0.312] [-0.25  0.06  9.68]
-0.989333 [ 5.75  -7.937 -1.125] [-1.37  0.18  9.7 ]
-1.09119 [ 5.75 -7.   -2.  ] [-1.19  0.34  9.72]
-1.192552 [ 5.688 -6.375 -3.062] [-1.09  0.52  9.73]
-1.294127 [ 5.563 -5.937 -5.25 ] [-1.01  0.89  9.71]
-1.397079 [ 5.5   -5.625 -7.937] [-0.96  1.35  9.66]
-1.500345 [  5.313  -5.5   -10.562] [-0.94  1.75  9.6 ]
-1.602318 [  5.25   -5.375 -13.   ] [-0.92  2.2   9.51]
-1.703753 [  2.75   -5.312 -16.937] [-0.91  2.85  9.33]
-1.806068 [  5.313  -5.187 -18.687] [-0.88  3.13  9.24]
-1.909252 [  5.375  -4.687 -18.562] [-0.81  3.12  9.25]
-2.011743 [  5.5    -4.25  -18.125] [-0.73  3.04  9.29]
-2.113429 [  5.75   -3.375 -17.812] [-0.57  2.99  9.31]
-2.214912 [  5.938  -2.625 -17.062] [-0.45  2.88  9.36]
-2.317182 [  6.313  -0.875 -16.   ] [-0.15  2.7   9.42]
-2.420192 [    6.938     2.188  2033.25 ] [ 1.6   2.52  9.47]
-2.522657 [  7.25    4.125 -13.625] [ 1.98  2.31  9.5 ]
-2.624406 [  7.625   4.875 -13.062] [ 2.12  2.2   9.51]
-2.725702 [  8.063   5.938 -11.875] [ 2.3   2.01  9.54]
-2.827206 [  8.375   7.125 -10.562] [ 2.5   1.79  9.56]
-2.928735 [  8.5     8.688 -10.062] [ 1.49  1.69  9.54]
-3.030162 [  8.625  10.813  -9.5  ] [ 1.84  1.59  9.49]
-3.131392 [  8.75   12.     -9.062] [ 2.04  1.52  9.46]
-3.233102 [  8.75   13.813  -9.187] [-325.36    1.55    9.4 ]
-3.33451 [  9.25   14.938  -7.625] [ 2.52  1.26  9.38]
-3.435849 [  9.     15.125  -7.875] [ 3.84  1.29  9.37]
-3.537158 [    8.875 -2033.562    -8.   ] [ 2.45  1.32  9.4 ]
-3.638407 [  9.     12.938  -7.812] [ 2.2   1.3   9.46]
-3.739708 [  9.     11.188  -7.437] [ 1.91  1.24  9.53]
-3.840953 [ 8.625  8.    -6.25 ] [ 1.36  1.06  9.65]
-3.94228 [ 0.125  3.563 -5.062] [ 1.89  0.86  9.74]
-4.044108 [ 7.5   -1.687 -3.875] [-0.21  0.68  9.78]
-4.145831 [ 6.563 -6.187 -2.562] [-1.05  0.44  9.73]
-4.247117 [  2.875 -10.375  -1.437] [-0.48  0.24  9.64]
-4.349302 [  2.875 -10.875  -0.312] [-1.85  0.05  9.62]
-4.453006 [  5.313 -11.375   1.563] [-1.93 -0.23  9.61]
-4.555473 [  5.25  -11.5     1.813] [-0.68 -0.3   9.6 ]
-4.656856 [  5.375 -11.25    1.563] [-0.63 -0.26  9.61]
-4.75846 [  5.563 -10.562   1.125] [-0.52 -0.19  9.63]
-4.860454 [  2.5   -10.562   0.75 ] [-1.8  -0.12  9.63]
-4.963659 [ 5.438 -9.437  0.063] [-0.36 -0.02  9.66]
-5.065887 [ 5.313 -8.312 -0.187] [-0.14  0.03  9.7 ]
-5.167294 [ 5.188 -7.062 -0.562] [-1.2   0.1   9.73]
-5.268515 [ 4.938 -5.937 -1.187] [-1.01  0.21  9.75]
-5.37043 [ 4.625 -4.812 -2.437] [-0.82  0.42  9.76]
-5.473673 [ 3.625 -3.625 -3.875] [-0.64  0.64  9.76]
-5.576401 [ 4.188 -2.562 -4.687] [-0.44  0.8   9.76]
-5.678237 [ 4.    -9.687 -5.625] [-0.29  0.96  9.75]
-5.77979 [ 4.    -1.812 -7.125] [-0.31  1.22  9.72]
-5.881186 [ 4.    -2.75  -9.437] [-0.47  1.61  9.66]
-5.98272 [  3.938  -3.5   -11.625] [-0.6   1.97  9.58]
-6.08401 [  4.5   -3.   -14.75] [-0.51  2.49  9.46]
-6.185426 [  5.688  -0.937 -20.937] [-0.16  3.5   9.15]
-6.28672 [  7.75   0.5  -20.75] [ 1.36  3.52  9.15]
-6.388109 [  9.25    0.938 -18.   ] [ 1.44  3.03  9.32]
-6.489687 [ 10.188   1.688 -14.812] [ 1.57  2.51  9.47]
-6.590848 [ 10.25    2.625 -14.   ] [ 1.73  2.37  9.5 ]
-6.692286 [ 10.563   3.688 -13.375] [ 1.92  2.26  9.51]
-6.793664 [ 11.063   5.25  -11.375] [ 2.18  1.93  9.57]
-6.894951 [ 11.188   6.563 -10.375] [ 2.4   1.76  9.58]
-6.996824 [ 11.25    8.25  -10.687] [ 1.37  1.8   9.54]
-7.098665 [ 11.188  10.625 -11.312] [ 1.8   1.89  9.45]
-7.200052 [ 11.125  11.625 -11.75 ] [ 1.98  1.96  9.4 ]
-7.30138 [ 11.313  12.313 -10.687] [ 2.09  1.77  9.41]
-7.403303 [ 11.5    13.063  -9.5  ] [ 2.21  1.57  9.42]
-7.505864 [  3.75   13.625  -8.312] [ 2.31  1.37  9.43]
-7.608554 [ 11.75   13.5    -7.625] [ 2.3   1.27  9.44]
-7.710442 [ 11.625  12.438  -7.562] [ 2.11  1.26  9.49]
-7.811735 [  3.625  10.75   -7.125] [ 1.83  1.19  9.55]
-7.914014 [ 11.688   7.188  -6.   ] [ 2.51  1.02  9.67]
-8.017268 [ 11.625   1.75   -4.812] [ 1.66  0.84  9.76]
-8.11959 [ 11.125  -2.375  -3.562] [-0.4   0.61  9.77]
-8.221154 [ 10.438  -6.062  -2.062] [-1.04  0.35  9.74]
-8.322315 [ 1.5   -9.75  -1.125] [-0.38  0.19  9.66]
-8.424397 [  9.125 -11.437   0.   ] [-0.67  0.    9.61]
-8.527504 [  9.313 -11.937   1.375] [-2.02 -0.23  9.59]
-8.63005 [  1.313 -11.937   1.438] [-0.75 -0.24  9.59]
-8.731812 [  9.375 -11.562   1.375] [-0.69 -0.23  9.6 ]
-8.833224 [  9.438 -11.      1.125] [-0.59 -0.19  9.62]
-8.934689 [  9.375 -10.875   0.688] [-0.57 -0.12  9.62]
-9.036357 [ 9.063 -9.937  0.188] [-0.41 -0.03  9.65]
-9.137782 [ 8.75 -8.25  0.  ] [-0.12  0.    9.7 ]
-9.238895 [ 8.375 -6.812 -0.187] [-1.17  0.03  9.73]
-9.340171 [ 7.813 -5.25  -0.937] [-0.92  0.14  9.76]
-9.44155 [ 7.313 -3.812 -1.812] [-0.66  0.31  9.77]
-9.543051 [ 6.813 -2.5   -2.75 ] [-0.43  0.47  9.78]
-9.644569 [ 6.438 -1.437 -3.625] [-0.25  0.62  9.78]
-9.746031 [ 6.25  -2.25  -4.875] [-0.38  0.83  9.76]
-9.847238 [ 6.188 -3.437 -6.625] [-0.59  1.13  9.72]
-9.948553 [ 6.063 -4.125 -8.5  ] [-0.7   1.45  9.67]
-10.049877 [  1.75   -4.312 -10.437] [-0.74  1.77  9.61]
-10.151623 [  6.563  -2.875 -13.062] [-0.53  2.17  9.54]
-10.253375 [  7.     -0.25  -17.562] [-0.04  2.96  9.34]
-10.354766 [  0.125   0.    -20.75 ] [ 1.28  3.47  9.17]
-10.457081 [ 10.375   0.375 -18.25 ] [ 1.35  3.07  9.31]
-10.560162 [ 11.625   1.25  -15.437] [ 0.2   2.63  9.44]
-10.662715 [ 11.875   2.188 -14.437] [ 1.65  2.44  9.48]
-10.764455 [ 12.25    3.375 -13.687] [ 1.86  2.32  9.5 ]
-10.865925 [  4.688   5.    -11.812] [ 2.14  2.    9.56]
-10.9682 [ 12.875   6.125 -11.062] [ 2.33  1.87  9.56]
-11.071312 [ 12.938   7.188 -10.687] [ 2.48  1.81  9.56]
-11.173658 [ 13.      9.438 -10.562] [ 1.6   1.77  9.5 ]
-11.275058 [ 13.     10.063 -10.5  ] [ 1.72  1.76  9.49]
-11.376424 [ 12.875  10.688 -11.687] [ 1.82  1.95  9.43]
-11.478361 [ 12.875  11.25  -11.625] [ 1.91  1.94  9.41]
-11.581556 [ 13.     11.75  -10.687] [ 1.99  1.79  9.43]
-11.684216 [ 13.063  11.625  -9.562] [ 1.97  1.6   9.47]
-11.785821 [ 13.188  11.     -8.437] [ 1.87  1.41  9.52]
-11.887271 [ 13.313  10.375  -6.812] [ 1.76  1.14  9.57]
-11.988759 [ 13.5     8.688  -4.125] [ 1.48  0.7   9.66]
-12.090126 [ 13.563   5.25   -3.5  ] [ 2.18  0.6   9.74]
-12.191376 [ 13.5     1.125  -2.812] [ 1.47  0.48  9.79]
-12.29273 [ 13.438  -3.     -1.812] [-0.51  0.31  9.78]
-12.394149 [ 12.75   -7.75   -0.687] [-1.25  0.13  9.72]
-12.495829 [ 11.563 -11.562   0.25 ] [-0.68 -0.05  9.6 ]
-12.597251 [ 11.625 -11.937   0.875] [-0.75 -0.14  9.59]
-12.69799 [ 11.625 -12.      1.063] [-0.75 -0.18  9.59]
-12.799265 [ 11.625 -11.625   1.25 ] [-0.7  -0.21  9.6 ]
-12.900729 [ 11.75  -11.062   1.   ] [-0.6  -0.17  9.62]
-13.002187 [ 11.75  -10.875   0.625] [-0.57 -0.11  9.62]
-13.103642 [  3.375 -10.25    0.125] [-0.47 -0.02  9.64]
-13.205524 [ 11.063  -8.5    -0.187] [-1.48  0.03  9.69]
-13.307169 [ 10.875  -7.125  -0.5  ] [-1.21  0.09  9.73]
-13.408508 [ 10.625  -5.75   -1.062] [-0.98  0.18  9.75]
-13.509857 [ 10.313  -4.437  -2.062] [-0.76  0.35  9.77]
-13.612742 [ 2.188 -3.187 -2.812] [-0.55  0.48  9.77]
-13.715719 [ 10.     -1.937  -3.562] [-0.36  0.6   9.78]
-13.817569 [  9.93800000e+00  -1.50000000e+00   2.04356300e+03] [-0.26  0.76  9.77]
-13.918555 [ 10.125  -2.625  -6.312] [-0.45  1.07  9.73]
-14.019839 [ 10.063  -3.625  -8.25 ] [-0.62  1.41  9.68]
-14.122051 [ 10.063  -4.187  -9.937] [-0.71  1.69  9.63]
-14.225172 [ 10.438  -4.062 -12.437] [-0.71  2.06  9.56]
-14.327157 [ 11.25   -2.812 -17.125] [-0.52  2.77  9.39]
-14.428666 [ 12.875  -0.75  -19.687] [-0.13  3.3   9.23]
-14.529893 [ 14.438   0.813 -18.312] [ 1.42  3.08  9.3 ]
-14.631647 [  7.5     1.375 -15.187] [ 0.23  2.57  9.46]
-14.734992 [  7.75    2.25  -13.937] [ 1.67  2.36  9.5 ]
-14.838041 [  8.5     3.438 -12.562] [ 1.86  2.13  9.55]
-14.939978 [  8.75    4.813 -10.937] [ 2.1   1.86  9.59]
-15.041375 [  8.875   5.875 -10.312] [ 2.28  1.75  9.59]
-15.143021 [  8.938   7.188 -10.062] [ 2.5   1.7   9.57]
-15.244515 [ 9.063  9.375 -9.625] [ 1.6   1.62  9.53]
-15.345855 [  9.063  10.375  -9.375] [ 1.77  1.58  9.51]
-15.447306 [  9.     11.188 -10.   ] [ 1.9   1.67  9.47]
-15.548844 [  8.938  12.    -10.062] [ 2.03  1.69  9.44]
-15.650259 [  9.125  12.5    -9.   ] [ 2.12  1.5   9.45]
-15.751474 [  9.25   12.313  -7.937] [ 2.09  1.32  9.48]
-15.852891 [  9.188  11.5    -7.937] [ 1.96  1.32  9.51]
-15.954226 [  8.875  10.063  -7.625] [ 1.71  1.28  9.56]
-16.05583 [ 8.438  6.875 -6.687] [ 2.46  1.13  9.66]
-16.157182 [ 15.938   2.25   -5.437] [ 1.66  0.93  9.75]
-16.258734 [ 15.125  -1.812  -3.562] [-0.25  0.63  9.78]
-16.36024 [ 14.375  -5.187  -2.   ] [ 326.86    0.36    9.76]
-16.461729 [ 13.438  -8.875  -1.   ] [-0.23  0.17  9.68]
-16.563753 [ 12.813 -11.625   0.   ] [-0.69  0.    9.6 ]
-16.666692 [ 12.938 -11.937   1.25 ] [-2.02 -0.21  9.59]
-16.769599 [ 13.    -12.      1.563] [-0.76 -0.26  9.58]
-16.871365 [ 13.063 -11.625   1.5  ] [-0.7  -0.25  9.6 ]
-16.972872 [ 13.125 -11.187   1.125] [-0.63 -0.19  9.61]
-17.074896 [  5.  -11.5   1. ] [-0.67 -0.17  9.6 ]
-17.178099 [  4.688 -10.125   0.5  ] [-0.44 -0.08  9.65]
-17.280703 [ 12.375  -8.25    0.438] [-1.44 -0.07  9.69]
-17.382526 [ 12.063  -6.75    0.188] [-1.15 -0.03  9.73]
-17.484068 [ 11.688  -5.437  -0.062] [-0.93  0.02  9.76]
-17.586152 [ 3.125 -4.062 -0.875] [-0.69  0.15  9.78]
-17.68897 [ 10.5    -2.687  -1.812] [-0.46  0.31  9.79]
-17.791548 [ 10.     -1.562  -2.75 ] [-0.27  0.46  9.79]
-17.893641 [ 10.     -2.5    -4.125] [-0.43  0.71  9.77]
-17.995159 [ 9.813 -3.687 -5.812] [-0.63  0.99  9.73]
-18.09659 [ 9.938 -4.062 -7.75 ] [-0.69  1.31  9.69]
-18.19808 [ 10.5    -4.    -10.187] [-0.68  1.73  9.62]
-18.299239 [ 10.75   -2.5   -12.437] [-0.43  2.11  9.56]
-18.400517 [ 11.188  -1.312 -15.687] [-0.22  2.65  9.43]
-18.502147 [ 12.188  -0.437 -18.937] [-0.09  3.19  9.26]
-18.603641 [ 13.125   0.    -16.625] [ 1.28  2.81  9.39]
-18.704986 [ 13.5     0.875 -14.562] [ 1.43  2.47  9.48]
-18.806344 [ 13.75    2.188 -13.875] [ 1.65  2.35  9.51]
-18.907629 [ 14.188   3.5   -13.187] [ 1.88  2.24  9.52]
-19.008897 [ 14.563   5.063 -11.187] [ 2.15  1.9   9.58]
-19.11027 [ 14.75    6.375 -10.437] [ 2.37  1.76  9.58]
-19.211565 [ 14.813   7.5   -10.125] [ 2.53  1.71  9.57]
-19.313387 [ 14.813   9.375 -10.187] [ 1.6   1.71  9.52]
-19.415362 [ 14.688  10.125 -10.875] [ 1.72  1.82  9.47]
-19.517208 [ 14.563  11.063 -11.812] [ 1.89  1.97  9.41]
-19.62003 [  6.688  11.688 -11.312] [ 1.99  1.88  9.41]
-19.723099 [ 14.813  12.    -10.25 ] [ 2.03  1.72  9.43]
-19.825143 [ 14.875  11.625  -9.187] [ 1.97  1.53  9.48]
-19.926619 [  6.938  11.063  -8.062] [ 1.88  1.35  9.52]
-20.028892 [  7.063  10.313  -6.25 ] [ 1.76  1.05  9.58]
-20.131945 [ 15.125   8.313  -4.312] [ 1.47  0.74  9.66]
-20.234587 [ 15.063   4.25   -3.625] [ 2.01  0.62  9.75]
-20.336409 [ 15.25    0.     -2.562] [ 1.28  0.44  9.79]
-20.43778 [ 15.375  -4.312  -1.375] [-0.74  0.24  9.77]
-20.540138 [ 15.125  -8.437  -0.375] [-0.16  0.06  9.69]
-20.64381 [ 15.    -11.687   0.563] [-1.99 -0.08  9.6 ]
-20.746374 [ 15.125 -12.125   1.   ] [-0.78 -0.16  9.58]
-20.847768 [ 15.063 -11.937   1.313] [-0.75 -0.22  9.59]
-20.949271 [ 15.063 -11.687   1.563] [-0.7  -0.26  9.59]
-21.050722 [ 15.125 -11.062   1.375] [-0.61 -0.23  9.61]
-21.15208 [ 15.125 -10.75    1.063] [-0.55 -0.18  9.63]
-21.253454 [ 14.875 -10.062   0.375] [-0.43 -0.06  9.65]
-21.355157 [ 14.625  -8.625  -0.25 ] [-0.21  0.04  9.69]
-21.456729 [ 14.375  -7.5    -0.875] [-1.28  0.15  9.72]
-21.558093 [ 14.25  -6.75  -2.  ] [-1.15  0.34  9.73]
-21.659467 [ 14.188  -6.062  -3.875] [-1.04  0.66  9.72]
-21.761254 [ 14.063  -5.5    -5.937] [-0.94  1.01  9.7 ]
-21.862737 [ 13.75   -5.     -8.062] [-0.85  1.37  9.67]
-21.96422 [ 13.688  -4.625  -9.687] [-0.79  1.65  9.63]
-22.065941 [ 14.     -4.25  -12.312] [-0.73  2.04  9.56]
-22.167818 [ 14.375  -4.25  -15.875] [-0.72  2.67  9.4 ]
-22.269528 [  6.813  -4.062 -18.375] [-0.7   3.08  9.28]
-22.372067 [ 15.313  -3.5   -18.437] [-0.6   3.09  9.28]
-22.475733 [ 15.563  -2.375 -18.062] [-0.42  3.04  9.31]
-22.578068 [ 15.938  -1.312 -17.25 ] [-0.22  2.91  9.36]
-22.679333 [  8.313   0.25  -16.187] [ 1.32  2.74  9.41]
-22.781056 [  9.063   1.188 -13.875] [ 1.48  2.35  9.51]
-22.883678 [  9.375   2.375 -13.   ] [ 1.69  2.21  9.54]
-22.986703 [  9.75    3.625 -12.375] [ 1.88  2.11  9.55]
-23.088442 [  9.938   4.813 -10.562] [ 2.1  1.8  9.6]
-23.189807 [ 10.      6.25   -9.937] [ 2.35  1.68  8.32]
-23.29131 [ 10.    7.5  -9.5] [ 1.28  1.6   9.58]
-23.393567 [ 10.063   9.875  -9.25 ] [ 1.68  1.55  9.53]
-23.496719 [  9.688  11.313 -10.187] [ 1.91  1.68  9.47]
-23.599091 [  9.625  12.188  -9.437] [ 2.07  1.58  9.45]
-23.700266 [  9.625  13.063  -8.562] [ 2.21  1.42  9.44]
-23.801534 [  9.688  13.5    -8.   ] [ 2.29  1.33  9.44]
-23.903013 [  9.813  13.5    -7.25 ] [ 2.29  1.2   9.45]
-24.004594 [  9.813  12.625  -7.25 ] [ 2.14  1.21  9.49]
-24.105894 [  9.938  10.875  -6.812] [ 1.85  1.14  9.56]
-24.20752 [ 10.25    7.188  -5.937] [ 2.51  1.01  9.67]
-24.308836 [ 10.375   1.875  -4.75 ] [ 1.68  0.83  9.76]
-24.410248 [ 9.813 -2.187 -3.687] [-0.37  0.63  9.77]
-24.511611 [ 9.063 -6.375 -2.5  ] [-1.09  0.42  9.73]
-24.613041 [ 15.938 -10.562  -1.437] [-0.52  0.24  9.63]
-24.7144 [ 15.875 -11.75   -0.625] [-0.72  0.11  9.59]
-24.815712 [ 15.875 -12.     -0.062] [-0.76  0.01  9.59]
-24.917063 [ 15.938 -12.      0.375] [-0.76 -0.06  9.59]
-25.018351 [  8.    -11.5     0.813] [-0.68 -0.13  9.6 ]
-25.120383 [  8.    -11.937   1.25 ] [-0.75 -0.21  9.59]
-25.221943 [ 15.875 -11.75    1.25 ] [-0.71 -0.21  9.59]
-25.323273 [ 15.813 -10.437   0.563] [-0.49 -0.1   9.64]
-25.425586 [ 7.563 -9.062  0.188] [-1.55 -0.03  9.68]
-25.528701 [ 15.25   -7.812  -0.312] [-0.07  0.05  9.71]
-25.630868 [ 15.063  -7.     -1.25 ] [-1.19  0.21  9.73]
-25.732665 [ 14.75   -6.125  -2.937] [-1.04  0.5   9.73]
-25.83401 [ 6.5   -5.5   -4.875] [-0.94  0.83  9.72]
-25.93641 [ 14.313  -4.875  -6.75 ] [-0.83  1.15  9.7 ]
-26.039441 [ 14.25   -4.375  -8.437] [-0.75  1.42  9.67]
-26.141616 [ 14.313  -3.875 -10.   ] [-0.66  1.7   9.63]
-26.243197 [ 14.438  -3.562 -12.062] [-0.6   2.04  9.57]
-26.344813 [  6.688  -3.25  -15.312] [-0.56  2.59  9.44]
-26.447403 [ 15.188  -2.75  -19.312] [-0.47  3.24  9.24]
-26.550501 [  8.563  -1.875 -19.437] [-0.34  3.25  9.24]
-26.653011 [  9.25   -0.5   -19.312] [-0.08  3.24  9.25]
-26.754319 [ 10.125   0.    -17.375] [ 1.28  2.93  9.35]
-26.855741 [ 11.188   1.188 -14.   ] [ 1.48  2.37  9.51]
-26.957186 [ 11.313   2.25  -12.937] [ 1.67  2.2   9.54]
-27.058675 [ 11.5     3.375 -12.312] [ 1.86  2.09  9.56]
-27.15994 [ 11.5     4.625 -10.375] [ 2.07  1.76  9.61]
-27.261153 [ 11.5     5.938  -9.375] [ 2.29  1.59  9.62]
-27.362478 [ 11.375   8.188  -8.875] [ 1.36  1.51  9.59]
-27.464023 [ 11.5     9.75   -8.375] [ 1.66  1.41  9.56]
-27.56554 [ 10.563  12.25   -8.812] [ 2.08  1.47  9.46]
-27.666852 [  9.813  14.188  -7.937] [ 2.4   1.31  9.41]
-27.768152 [  9.813  15.063  -7.312] [ 2.55  1.21  9.39]
-27.86944 [ 10.063  14.625  -7.5  ] [ 2.47  1.24  9.4 ]
-27.970846 [ 10.438  13.625  -7.75 ] [ 2.31  1.28  9.44]
-28.072479 [ 11.375  11.813  -7.375] [ 2.04  1.24  9.5 ]
-28.173994 [ 12.438   9.875  -6.875] [ 1.68  1.16  9.59]
-28.275559 [ 14.688   5.5    -6.125] [ 2.23  1.04  9.7 ]
-28.37723 [ 16.313   0.938  -3.75 ] [ 1.44  0.64  9.78]
-28.479871 [ 24.25   -1.812  -1.937] [-0.31  0.33  9.79]
-28.583231 [ 24.375  -4.062  -0.5  ] [-0.64  0.1   9.78]
-28.685332 [ 24.5    -8.5    -0.062] [-0.17  0.01  9.69]
-28.786656 [ 24.375 -12.687   0.688] [-0.88 -0.11  9.56]
-28.888334 [ 24.5   -12.937   1.063] [-0.92 -0.18  9.55]
-28.991062 [ 24.5   -12.937   1.375] [-0.92 -0.23  9.55]
-29.094179 [ 24.688 -12.5     1.563] [-2.13 -0.26  9.56]
-29.196135 [ 24.75  -11.812   1.188] [-0.73 -0.2   9.59]
-29.297403 [ 24.5   -11.812   0.938] [  3.26960000e+02  -1.60000000e-01   9.59000000e+00]
-29.399074 [ 16.25  -10.75    0.563] [-0.55 -0.1   9.63]
-29.502082 [ 15.938  -9.187   0.   ] [-0.29  0.    9.67]
-29.605146 [ 15.688  -8.125  -0.375] [-1.4   0.06  9.7 ]
-29.707175 [ 15.563  -7.125  -1.125] [-1.22  0.2   9.72]
-29.808532 [   15.188  2041.688    -2.875] [-1.08  0.49  9.73]
-29.909934 [ 14.938  -5.5    -4.625] [-0.94  0.78  8.44]
-30.011525 [ 14.625  -4.625  -6.312] [-0.79  1.08  9.71]
-30.112855 [ 14.688  -3.937  -7.312] [-0.67  1.24  9.7 ]
-30.214587 [ 14.75   -3.375  -8.625] [-0.57  1.47  9.67]
-30.316479 [ 14.75   -2.812 -10.5  ] [-0.48  1.79  9.62]
-30.41804 [ 14.75   -2.25  -12.625] [-0.39  2.14  9.56]
-30.519614 [ 14.938  -1.75  -16.187] [-0.3   2.73  9.41]
-30.620944 [ 15.938  -1.187 -18.812] [-0.2   3.16  9.28]
-30.722324 [ 24.938  -1.437 -20.   ] [-0.25  3.35  9.21]
-30.823747 [ 25.813  -0.937 -18.125] [-0.16  3.05  9.31]
-30.925147 [ 19.813   0.125 -14.5  ] [ 1.31  2.46  9.49]
-31.027045 [ 28.188   1.438 -13.375] [ 0.23  2.28  9.53]
-31.128937 [ 28.813   2.625 -12.562] [ 1.73  2.13  9.55]
-31.230387 [ 29.938   4.063 -10.5  ] [ 1.98  1.79  9.61]
-31.332267 [ 30.313   4.688  -9.625] [ 2.08  1.63  9.63]
-31.435598 [ 31.      6.375  -9.25 ] [ 2.34  1.57  9.62]
-31.538106 [ 31.125   7.875  -9.375] [ 1.35  1.59  9.58]
-31.639698 [ 31.      9.313 -10.   ] [ 1.59  1.68  9.52]
-31.741049 [ 30.813  10.313 -10.812] [ 1.76  1.81  9.47]
-31.843514 [ 30.875  10.5    -9.812] [ 1.79  1.65  9.49]
-31.946741 [ 30.875  10.75   -8.5  ] [ 1.82  1.45  9.52]
-32.048787 [ 30.938  11.563  -6.75 ] [ 1.96  1.13  9.53]
-32.150264 [ 30.563  11.063  -6.687] [ 1.88  1.12  9.55]
-32.25135 [ 29.5     9.063  -6.125] [ 1.54  1.04  9.62]
-32.353397 [ 26.938   8.188  -5.   ] [ 1.4   0.84  9.66]
-32.45661 [ 26.188   5.438  -4.375] [ 0.93  0.74  9.73]
-32.559279 [ 24.625   2.188  -3.187] [ 1.65  0.55  9.78]
-32.6613 [ 13.438  -1.     -1.875] [-0.17  0.33  9.79]
-32.762824 [ 10.875  -3.687  -0.937] [-0.63  0.16  9.78]
-32.864498 [ 8.125 -7.312  0.   ] [-1.25  0.    9.72]
-32.966061 [ 13.375 -10.375   1.   ] [-0.49 -0.17  9.64]
-33.067582 [ 12.063 -10.75    1.438] [-0.55 -0.24  9.62]
-33.168991 [ 11.875 -10.687   1.688] [-0.54 -0.29  9.63]
-33.270349 [ 11.938 -10.375   1.625] [-0.49 -0.28  9.64]
-33.372103 [ 11.938  -9.75    0.563] [-0.38 -0.09  9.66]
-33.473683 [ 11.875  -8.875  -0.812] [-0.23  0.14  9.68]
-33.575117 [ 11.813  -7.812  -1.937] [-0.06  0.33  9.7 ]
-33.676665 [ 11.813  -7.187  -2.562] [-1.23  0.43  9.71]
-33.778042 [ 11.75   -6.562  -3.437] [-1.12  0.59  9.72]
-33.879683 [ 11.688  -6.     -5.062] [-1.03  0.82  9.71]
-33.981349 [ 11.563  -5.75   -8.062] [-0.98  1.37  9.65]
-34.082729 [ 11.375  -5.5   -11.875] [-0.94  2.01  9.55]
-34.184118 [ 11.188  -5.437 -16.812] [-0.93  2.82  9.34]
-34.286334 [ 11.438  -6.25  -18.5  ] [-1.07  3.09  9.24]
-34.389239 [ 11.313  -6.625 -19.062] [-1.13  3.18  9.2 ]
-34.49174 [ 11.313  -6.875 -19.125] [-1.18  3.19  9.19]
-34.593582 [ 11.5    -6.375 -18.562] [-1.09  3.1   9.23]
-34.695154 [  3.75   -5.062 -17.687] [-0.87  2.97  9.3 ]
-34.797802 [ 12.313  -2.812 -16.687] [-0.48  2.81  9.38]
-34.901019 [ 12.813   0.25  -15.562] [ 1.28  2.65  9.44]
-35.003225 [ 13.25    2.75  -14.437] [ 1.75  2.44  9.48]
-35.104539 [ 13.438   3.688 -13.375] [ 1.91  2.26  9.51]
-35.206961 [  5.938   4.563 -12.437] [ 2.06  2.1   9.54]
-35.309983 [ 14.563   5.75  -10.937] [ 0.98  1.85  9.57]
-35.412636 [ 14.875   7.063  -9.875] [ 1.19  1.68  9.58]
-35.514425 [ 15.125   8.375  -9.437] [ 1.43  1.59  9.56]
-35.615701 [ 15.25   10.563  -9.375] [ 1.8   1.57  9.5 ]
-35.717058 [ 15.25   11.375  -9.25 ] [ 1.94  1.55  9.48]
-35.818305 [ 15.188  12.125  -9.937] [ 2.06  1.65  9.44]
-35.919609 [ 15.188  12.938  -9.937] [ 2.2   1.65  9.41]
-36.021009 [ 15.375  13.375  -8.75 ] [ 2.27  1.45  9.42]
-36.122544 [ 15.688  13.313  -7.25 ] [ 2.26  1.23  9.46]
-36.223968 [ 15.875  12.813  -5.75 ] [ 2.18  0.96  9.51]
-36.325125 [ 15.813  11.875  -5.562] [ 2.01  0.94  9.55]
-36.4265 [ 15.5     8.75   -4.687] [ 1.49  0.79  9.65]
-36.527846 [ 15.125   4.063  -3.562] [ 1.97  0.61  9.76]
-36.629231 [ 14.688  -0.687  -2.562] [-0.12  0.44  9.79]
