The flat matrix is [[ 28.188  -2.     -9.375]
 [ -0.34    1.59    9.66 ]] 
-0.078451 [ 0.062  0.438  0.   ] [ 0.07  0.01  0.01]
-0.181072 [-7.75   2.938  0.125] [ 1.78 -0.01  0.01]
-0.283422 [ 0.312  3.688  0.375] [ 1.9  -0.06  0.02]
-0.38498 [ 0.25   4.063  0.25 ] [ 1.97 -0.03  0.01]
-0.485722 [-0.063  4.5   -0.125] [ 2.05  0.02  0.  ]
-0.586413 [-0.313  5.063 -0.437] [ 2.14  0.07 -0.02]
-0.687412 [-0.375  5.375 -0.812] [ 2.2   0.14 -0.03]
-0.788145 [ 0.187  4.75  -1.   ] [ 2.09  0.17 -0.03]
-0.888892 [ 0.562  3.625 -1.187] [ 1.9   0.21 -0.03]
-0.989728 [ 0.125  2.188 -1.562] [ 1.65  0.27 -0.04]
-1.090389 [ 0.     1.563 -1.812] [ 0.27  0.31 -0.05]
-1.1912 [-0.063  0.938 -2.062] [ 0.16  0.35 -0.06]
-1.292034 [-0.063  0.438 -2.312] [ 0.07  0.4  -0.07]
-1.395802 [-0.125  0.063 -2.5  ] [ 0.01  0.42 -0.07]
-1.496655 [-0.188 -0.437 -2.562] [-0.08  0.44 -0.08]
-1.597699 [-0.188 -0.875 -2.562] [-0.16  0.44 -0.08]
-1.698669 [-0.25  -1.312 -2.562] [-0.23  0.43 -0.09]
-1.799559 [-0.313 -1.75  -2.562] [-0.3   0.43 -0.09]
-1.900557 [-0.313 -2.062 -2.562] [-0.36  0.43 -0.1 ]
-2.001373 [-0.375 -2.25  -2.312] [-0.39  0.39 -0.09]
-2.102021 [-0.438 -2.562 -1.937] [-0.45  0.33 -0.08]
-2.202512 [-0.438 -2.812 -1.625] [-0.49  0.28 -0.08]
-2.303407 [-0.5   -2.937 -1.187] [-0.51  0.2  -0.06]
-2.404375 [-0.5   -2.937 -0.687] [-0.51  0.12 -0.05]
-2.505555 [-0.5   -3.    -0.187] [-0.51  0.04 -0.03]
-2.60659 [-0.5   -3.     0.313] [-0.51 -0.04 -0.02]
-2.707599 [-0.563 -3.     0.688] [-0.51 -0.12 -0.01]
-2.808548 [-0.563 -3.     0.938] [-0.51 -0.16  0.  ]
-2.909763 [-0.563 -3.     1.438] [-0.51 -0.24  0.01]
-3.010947 [-0.563 -3.     2.25 ] [-0.52 -0.38  0.03]
-3.113193 [-8.563 -2.625  2.563] [-0.45 -0.43  0.04]
-3.215825 [-0.5  -1.75  2.75] [-0.32 -0.46  0.05]
-3.317618 [-0.5   -1.     2.938] [-0.19 -0.49  0.06]
-3.418751 [-0.438 -0.562  2.938] [-0.1  -0.5   0.07]
-3.519562 [-0.438 -0.187  3.   ] [-0.03 -0.5   0.07]
-3.620462 [-0.438  0.438  3.063] [ 0.07 -0.51  0.08]
-3.721337 [-0.375  1.     3.063] [ 0.17 -0.51  0.08]
-3.822895 [-0.375  1.375  3.063] [ 0.23 -0.51  0.08]
-3.925257 [-8.313  1.688  3.063] [ 0.29 -0.51  0.08]
-4.027468 [-0.313  2.063  2.938] [ 1.63 -0.49  0.08]
-4.128957 [-0.313  2.25   2.5  ] [ 1.66 -0.42  0.07]
-4.229931 [-0.313  2.375  2.125] [ 1.69 -0.35  0.06]
-4.330866 [-0.313  2.625  1.688] [ 1.73 -0.28  0.05]
-4.432209 [-0.313  2.75   1.063] [ 1.75 -0.17  0.04]
-4.534217 [-0.25   2.813  0.5  ] [ 1.76 -0.08  0.02]
-4.636919 [-0.25   2.875  0.063] [ 1.77 -0.01  0.01]
-4.739224 [-0.25   2.875 -0.312] [ 0.49  0.06  0.  ]
-4.840631 [-0.25   2.875 -0.687] [ 1.77  0.13 -0.01]
-4.941393 [-0.25   2.875 -1.187] [ 1.77  0.2  -0.03]
-5.04207 [-0.313  2.688 -1.437] [ 1.73  0.25 -0.03]
-5.142689 [-0.375  2.188 -1.812] [ 1.65  0.31 -0.05]
-5.243439 [-0.438  1.563 -2.062] [ 0.27  0.36 -0.06]
-5.344086 [-0.5    0.875 -2.375] [ 0.15  0.4  -0.07]
-5.444733 [-0.563  0.5   -2.437] [ 0.08  0.41 -0.07]
-5.545355 [-0.563  0.063 -2.437] [ 0.01  0.41 -0.07]
-5.646064 [-0.625 -0.437 -2.437] [-0.08  0.41 -0.08]
-5.746829 [-0.688 -0.875 -2.437] [-0.16  0.41 -0.08]
-5.847578 [-0.75  -1.25  -2.375] [-0.22  0.41 -0.08]
-5.951291 [-0.75  -1.75  -2.437] [-0.3   0.41 -0.09]
-6.052404 [-0.813 -2.125 -2.25 ] [-0.36  0.38 -0.09]
-6.153203 [-0.875 -2.437 -1.875] [-0.42  0.32 -0.08]
-6.254007 [-0.875 -2.687 -1.5  ] [-0.46  0.25 -0.07]
-6.35469 [-0.875 -2.812 -1.062] [-0.48  0.18 -0.05]
-6.455252 [-0.875 -2.812 -0.75 ] [-0.48  0.12 -0.05]
-6.556068 [-0.875 -2.812 -0.312] [-0.48  0.06 -0.03]
-6.657023 [-0.875 -2.875  0.313] [-0.49 -0.05 -0.02]
-6.757759 [-0.938 -2.875  0.813] [-0.49 -0.13  0.  ]
-6.858497 [-0.938 -2.875  1.063] [-0.49 -0.18  0.  ]
-6.95914 [-0.938 -2.875  1.5  ] [-0.49 -0.26  0.01]
-7.0599 [-0.938 -2.75   2.188] [-0.47 -0.37  0.03]
-7.160949 [-0.938 -1.937  2.625] [-0.35 -0.44  0.05]
-7.261704 [-0.875 -1.312  2.75 ] [-0.23 -0.46  0.06]
-7.363054 [-0.875 -0.687  2.938] [-0.12 -0.49  0.07]
-7.466495 [-0.813 -0.437  3.   ] [-0.08 -0.5   0.07]
-7.569395 [-8.813  0.063  3.125] [ 0.   -0.52  0.08]
-7.671724 [-0.813  0.688  3.125] [ 0.1  -0.52 -1.2 ]
-7.773107 [-0.75   1.063  3.125] [ 0.18 -0.52  0.08]
-7.874656 [-0.75   1.5    3.125] [ 0.26 -0.52  0.08]
-7.975288 [-0.688  1.938  3.125] [ 0.33 -0.52  0.08]
-8.07589 [-0.688  2.063  3.063] [ 1.64 -0.51  0.08]
-8.177556 [-8.688  2.25   2.813] [ 0.39 -0.47  0.08]
-8.280263 [-8.75   2.563  2.313] [ 0.44 -0.39  0.07]
-8.382381 [-0.688  2.75   1.938] [ 1.74 -0.33  0.06]
-8.483798 [-0.75   2.75   1.375] [ 1.75 -0.22  0.04]
-8.584792 [-0.75   2.813  0.75 ] [ 1.76 -0.12  0.03]
-8.68559 [-0.75   2.875  0.313] [ 1.76 -0.04  0.02]
-8.786315 [-0.75   2.813 -0.125] [ 1.76  0.03  0.01]
-8.887227 [-0.75   2.875 -0.437] [ 1.76  0.08  0.  ]
-8.99136 [-8.75   2.813 -0.812] [ 0.48  0.15 -0.02]
-9.093636 [-0.75   2.688 -1.312] [ 0.46  0.22 -0.03]
-9.195135 [-0.813  2.125 -1.687] [ 1.64  0.29 -0.04]
-9.295905 [-0.875  1.438 -2.062] [ 0.25  0.35 -0.05]
-9.396479 [-0.938  0.813 -2.375] [ 0.14  0.4  -0.07]
-9.4973 [-1.     0.438 -2.375] [ 0.07  0.41 -0.07]
-9.598202 [-1.    -0.062 -2.437] [-0.01  0.42 -0.07]
-9.699117 [-9.063 -0.562 -2.437] [-0.09  0.42 -0.08]
-9.800101 [-1.125 -1.    -2.437] [-0.17  0.42 -0.08]
-9.900976 [-1.188 -1.375 -2.437] [-0.24  0.41 -0.08]
-10.001814 [-1.188 -1.75  -2.312] [-0.31  0.39 -0.08]
-10.102586 [-1.25 -2.   -2.  ] [-0.34  0.34 -0.08]
-10.203418 [-1.313 -2.25  -1.75 ] [-0.39  0.3  -0.07]
-10.304558 [-1.313 -2.562 -1.375] [-0.44  0.23 -0.06]
-10.405508 [-1.375 -2.687 -0.875] [-0.46  0.15 -0.05]
-10.506698 [-1.375 -2.75  -0.437] [-0.47  0.07 -0.04]
-10.607577 [-1.375 -2.812  0.063] [-0.48  0.   -0.02]
-10.708422 [-1.438 -2.812  0.5  ] [-0.49 -0.09 -0.01]
-10.809318 [-1.438 -2.875  0.875] [-0.5  -0.14  0.  ]
-10.910449 [-1.438 -2.875  1.125] [-0.5  -0.18  0.  ]
-11.011158 [-1.438 -2.875  1.688] [-0.5  -0.28  0.02]
-11.111915 [-1.438 -2.875  2.313] [-0.49 -0.39  0.03]
-11.212482 [-1.438 -2.562  2.563] [-0.44 -0.43  0.04]
-11.313181 [-1.375 -1.687  2.75 ] [-0.29 -0.46  0.06]
-11.413839 [-1.313 -0.937  2.875] [-0.17 -0.48  0.06]
-11.514668 [-9.313 -0.5    2.938] [-0.09 -0.49  0.07]
-11.616141 [-1.25   0.063  3.   ] [-0.01 -0.5   0.07]
-11.717628 [-1.25   0.625  3.   ] [ 0.11 -0.5   0.08]
-11.818731 [-1.188  1.125  3.   ] [ 0.19 -0.51  0.08]
-11.920213 [-1.188  1.438  3.   ] [ 0.25 -0.51  0.08]
-12.021837 [-1.125  2.     3.   ] [ 1.62 -0.51  0.08]
-12.123704 [-1.125  2.25   3.   ] [ 1.66 -0.5   0.08]
-12.226406 [-1.125  2.375  2.688] [ 1.69 -0.46  0.08]
-12.328139 [-1.125  2.75   2.313] [ 0.46 -0.39  0.07]
-12.429759 [-1.125  2.938  1.938] [ 1.79 -0.32  0.06]
-12.530669 [-1.125  3.     1.375] [ 1.79 -0.23  0.04]
-12.631489 [-1.125  3.     0.688] [ 1.79 -0.11  0.03]
-12.732963 [-1.125  3.     0.313] [ 1.79 -0.05  0.02]
-12.835085 [-1.125  3.    -0.125] [ 1.79  0.02  0.01]
-12.937526 [-1.125  3.    -0.5  ] [ 1.79  0.09 -0.01]
-13.039686 [-1.125  2.875 -0.812] [ 1.77  0.15 -0.02]
-13.140438 [-1.188  2.625 -1.187] [ 1.72  0.21 -0.03]
-13.241277 [-1.25   2.125 -1.5  ] [ 1.64  0.27 -0.04]
-13.34264 [-1.313  1.375 -1.875] [ 0.23  0.32 -0.05]
-13.446458 [-1.375  0.75  -2.187] [ 0.13  0.38 -0.06]
-13.549154 [-1.438  0.438 -2.375] [ 0.08  0.41 -0.07]
-13.650831 [-1.5   -0.125 -2.5  ] [-0.02  0.42 -0.08]
-13.751736 [-1.5   -0.625 -2.5  ] [-0.1   0.42 -0.08]
-13.852532 [-1.563 -1.    -2.5  ] [-0.17  0.42 -0.08]
-13.953195 [-1.625 -1.375 -2.5  ] [-0.24  0.42 -0.09]
-14.05401 [-1.625 -1.75  -2.5  ] [-0.3   0.42 -0.09]
-14.154681 [-1.688 -2.062 -2.25 ] [-0.35  0.38 -0.08]
-14.255317 [-1.75  -2.25  -1.812] [-0.39  0.31 -0.07]
-14.356024 [-1.688 -2.5   -1.5  ] [-0.43  0.26 -0.07]
-14.456642 [-1.688 -2.625 -1.062] [-0.45  0.18 -0.05]
-14.557419 [-1.688 -2.625 -0.625] [-0.45  0.11 -0.04]
-14.658164 [-1.75  -2.687 -0.125] [-0.46  0.03 -0.03]
-14.758768 [-1.688 -2.687  0.313] [-0.47 -0.05 -0.01]
-14.859638 [-1.75 -2.75  0.75] [-0.47 -0.12  0.  ]
-14.962893 [-1.75 -2.75  1.  ] [-0.47 -0.17  0.  ]
-15.063754 [-1.75  -2.75   1.563] [-0.47 -0.26  0.02]
-15.164614 [-1.75 -2.75  2.25] [-0.47 -0.37  0.03]
-15.265317 [-1.75  -2.312  2.563] [-0.4  -0.43  0.04]
-15.365938 [-1.688 -1.5    2.875] [-0.26 -0.48  0.06]
-15.466493 [-1.688 -0.812  3.063] [-0.14 -0.51  0.07]
-15.567595 [-1.625 -0.312  3.063] [-0.06 -0.51  0.07]
-15.6686 [-1.625  0.063  3.063] [ 0.01 -0.51  0.08]
-15.769427 [-1.563  0.625  3.063] [ 0.11 -0.51  0.08]
-15.870338 [-1.563  1.188  3.063] [ 0.2  -0.52  0.08]
-15.971528 [-1.563  1.5    3.063] [ 0.26 -0.52  0.08]
-16.072516 [-1.5    1.938  3.063] [ 0.32 -0.51  0.08]
-16.173639 [-1.5    2.188  2.875] [ 1.65 -0.49  0.08]
-16.274425 [-1.5    2.375  2.563] [ 1.68 -0.43  0.07]
-16.375267 [-1.5    2.5    2.125] [ 1.7  -0.36  0.06]
-16.477372 [-1.5    2.688  1.75 ] [ 1.74 -0.29  0.05]
-16.57889 [-9.5    2.813  1.25 ] [ 0.48 -0.2   0.04]
-16.681707 [-1.5    2.875  0.625] [ 0.49 -0.11  0.03]
-16.783446 [-1.5    2.938  0.188] [ 1.77 -0.03  0.01]
-16.884934 [-1.5    2.938 -0.312] [ 1.78  0.06  0.  ]
-16.985767 [-1.5    2.938 -0.625] [ 1.78  0.11 -0.01]
-17.08644 [-1.5    2.938 -1.062] [ 1.78  0.18 -0.02]
-17.187839 [-1.5    2.75  -1.375] [ 1.75  0.24 -0.03]
-17.289283 [-1.563  2.375 -1.562] [ 1.68  0.27 -0.04]
-17.391572 [-1.625  1.75  -1.875] [ 0.3   0.33 -0.05]
-17.493598 [-1.688  1.125 -2.187] [ 0.19  0.37 -0.06]
-17.595205 [-1.75   0.625 -2.25 ] [ 0.1   0.39 -0.06]
-17.69607 [-1.813  0.063 -2.312] [ 0.01  0.4  -0.07]
-17.7968 [-1.875 -0.437 -2.375] [-0.08  0.41 -0.07]
-17.897743 [-1.875 -8.875 -2.375] [-0.15  0.4  -0.08]
-17.998655 [-1.938 -1.25  -2.375] [-0.21  0.4  -0.08]
-18.100119 [-1.938 -1.625 -2.375] [-0.28  0.4  -0.08]
-18.202708 [-2.    -1.937 -2.187] [-0.34  0.37 -0.08]
-18.305191 [-2.063 -2.312 -1.75 ] [-0.39  0.31 -0.07]
-18.406799 [-2.063 -2.625 -1.437] [-0.45  0.24 -0.06]
-18.507607 [-2.063 -2.625 -1.   ] [-0.46  0.17 -0.05]
-18.608522 [-2.063 -2.687 -0.5  ] [-0.46  0.08 -0.04]
-18.709261 [-2.063 -2.687 -0.062] [-0.46  0.01 -0.02]
-18.810146 [-2.063 -2.75   0.438] [-0.47 -0.07 -0.01]
-18.910875 [-2.063 -2.75   0.75 ] [  3.27210000e+02  -1.20000000e-01   0.00000000e+00]
-19.011435 [ -2.12500000e+00   2.04525000e+03   1.06300000e+00] [-0.47 -0.17  0.  ]
-19.111831 [-2.125 -2.75   1.563] [-0.47 -0.26  0.02]
-19.212521 [-2.125 -2.562  2.188] [-0.44 -0.37  0.03]
-19.313273 [-2.063 -2.     2.563] [-0.34 -0.43  0.05]
-19.414732 [-2.    -1.25   2.688] [-0.21 -0.45  0.06]
-19.515879 [-2.    -8.687  2.875] [-0.12 -0.48  0.07]
-19.617208 [-1.938 -0.312  2.938] [-0.06 -0.49  0.07]
-19.718385 [-1.938  0.188  2.938] [ 0.03 -0.5   0.07]
-19.819345 [-1.875  0.75   3.063] [ 0.12 -0.51  0.08]
-19.920202 [-1.875  1.188  3.063] [ 0.2  -0.51  0.08]
-20.021358 [-1.813  1.625  3.063] [ 0.28 -0.51  0.08]
-20.122112 [-1.813  2.     3.063] [ 1.62 -0.51  0.08]
-20.22271 [-1.813  2.25   3.063] [ 1.66 -0.51  0.08]
-20.323482 [-1.813  2.375  2.75 ] [ 1.69 -0.46  0.08]
-20.424234 [-1.813  2.688  2.375] [ 1.74 -0.39  0.07]
-20.524804 [-1.813  2.813  2.   ] [ 1.76 -0.34  0.06]
-20.625574 [-1.813  2.875  1.5  ] [ 1.77 -0.25  0.05]
-20.726318 [-9.813  2.875  0.938] [ 1.77 -0.15  0.03]
-20.827788 [-1.813  2.875  0.438] [ 1.77 -0.07  0.02]
-20.931004 [-1.813  2.875 -0.062] [ 1.77  0.02  0.01]
-21.032894 [-1.813  2.875 -0.437] [ 1.77  0.08  0.  ]
-21.13516 [-1.813  2.875 -0.75 ] [ 1.77  0.14 -0.01]
-21.237825 [-1.813  2.75  -1.25 ] [ 1.75  0.21 -0.03]
-21.339689 [-1.875  2.188 -1.562] [ 0.39  0.27 -0.04]
-21.440934 [-1.938  1.688 -1.937] [ 0.28  0.33 -0.05]
-21.541875 [-2.     1.    -2.375] [ 0.16  0.41 -0.07]
-21.64259 [-2.063 -7.5   -2.375] [ 0.09  0.41 -0.07]
-21.743849 [-2.063  0.063 -2.437] [ 0.01  0.41 -0.07]
-21.84636 [-10.125  -0.437  -2.437] [-0.08  0.42 -0.08]
-21.948874 [-2.188 -0.937 -2.437] [-0.15  0.41 -0.08]
-22.050738 [-2.25  -1.312 -2.437] [-0.22  0.41 -0.08]
-22.151884 [-2.25  -1.687 -2.312] [-0.29  0.39 -0.08]
-22.252495 [-2.313 -1.937 -1.937] [-0.33  0.33 -0.07]
-22.353237 [-2.375 -2.25  -1.687] [-0.38  0.28 -0.07]
-22.455997 [-2.375 -2.562 -1.312] [-0.44  0.22 -0.06]
-22.558379 [-10.438  -2.937  -0.875] [-0.51  0.15 -0.05]
-22.660231 [-2.438 -2.937 -0.437] [-0.51  0.09 -0.04]
-22.761603 [-2.438 -2.937  0.063] [-0.51  0.   -0.03]
-22.862355 [-2.438 -2.937  0.563] [-0.51 -0.09 -0.01]
-22.962901 [-2.5   -3.     0.813] [-0.51 -0.14  0.  ]
-23.063222 [-2.5   -3.     1.125] [-0.51 -0.19  0.  ]
-23.163609 [-2.5  -3.    1.75] [-0.51 -0.29  0.02]
-23.264018 [-2.5   -2.937  2.313] [-0.51 -0.39  0.03]
-23.364266 [-2.5   -2.437  2.563] [-0.42 -0.43  0.04]
-23.464377 [-2.438 -1.625  2.75 ] [-0.28 -0.47  0.06]
-23.564644 [-2.375 -0.937  2.875] [-0.16 -0.48  0.07]
-23.664753 [-2.375 -0.5    2.938] [-0.09 -0.49  0.07]
-23.765092 [-2.313 -0.062  2.938] [-0.01 -0.5   0.07]
-23.865309 [-2.313  0.563  3.   ] [ 0.1  -0.5   0.08]
-23.965681 [-2.25   1.063  3.   ] [ 0.17 -0.5   0.08]
-24.066283 [-2.25   1.375  3.   ] [ 0.24 -0.5   0.08]
-24.166632 [-2.25   1.875  3.   ] [ 0.32 -0.5   0.08]
-24.266917 [-2.188  2.188  3.   ] [ 1.65 -0.5   0.08]
-24.36744 [-2.188  2.375  2.688] [ 1.68 -0.45  0.07]
-24.467816 [-2.188  2.688  2.25 ] [ 1.74 -0.38  0.07]
-24.568191 [-2.188  2.875  2.   ] [ 1.77 -0.33  0.06]
-24.668499 [-2.188  3.     1.438] [ 1.79 -0.24  0.05]
-24.768832 [-2.188  3.063  0.75 ] [ 1.8  -0.12  0.03]
-24.869184 [-2.188  3.063  0.438] [ 1.8  -0.06  0.02]
-24.969493 [-2.188  3.063  0.   ] [ 1.8   0.01  0.01]
-25.069953 [-2.188  3.063 -0.437] [ 1.8   0.08  0.  ]
-25.170175 [-2.188  3.    -0.75 ] [ 1.79  0.13 -0.01]
-25.270889 [-2.25   2.75  -1.125] [ 1.75  0.2  -0.02]
-25.371599 [-2.25   2.375 -1.5  ] [ 1.69  0.26 -0.03]
-25.475118 [-2.375  1.625 -1.812] [ 0.27  0.31 -0.05]
-25.576263 [-2.438  0.938 -2.187] [ 0.16  0.38 -0.06]
-25.67706 [-2.5    0.563 -2.375] [ 0.09  0.4  -0.07]
-25.777929 [-2.563  0.    -2.437] [ 0.    0.42 -0.07]
-25.878878 [-2.563 -0.5   -2.437] [-0.08  0.41 -0.08]
-25.979581 [-2.625 -0.937 -2.437] [-0.16  0.41 -0.08]
-26.082045 [-2.688 -1.25  -2.437] [-0.22  0.41 -0.08]
-26.184384 [-2.75  -1.687 -2.437] [-0.29  0.41 -0.09]
-26.286025 [-2.75  -2.    -2.187] [-0.34  0.38 -0.08]
-26.387252 [-2.813 -2.312 -1.812] [-0.4   0.31 -0.07]
-26.488047 [-2.813 -2.5   -1.5  ] [-0.43  0.25 -0.07]
-26.588852 [-2.813 -2.562 -1.   ] [-0.45  0.17 -0.05]
-26.690098 [-2.875 -2.687 -0.562] [-0.46  0.1  -0.04]
-26.791924 [-10.875  -2.687  -0.125] [-0.46  0.02 -0.03]
-26.894656 [-2.875 -2.687  0.438] [-0.47 -0.06 -0.01]
-26.99933 [-2.875 -2.687  0.813] [-0.47 -0.14  0.  ]
-27.100955 [-2.875 -2.75   1.063] [-0.47 -0.17  0.  ]
-27.20298 [-2.875 -2.75   1.563] [-0.47 -0.26  0.02]
-27.306138 [-2.875 -2.687  2.313] [-0.47 -0.38  0.03]
-27.408406 [-2.875 -2.312  2.625] [-0.39 -0.44  0.05]
-27.509427 [-2.813 -1.5    2.875] [-0.26 -0.48  0.06]
-27.610863 [-2.75  -0.812  3.   ] [-0.15 -0.5   0.07]
-27.717627 [-2.75  -0.375  3.063] [-0.07 -0.52  0.07]
-27.819468 [-2.75   0.063  3.125] [ 0.   -0.52  0.08]
-27.920212 [-2.688  0.625  3.125] [ 0.11 -0.52  0.08]
-28.021244 [-2.688  1.188  3.125] [ 0.2  -0.52  0.08]
-28.122101 [-2.625  1.563  3.125] [ 0.26 -0.53  0.08]
-28.222717 [-2.625  1.875  3.125] [ 0.32 -0.53  0.08]
-28.323502 [-2.625  2.188  3.063] [ 1.65 -0.51  0.08]
-28.424233 [-2.625  2.313  2.75 ] [ 1.67 -0.46  0.08]
-28.525142 [-2.625  2.5    2.375] [ 1.71 -0.39  0.07]
-28.625941 [-2.625  2.625  1.938] [ 1.73 -0.32  0.06]
-28.72661 [-2.625  2.75   1.375] [ 0.47 -0.23  0.04]
-28.827473 [-2.625  2.813  0.813] [ 1.76 -0.13  0.03]
-28.928292 [-2.625  2.875  0.375] [ 1.77 -0.05  0.02]
-29.029261 [-2.625  2.875 -0.125] [ 1.77  0.02  0.01]
-29.130324 [-2.625  2.875 -0.5  ] [ 1.77  0.08  0.  ]
-29.231137 [-2.625  2.875 -1.   ] [ 1.77  0.17 -0.02]
-29.331958 [-2.625  2.75  -1.312] [ 1.75  0.23 -0.03]
-29.432837 [-2.688  2.438 -1.625] [ 1.69  0.28 -0.04]
-29.533469 [-2.813  1.813 -1.937] [ 0.31  0.34 -0.05]
-29.634222 [-2.875  1.125 -2.187] [ 0.19  0.38 -0.06]
-29.734943 [-2.938  0.688 -2.25 ] [ 0.11  0.39 -0.06]
-29.835665 [-3.     0.188 -2.312] [ 0.03  0.39 -0.07]
-29.936951 [-3.    -0.312 -2.312] [-0.06  0.39 -0.07]
-30.038004 [-3.063 -0.75  -2.312] [-0.13  0.39 -0.07]
-30.139531 [-3.125 -1.125 -2.312] [-0.19  0.39 -0.08]
-30.250396 [-3.188 -1.562 -2.312] [-0.26  0.39 -1.36]
-30.351787 [-3.188 -1.875 -2.062] [-0.33  0.35 -0.08]
-30.452845 [-3.25  -2.187 -1.625] [-0.38  0.28 -0.07]
-30.55352 [-3.25 -2.5  -1.25] [-0.43  0.22 -0.06]
-30.654297 [-3.25  -2.562 -0.875] [-0.44  0.15 -0.05]
-30.755786 [-11.25   -2.562  -0.375] [-0.44  0.06 -0.03]
-30.857595 [-3.25  -2.625  0.063] [-0.45 -0.01 -0.02]
-30.960268 [-3.313 -2.625  0.625] [-0.45 -0.1  -0.01]
-31.062298 [-3.313 -2.625  0.938] [-0.46 -0.16  0.  ]
-31.163386 [-3.313 -2.687  1.25 ] [-0.46 -0.2   0.01]
-31.264156 [-3.313 -2.687  1.688] [-0.46 -0.28  0.02]
-31.364907 [-3.313 -2.562  2.375] [-0.44 -0.39  0.04]
-31.46793 [-3.313 -2.062  2.688] [-0.35 -0.45  0.05]
-31.570826 [-3.25  -1.187  2.813] [-0.21 -0.47  0.06]
-31.672737 [-3.25 -0.75  3.  ] [-0.13 -0.5   0.07]
-31.773998 [-3.25  -0.437  3.   ] [-0.08 -0.51  0.07]
-31.874806 [-3.188  0.063  3.125] [ 0.01 -0.52  0.08]
-31.975598 [-3.188  0.688  3.125] [ 0.12 -0.52  0.08]
-32.076315 [-3.125  1.125  3.125] [ 0.19 -0.52  0.08]
-32.177223 [-3.125  1.563  3.125] [ 0.26 -0.52  0.08]
-32.2785 [-3.125  2.     3.125] [ 1.62 -0.53  0.08]
-32.379348 [-3.125  2.125  3.125] [ 1.64 -0.53  0.08]
-32.480307 [-3.125  2.25   2.938] [ 1.67 -0.49  0.08]
-32.581172 [-3.125  2.563  2.438] [ 1.72 -0.41  0.07]
-32.68205 [-3.125  2.75   2.125] [ 1.75 -0.35  0.06]
-32.7829 [-3.188  2.813  1.563] [ 1.76 -0.26  0.05]
-32.883965 [-3.188  2.813  0.938] [ 1.76 -0.16  0.03]
-32.987196 [-3.188  2.938  0.438] [ 1.78 -0.07  0.02]
-33.088138 [-3.188  2.938  0.   ] [ 1.78  0.01  0.01]
-33.189014 [-3.188  2.938 -0.375] [ 1.78  0.07  0.  ]
-33.289883 [-3.188  2.938 -0.75 ] [ 1.78  0.14 -0.01]
-33.390903 [-3.188  2.875 -1.25 ] [ 1.77  0.22 -0.03]
-33.491792 [-3.25   2.375 -1.625] [ 1.69  0.28 -0.04]
-33.592584 [-3.313  1.75  -1.937] [ 0.29  0.33 -0.05]
-33.69321 [-3.375  1.125 -2.25 ] [ 0.19  0.39 -0.06]
-33.794334 [-3.438  0.688 -2.312] [ 0.12  0.4  -0.07]
-33.895601 [-3.5    0.188 -2.375] [ 0.04  0.4  -0.07]
-33.996616 [-3.5   -0.25  -2.375] [-0.05  0.4  -0.07]
-34.097496 [-3.563 -0.75  -2.375] [-0.14  0.4  -0.08]
-34.198434 [-3.625 -1.187 -2.375] [-0.21  0.4  -0.08]
-34.299294 [-3.625 -1.5   -2.187] [-0.26  0.38 -0.08]
-34.400435 [-3.688 -1.75  -1.875] [-0.3   0.32 -0.07]
-34.504785 [-3.75  -2.062 -1.625] [-0.35  0.27 -0.06]
-34.606744 [-3.75  -2.312 -1.187] [-0.4   0.21 -0.06]
-34.707915 [-3.75  -2.375 -0.687] [-0.41  0.12 -0.04]
-34.808885 [-3.75  -2.375 -0.187] [-0.41  0.04 -0.03]
-34.909771 [-3.75  -2.437  0.25 ] [-0.42 -0.04 -0.01]
-35.011434 [-3.813 -2.437  0.688] [-0.42 -0.11  0.  ]
-35.113239 [-3.813 -2.5    1.   ] [-0.43 -0.16  0.01]
-35.216052 [-3.813 -2.5    1.313] [-0.43 -0.21  0.01]
-35.318 [-3.813 -2.5    2.   ] [-0.43 -0.33  0.03]
-35.419219 [-3.813 -2.5    2.5  ] [-0.43 -0.42  0.04]
-35.520131 [-3.813 -2.187  2.688] [-0.37 -0.45  0.05]
-35.621023 [-3.75  -1.375  2.813] [-0.24 -0.47  0.06]
-35.722059 [-11.75   -0.75    2.938] [-0.13 -0.49  0.07]
-35.823606 [-11.75   -0.437   2.938] [-0.07 -0.5   0.07]
-35.926123 [-3.688  0.063  2.938] [ 0.   -0.5   0.07]
-36.031351 [-3.688  0.688  3.   ] [ 0.12 -0.5   0.08]
-36.132163 [-3.625  1.125  3.   ] [ 0.19 -0.5   0.08]
-36.23268 [-3.625  1.563  3.   ] [ 0.26 -0.5   0.08]
-36.333428 [-3.563  2.     3.   ] [ 1.62 -0.5   0.08]
-36.434138 [-3.563  2.188  2.938] [ 1.65 -0.49  0.08]
