The flat matrix is [[  4.938  -0.375 -14.562]
 [ -0.06    2.47    9.48 ]] 
-0.079048 [-3.813 -1.437  8.937] [-0.25 -1.5   0.27]
-0.183695 [ 4.5   -0.75   3.375] [-0.13 -0.57  0.13]
-0.287939 [ 4.625 -1.125  2.375] [-0.19 -0.4   0.1 ]
-0.391393 [ 4.812 -0.75   1.937] [-0.13 -0.33  0.08]
-0.494387 [ 4.875 -0.562  2.125] [-0.1  -0.36  0.09]
-0.598505 [ 4.875 -0.75   1.687] [-0.13 -0.29  0.07]
-0.702617 [ 5.562 -0.312 -0.375] [-0.06  0.06 -0.01]
-0.805621 [ 6.312  1.5   -0.563] [ 1.54  0.09 -0.02]
-0.909623 [ 6.187  2.625  0.5  ] [ 1.73 -0.06  0.01]
-1.013737 [ 6.     2.875  2.75 ] [ 1.76 -0.46  0.1 ]
-1.116536 [ 5.875  3.     5.375] [ 1.79 -0.91  0.19]
-1.220383 [ 5.75   2.688  8.687] [ 1.73 -1.47  0.26]
-1.323405 [  5.25    2.313  11.937] [ 1.67 -2.02  0.31]
-1.426465 [  5.25   2.    11.5 ] [ 1.62 -1.95  0.3 ]
-1.529481 [ 5.312  1.938  9.562] [ 1.61 -1.62  0.28]
-1.632308 [ 5.25   1.75   8.562] [ 0.3  -1.44  0.26]
-1.735818 [ 4.937  0.813  9.437] [ 1.42 -1.59  0.28]
-1.839687 [  4.625  -0.562  10.812] [-0.1  -1.83  0.3 ]
-1.943694 [  4.562   0.5    12.625] [ 1.36 -2.14  0.32]
-2.047326 [ -4.125   1.438  14.875] [ 1.52 -2.52  0.32]
-2.152816 [  4.125   0.813  15.625] [ 0.15 -2.64  0.32]
-2.256511 [  4.125   0.563  16.125] [ 1.38 -2.73  0.32]
-2.359468 [  4.187   0.375  16.312] [ 0.06 -2.77  0.32]
-2.464558 [  4.187   0.188  15.75 ] [ 0.03 -2.67  0.32]
-2.567465 [  4.25   -0.187  14.687] [-0.04 -2.49  0.32]
-2.670644 [  4.25   -0.875  13.812] [-0.15 -2.34  0.32]
-2.773372 [  4.125  -1.437  12.562] [-0.24 -2.14  0.31]
-2.876455 [  4.     -1.937  11.625] [-0.33 -1.96  0.3 ]
-2.979357 [  3.875  -2.5    10.625] [-0.43 -1.79  0.29]
-3.08269 [ 3.687 -2.937  9.937] [-0.49 -1.69  0.27]
-3.18715 [ 3.5   -3.625  9.   ] [-0.62 -1.52  0.25]
-3.291834 [-4.625 -5.187  8.312] [-0.89 -1.4   0.22]
-3.395998 [ 3.312 -5.562  7.812] [-0.95 -1.32  0.2 ]
-3.499271 [-4.75  -5.687  7.687] [-0.98 -1.3   0.19]
-3.603691 [ 3.25  -6.     7.375] [-1.03 -1.26  0.18]
-3.707609 [ 3.25 -6.25  7.  ] [-1.07 -1.19  0.17]
-3.811092 [ 3.25  -6.312  6.5  ] [-1.08 -1.11  0.16]
-3.915213 [ 3.25  -5.812  5.625] [-0.99 -0.96 -1.13]
-4.019635 [ 3.312 -5.     4.625] [-0.86 -0.79  0.13]
-4.122572 [ 3.312 -4.312  3.312] [-0.74 -0.57  0.1 ]
-4.227011 [ 3.312 -3.562  1.437] [-0.61 -0.25  0.04]
-4.330013 [ 3.5   -2.937  0.312] [-0.5  -0.06  0.  ]
-4.432922 [ 3.562 -2.375  0.   ] [-0.41 -0.01 -0.01]
-4.535945 [ 3.75  -0.812  0.187] [-0.18 -0.03  0.01]
-4.639681 [ 3.937  0.25   0.312] [ 0.04 -0.05  0.02]
-4.743394 [ 4.062  1.063  0.562] [ 0.18 -0.1   0.03]
-4.847432 [ 4.187  1.875  1.062] [ 1.6  -0.18  0.04]
-4.950368 [ 4.25  2.5   1.5 ] [ 1.7  -0.25  0.06]
-5.054545 [ 4.375  3.313  2.437] [ 0.56 -0.39  0.08]
-5.15949 [-3.688  3.688  3.25 ] [ 1.9  -0.55  0.11]
-5.263164 [ 4.187  3.5    4.   ] [ 0.6  -0.68  0.14]
-5.368331 [ 4.25   3.938  5.25 ] [ 1.95 -0.88  0.17]
-5.471341 [ 4.187  3.438  6.   ] [ 1.87 -1.01  0.2 ]
-5.574228 [ 4.125  3.063  6.687] [ 1.8  -1.13  0.22]
-5.67711 [ 4.312  2.125  4.25 ] [ 1.68 -0.77  0.17]
-5.780073 [ 4.062  1.188  3.   ] [ 1.48 -0.5   0.12]
-5.88322 [ 4.     0.875  2.687] [ 1.43 -0.45  0.11]
-5.986508 [ 4.125  0.563  2.375] [ 1.38 -0.41  0.1 ]
-6.089977 [ 4.187  0.25   2.25 ] [ 0.03 -0.38  0.09]
-6.193949 [-3.875 -0.062  2.25 ] [-0.02 -0.38  0.09]
-6.29875 [ 4.125 -0.25   2.312] [-0.04 -0.39  0.1 ]
-6.401749 [ 4.125 -0.312  2.312] [-0.06 -0.39  0.1 ]
-6.506401 [ 4.187 -0.562  2.125] [-0.1  -0.36  0.09]
-6.610231 [ 4.312 -1.062  1.625] [-0.18 -0.27  0.07]
-6.713083 [ 4.375 -1.375  1.125] [-0.24 -0.19  0.05]
-6.817122 [ 4.375 -1.625  0.75 ] [-0.28 -0.13  0.03]
-6.921399 [ 4.25  -2.     0.437] [-0.35 -0.08  0.02]
-7.024344 [ 4.125 -2.5    0.25 ] [-0.43 -0.05  0.  ]
-7.127073 [    4.       -2.937  2047.937] [-0.51  0.   -0.01]
-7.231064 [ 4.    -3.625 -0.438] [-0.62  0.06 -0.04]
-7.334482 [ 4.25  -4.25  -0.813] [-0.73  0.12 -0.06]
-7.437658 [ 4.437 -4.75  -1.75 ] [-0.8   0.26 -0.11]
-7.541467 [ 4.375 -5.5   -2.125] [-0.94  0.33 -0.14]
-7.644958 [ 4.437 -6.    -2.5  ] [-1.03  0.39 -0.17]
-7.749677 [ 4.25  -6.5   -3.188] [-1.1   0.49 -0.21]
-7.852651 [ 4.5   -6.437 -3.813] [-1.1   0.6  -0.25]
-7.956794 [ 4.75  -6.437 -4.375] [-1.1   0.69 -0.28]
-8.060831 [ 5.187 -6.125 -4.938] [-1.05  0.78 -0.3 ]
-8.164602 [ 5.75 -5.5  -5.5 ] [-0.95  0.88 -0.32]
-8.269378 [ 6.312 -4.875 -6.   ] [-0.85  0.95 -0.34]
-8.372918 [ 6.75  -4.125 -6.313] [-0.71  1.02 -0.35]
-8.476478 [ 7.187 -3.437 -6.438] [-0.59  1.04 -0.35]
-8.579445 [ 7.562 -2.75  -6.5  ] [-0.47  1.05 -0.35]
-8.682374 [ 7.875 -1.812 -6.438] [-0.31  1.04 -0.34]
-8.785421 [ 7.937 -1.187 -6.188] [-0.2   1.01 -0.32]
-8.88824 [ 8.062 -0.375 -5.938] [-0.07  0.96 -0.3 ]
-8.991649 [ 8.312  0.563 -5.25 ] [ 1.37  0.85 -0.26]
-9.094603 [ 0.25   0.875 -4.688] [ 1.42  0.76 -0.23]
-9.199445 [ 8.437  1.375 -4.   ] [ 1.51  0.67 -0.2 ]
-9.303348 [ 8.437  1.625 -3.438] [ 1.55  0.56 -0.16]
-9.406241 [ 8.562  1.563 -2.625] [ 1.54  0.42 -0.12]
-9.5106 [ 8.687  1.375 -1.25 ] [ 1.52  0.22 -0.06]
-9.614238 [ 8.5    1.313 -0.188] [ 0.22  0.03  0.  ]
-9.717735 [ 8.375  1.25   0.687] [ 1.49 -0.12  0.03]
-9.822288 [ 8.187  1.25   1.375] [ 1.49 -0.23  0.06]
-9.925893 [ 8.187  1.188  1.625] [ 1.48 -0.27  0.07]
-10.029317 [ 8.125  0.938  1.75 ] [ 1.44 -0.29  0.07]
-10.132356 [ 8.062  0.5    1.937] [ 1.36 -0.33  0.08]
-10.235971 [ 8.     0.25   2.062] [ 0.04 -0.34  0.09]
-10.338879 [ 7.937 -0.687  2.062] [-0.12 -0.34  0.09]
-10.441921 [ 7.687 -1.75   1.937] [-0.3  -0.33  0.08]
-10.545893 [ 7.687 -1.75   2.   ] [-0.3  -0.34  0.08]
-10.648555 [ 7.687 -1.75   1.937] [-0.31 -0.32  0.08]
-10.752212 [ 7.75  -1.812  1.75 ] [-0.31 -0.29  0.07]
-10.854597 [ 7.937 -2.     1.437] [-0.34 -0.24  0.05]
-10.956429 [ 8.    -2.187  1.062] [-0.37 -0.19  0.04]
-11.059249 [ 8.125 -2.312  0.875] [-0.41 -0.15  0.03]
-11.162816 [ 7.812 -2.875  0.437] [-0.49 -0.09  0.01]
-11.265633 [  7.437 -11.25    0.125] [-0.56 -0.02 -0.01]
-11.367415 [ 6.937 -3.812 -0.188] [-0.66  0.02 -0.03]
-11.469757 [ 6.375 -4.25  -0.438] [-0.73  0.06 -0.05]
-11.573467 [ 6.187 -4.812 -0.875] [-0.82  0.12 -0.07]
-11.67611 [ 5.812 -5.562 -1.438] [-0.95  0.22 -0.11]
-11.777947 [ 5.687 -5.875 -1.875] [-1.01  0.29 -0.14]
-11.879658 [ 5.562 -6.062 -2.375] [-1.04  0.37 -0.17]
-11.981439 [ 5.625 -6.062 -3.125] [-1.04  0.49 -0.2 ]
-12.083082 [ 5.75  -6.    -4.125] [-1.03  0.65 -0.25]
-12.18515 [ 5.875 -5.687 -4.813] [-0.98  0.76 -0.29]
-12.287046 [ 6.312 -5.062 -5.313] [-0.87  0.85 -0.31]
-12.38878 [ 6.812 -4.375 -5.75 ] [-0.76  0.93 -0.32]
-12.490753 [ 7.062 -3.812 -6.25 ] [-0.66  1.   -0.34]
-12.592656 [ 7.562 -3.312 -6.438] [-0.57  1.04 -0.35]
-12.694516 [-2039.813    -2.625    -6.563] [-0.46  1.06 -0.35]
-12.796466 [ 8.625 -1.812 -6.375] [-0.33  1.04 -0.34]
-12.898498 [ 8.812 -1.125 -6.125] [-0.2   0.99 -0.32]
-13.000312 [ 9.062 -0.312 -5.813] [-0.05  0.94 -0.29]
-13.102814 [ 9.187  0.438 -5.188] [ 1.35  0.85 -0.26]
-13.206362 [ 9.312  0.938 -4.563] [ 0.15  0.75 -0.22]
-13.308412 [ 9.375  1.438 -3.938] [ 1.52  0.64 -0.19]
-13.410349 [ 1.312  1.688 -3.375] [ 1.56  0.55 -0.16]
-13.513668 [ 9.312  1.75  -2.563] [ 1.57  0.42 -0.12]
-13.622238 [ 9.187  1.625 -1.25 ] [ 1.56  0.2  -0.05]
-13.727778 [ 9.     1.563 -0.125] [ 1.55  0.02  0.  ]
-13.829394 [ 8.75   1.563  0.812] [ 1.55 -0.14  0.04]
-13.930879 [ 8.562  1.625  1.437] [ 1.55 -0.25  0.06]
-14.032465 [ 8.437  1.625  1.75 ] [ 1.55 -0.29  0.07]
-14.134222 [ 8.312  1.375  1.812] [ 1.51 -0.31  0.08]
-14.235965 [ 8.125  0.938  2.   ] [ 1.44 -0.34  0.08]
-14.337921 [ 7.625 -0.812  2.375] [ -1.20000000e-01  -3.28070000e+02   1.00000000e-01]
-14.439849 [ 7.562 -0.687  2.5  ] [-0.12 -0.42  0.1 ]
-14.542216 [ 7.75  -0.75   2.375] [-0.13 -0.4   0.1 ]
-14.644157 [ 7.812 -0.875  2.25 ] [-0.15 -0.38  0.09]
-14.745999 [ 7.875 -1.062  2.062] [-0.19 -0.35  0.08]
-14.847974 [ 7.875 -1.375  1.812] [-0.23 -0.31  0.07]
-14.94999 [ 7.875 -1.625  1.437] [-0.29 -0.25  0.06]
-15.051654 [ 7.687 -2.     1.125] [-0.35 -0.19  0.04]
-15.153911 [ 7.562 -2.5    0.812] [-0.43 -0.14  0.03]
-15.257027 [ 7.375 -3.     0.5  ] [-0.51 -0.1   0.01]
-15.359667 [ 7.25  -3.562  0.125] [-0.61 -0.03 -0.01]
-15.461391 [ 7.25  -3.937 -0.125] [-0.68  0.01 -0.03]
-15.563598 [ 7.125 -4.875 -1.125] [-0.84  0.17 -0.09]
-15.667364 [ 7.    -6.125 -1.938] [-1.04  0.3  -0.14]
-15.770104 [ 7.    -6.75  -2.313] [-1.16  0.35 -0.18]
-15.871912 [ 7.125 -6.75  -2.688] [-1.16  0.41 -0.19]
-15.974246 [ 7.375 -6.562 -3.188] [-1.13  0.5  -0.22]
-16.077319 [-0.375 -6.5   -3.625] [-1.11  0.57 -0.24]
-16.180663 [ 7.687 -6.687 -4.063] [-1.15  0.64 -0.27]
-16.282502 [ 7.875 -6.5   -4.563] [-1.11  0.72 -0.29]
-16.384512 [ 8.312 -5.75  -5.125] [-0.98  0.81 -0.3 ]
-16.486511 [ 8.687 -5.    -5.688] [-0.86  0.91 -0.33]
-16.588293 [ 9.125 -4.25  -5.938] [-0.73  0.96 -0.33]
-16.690242 [ 9.562 -3.437 -6.188] [-0.6   0.99 -0.33]
-16.792241 [ 10.125  -2.5    -6.313] [-0.43  1.02 -0.33]
-16.894517 [ 10.375  -1.875  -6.25 ] [-0.32  1.01 -0.33]
-16.996817 [ 10.5    -1.25   -6.063] [-0.22  0.98 -0.31]
-17.098663 [ 10.812  -0.375  -5.688] [-0.07  0.93 -0.29]
-17.201172 [ 10.937   0.375  -5.063] [ 0.06  0.83 -0.25]
-17.303285 [ 10.937   0.875  -4.5  ] [ 1.43  0.73 -0.22]
-17.405122 [ 3.     1.375 -3.875] [ 1.51  0.64 -0.19]
-17.507641 [ 10.875   1.625  -3.   ] [ 1.56  0.49 -0.14]
-17.611123 [ 10.812   1.813  -1.938] [ 1.59  0.33 -0.09]
-17.713379 [ 10.687   1.75   -0.813] [ 1.58  0.13 -0.03]
-17.815156 [ 10.5     1.625   0.125] [ 1.56 -0.02  0.01]
-17.917757 [ 10.25    1.625   1.   ] [ 1.55 -0.17  0.04]
-18.021171 [ 10.062   1.563   1.562] [ 1.55 -0.26  0.06]
-18.123732 [ 10.      1.5     1.687] [ 1.53 -0.28  0.07]
-18.22705 [ 9.75   1.125  1.812] [ 1.47 -0.31  0.08]
-18.330266 [ 9.625  0.688  2.062] [ 0.13 -0.34  0.09]
-18.433519 [ 9.125 -0.625  2.5  ] [-0.11 -0.42  0.1 ]
-18.535789 [ 9.25  -0.625  2.5  ] [-0.11 -0.43  0.1 ]
-18.63756 [ 9.375 -0.687  2.375] [-0.12 -0.4   0.1 ]
-18.739475 [ 9.5   -0.812  2.25 ] [-0.14 -0.37  0.09]
-18.84109 [ 9.562 -1.062  2.   ] [-0.19 -0.33  0.08]
-18.942827 [ 9.625 -1.375  1.687] [-0.24 -0.29  0.07]
-19.04481 [ 9.625 -1.625  1.375] [-0.28 -0.23  0.06]
-19.14645 [ 9.562 -1.875  1.125] [-0.33 -0.19  0.04]
-19.248445 [ 9.312 -2.25   0.75 ] [-0.39 -0.14  0.03]
-19.350004 [ 9.125 -2.875  0.437] [-0.5  -0.08  0.01]
-19.451787 [    9.062    -3.437  2048.187] [-0.6  -0.04 -0.01]
-19.553925 [ 8.937 -4.062 -0.813] [-0.7   0.12 -0.06]
-19.656196 [ 8.687 -5.062 -1.125] [-0.87  0.17 -0.09]
-19.758471 [ 8.562 -5.687 -1.438] [-0.97  0.22 -0.11]
-19.862214 [ 8.5   -6.062 -1.875] [-1.04  0.28 -0.14]
-19.965099 [-2039.5      -6.125    -2.313] [-1.05  0.35 -0.16]
-20.067087 [ 8.5   -6.25  -2.813] [-1.07  0.43 -0.19]
-20.169584 [ 8.625 -6.312 -3.375] [-1.08  0.53 -0.22]
-20.273388 [ 8.687 -6.312 -4.063] [-1.08  0.63 -0.25]
-20.375985 [ 8.75  -6.375 -4.563] [-1.09  0.72 -0.29]
-20.477724 [ 8.937 -5.75  -5.188] [-0.99  0.82 -0.31]
-20.580326 [ 9.    -4.812 -5.688] [-0.82  0.91 -0.32]
-20.68418 [ 9.125 -3.687 -6.125] [-0.65  0.98 -0.33]
-20.787026 [ 9.187 -2.875 -6.313] [-0.5   1.02 -0.34]
-20.888836 [ 9.375 -2.312 -6.375] [-0.4   1.03 -0.34]
-20.990633 [ 9.625 -1.5   -6.313] [-0.26  1.02 -0.33]
-21.092313 [ 9.687 -0.812 -6.063] [-0.14  0.99 -0.31]
-21.194323 [ 9.937  0.063 -5.688] [ 0.01  0.93 -0.29]
-21.296475 [ 10.062   0.938  -5.063] [ 1.42  0.83 -0.25]
-21.398376 [ 10.062   1.313  -4.563] [ 1.5   0.74 -0.22]
-21.500057 [ 10.187   1.813  -3.938] [ 1.59  0.64 -0.19]
-21.601916 [ 10.187   2.063  -3.25 ] [ 1.63  0.53 -0.15]
-21.704063 [ 10.187   2.188 -10.125] [ 1.65  0.35 -0.1 ]
-21.806333 [ 10.      2.063  -0.875] [ 1.63  0.16 -0.04]
-21.908543 [ 9.75  2.    0.  ] [ 1.62 -0.01  0.  ]
-22.010537 [ -9.75    0.313  14.5  ] [ 1.61 -0.16  0.04]
-22.113352 [ 9.375  1.875  1.375] [ 1.6  -0.24  0.06]
-22.217059 [ 9.312  1.75   1.562] [ 1.57 -0.27  0.07]
-22.319063 [ 9.187  1.438  1.687] [ 1.52 -0.29  0.07]
-22.420992 [ 9.125  1.125  1.75 ] [ 1.47 -0.3   0.08]
-22.5238 [ 9.062  0.688  2.   ] [ 1.39 -0.33  0.08]
-22.627723 [ 9.125  0.375  2.062] [ 1.34 -0.34  0.09]
-22.730257 [ 8.937 -0.625  2.   ] [-0.11 -0.34  0.09]
-22.833106 [ 9.    -0.687  2.   ] [-0.12 -0.33  0.08]
-22.937046 [ 9.    -0.875  1.875] [-0.15 -0.32  0.08]
-23.03966 [ 9.    -1.062  1.625] [-0.19 -0.27  0.07]
-23.141436 [ 8.937 -1.312  1.25 ] [-0.23 -0.22  0.05]
-23.243402 [ 8.812 -1.625  1.062] [-0.28 -0.18  0.04]
-23.345469 [ 8.625 -2.125  0.875] [-0.37 -0.15  0.03]
-23.447467 [ 8.562 -2.75   0.562] [-0.47 -0.11  0.02]
-23.549038 [ 8.437 -3.25   0.187] [-0.56 -0.04 -0.01]
-23.65116 [  8.37500000e+00   2.04418800e+03  -6.30000000e-02] [-0.65  0.   -0.02]
-23.752624 [ 8.25  -4.562 -0.375] [-0.78  0.05 -0.05]
-23.854305 [ 8.187 -5.125 -0.813] [-0.88  0.12 -0.08]
-23.95619 [ 7.937 -5.625 -1.375] [-0.97  0.2  -0.11]
-24.057961 [ 7.875 -6.    -1.813] [-1.02  0.27 -0.13]
-24.159885 [ 8.    -6.25  -2.375] [-1.07  0.36 -0.17]
-24.261943 [ 8.25  -6.187 -3.063] [-1.06  0.48 -0.2 ]
-24.364294 [ 0.312 -6.375 -3.813] [-1.09  0.6  -0.25]
-24.468352 [ 8.437 -6.187 -4.5  ] [-1.06  0.71 -0.28]
-24.570843 [ 8.687 -5.375 -5.125] [-0.93  0.82 -0.3 ]
-24.672811 [ 0.875 -4.687 -5.75 ] [-0.8   0.92 -0.32]
-24.775524 [ 9.062 -3.937 -6.063] [-0.67  0.98 -0.34]
-24.878874 [ 9.25  -3.062 -6.313] [-0.54  1.01 -0.34]
-24.981416 [ 9.437 -2.25  -6.375] [-0.39  1.03 -0.34]
-25.083154 [ 9.562 -1.437 -6.25 ] [-0.26  1.01 -0.32]
-25.185158 [ 1.625 -0.75  -6.   ] [-0.13  0.98 -0.31]
-25.288858 [ 9.875  0.25  -5.688] [ 0.02  0.93 -0.29]
-25.39176 [ 10.      1.063  -5.063] [ 1.45  0.82 -0.25]
-25.494074 [ 10.125   1.375  -4.563] [ 1.51  0.74 -0.22]
-25.595763 [ 10.062   1.875  -3.875] [ 1.6   0.63 -0.19]
-25.697691 [ 10.      2.125  -3.313] [ 1.64  0.54 -0.16]
-25.799426 [ 10.      2.188  -2.5  ] [ 1.65  0.41 -0.12]
-25.901135 [ 9.812  2.063 -1.063] [ 1.63  0.19 -0.05]
-26.003432 [ 9.5    2.    -0.063] [ 1.62  0.01  0.  ]
-26.105684 [ 9.312  2.     0.875] [ 1.62 -0.15  0.04]
-26.207804 [ 9.125  2.     1.437] [ 1.61 -0.25  0.06]
-26.309441 [ 1.062  1.875  1.687] [ 0.32 -0.29  0.07]
-26.412565 [ 9.     1.563  1.75 ] [ 1.54 -0.3   0.07]
-26.514531 [ 8.812  1.125  2.   ] [ 1.47 -0.33  0.08]
-26.617017 [ 8.562 -0.125  2.187] [-0.02 -0.37  0.09]
-26.720519 [ 8.437 -0.375  2.437] [-0.07 -0.41  0.1 ]
-26.823381 [ 8.5   -0.437  2.375] [-0.08 -0.4   0.1 ]
-26.925202 [ 8.625 -0.5    2.25 ] [-0.09 -0.38  0.09]
-27.027183 [ 8.687 -0.75   2.062] [-0.13 -0.35  0.09]
-27.13028 [ 0.75  -1.     1.812] [-0.18 -0.31  0.08]
-27.233646 [ 8.75  -1.312  1.5  ] [-0.23 -0.25  0.06]
-27.335681 [ 8.562 -1.562  1.125] [-0.27 -0.19  0.05]
-27.437706 [ 8.375 -2.125  0.812] [-0.37 -0.14  0.03]
-27.541411 [ 8.312 -2.75   0.5  ] [-0.47 -0.1   0.01]
-27.644807 [ 8.25  -3.187  0.187] [-0.55 -0.04 -0.01]
-27.746876 [ 8.187 -3.625 -0.125] [-0.62  0.01 -0.02]
-27.848486 [ 8.125 -4.5   -0.438] [-0.77  0.06 -0.05]
-27.950205 [ 8.    -5.375 -1.625] [-0.92  0.25 -0.12]
-28.052006 [ 7.937 -6.062 -2.   ] [-1.04  0.31 -0.15]
-28.154173 [ 8.062 -6.062 -2.5  ] [-1.04  0.37 -0.17]
-28.256316 [ 8.125 -6.062 -2.938] [-1.04  0.46 -0.19]
-28.358239 [ 8.312 -6.    -3.625] [-1.03  0.57 -0.23]
-28.46083 [ 8.375 -6.062 -4.188] [-1.04  0.66 -0.26]
-28.563024 [ 8.437 -6.062 -4.688] [-1.04  0.74 -0.29]
-28.665129 [ 8.625 -5.25  -5.25 ] [-0.92  0.82 -0.3 ]
-28.767349 [ 8.875 -4.437 -5.813] [-0.76  0.93 -0.33]
-28.870016 [ 1.    -3.625 -6.125] [-0.62  0.99 -0.34]
-28.973744 [ 9.062 -2.687 -6.25 ] [-0.48  1.01 -0.34]
-29.077012 [ 9.187 -1.875 -6.313] [-0.32  1.02 -0.33]
-29.179295 [ 9.312 -1.125 -6.188] [-0.2   1.01 -0.32]
-29.283057 [ 9.375 -0.562 -6.063] [-0.1   0.99 -0.31]
-29.38629 [ 9.687  0.375 -5.688] [ 1.34  0.92 -0.28]
-29.48836 [ 9.812  1.188 -5.063] [ 1.48  0.82 -0.25]
-29.590563 [ -9.563   0.313  14.5  ] [ 1.55  0.74 -0.22]
-29.693694 [ 1.937  2.063 -3.875] [ 1.63  0.63 -0.19]
-29.797149 [ 9.875  2.313 -3.   ] [ 1.67  0.48 -0.14]
-29.898915 [ 9.812  2.438 -2.   ] [ 1.69  0.32 -0.09]
-30.000608 [ 9.687  2.313 -0.875] [ 1.68  0.14 -0.04]
-30.102682 [ 9.5   2.25  0.  ] [ 1.66 -0.01  0.  ]
-30.204647 [ 9.25   2.188  0.937] [ 1.65 -0.16  0.04]
-30.306985 [ 9.187  2.063  1.5  ] [ 1.63 -0.25  0.06]
-30.409039 [ 9.125  2.     1.625] [ 1.62 -0.27  0.07]
-30.511118 [ 8.937  1.688  1.75 ] [ 1.56 -0.3   0.07]
-30.612895 [ 8.875  1.313  2.   ] [ 1.5  -0.33  0.08]
-30.714619 [ 8.5   -0.375  2.312] [-0.07 -0.39  0.1 ]
-30.816775 [ 8.437 -0.5    2.562] [-0.09 -0.43  0.1 ]
-30.919253 [ 8.5 -0.5  2.5] [-0.09 -0.42  0.1 ]
-31.021186 [ 8.687 -0.625  2.437] [-0.11 -0.41  0.1 ]
-31.12323 [ 8.75  -0.875  2.25 ] [-0.15 -0.38  0.09]
-31.226611 [ 8.812 -1.125  1.937] [-0.19 -0.34  0.08]
-31.329204 [ 8.75  -1.375  1.562] [-0.24 -0.27  0.07]
-31.431193 [ 0.625 -1.625  1.25 ] [-0.29 -0.21  0.05]
-31.534031 [ 0.562 -2.062  0.937] [-0.36 -0.16  0.03]
-31.637725 [ 8.437 -2.687  0.562] [-0.46 -0.11  0.02]
-31.740275 [ 8.375 -3.25   0.187] [-0.56 -0.04 -0.01]
-31.84199 [ 0.375 -3.812 -0.188] [-0.66  0.02 -0.03]
-31.944556 [ 0.25  -4.625 -1.125] [-0.79  0.17 -0.08]
-32.048522 [ 8.125 -5.5   -1.438] [-0.93  0.21 -0.11]
-32.151368 [ 8.062 -5.937 -1.813] [-1.02  0.28 -0.14]
-32.253621 [ 8.125 -6.    -2.25 ] [-1.03  0.35 -0.16]
-32.355674 [ 8.187 -6.062 -2.813] [-1.04  0.44 -0.19]
-32.45747 [ 8.25  -6.187 -3.5  ] [-1.06  0.55 -0.22]
-32.55963 [ 8.312 -6.187 -4.125] [-1.06  0.65 -0.26]
-32.661702 [ 8.437 -6.125 -4.688] [-1.05  0.74 -0.29]
-32.763603 [ 8.687 -5.437 -5.188] [-0.93  0.83 -0.31]
-32.865651 [ 8.937 -4.625 -5.688] [-0.79  0.91 -0.32]
-32.967691 [ 9.062 -3.75  -6.063] [-0.64  0.97 -0.33]
-33.069712 [ 9.25 -2.75 -6.25] [-0.49  1.01 -0.33]
-33.17167 [ 9.437 -2.062 -6.25 ] [-0.36  1.02 -0.33]
-33.273961 [ 9.5  -1.25 -6.25] [-0.22  1.01 -0.32]
-33.376861 [ 9.562 -0.562 -6.   ] [-0.1   0.98 -0.31]
-33.481081 [ 9.812  0.375 -5.625] [ 0.04  0.92 -0.28]
-33.583446 [ 9.937  1.188 -5.   ] [ 1.48  0.82 -0.25]
-33.685707 [ 9.937  1.5   -4.5  ] [ 1.54  0.73 -0.22]
-33.789128 [ 2.     2.    -3.938] [ 1.62  0.64 -0.19]
-33.892244 [ 9.875  2.25  -1.875] [ 1.66  0.3  -0.09]
-33.994127 [ 9.75   2.625 -0.438] [ 1.72  0.06 -0.02]
-34.096497 [ 1.75   2.563  0.125] [ 1.71 -0.02  0.  ]
-34.199597 [ 1.75   2.438  0.562] [ 0.41 -0.1   0.02]
-34.303036 [ 9.687  2.25   1.25 ] [ 1.66 -0.21  0.05]
-34.405118 [ 9.625  2.125  1.625] [ 1.64 -0.28  0.07]
-34.507168 [ 9.625  2.     1.812] [ 1.62 -0.3   0.07]
-34.608814 [ -2.03850000e+03   1.56300000e+00   1.93700000e+00] [ 1.55 -0.32  0.08]
-34.710285 [ 9.375  1.125  2.125] [ 1.47 -0.36  0.09]
-34.812292 [ 9.125 -0.375  2.375] [-0.03 -0.39  0.1 ]
-34.914328 [ 9.062 -0.625  2.562] [-0.11 -0.43  0.11]
-35.016296 [ 9.187 -0.687  2.562] [-0.12 -0.43  0.1 ]
-35.11802 [ 9.312 -0.75   2.375] [-0.13 -0.4   0.1 ]
-35.21996 [ 9.375 -0.937  2.187] [-0.17 -0.37  0.09]
-35.322227 [ 1.437 -1.187  1.937] [-0.21 -0.32  0.08]
-35.424385 [ 9.25  -1.437  1.5  ] [-0.25 -0.26  0.06]
-35.526519 [ 9.125 -1.687  1.187] [-0.3  -0.2   0.05]
-35.629442 [ 1.    -2.187  0.875] [-0.37 -0.15  0.03]
-35.733175 [ 8.875 -2.75   0.5  ] [-0.47 -0.1   0.01]
-35.836102 [ 8.812 -3.312  0.187] [-0.58 -0.04 -0.01]
-35.938313 [ 8.812 -3.75  -0.188] [-0.64  0.02 -0.03]
-36.041403 [ 8.687 -4.562 -0.75 ] [-0.78  0.11 -0.06]
-36.144758 [ 8.5   -5.312 -1.125] [-0.9   0.16 -0.09]
-36.247028 [ 8.375 -5.875 -1.688] [-1.01  0.26 -0.13]
-36.348917 [ 8.312 -6.062 -2.188] [-1.04  0.34 -0.16]
-36.452385 [ 0.375 -6.062 -2.75 ] [-1.04  0.43 -0.18]
-36.555999 [ 8.437 -6.312 -3.5  ] [-1.08  0.55 -0.23]
-36.65798 [ 8.5   -6.312 -4.125] [-1.09  0.65 -0.26]
-36.759713 [-2039.5      -6.25     -4.688] [-1.07  0.74 -0.29]
-36.861673 [ 8.687 -5.375 -5.188] [-0.93  0.83 -0.3 ]
-36.963659 [ 8.937 -4.625 -5.688] [-0.79  0.92 -0.32]
