0.075028 [ 12.25   -3.25   -2.312] [-0.56  0.4   9.78] 254.468829 348.01389875 326.258887 333.6342263 283.458652 285.61639605 282.607286 366.30383685 
0.177402 [ 12.313  -8.875  -0.375] [-0.23  0.06  9.68] 251.506528 340.62246235 325.681483 333.5073077 289.481603 285.8335218 276.043634 366.27113545 
0.27926 [ 12.875 -12.      3.25 ] [-0.76 -0.55  9.57] 249.897424 332.70183735 324.119412 334.5080124 294.836015 288.3131932 269.760425 364.171876 
0.380968 [ 13.25 -13.     4.5 ] [-0.92 -0.75  9.52] 249.853332 324.55680365 321.442011 337.06343775 299.455533 292.8203123 263.969069 360.30385675 
0.482699 [ 13.25  -12.875   4.313] [-0.9  -0.72  9.53] 251.554149 316.49063005 317.700422 341.0302581 303.437219 298.80212585 258.881373 354.9718875 
0.584376 [ 13.438 -11.5     2.375] [-0.69 -0.45  9.59] 254.857854 308.791303 313.058971 345.9100278 306.881122 305.70006045 254.709143 348.4807769 
0.686092 [ 13.938 -10.812   0.063] [-0.56 -0.02  9.63] 259.435902 301.7379551 307.683694 351.19893645 309.887295 312.955545 251.664188 341.13533705 
0.787836 [ 14.375 -10.812  -1.562] [-0.56  0.27  9.62] 264.957466 295.60960855 301.740629 356.3931725 312.555789 320.01000725 249.958313 333.24037775 
0.889491 [ 13.75   -9.     -3.187] [-0.26  0.54  9.66] 271.091716 290.68528785 295.395811 360.9889267 314.986656 326.30487495 249.803327 325.1007088 
0.991164 [ 12.813  -8.125  -4.812] [-0.1   0.82  9.67] 277.507826 287.24401865 288.815277 364.48238635 317.279948 331.28157585 251.387327 317.020013 
1.092693 [ 11.625  -7.437  -5.625] [-1.27  0.95  9.67] 283.874966 285.56482315 282.165064 366.36974335 319.523512 334.43275755 254.594325 309.28751535 
1.194962 [ 9.375 -6.812 -7.875] [-1.18  1.29  9.64] 289.86231 285.92672585 275.613751 366.1921017 321.663328 335.84646865 259.097713 302.18242895 
1.296679 [ 15.5    -6.312 -10.687] [-1.08  1.81  9.57] 295.165832 288.5566436 269.356789 363.9652463 323.553847 335.99488765 264.566666 295.9837622 
1.39837 [ 14.75   -6.062 -13.625] [-1.03  2.3   9.47] 299.739712 293.17955735 263.605773 359.99007235 325.047996 335.35659855 270.670358 290.9705281 
1.5004 [ 14.688  -5.937 -15.062] [-1.01  2.53  9.41] 303.682427 299.23993315 258.572515 354.5713632 325.998701 334.4101842 277.077962 287.42173505 
1.603571 [  6.688  -5.875 -14.812] [-1.01  2.49  9.42] 307.09403 306.17917575 254.468829 348.01389875 326.258887 333.6342263 283.458652 285.61639605 
1.706326 [ 14.563  -6.125 -15.75 ] [-1.05  2.62  9.38] 310.074575 313.43868875 251.506528 340.62246235 325.681483 333.5073077 289.481603 285.8335218 
1.808382 [ 14.438  -6.125 -17.25 ] [-1.04  2.9   9.3 ] 312.724114 320.45987575 249.897424 332.70183735 324.119412 334.5080124 294.836015 288.3131932 
1.910107 [ 14.438  -6.125 -17.562] [-1.04  2.94  9.29] 315.142701 326.6841415 249.853332 324.55680365 321.442011 337.06343775 299.455533 292.8203123 
2.012752 [ 14.5    -5.812 -17.062] [-0.99  2.87  9.32] 317.430389 331.5528873 251.554149 316.49063005 317.700422 341.0302581 303.437219 298.80212585 
2.115989 [ 14.625  -5.187 -16.812] [-0.9   2.83  9.34] 319.670988 334.57569565 254.857854 308.791303 313.058971 345.9100278 306.881122 305.70006045 
2.218361 [ 14.75   -4.375 -16.437] [-0.75  2.77  9.37] 321.798784 335.88973165 259.435902 301.7379551 307.683694 351.19893645 309.887295 312.955545 
2.320056 [  7.188  -1.75  -15.625] [-0.3   2.65  9.43] 323.667479 335.97038345 264.957466 295.60960855 301.740629 356.3931725 312.555789 320.01000725 
2.422542 [ 15.688   1.5   -14.562] [ 0.25  2.46  9.48] 325.129993 335.29632015 271.091716 290.68528785 295.395811 360.9889267 314.986656 326.30487495 
2.525963 [ 15.938   2.875 -13.625] [ 1.77  2.32  9.51] 326.03925 334.34620625 277.507826 287.24401865 288.815277 364.48238635 317.279948 331.28157585 
2.628812 [  8.      3.813 -12.562] [ 1.93  2.13  9.54] 326.248168 333.598712 283.874966 285.56482315 282.165064 366.36974335 319.523512 334.43275755 
2.730622 [  8.125   4.688 -11.312] [ 2.08  1.92  9.58] 325.609671 333.53250305 289.86231 285.92672585 275.613751 366.1921017 321.663328 335.84646865 
2.832205 [  8.25    5.938 -10.375] [ 2.3   1.76  9.59] 323.976678 334.6262485 295.165832 288.5566436 269.356789 363.9652463 323.553847 335.99488765 
2.934078 [  8.25    6.5   -10.125] [ 2.39  1.72  9.58] 321.223837 337.2904282 299.739712 293.17955735 263.605773 359.99007235 325.047996 335.35659855 
3.03616 [  8.313   8.438 -10.   ] [ 1.44  1.68  9.55] 317.416997 341.3354152 303.682427 299.23993315 258.572515 354.5713632 325.998701 334.4101842 
3.138136 [ 8.375  9.5   -9.625] [ 1.61  1.62  9.53] 312.721366 346.25974625 307.09403 306.17917575 254.468829 348.01389875 326.258887 333.6342263 
3.239911 [  8.438  10.     -9.187] [ 1.7   1.54  9.53] 307.302998 351.55929585 310.074575 313.43868875 251.506528 340.62246235 325.681483 333.5073077 
3.341527 [  8.563  10.375  -8.562] [ 1.77  1.44  9.53] 301.327947 356.72993735 312.724114 320.45987575 249.897424 332.70183735 324.119412 334.5080124 
3.443201 [  8.625  10.688  -8.125] [ 1.82  1.36  9.53] 294.962269 361.2675464 315.142701 326.6841415 249.853332 324.55680365 321.442011 337.06343775 
3.544797 [  8.625  10.5    -7.75 ] [ 1.79  1.3   9.55] 288.372017 364.66799635 317.430389 331.5528873 251.554149 316.49063005 317.700422 341.0302581 
3.646266 [ 8.625  9.875 -7.062] [ 1.68  1.18  9.58] 281.723246 366.4271617 319.670988 334.57569565 254.857854 308.791303 313.058971 345.9100278 
3.747968 [ 8.688  9.188 -5.812] [ 1.58  0.98  9.62] 275.185354 366.10018565 321.798784 335.88973165 259.435902 301.7379551 307.683694 351.19893645 
3.853154 [ 8.375  7.25  -5.5  ] [ 2.52  0.93  9.68] 268.955884 363.7412033 323.667479 335.97038345 264.957466 295.60960855 301.740629 356.3931725 
3.956686 [ 7.875  3.188 -4.75 ] [ 1.83  0.82  9.75] 263.246474 359.65430685 325.129993 335.29632015 271.091716 290.68528785 295.395811 360.9889267 
4.059841 [ 15.625  -2.125  -3.437] [-0.37  0.58  9.78] 258.268871 354.1454515 326.03925 334.34620625 277.507826 287.24401865 288.815277 364.48238635 
4.161766 [ 15.125  -8.562  -2.5  ] [-0.18  0.43  9.68] 254.234821 347.52059705 326.248168 333.598712 283.874966 285.56482315 282.165064 366.36974335 
4.263607 [  6.75  -11.562  -2.187] [-0.68  0.36  9.6 ] 251.356068 340.08569985 325.609671 333.53250305 289.86231 285.92672585 275.613751 366.1921017 
4.366688 [ 15.    -11.25   -1.437] [-0.63  0.24  9.61] 249.844358 332.1467174 323.976678 334.6262485 295.165832 288.5566436 269.356789 363.9652463 
4.469703 [ 15.    -11.062  -0.75 ] [-1.88  0.13  9.62] 249.911438 324.0096072 321.223837 337.2904282 299.739712 293.17955735 263.605773 359.99007235 
4.571877 [ 14.938 -11.25   -0.187] [-0.63  0.03  9.61] 251.727248 315.9779129 317.416997 341.3354152 303.682427 299.23993315 258.572515 354.5713632 
4.673517 [ 14.875 -10.875   0.25 ] [-0.57 -0.04  9.62] 255.124891 308.33572475 312.721366 346.25974625 307.09403 306.17917575 254.468829 348.01389875 
4.775926 [ 14.813 -10.     -0.125] [-0.43  0.02  9.65] 259.774844 301.35774095 307.302998 351.55929585 310.074575 313.43868875 251.506528 340.62246235 
4.879371 [ 14.75   -9.875  -0.625] [-0.39  0.1   9.66] 265.346531 295.3185999 301.327947 356.72993735 312.724114 320.45987575 249.897424 332.70183735 
4.982001 [ 14.688  -8.437  -1.187] [-0.16  0.2   9.69] 271.509377 290.49294 294.962269 361.2675464 315.142701 326.6841415 249.853332 324.55680365 
5.083512 [ 14.688  -7.125  -1.375] [-1.21  0.24  9.72] 277.932806 287.1553985 288.372017 364.66799635 317.430389 331.5528873 251.554149 316.49063005 
5.185017 [ 14.688  -6.25   -1.875] [-1.07  0.31  9.74] 284.286242 285.58061495 281.723246 366.4271617 319.670988 334.57569565 254.857854 308.791303 
5.286513 [ 14.625  -5.75   -3.062] [-0.98  0.53  9.74] 290.239112 286.04322545 275.185354 366.10018565 321.798784 335.88973165 259.435902 301.7379551 
5.387991 [ 14.563  -5.5    -4.937] [-0.94  0.85  9.72] 295.495702 288.7515916 268.955884 363.7412033 323.667479 335.97038345 264.957466 295.60960855 
5.48936 [ 14.438  -5.312  -7.312] [-0.91  1.25  9.68] 300.029288 293.40270565 263.246474 359.65430685 325.129993 335.29632015 271.091716 290.68528785 
5.591148 [ 14.313  -5.187  -9.562] [-0.89  1.59  9.63] 303.938287 299.45566165 258.268871 354.1454515 326.03925 334.34620625 277.507826 287.24401865 
5.693432 [ 14.188  -5.062 -12.437] [-0.87  2.1   9.53] 307.321807 306.36823115 254.234821 347.52059705 326.248168 333.598712 283.874966 285.56482315 
5.794983 [ 14.063  -4.312 -17.312] [-0.74  2.91  9.33] 310.27896 313.59818685 251.356068 340.08569985 325.609671 333.53250305 289.86231 285.92672585 
5.896649 [ 14.    -4.   -19.75] [-0.68  3.3   9.2 ] 312.908856 320.6033003 249.844358 332.1467174 323.976678 334.6262485 295.165832 288.5566436 
5.998226 [ 13.813  -4.125 -19.937] [-0.7   3.34  9.19] 315.310606 326.8413442 249.911438 324.0096072 321.223837 337.2904282 299.739712 293.17955735 
6.099863 [ 13.813  -4.062 -19.562] [-0.69  3.28  9.21] 317.583319 331.7700901 251.727248 315.9779129 317.416997 341.3354152 303.682427 299.23993315 
6.201758 [ 14.25   -2.    -18.562] [-0.38  3.14  9.28] 319.374946 334.284595 255.124891 308.33572475 312.721366 346.25974625 307.09403 306.17917575 
6.303549 [ 14.625  -0.062 -17.687] [-0.02  4.25  9.34] 321.525449 335.80269735 259.774844 301.35774095 307.302998 351.55929585 310.074575 313.43868875 
6.404942 [ 14.688   0.188 -16.125] [ 1.32  2.72  9.41] 323.436861 336.0218793 265.346531 295.3185999 301.327947 356.72993735 312.724114 320.45987575 
6.507184 [ 14.938   1.313 -13.25 ] [ 1.51  2.24  9.54] 324.962024 335.42109055 271.509377 290.49294 294.962269 361.2675464 315.142701 326.6841415 
6.610602 [ 15.125   2.313 -12.562] [ 1.66  2.13  9.56] 325.953778 334.47927965 277.932806 287.1553985 288.372017 364.66799635 317.430389 331.5528873 
6.713455 [ 15.25    3.25  -12.062] [ 1.84  2.05  9.57] 326.264964 333.67539745 284.286242 285.58061495 281.723246 366.4271617 319.670988 334.57569565 
6.815028 [ 15.438   4.688 -10.125] [ 2.08  1.72  9.62] 325.748422 333.4883925 290.239112 286.04322545 275.185354 366.10018565 321.798784 335.88973165 
6.916861 [ 7.5    5.813 -9.187] [ 2.28  1.56  9.62] 324.256995 334.39721565 295.495702 288.7515916 268.955884 363.7412033 323.667479 335.97038345 
7.019921 [ 15.5     6.375  -8.937] [ 2.37  1.51  9.62] 321.655566 336.84302185 300.029288 293.40270565 263.246474 359.65430685 325.129993 335.29632015 
7.123036 [ 15.625   9.     -8.812] [ 1.51  1.48  9.57] 317.980058 340.7302645 303.938287 299.45566165 258.268871 354.1454515 326.03925 334.34620625 
7.225162 [ 15.5     9.875  -9.187] [ 1.69  1.54  9.53] 313.393511 345.56450455 307.321807 306.36823115 254.234821 347.52059705 326.248168 333.598712 
7.326658 [ 15.438  10.438  -9.5  ] [ 1.78  1.59  9.5 ] 308.061986 350.8418327 310.27896 313.59818685 251.356068 340.08569985 325.609671 333.53250305 
7.4293 [ 15.5    10.938  -9.312] [ 1.87  1.55  9.49] 302.151542 356.0583385 312.908856 320.6033003 249.844358 332.1467174 323.976678 334.6262485 
7.532744 [ 15.563  11.375  -8.687] [ 1.94  1.46  9.49] 295.828238 360.71011495 315.310606 326.8413442 249.911438 324.0096072 321.223837 337.2904282 
7.635364 [ 15.625  10.813  -7.687] [ 1.84  1.29  9.54] 289.258133 364.29325045 317.583319 331.7700901 251.727248 315.9779129 317.416997 341.3354152 
7.736884 [ 15.938  10.688  -6.125] [ 1.82  1.03  9.58] 282.607286 366.30383685 319.374946 334.284595 255.124891 308.33572475 312.721366 346.25974625 
7.838537 [ 11.      7.188  -5.812] [ 2.51  0.99  9.67] 276.043634 366.27113545 321.525449 335.80269735 259.774844 301.35774095 307.302998 351.55929585 
7.940259 [ 24.063   2.813  -5.125] [ 1.76  0.87  9.75] 269.760425 364.171876 323.436861 336.0218793 265.346531 295.3185999 301.327947 356.72993735 
8.041942 [ 31.     -1.687  -4.187] [-0.29  0.71  9.77] 263.969069 360.30385675 324.962024 335.42109055 271.509377 290.49294 294.962269 361.2675464 
8.143566 [ 27.688  -7.437  -2.812] [-1.17  0.51  9.72] 258.881373 354.9718875 325.953778 334.47927965 277.932806 287.1553985 288.372017 364.66799635 
8.245404 [ 31.813 -14.875  -2.062] [-1.24  0.34  9.46] 254.709143 348.4807769 326.264964 333.67539745 284.286242 285.58061495 281.723246 366.4271617 
8.347385 [ 45.563 -15.062  -0.625] [-1.27  0.1   9.46] 251.664188 341.13533705 325.748422 333.4883925 290.239112 286.04322545 275.185354 366.10018565 
8.449289 [ 44.313 -16.75    0.563] [-2.82 -0.09  9.38] 249.958313 333.24037775 324.256995 334.39721565 295.495702 288.7515916 268.955884 363.7412033 
8.551286 [ 60.063 -17.25    2.125] [-2.9  -0.35  9.35] 249.803327 325.1007088 321.655566 336.84302185 300.029288 293.40270565 263.246474 359.65430685 
8.653187 [ 61.438 -16.875   3.563] [-2.85 -0.58  9.36] 251.387327 317.020013 317.980058 340.7302645 303.938287 299.45566165 258.268871 354.1454515 
8.755283 [ 72.438 -16.625   5.188] [-2.8  -0.84  9.35] 254.594325 309.28751535 313.393511 345.56450455 307.321807 306.36823115 254.234821 347.52059705 
8.857025 [ 90.688 -16.5     5.75 ] [-2.78 -0.94  9.35] 259.097713 302.18242895 308.061986 350.8418327 310.27896 313.59818685 251.356068 340.08569985 
8.959053 [ 91.938 -16.062   6.25 ] [-2.71 -1.03  9.36] 264.566666 295.9837622 302.151542 356.0583385 312.908856 320.6033003 249.844358 332.1467174 
9.062161 [ 99.125 -14.562   7.063] [-1.19 -1.17  9.41] 270.670358 290.9705281 295.828238 360.71011495 315.310606 326.8413442 249.911438 324.0096072 
9.165431 [ 109.438  -12.437    8.313] [-2.11 -1.39  9.47] 277.077962 287.42173505 289.258133 364.29325045 317.583319 331.7700901 251.727248 315.9779129 
9.267414 [ 109.813  -12.187    7.438] [-0.79 -1.24  9.5 ] 283.458652 285.61639605 282.607286 366.30383685 319.374946 334.284595 255.124891 308.33572475 
9.368913 [ 109.813  -12.125    6.438] [-0.78 -1.07  9.52] 289.481603 285.8335218 276.043634 366.27113545 321.525449 335.80269735 259.774844 301.35774095 
9.473488 [ 101.75   -11.812    4.625] [-0.73 -0.78  9.56] 294.836015 288.3131932 269.760425 364.171876 323.436861 336.0218793 265.346531 295.3185999 
9.576449 [ 109.813  -11.562    2.188] [-0.68 -0.36  9.6 ] 299.455533 292.8203123 263.969069 360.30385675 324.962024 335.42109055 271.509377 290.49294 
9.678189 [ 109.813  -11.25    -0.125] [-0.63  0.02  9.61] 303.437219 298.80212585 258.881373 354.9718875 325.953778 334.47927965 277.932806 287.1553985 
9.780406 [ 109.875  -10.875   -2.562] [-1.85  0.43  9.61] 306.881122 305.70006045 254.709143 348.4807769 326.264964 333.67539745 284.286242 285.58061495 
9.883813 [ 109.875  -10.5     -5.75 ] [-0.51  0.97  9.59] 309.887295 312.955545 251.664188 341.13533705 325.748422 333.4883925 290.239112 286.04322545 
9.986875 [ 110.063   -9.75   -12.062] [-0.38  2.01  9.45] 312.555789 320.01000725 249.958313 333.24037775 324.256995 334.39721565 295.495702 288.7515916 
10.089043 [ 110.438   -9.187  -16.312] [-0.28  2.72  9.28] 314.986656 326.30487495 249.803327 325.1007088 321.655566 336.84302185 300.029288 293.40270565 
10.190672 [ 110.75    -8.25   -16.812] [-0.13  2.81  9.28] 317.279948 331.28157585 251.387327 317.020013 317.980058 340.7302645 303.938287 299.45566165 
10.29244 [ 110.75    -8.312  -15.875] [-0.14  2.66  9.32] 319.523512 334.43275755 254.594325 309.28751535 313.393511 345.56450455 307.321807 306.36823115 
10.394016 [ 110.688   -7.625  -14.25 ] [-0.03  2.39  9.41] 321.663328 335.84646865 259.097713 302.18242895 308.061986 350.8418327 310.27896 313.59818685 
10.495513 [ 102.625   -6.312  -11.187] [-1.07  1.89  9.56] 323.553847 335.99488765 264.566666 295.9837622 302.151542 356.0583385 312.908856 320.6033003 
10.596977 [ 110.438   -5.25    -7.062] [-0.92  2.53  9.68] 325.047996 335.35659855 270.670358 290.9705281 295.828238 360.71011495 315.310606 326.8413442 
10.698926 [ 110.688   -4.437   -6.25 ] [-0.76  1.07  9.71] 325.998701 334.4101842 277.077962 287.42173505 289.258133 364.29325045 317.583319 331.7700901 
10.800446 [ 110.875   -3.25    -5.687] [-0.55  0.97  9.74] 326.258887 333.6342263 283.458652 285.61639605 282.607286 366.30383685 319.374946 334.284595 
10.901977 [ 110.938   -1.437   -4.437] [-0.25  0.76  9.77] 325.681483 333.5073077 289.481603 285.8335218 276.043634 366.27113545 321.525449 335.80269735 
11.003494 [ 110.875   -0.437   -3.562] [-0.07  0.61  9.78] 324.119412 334.5080124 294.836015 288.3131932 269.760425 364.171876 323.436861 336.0218793 
11.104943 [ 110.875    0.313   -3.562] [ 1.33  0.61  9.78] 321.442011 337.06343775 299.455533 292.8203123 263.969069 360.30385675 324.962024 335.42109055 
11.206646 [ 110.813    2.25    -3.312] [ 1.63  0.57  9.78] 317.700422 341.0302581 303.437219 298.80212585 258.881373 354.9718875 325.953778 334.47927965 
11.309224 [ 110.75     3.688   -3.437] [ 1.91  0.58  9.76] 313.058971 345.9100278 306.881122 305.70006045 254.709143 348.4807769 326.264964 333.67539745 
11.410983 [ 102.688    4.5     -4.   ] [ 2.05  0.68  9.75] 307.683694 351.19893645 309.887295 312.955545 251.664188 341.13533705 325.748422 333.4883925 
11.513541 [ 110.688    4.813   -4.375] [ 2.11  0.75  9.74] 301.740629 356.3931725 312.555789 320.01000725 249.958313 333.24037775 324.256995 334.39721565 
11.616893 [ 110.688    4.875   -3.687] [ 0.84  0.64  9.74] 295.395811 360.9889267 314.986656 326.30487495 249.803327 325.1007088 321.655566 336.84302185 
11.719669 [ 110.75     5.188   -3.375] [ 2.17  0.57  9.74] 288.815277 364.48238635 317.279948 331.28157585 251.387327 317.020013 317.980058 340.7302645 
11.821483 [ 110.813    5.      -2.312] [ 2.14  0.39  9.76] 282.165064 366.36974335 319.523512 334.43275755 254.594325 309.28751535 313.393511 345.56450455 
11.92399 [ 102.875    4.438   -0.75 ] [ 2.04  0.12  9.77] 275.613751 366.1921017 321.663328 335.84646865 259.097713 302.18242895 308.061986 350.8418327 
12.027448 [ 110.375    1.938   -0.437] [ 1.68  0.08  9.79] 269.356789 363.9652463 323.553847 335.99488765 264.566666 295.9837622 302.151542 356.0583385 
12.129858 [ 109.313   -2.437    0.313] [-0.42 -0.05  9.79] 263.605773 359.99007235 325.047996 335.35659855 270.670358 290.9705281 295.828238 360.71011495 
12.231621 [ 108.688   -6.937    1.625] [-1.19 -0.27  9.73] 258.572515 354.5713632 325.998701 334.4101842 277.077962 287.42173505 289.258133 364.29325045 
12.334098 [ 108.25   -11.875    2.5  ] [-0.74 -0.42  9.58] 254.468829 348.01389875 326.258887 333.6342263 283.458652 285.61639605 282.607286 366.30383685 
12.437614 [ 108.     -15.937    2.938] [-2.71 -0.48  9.4 ] 251.506528 340.62246235 325.681483 333.5073077 289.481603 285.8335218 276.043634 366.27113545 
12.54028 [ 108.063  -15.437    3.75 ] [-2.61 -0.62  9.43] 249.897424 332.70183735 324.119412 334.5080124 294.836015 288.3131932 269.760425 364.171876 
12.641868 [ 108.063  -15.5      4.25 ] [-2.62 -0.7   9.42] 249.853332 324.55680365 321.442011 337.06343775 299.455533 292.8203123 263.969069 360.30385675 
12.743503 [ 107.875  -15.5      4.5  ] [-2.62 -0.74  9.41] 251.554149 316.49063005 317.700422 341.0302581 303.437219 298.80212585 258.881373 354.9718875 
12.844981 [ 107.813  -15.375    4.938] [-2.6  -0.81  9.41] 254.857854 308.791303 313.058971 345.9100278 306.881122 305.70006045 254.709143 348.4807769 
12.946524 [ 107.688  -15.       5.125] [-1.26 -0.84  9.43] 259.435902 301.7379551 307.683694 351.19893645 309.887295 312.955545 251.664188 341.13533705 
13.04823 [  107.625  2033.563     4.5  ] [-1.17 -0.74  9.46] 264.957466 295.60960855 301.740629 356.3931725 312.555789 320.01000725 249.958313 333.24037775 
13.150216 [ 107.563  -12.75     2.813] [-0.92 -0.49  9.54] 271.091716 290.68528785 295.395811 360.9889267 314.986656 326.30487495 249.803327 325.1007088 
13.252215 [ 107.5    -11.5      2.563] [-0.67 -0.43  9.59] 277.507826 287.24401865 288.815277 364.48238635 317.279948 331.28157585 251.387327 317.020013 
13.353658 [ 107.5    -10.687    2.563] [-0.53 -0.43  9.62] 283.874966 285.56482315 282.165064 366.36974335 319.523512 334.43275755 254.594325 309.28751535 
13.455189 [ 107.438  -10.25     1.688] [-0.47 -0.28  9.64] 289.86231 285.92672585 275.613751 366.1921017 321.663328 335.84646865 259.097713 302.18242895 
13.556702 [ 107.438   -9.875   -0.312] [-0.4   0.06  9.65] 295.165832 288.5566436 269.356789 363.9652463 323.553847 335.99488765 264.566666 295.9837622 
13.658369 [ 107.438   -9.5     -3.125] [-0.34  0.52  9.65] 299.739712 293.17955735 263.605773 359.99007235 325.047996 335.35659855 270.670358 290.9705281 
13.760374 [ 107.313   -8.875   -6.437] [-0.25  1.03  9.63] 303.682427 299.23993315 258.572515 354.5713632 325.998701 334.4101842 277.077962 287.42173505 
13.86216 [ 107.25    -8.312  -10.687] [-0.14  1.8   9.53] 307.09403 306.17917575 254.468829 348.01389875 326.258887 333.6342263 283.458652 285.61639605 
13.964152 [ 99.25   -8.187 -15.375] [-0.12  2.58  9.35] 310.074575 313.43868875 251.506528 340.62246235 325.681483 333.5073077 289.481603 285.8335218 
14.066659 [ 107.125   -8.     -16.625] [-0.09  2.78  9.3 ] 312.724114 320.45987575 249.897424 332.70183735 324.119412 334.5080124 294.836015 288.3131932 
14.170148 [ 106.938   -7.875  -17.812] [-1.36  2.94  9.25] 315.142701 326.6841415 249.853332 324.55680365 321.442011 337.06343775 299.455533 292.8203123 
14.272664 [ 107.188   -6.875  -17.5  ] [-1.18  2.93  9.28] 317.430389 331.5528873 251.554149 316.49063005 317.700422 341.0302581 303.437219 298.80212585 
14.374364 [ 107.5     -5.125  -16.75 ] [-0.88  2.82  9.35] 319.670988 334.57569565 254.857854 308.791303 313.058971 345.9100278 306.881122 305.70006045 
14.47688 [ 107.813   -3.312  -15.812] [-0.56  2.67  9.41] 321.798784 335.88973165 259.435902 301.7379551 307.683694 351.19893645 309.887295 312.955545 
14.580389 [ 107.688   -2.687  -13.687] [-0.47  2.36  9.5 ] 323.667479 335.97038345 264.957466 295.60960855 301.740629 356.3931725 312.555789 320.01000725 
14.682679 [ 107.563   -1.75   -10.312] [-0.3   1.75  9.64] 325.129993 335.29632015 271.091716 290.68528785 295.395811 360.9889267 314.986656 326.30487495 
14.784365 [ 107.75    -1.125   -9.5  ] [-0.19  1.62  9.66] 326.03925 334.34620625 277.507826 287.24401865 288.815277 364.48238635 317.279948 331.28157585 
14.888871 [  1.08000000e+02   6.30000000e-02  -8.62500000e+00] [ 0.01  1.47  9.69] 326.248168 333.598712 283.874966 285.56482315 282.165064 366.36974335 319.523512 334.43275755 
14.992085 [ 108.063    1.563   -6.625] [ 1.55  1.13  9.73] 325.609671 333.53250305 289.86231 285.92672585 275.613751 366.1921017 321.663328 335.84646865 
15.094381 [ 108.063    2.438   -6.062] [ 1.7   1.04  9.74] 323.976678 334.6262485 295.165832 288.5566436 269.356789 363.9652463 323.553847 335.99488765 
15.196073 [ 108.125    3.063   -5.687] [ 1.81  0.98  9.74] 321.223837 337.2904282 299.739712 293.17955735 263.605773 359.99007235 325.047996 335.35659855 
15.297802 [ 108.125    5.      -5.625] [ 2.14  0.96  9.72] 317.416997 341.3354152 303.682427 299.23993315 258.572515 354.5713632 325.998701 334.4101842 
15.399565 [  108.        6.25   2042.063] [ 2.35  1.01  9.69] 312.721366 346.25974625 307.09403 306.17917575 254.468829 348.01389875 326.258887 333.6342263 
15.501304 [ 107.938    6.625   -6.562] [ 2.41  1.11  9.67] 307.302998 351.55929585 310.074575 313.43868875 251.506528 340.62246235 325.681483 333.5073077 
15.60324 [ 107.875    7.125   -6.937] [ 2.49  1.17  9.65] 301.327947 356.72993735 312.724114 320.45987575 249.897424 332.70183735 324.119412 334.5080124 
15.705005 [ 107.938    7.25    -6.437] [ 2.52  1.09  9.66] 294.962269 361.2675464 315.142701 326.6841415 249.853332 324.55680365 321.442011 337.06343775 
15.806675 [ 108.       7.188   -5.437] [ 2.51  0.93  9.68] 288.372017 364.66799635 317.430389 331.5528873 251.554149 316.49063005 317.700422 341.0302581 
15.908405 [ 108.063    6.625   -4.125] [ 2.42  0.7   9.71] 281.723246 366.4271617 319.670988 334.57569565 254.857854 308.791303 313.058971 345.9100278 
16.010275 [ 108.125    6.      -2.687] [ 2.31  0.46  9.74] 275.185354 366.10018565 321.798784 335.88973165 259.435902 301.7379551 307.683694 351.19893645 
16.112087 [ 108.063    3.313   -2.312] [ 1.93  0.4   9.77] 268.955884 363.7412033 323.667479 335.97038345 264.957466 295.60960855 301.740629 356.3931725 
16.214741 [ 107.563   -0.812   -1.375] [-0.13  0.23  9.8 ] 263.246474 359.65430685 325.129993 335.29632015 271.091716 290.68528785 295.395811 360.9889267 
16.316406 [  1.06813000e+02  -5.62500000e+00  -6.20000000e-02] [-0.96  0.01  9.75] 258.268871 354.1454515 326.03925 334.34620625 277.507826 287.24401865 288.815277 364.48238635 
16.418569 [ 106.063  -11.125    0.75 ] [-0.61 -0.13  9.62] 254.234821 347.52059705 326.248168 333.598712 283.874966 285.56482315 282.165064 366.36974335 
16.521528 [ 105.625  -13.812    1.25 ] [-2.34 -0.2   9.51] 251.356068 340.08569985 325.609671 333.53250305 289.86231 285.92672585 275.613751 366.1921017 
16.624663 [ 105.625  -13.5      2.   ] [-1.01 -0.33  9.52] 249.844358 332.1467174 323.976678 334.6262485 295.165832 288.5566436 269.356789 363.9652463 
16.726462 [ 105.563  -13.75     2.375] [-1.05 -0.39  9.51] 249.911438 324.0096072 321.223837 337.2904282 299.739712 293.17955735 263.605773 359.99007235 
16.828781 [ 105.5    -13.812    2.875] [-1.06 -0.48  9.51] 251.727248 315.9779129 317.416997 341.3354152 303.682427 299.23993315 258.572515 354.5713632 
16.932165 [ 105.438  -13.5      3.438] [-1.02 -0.57  9.51] 255.124891 308.33572475 312.721366 346.25974625 307.09403 306.17917575 254.468829 348.01389875 
17.035037 [ 105.438  -12.75     3.438] [-0.88 -0.58  9.54] 259.774844 301.35774095 307.302998 351.55929585 310.074575 313.43868875 251.506528 340.62246235 
17.136661 [ 105.375  -12.25     2.688] [-0.8  -0.45  9.57] 265.346531 295.3185999 301.327947 356.72993735 312.724114 320.45987575 249.897424 332.70183735 
17.238944 [ 105.313  -11.5      1.938] [-0.68 -0.32  9.6 ] 271.509377 290.49294 294.962269 361.2675464 315.142701 326.6841415 249.853332 324.55680365 
17.342359 [ 97.188 -10.5     1.25 ] [-0.51 -0.22  9.63] 277.932806 287.1553985 288.372017 364.66799635 317.430389 331.5528873 251.554149 316.49063005 
17.445186 [ 105.125   -9.937    0.563] [-0.41 -0.09  9.65] 284.286242 285.58061495 281.723246 366.4271617 319.670988 334.57569565 254.857854 308.791303 
17.547429 [ 105.125   -9.375   -0.125] [-0.32  0.02  9.67] 290.239112 286.04322545 275.185354 366.10018565 321.798784 335.88973165 259.435902 301.7379551 
17.649568 [ 105.125   -8.937   -1.437] [-0.25  0.24  9.68] 295.495702 288.7515916 268.955884 363.7412033 323.667479 335.97038345 264.957466 295.60960855 
17.751193 [ 105.      -8.875   -4.25 ] [-0.23  0.72  9.66] 300.029288 293.40270565 263.246474 359.65430685 325.129993 335.29632015 271.091716 290.68528785 
17.852773 [ 104.938   -8.625   -7.75 ] [-0.19  1.31  9.6 ] 303.938287 299.45566165 258.268871 354.1454515 326.03925 334.34620625 277.507826 287.24401865 
17.954255 [ 104.813   -8.062  -12.75 ] [-0.09  2.14  9.46] 307.321807 306.36823115 254.234821 347.52059705 326.248168 333.598712 283.874966 285.56482315 
18.056133 [ 104.813   -7.5    -17.312] [-1.28  2.86  9.29] 310.27896 313.59818685 251.356068 340.08569985 325.609671 333.53250305 289.86231 285.92672585 
18.157854 [ 104.625   -7.5    -18.5  ] [-1.28  3.08  9.21] 312.908856 320.6033003 249.844358 332.1467174 323.976678 334.6262485 295.165832 288.5566436 
18.259584 [ 104.813   -6.437  -19.   ] [-1.1   3.17  9.21] 315.310606 326.8413442 249.911438 324.0096072 321.223837 337.2904282 299.739712 293.17955735 
18.361245 [ 105.188   -4.687  -18.75 ] [-0.8   3.14  9.25] 317.583319 331.7700901 251.727248 315.9779129 317.416997 341.3354152 303.682427 299.23993315 
18.463078 [ 105.563   -2.687  -18.187] [-0.47  3.06  9.3 ] 319.374946 334.284595 255.124891 308.33572475 312.721366 346.25974625 307.09403 306.17917575 
18.565371 [ 105.563   -2.25   -16.687] [-0.39  2.85  9.37] 321.525449 335.80269735 259.774844 301.35774095 307.302998 351.55929585 310.074575 313.43868875 
18.667449 [ 105.5     -1.562  -14.25 ] [-0.27  2.42  9.49] 323.436861 336.0218793 265.346531 295.3185999 301.327947 356.72993735 312.724114 320.45987575 
18.76931 [ 105.438   -0.562  -10.687] [-0.1   1.82  9.63] 324.962024 335.42109055 271.509377 290.49294 294.962269 361.2675464 315.142701 326.6841415 
18.871882 [ 97.625   0.     -9.687] [ 0.    1.65  9.66] 325.953778 334.47927965 277.932806 287.1553985 288.372017 364.66799635 317.430389 331.5528873 
18.975377 [ 106.       1.      -9.062] [ 1.44  1.56  9.67] 326.264964 333.67539745 284.286242 285.58061495 281.723246 366.4271617 319.670988 334.57569565 
19.07795 [ 106.063    2.375   -7.312] [ 1.69  1.25  9.71] 325.748422 333.4883925 290.239112 286.04322545 275.185354 366.10018565 321.798784 335.88973165 
19.179844 [ 106.125    3.5     -6.5  ] [ 1.88  1.11  9.72] 324.256995 334.39721565 295.495702 288.7515916 268.955884 363.7412033 323.667479 335.97038345 
19.281834 [ 106.125    4.75    -6.687] [ 0.81  1.13  9.7 ] 321.655566 336.84302185 300.029288 293.40270565 263.246474 359.65430685 325.129993 335.29632015 
19.385572 [ 106.125    6.938   -6.625] [ 1.15  1.12  9.67] 317.980058 340.7302645 303.938287 299.45566165 258.268871 354.1454515 326.03925 334.34620625 
19.488368 [ 106.063    7.813   -7.125] [ 1.33  1.2   9.63] 313.393511 345.56450455 307.321807 306.36823115 254.234821 347.52059705 326.248168 333.598712 
