-0.075594 [ 7.188 -1.75  -8.937] [-0.3   1.52  9.68]
-0.178618 [ 1.5   -7.812 -7.75 ] [-0.05  1.31  9.62]
-0.281338 [ 5.625 -9.687 -2.812] [-0.37  0.47  9.65]
-0.383985 [  5.438 -10.75    0.   ] [-0.55  0.    9.63]
-0.487034 [  5.25  -11.062   1.5  ] [-0.61 -0.25  9.61]
-0.591082 [  5.25  -10.625   1.375] [-0.53 -0.23  9.63]
-0.693788 [  5.188 -10.      1.25 ] [-0.42 -0.21  9.65]
-0.797093 [ 2.812 -9.     0.688] [-1.54 -0.11  9.68]
-0.901109 [ 5.063 -8.25  -0.5  ] [-1.42  0.07  9.7 ]
-1.003881 [ 2.937 -7.5   -1.125] [-1.28  0.19  9.72]
-1.107243 [ 5.    -6.687 -2.   ] [-1.14  0.34  9.73]
-1.211448 [ 4.938 -6.187 -3.062] [-1.07  0.5   9.73]
-1.314565 [ 4.813 -5.75  -5.312] [-0.98  0.91  9.71]
-1.416994 [ 4.688 -5.5   -8.5  ] [-0.94  1.45  9.65]
-1.5192 [  4.438  -5.312 -12.062] [-0.9   2.05  9.54]
-1.621736 [  4.188  -5.062 -17.312] [-0.87  2.84  9.34]
-1.724512 [  4.125  -5.437 -18.875] [-0.93  3.16  9.23]
-1.82709 [  3.938  -6.    -19.437] [-1.02  3.24  9.19]
-1.92955 [  4.187  -6.437 -19.562] [-1.1   3.26  9.18]
-2.032708 [  4.     -6.    -19.125] [-1.02  3.19  9.21]
-2.135424 [  4.375  -4.312 -17.875] [-0.73  3.    9.3 ]
-2.238006 [  4.875  -1.812 -16.75 ] [-0.31  2.83  9.38]
-2.342295 [  5.375   1.063 -15.625] [ 0.14  2.66  9.43]
-2.445304 [  5.688   3.25  -14.625] [ 1.84  2.47  9.47]
-2.548201 [  5.875   4.375 -13.937] [ 2.03  2.35  9.48]
-2.652767 [  6.313   5.375 -13.   ] [ 0.9   2.2   9.51]
-2.755638 [  6.625   6.563 -11.062] [ 2.41  1.87  9.55]
-2.858367 [  6.75   8.   -10.25] [ 1.36  1.73  9.55]
-2.962525 [  6.813   9.625 -10.625] [ 1.6   1.78  9.5 ]
-3.066252 [  6.813  12.    -10.875] [ 2.04  1.81  9.41]
-3.168812 [  6.813  13.25  -11.   ] [ 2.24  1.82  9.36]
-3.272019 [  6.938  13.875 -10.062] [ 2.35  1.66  9.37]
-3.374867 [  7.125  14.688  -9.   ] [ 2.48  1.5   9.36]
-3.477266 [  7.313  15.188  -7.937] [ 3.85  1.31  9.37]
-3.579746 [  7.563  15.125  -6.937] [ 3.84  1.15  9.39]
-3.682331 [  7.5  14.5  -7. ] [ 2.46  1.15  9.42]
-3.785201 [  7.438  12.875  -6.5  ] [ 2.19  1.09  9.49]
-3.887616 [ 7.438  9.438 -5.625] [ 1.61  0.94  9.62]
-3.990514 [ 7.188  4.5   -4.5  ] [ 2.05  0.77  9.74]
-4.094637 [ 6.75  -0.5   -2.562] [-0.01  0.47  9.79]
-4.197497 [ 6.25  -4.875 -0.25 ] [-0.84  0.04  9.77]
-4.299964 [  5.625 -11.25   -0.125] [-0.63  0.02  9.61]
-4.403977 [  5.75  -12.25    0.563] [-0.8  -0.07  9.58]
-4.507157 [  5.688 -10.812   1.625] [-0.56 -0.28  9.62]
-4.609702 [  5.688 -10.937   1.75 ] [-0.58 -0.3   9.62]
-4.713458 [  2.437 -10.625   1.813] [-0.53 -0.3   9.63]
-4.817594 [ 5.5   -9.937  1.625] [-0.41 -0.27  9.65]
-4.920025 [ 5.5   -8.937  1.   ] [-0.24 -0.17  9.68]
-5.022502 [ 5.375 -8.062  0.063] [-0.1  -0.01  9.7 ]
-5.124924 [ 5.375 -7.687 -0.562] [-0.03  0.1   9.71]
-5.227504 [ 5.25  -7.    -1.687] [-1.19  0.28  9.72]
-5.329814 [ 5.188 -6.312 -2.875] [-1.08  0.49  9.73]
-5.432253 [ 5.063 -5.937 -5.062] [-1.01  0.86  9.71]
-5.53445 [ 4.938 -5.75  -8.062] [-0.98  1.36  9.66]
-5.637436 [  4.688  -5.5   -11.875] [-0.95  1.94  9.56]
-5.740061 [  4.5    -5.312 -16.625] [-0.91  2.79  9.35]
-5.843025 [  4.375  -5.312 -18.187] [-0.91  3.05  9.27]
-5.947321 [  4.25   -5.687 -18.75 ] [-0.97  3.13  9.24]
-6.05019 [  4.125  -6.187 -18.625] [-1.06  3.12  9.23]
-6.153066 [  4.313  -5.625 -18.187] [-0.96  3.04  9.26]
-6.257336 [  4.563  -4.375 -17.437] [-0.77  2.94  9.32]
-6.360459 [  5.063  -1.875 -16.437] [-0.32  2.77  9.39]
-6.463103 [  5.5     0.875 -15.5  ] [ 0.15  2.62  9.44]
-6.567425 [  5.938   3.375 -14.687] [ 1.82  2.49  9.46]
-6.670832 [  6.438   4.875 -13.687] [ 2.11  2.31  9.49]
-6.773285 [  6.813   5.75  -12.75 ] [ 2.26  2.15  9.51]
-6.875723 [  7.125   6.875 -10.75 ] [ 2.46  1.82  9.56]
-6.97802 [ 7.313  8.25  -9.875] [ 1.41  1.67  9.55]
-7.080492 [ 7.375  9.813 -9.75 ] [ 1.67  1.63  9.52]
-7.182904 [  7.438  11.625  -9.5  ] [ 1.98  1.58  9.47]
-7.28548 [  7.375  12.313  -9.375] [ 2.1   1.56  9.44]
-7.38778 [  7.375  13.375  -9.937] [ 2.27  1.65  9.39]
-7.490242 [  7.5    14.5    -9.187] [ 2.46  1.52  9.36]
-7.592681 [  7.813  14.875  -7.812] [ 2.51  1.29  9.38]
-7.695094 [  8.188  14.813  -6.5  ] [ 2.51  1.07  9.41]
-7.80054 [  8.063  14.188  -6.562] [ 2.4   1.08  9.44]
-7.903393 [  0.25   12.5    -6.062] [ 2.12  1.01  9.51]
-8.006738 [ 7.188  9.375 -5.187] [ 1.6   0.87  9.63]
-8.111035 [ 6.375  4.    -4.   ] [ 1.96  0.69  9.75]
-8.21377 [ 5.813 -0.625 -3.062] [-0.11  0.52  8.51]
-8.317474 [ 5.25  -5.625 -1.937] [-0.96  0.33  9.75]
-8.422022 [ 4.625 -9.25  -1.062] [-0.3   0.18  9.67]
-8.524341 [  4.625 -10.312  -0.25 ] [-0.48  0.04  9.64]
-8.626651 [ -1.68343700e+03  -1.08120000e+01   3.13000000e-01] [-0.56 -0.06  9.63]
-8.72868 [  4.438 -10.937   0.875] [-0.58 -0.15  9.62]
-8.831108 [  4.438 -10.437   1.375] [-0.5  -0.22  9.63]
-8.933986 [ 4.375 -9.75   1.438] [-0.38 -0.25  9.66]
-9.036422 [ 4.375 -8.937  1.125] [-0.24 -0.19  9.68]
-9.138872 [ 4.25  -8.75   0.063] [-0.22 -0.01  9.69]
-9.241334 [ 4.188 -7.875 -0.625] [-1.36  0.1   9.71]
-9.344757 [ 4.125 -7.062 -1.5  ] [-1.21  0.26  9.72]
-9.447748 [ 4.063 -6.437 -2.812] [-1.1   0.47  9.73]
-9.551778 [ 3.938 -5.937 -5.187] [-1.02  0.83  9.71]
-9.654793 [ 3.75  -5.687 -8.187] [-0.97  1.39  9.65]
-9.757436 [  4.437  -5.5   -11.562] [-0.94  1.96  9.56]
-9.861562 [  3.313  -5.25  -16.562] [-0.9   2.71  9.37]
-9.965085 [  3.188  -5.75  -18.   ] [-0.98  3.02  9.27]
-10.067566 [  2.938  -6.687 -18.562] [-1.14  3.1   9.23]
-10.171729 [  2.875  -7.    -18.687] [-1.2   3.12  9.21]
-10.275289 [  3.063  -6.125 -18.312] [-1.04  3.07  9.25]
-10.377891 [  3.5    -3.875 -17.5  ] [-0.66  2.94  9.33]
-10.48028 [  3.938  -1.625 -16.5  ] [-0.27  2.78  9.39]
-10.582629 [  4.438   1.    -15.312] [ 1.41  2.6   9.45]
-10.685229 [  4.813   3.375 -14.312] [ 1.86  2.42  9.48]
-10.787778 [  5.125   5.    -13.437] [ 2.14  2.27  9.49]
-10.890431 [  5.375   5.938 -12.562] [ 2.3   2.12  9.51]
-10.993233 [  5.75    7.313 -10.687] [ 2.5   1.83  9.55]
-11.0961 [ 5.875  8.563 -9.812] [ 1.46  1.65  9.55]
-11.198407 [  5.938  10.063  -9.5  ] [ 1.72  1.59  9.52]
-11.301595 [  6.     11.625  -9.312] [ 1.98  1.56  9.47]
-11.405716 [  6.     12.313  -9.187] [ 2.09  1.53  9.45]
-11.50803 [  5.938  13.25   -9.625] [ 2.25  1.59  9.41]
-11.611703 [  6.     14.188  -9.25 ] [ 2.41  1.53  9.38]
-11.71562 [  6.25   14.875  -8.   ] [ 2.52  1.32  9.38]
-11.818062 [  6.688  14.938  -6.562] [ 2.53  1.08  9.41]
-11.920925 [  1.25   14.625  -6.062] [ 2.47  1.    9.43]
-12.025373 [  6.25   13.125  -5.812] [ 2.26  0.97  9.49]
-12.128523 [  5.438  10.438  -4.875] [ 1.78  0.82  9.6 ]
-12.230956 [    4.313 -2042.437    -3.75 ] [ 2.24  0.64  9.73]
-12.333552 [ 3.5    0.688 -2.75 ] [ 1.39  0.47  9.79]
-12.436008 [ 2.813 -5.    -1.625] [-0.76  0.29  9.77]
-12.538397 [  1.688 -11.812  -0.625] [-0.72  0.1   9.59]
-12.640883 [  1.5   -11.875   1.375] [-0.74 -0.23  9.59]
-12.743421 [  1.563 -10.875   2.375] [-0.57 -0.4   9.62]
-12.845913 [  1.625 -10.75    2.313] [-0.55 -0.39  9.62]
-12.948914 [  1.563 -10.375   2.313] [-0.49 -0.39  9.63]
-13.051084 [ 1.563 -9.75   2.   ] [-0.38 -0.34  9.65]
-13.154061 [ 1.563 -8.875  1.438] [-0.23 -0.25  9.68]
-13.25809 [ 1.5   -7.812  0.188] [-0.06 -0.03  9.71]
-13.360681 [ 1.438 -7.375 -0.437] [-1.26  0.08  9.72]
-13.463854 [ 1.375 -6.875 -1.312] [-1.18  0.22  9.73]
-13.567758 [ 1.313 -6.062 -2.437] [-1.05  0.39  9.74]
-13.669963 [ 1.188 -5.687 -4.75 ] [-0.97  0.81  9.72]
-13.771916 [ 7.    -5.437 -7.812] [-0.93  1.33  9.67]
-13.875277 [  7.187  -5.25  -11.125] [-0.9   1.88  9.58]
-13.978662 [  0.563  -5.062 -16.187] [-0.87  2.65  9.4 ]
-14.081054 [  0.438  -5.25  -18.125] [-0.9   3.03  9.28]
-14.183068 [  0.313  -5.625 -18.5  ] [-0.96  3.1   9.25]
-14.284821 [  0.313  -5.75  -18.5  ] [-0.99  3.09  9.25]
-14.386812 [  0.438  -5.187 -18.   ] [-0.89  3.02  9.28]
-14.48853 [  0.688  -4.062 -17.187] [-0.72  2.9   9.33]
-14.5906 [  1.125  -1.937 -16.25 ] [-0.33  2.74  9.4 ]
-14.692543 [  1.625   1.    -15.187] [ 1.45  2.57  9.46]
-14.794303 [  1.938   3.375 -14.187] [ 1.86  2.4   9.49]
-14.896183 [  2.188   4.875 -13.375] [ 2.11  2.26  9.5 ]
-14.998031 [  2.375   5.813 -12.625] [ 2.27  2.14  9.51]
-15.10019 [  2.75    7.063 -10.812] [ 1.18  1.85  9.55]
-15.202532 [ 2.938  8.375 -9.812] [ 1.43  1.66  9.55]
-15.305089 [ 2.938  9.688 -9.562] [ 1.65  1.61  9.53]
-15.40848 [  3.     11.813  -9.375] [ 1.98  1.57  9.47]
-15.511907 [  3.     12.5    -9.562] [ 2.12  1.59  9.43]
-15.614476 [  2.875  13.375 -10.5  ] [ 2.27  1.74  9.37]
-15.717561 [  5.     14.063  -9.875] [ 2.38  1.63  9.37]
-15.821407 [  3.125  14.375  -8.875] [ 2.43  1.47  9.38]
-15.92414 [  4.625  14.063  -7.75 ] [ 2.39  1.29  9.42]
-16.027436 [  3.563  13.625  -6.437] [ 2.31  1.07  9.46]
-16.131751 [  3.813  12.75   -4.437] [ 2.17  0.74  9.53]
-16.234632 [  3.938  10.563  -3.687] [ 1.8   0.63  9.61]
-16.337057 [ 3.688  6.5   -2.812] [ 2.39  0.48  9.73]
-16.439372 [ 3.125  1.875 -1.875] [ 1.6   0.32  9.79]
-16.541497 [ 2.313 -3.687 -0.687] [-0.54  0.14  9.79]
-16.644236 [  1.188 -10.5     0.   ] [-0.5   0.    9.64]
-16.746831 [  0.875 -11.875   0.813] [-0.74 -0.14  9.59]
-16.849407 [  0.938 -11.062   1.813] [-0.6  -0.3   9.61]
-16.952267 [  0.875 -11.187   2.063] [-0.62 -0.34  9.61]
-17.055439 [  0.813 -10.75    2.125] [-0.55 -0.36  9.62]
-17.158621 [  7.187 -10.062   1.813] [-1.71 -0.31  9.65]
-17.262977 [ 0.813 -9.437  1.313] [-1.6  -0.24  9.67]
-17.366036 [ 0.75  -8.937  0.563] [-0.24 -0.1   9.68]
-17.469339 [ 0.625 -8.062 -0.312] [-0.1   0.05  9.7 ]
-17.57364 [ 0.563 -7.187 -1.375] [-1.24  0.22  9.72]
-17.676517 [ 7.5   -6.625 -2.562] [-1.13  0.44  9.73]
-17.779541 [ 0.375 -6.125 -4.687] [-1.05  0.8   9.71]
-17.883687 [ 0.188 -5.812 -8.25 ] [-1.    1.34  9.66]
-17.986837 [  0.     -5.562 -12.   ] [-0.95  2.03  9.54]
-18.089136 [  8.187  -5.437 -16.375] [-0.93  2.75  9.36]
-18.191788 [  8.5    -6.25  -17.562] [-1.07  2.94  9.29]
-18.294734 [  8.687  -7.25  -18.062] [-1.22  3.01  9.24]
-18.397457 [  8.625  -7.125 -18.125] [-1.22  3.03  9.24]
-18.499907 [  8.437  -6.125 -17.875] [-1.04  3.    9.27]
-18.602321 [  0.     -4.    -16.937] [-0.69  2.85  9.35]
-18.704785 [  0.438  -1.375 -15.75 ] [-0.27  2.68  9.42]
-18.807506 [  0.813   0.813 -15.125] [ 1.42  2.56  9.46]
-18.909971 [  6.812   3.063 -14.375] [ 1.8   2.43  9.48]
-19.014118 [  1.563   4.563 -13.25 ] [ 0.76  2.26  9.51]
-19.117408 [  1.813   5.563 -12.312] [ 2.23  2.08  9.53]
-19.219713 [  2.063   6.75  -10.5  ] [ 2.43  1.77  9.57]
-19.323166 [ 2.063  8.188 -9.812] [ 1.39  1.65  9.56]
-19.427016 [  1.875  10.125 -10.062] [ 1.72  1.69  9.5 ]
-19.529462 [  6.312  12.313 -10.5  ] [ 2.09  1.75  9.41]
-19.632616 [  1.688  13.375 -10.375] [ 2.27  1.71  9.38]
-19.736913 [  1.875  14.188  -9.375] [ 2.39  1.56  9.37]
-19.839926 [  2.125  14.875  -8.437] [ 2.52  1.39  9.37]
-19.942235 [  2.313  15.25   -7.375] [ 3.86  1.21  9.38]
-20.045039 [  2.688  15.125  -5.937] [ 3.84  0.98  9.41]
-20.14767 [  2.563  14.688  -5.812] [ 2.5   0.97  9.43]
-20.250274 [  2.25  13.    -5.5 ] [ 2.21  0.91  9.51]
-20.352748 [ 1.5    9.938 -4.5  ] [ 1.69  0.75  9.62]
-20.455131 [ 0.313  5.188 -3.437] [ 2.17  0.59  9.74]
-20.557876 [ 8.5   -0.25  -2.312] [ 1.32  0.42  9.79]
-20.660889 [ 9.125 -5.812 -1.062] [-0.99  0.18  9.75]
-20.763963 [ 10.312 -12.5    -0.5  ] [-0.84  0.08  9.57]
-20.868053 [  9.312 -12.      0.375] [-0.78 -0.05  9.58]
-20.971142 [  9.062 -11.25    1.5  ] [-0.63 -0.25  9.61]
-21.07438 [  9.125 -11.437   1.688] [-1.94 -0.28  9.6 ]
-21.178516 [  9.125 -11.125   1.875] [-0.62 -0.32  9.61]
-21.281829 [  9.    -10.625   1.75 ] [-0.53 -0.29  9.63]
-21.385135 [ 8.875 -9.562  1.313] [-0.35 -0.22  9.66]
-21.489152 [ 9.062 -7.875 -0.312] [-0.08  0.03  9.71]
-21.592576 [ 9.125 -7.125 -1.5  ] [-1.22  0.25  9.72]
-21.69513 [ 9.187 -6.625 -2.562] [-1.14  0.43  9.73]
-21.797465 [ 9.187 -5.937 -3.75 ] [-1.02  0.64  9.73]
-21.899911 [ 9.312 -5.625 -5.562] [-0.97  0.91  9.71]
-22.002617 [ 9.437 -5.375 -8.5  ] [-0.92  1.44  9.65]
-22.105359 [  9.625  -5.25  -12.187] [-0.89  2.06  9.54]
-22.20765 [  9.75   -4.937 -16.625] [-0.85  2.8   9.35]
-22.309913 [  9.812  -5.125 -17.937] [-0.87  3.    9.29]
-22.412825 [  9.812  -5.    -18.25 ] [-0.86  3.06  9.27]
-22.515612 [  9.812  -4.875 -18.187] [-0.83  3.05  9.27]
-22.619955 [  9.812  -4.875 -17.75 ] [-0.83  2.98  9.3 ]
-22.723326 [  9.75   -4.812 -17.312] [-0.82  2.91  9.32]
-22.82602 [  9.5    -3.562 -16.625] [-0.6   2.8   9.37]
-22.930613 [  9.     -0.687 -15.562] [-0.18  2.65  9.43]
-23.033756 [  8.5     2.375 -14.875] [ 1.68  2.51  9.46]
-23.13649 [  8.062   4.25  -13.812] [ 2.01  2.34  9.49]
-23.240514 [  0.125   5.313 -12.937] [ 2.17  2.19  9.51]
-23.34408 [  0.375   6.563 -11.   ] [ 2.4   1.86  9.56]
-23.446547 [  0.438   8.    -10.062] [ 1.36  1.7   9.55]
-23.548716 [ 0.5    9.375 -9.687] [ 1.6   1.63  9.53]
-23.650978 [  0.5    11.438  -9.937] [ 1.95  1.66  9.46]
-23.753564 [  0.25   12.938 -10.812] [ 2.19  1.79  9.38]
-23.856168 [  0.25   13.75  -10.625] [ 2.33  1.76  9.35]
-23.958742 [  0.438  14.375  -9.562] [ 2.44  1.58  9.36]
-24.061181 [  0.625  14.875  -8.5  ] [ 2.52  1.4   9.37]
-24.164185 [  1.     14.813  -7.   ] [ 2.51  1.16  9.4 ]
-24.266778 [  1.188  14.563  -6.   ] [ 2.46  1.    9.43]
-24.370436 [  1.125  13.438  -5.937] [ 2.28  0.98  9.48]
-24.474491 [  1.     10.188  -4.937] [ 1.74  0.83  9.61]
-24.577076 [ 0.625  5.625 -3.875] [ 2.24  0.66  9.73]
-24.680236 [ 0.25  0.75 -2.75] [ 1.41  0.47  9.79]
-24.784495 [ 8.312 -4.937 -1.375] [-0.84  0.23  9.76]
-24.886959 [  9.812 -12.25   -0.75 ] [-0.8   0.12  9.58]
-24.989979 [  9.312 -11.5     0.125] [-0.68 -0.02  9.6 ]
-25.094162 [  9.5   -10.875   1.125] [-0.57 -0.18  9.62]
-25.19734 [  9.562 -11.062   1.375] [-0.6  -0.23  9.62]
-25.299617 [  9.812 -10.687   1.688] [-0.54 -0.29  9.63]
-25.401911 [ 10.187 -10.125   1.688] [-0.45 -0.28  9.64]
-25.504068 [ 10.75   -8.875   1.125] [-0.27 -0.21  9.68]
-25.606643 [ 10.937  -8.062   0.313] [-0.1  -0.05  9.7 ]
-25.709126 [ 11.125  -6.937  -1.   ] [-1.19  0.17  9.73]
-25.811653 [ 11.125  -6.562  -2.125] [-1.13  0.36  9.73]
-25.914284 [ 11.187  -5.75   -3.187] [-0.99  0.55  9.74]
-26.017128 [ 11.312  -5.375  -5.5  ] [-0.91  0.93  9.71]
-26.11958 [ 11.437  -5.25   -8.562] [-0.89  1.45  9.65]
-26.223438 [ 11.625  -5.    -12.187] [-0.86  2.06  9.54]
-26.327453 [ 11.812  -5.    -16.875] [-0.85  2.84  9.34]
-26.429919 [ 11.875  -5.187 -18.187] [-0.89  3.04  9.27]
-26.533482 [ 11.937  -5.375 -18.562] [-0.92  3.11  9.25]
-26.63735 [ 12.   -6.  -18.5] [-1.02  3.09  9.24]
-26.73953 [ 11.937  -6.062 -18.   ] [-1.04  3.02  9.27]
-26.842816 [ 11.687  -4.75  -17.562] [-0.82  2.95  9.31]
-26.947388 [ 11.25   -2.437 -16.625] [-0.42  2.8   9.38]
-27.049993 [ 10.75    0.5   -15.687] [ 1.36  2.65  9.44]
-27.152564 [ 10.312   2.875 -15.062] [ 1.77  2.54  9.45]
-27.25542 [  9.937   4.25  -13.937] [ 2.    2.35  9.49]
-27.358301 [  9.5     5.25  -12.812] [ 2.16  2.19  9.51]
-27.460847 [  9.187   6.5   -11.062] [ 2.39  1.87  9.56]
-27.563201 [  9.062   7.813 -10.25 ] [ 1.33  1.73  9.55]
-27.665748 [ 9.     9.    -9.875] [ 1.53  1.66  9.54]
-27.769362 [  9.     11.375 -10.   ] [ 1.94  1.67  9.46]
-27.871797 [  9.125  12.625 -10.812] [ 2.14  1.8   9.39]
-27.975366 [  9.187  13.438 -11.25 ] [ 2.28  1.86  9.35]
-28.079119 [  9.     14.125 -10.187] [ 2.39  1.69  9.35]
-28.18169 [  8.875  14.188  -9.312] [ 2.41  1.53  9.37]
-28.285126 [  8.75   13.813  -8.25 ] [ 2.34  1.37  9.42]
-28.389158 [  8.625  13.188  -7.125] [ 2.23  1.18  9.47]
-28.491723 [  8.437  12.375  -5.375] [ 2.1   0.9   9.53]
-28.595109 [  8.312  10.313  -3.937] [ 1.75  0.66  9.62]
-28.699211 [ 8.437  5.75  -3.062] [   1.05    0.54 -317.95]
-28.802909 [ 8.937  1.063 -2.125] [ 1.46  0.36  9.79]
-28.905494 [ 9.312 -3.687 -0.937] [-0.63  0.16  9.78]
-29.008071 [ 10.312 -10.187  -0.125] [-0.45  0.02  9.65]
-29.11066 [ 11.    -12.437   0.625] [-0.83 -0.1   9.57]
-29.213247 [ 11.312 -11.437   1.625] [-0.66 -0.28  9.6 ]
-29.315823 [ 11.312 -11.437   1.938] [-0.67 -0.33  9.6 ]
-29.418253 [ 11.437 -11.125   2.   ] [-0.61 -0.34  9.61]
-29.520711 [ 11.375 -10.375   1.688] [-0.49 -0.28  9.64]
-29.623333 [ 11.375  -9.25    1.188] [-0.3  -0.2   9.67]
-29.726591 [ 11.5    -7.75    0.375] [-0.04 -0.06  9.71]
-29.830743 [ 11.5    -7.062  -0.5  ] [-1.21  0.06  9.73]
-29.933631 [ 11.562  -6.625  -1.5  ] [-1.13  0.25  9.73]
-30.036636 [ 11.625  -6.5    -2.937] [-1.11  0.5   9.73]
-30.140785 [ 11.75  -6.25  -5.25] [-1.07  0.85  9.7 ]
-30.243763 [ 11.875  -6.     -8.   ] [-1.02  1.36  9.65]
-30.347088 [ 12.062  -5.812 -11.   ] [-0.99  1.86  9.57]
-30.451217 [ 12.25   -6.062 -15.75 ] [-1.03  2.57  9.4 ]
-30.554268 [ 12.437  -6.437 -18.187] [-1.1   3.04  9.25]
-30.656849 [ 12.562  -7.187 -18.625] [-1.23  3.11  9.21]
-30.759309 [ 12.5    -6.875 -18.062] [-1.17  3.02  9.25]
-30.861612 [ 12.312  -6.187 -17.375] [-1.07  2.92  9.29]
-30.964189 [ 12.062  -4.937 -17.   ] [-0.85  2.85  9.34]
-31.066612 [ 11.625  -2.625 -16.25 ] [-0.45  2.74  9.4 ]
-31.169067 [ 11.187   0.188 -15.312] [ 1.31  2.59  9.45]
-31.272068 [ 10.75    2.813 -14.5  ] [ 1.72  2.47  9.47]
-31.374946 [ 10.375   4.    -13.437] [ 1.96  2.28  9.51]
-31.477389 [ 10.      4.938 -12.5  ] [ 2.12  2.11  9.53]
-31.581277 [  9.812   6.313 -10.687] [ 2.33  1.82  9.57]
-31.685082 [  9.75    7.625 -10.062] [ 1.3   1.7   9.56]
-31.787579 [ 9.75   8.875 -9.937] [ 1.51  1.67  9.54]
-31.891635 [  9.687  10.938  -9.687] [ 1.84  1.63  9.49]
-31.995316 [  9.687  11.5   -10.125] [ 1.95  1.69  9.45]
-32.09775 [  9.812  12.125 -10.937] [ 2.06  1.82  9.41]
-32.201971 [  9.75   12.563 -10.437] [ 2.13  1.75  9.4 ]
-32.305645 [  9.625  12.75   -9.625] [ 2.16  1.6   9.42]
-32.407923 [  9.562  12.438  -8.625] [ 2.12  1.44  9.46]
-32.510101 [  9.5    11.813  -7.812] [ 2.01  1.3   9.5 ]
-32.612659 [  9.312  10.875  -5.875] [ 1.85  0.99  9.57]
-32.715407 [ 9.25   8.688 -3.562] [ 1.53  0.61  9.66]
-32.817563 [ 9.625  4.688 -2.812] [ 2.08  0.48  9.76]
-32.919747 [ 10.187  -0.062  -1.75 ] [-0.01  0.3   9.8 ]
-33.022298 [ 10.75   -5.125  -0.562] [-0.88  0.1   9.76]
-33.124906 [ 12.062 -12.875   0.063] [-0.8  -0.01  9.58]
-33.227744 [ 12.375 -12.625   1.   ] [-0.87 -0.17  9.56]
-33.330882 [ 12.375 -11.625   2.063] [-0.7  -0.34  9.59]
-33.435205 [ 12.437 -11.75    2.25 ] [-0.72 -0.37  9.59]
-33.538079 [ 12.5   -11.375   2.313] [-0.66 -0.39  9.6 ]
-33.641086 [ 12.562 -10.75    1.75 ] [-0.55 -0.29  9.62]
-33.745397 [ 12.562  -9.812   1.438] [-0.4  -0.26  9.65]
-33.848434 [ 12.625  -9.062   0.313] [-0.26 -0.05  9.68]
-33.951278 [ 12.687  -8.375  -0.5  ] [-0.15  0.09  9.7 ]
-34.05558 [ 12.75  -7.75  -1.75] [-1.32  0.28  9.71]
-34.158889 [ 12.875  -7.25   -3.25 ] [-1.24  0.55  9.71]
-34.261173 [ 12.937  -6.687  -5.562] [-1.14  0.95  9.69]
-34.363613 [ 13.062  -6.5    -8.187] [-1.11  1.39  9.64]
-34.46604 [ 13.25   -6.25  -11.125] [-1.07  1.88  9.56]
-34.568515 [ 13.437  -6.062 -15.75 ] [-1.04  2.64  9.38]
-34.670947 [ 13.5    -6.187 -17.812] [-1.05  2.98  9.28]
-34.773521 [ 13.625  -6.5   -18.437] [-1.11  3.08  9.24]
-34.876221 [ 13.75   -7.125 -18.562] [-1.2   3.09  9.22]
-34.979125 [ 13.687  -7.187 -18.   ] [-1.22  3.01  9.25]
-35.081671 [ 13.312  -5.5   -17.25 ] [-0.94  2.9   9.31]
-35.185714 [ 12.875  -3.062 -16.5  ] [-0.52  2.78  9.38]
-35.289181 [ 12.437  -0.062 -15.437] [-0.02  2.61  9.45]
-35.391689 [ 12.      2.125 -14.812] [ 1.64  2.51  9.47]
-35.494864 [ 11.562   3.875 -13.75 ] [ 1.94  2.33  9.5 ]
-35.599658 [ 11.312   4.938 -12.812] [ 2.12  2.16  9.52]
-35.702069 [ 11.      6.188 -11.   ] [ 2.33  1.86  9.56]
-35.805486 [ 10.937   7.313 -10.312] [ 2.53  1.74  9.56]
-35.909657 [ 10.875   8.688  -9.937] [ 1.48  1.67  9.54]
-36.012186 [ 10.875  11.     -9.75 ] [ 1.87  1.63  9.48]
-36.11454 [ 10.812  11.75   -9.625] [ 1.99  1.61  9.46]
-36.217145 [ 10.937  12.375 -10.75 ] [ 2.1   1.78  9.41]
-36.319954 [ 10.937  12.875 -10.625] [ 2.18  1.78  9.39]
-36.422314 [ 10.875  12.938  -9.812] [ 2.2   1.62  9.41]
-36.52459 [ 10.75   12.563  -8.625] [ 2.13  1.44  9.46]
-36.627183 [ 10.625  11.938  -7.625] [ 2.03  1.27  9.5 ]
-36.729771 [ 10.5    10.938  -5.812] [ 1.89  1.01  9.56]
-36.832926 [ 10.375   8.938  -3.312] [ 1.53  0.56  9.66]
-36.936048 [ 10.5     5.438  -2.687] [ 2.21  0.46  9.75]
-37.040082 [ 10.937   0.438  -1.687] [ 1.44  0.3   9.8 ]
