The flat matrix is [[ -1.68806200e+03  -9.06200000e+00   2.04137500e+03]
 [ -1.80000000e-01  -3.25200000e+02   8.20000000e+00]] 
-0.078465 [ 1696.25      7.125 -2058.125] [ -1.60000000e-01   3.28020000e+02   1.18000000e+00]290.760443 284.3470925 269.617285 287.2270385 273.5029675 264.5349185 290.6739705 284.357445 
-0.180295 [ 1696.25      6.875 -2059.   ] [ -1.90000000e-01   3.28170000e+02   1.13000000e+00]291.7569155 283.846115 270.183311 286.4135695 272.6407045 267.2586555 291.7093335 283.9013615 
-0.283009 [ 1696.625     7.937 -2060.187] [ -1.00000000e-02   3.28360000e+02   1.07000000e+00]292.100259 282.5746365 270.9465475 285.419755 271.9502855 270.3464625 292.1003195 282.687059 
-0.386518 [ 1696.625     8.062 -2060.312] [  1.00000000e-02   3.28380000e+02   1.07000000e+00]291.6919115 280.4038785 271.9153985 284.352919 271.388659 273.5800795 291.741564 280.5742045 
-0.488773 [ 1696.625     8.062 -2060.312] [  1.00000000e-02   3.28380000e+02   1.07000000e+00]290.6141145 277.5119175 273.0982685 283.3203865 270.9127745 276.741246 290.7039145 277.721537 
-0.590249 [ 1696.625     8.187 -2060.25 ] [  3.00000000e-02   3.28380000e+02   1.07000000e+00]289.011157 274.1821335 274.503561 282.4294825 270.479756 279.612326 289.1314775 274.4121295 
-0.691738 [ 1696.75      8.312 -2060.25 ] [  5.00000000e-02   3.28370000e+02   1.07000000e+00]287.0273825 270.698001 276.139681 281.7875315 270.067247 282.0486875 287.1685975 270.929461 
-0.793417 [ 1696.812     8.562 -2060.187] [  9.00000000e-02   3.28360000e+02   1.08000000e+00]284.8071355 267.3429945 278.015032 281.501858 269.692379 284.046194 284.9596205 267.5570115 
-0.894821 [ 1696.875     8.75  -2059.875] [  1.30000000e-01   3.28310000e+02   1.09000000e+00]282.4947595 264.4005885 280.130696 281.664501 269.3767705 285.6166725 282.648892 264.57826 
-0.996172 [ 1696.875     8.75  -2059.562] [  1.20000000e-01   3.28260000e+02   1.11000000e+00]280.2345985 262.154257 282.406627 282.1981275 269.142039 286.77195 280.3807565 262.276686 
-1.098222 [ 1696.875     8.562 -2059.312] [  9.00000000e-02   3.28220000e+02   1.12000000e+00]278.1709965 260.8874745 284.7122715 282.9199635 269.0098035 287.523853 278.2995605 260.935769 
-1.200162 [ 1696.812     8.375 -2059.062] [  6.00000000e-02   3.28180000e+02   1.14000000e+00]276.4250195 260.82139 286.916314 283.645641 269.001682 287.884209 276.5311365 260.7894245 
-1.30188 [ 1696.75      8.062 -2057.437] [   0.    327.91    1.22]274.9943615 261.8468335 288.8874385 284.190793 269.139292 287.8648445 275.0808015 261.748892 
-1.403689 [ 1696.687     7.75  -2055.625] [ -5.00000000e-02   3.27610000e+02   1.30000000e+00]273.8359985 263.7456165 290.494329 284.371052 269.444211 287.4778885 273.905632 263.596254 
-1.505179 [ 1696.687     7.687 -2055.25 ] [ -5.00000000e-02   3.27550000e+02   1.31000000e+00]272.906881 266.2994825 291.6056695 284.002051 269.933706 286.766609 272.9625775 266.11325 
-1.606975 [ 1696.687     7.5   -2055.25 ] [ -8.00000000e-02   3.27550000e+02   1.31000000e+00]272.163961 269.2901755 292.090144 282.899422 270.6170495 285.8320535 272.208587 269.08162 
-1.708883 [ 1696.625     7.312 -2055.187] [ -1.20000000e-01   3.27550000e+02   1.31000000e+00]271.5641885 272.499439 291.831749 280.904786 271.5026465 284.781547 271.60061 272.283104 
-1.810682 [ 1696.5       7.    -2055.062] [ -1.70000000e-01   3.27520000e+02   1.31000000e+00]271.064515 275.7090175 290.876306 278.1344065 272.5989005 283.722414 271.0955945 275.499442 
-1.912103 [ 1696.437     6.75  -2054.937] [ -2.20000000e-01   3.27500000e+02   1.32000000e+00]270.621891 278.700655 289.366833 274.8695095 273.9142155 282.76198 270.650491 278.512374 
-2.013618 [ 1696.375     6.562 -2054.687] [ -2.50000000e-01   3.27450000e+02   1.33000000e+00]270.20166 281.2859535 287.4476745 271.3935685 275.456996 282.0075685 270.2289445 281.1274675 
-2.117084 [ 1688.125     6.062 -2054.625] [  -0.34  327.44    1.33]269.811874 283.4284845 285.263174 267.990059 277.235646 281.566505 269.836426 283.299097 
-2.220173 [ 1696.        5.562 -2054.625] [  -0.42  327.44    1.32]269.47414 285.140044 282.9576765 264.942455 279.2580585 281.5450475 269.4945195 285.0389675 
-2.322516 [ 1696.        5.437 -2054.687] [  -0.44  327.46    1.32]269.2100705 286.432448 280.675525 262.5342305 281.485335 281.9517675 269.224843 286.358906 
-2.425078 [ 1696.        5.312 -2054.812] [  -0.47  327.47    1.31]269.041277 287.3175125 278.5610635 261.04886 283.7948525 282.6204435 269.049015 287.2707395 
-2.528471 [ 1696.        5.125 -2054.812] [  -0.49  327.47    1.31]268.989372 287.807054 276.747615 260.740309 286.0552935 283.3667085 268.9886535 287.7862955 
-2.631384 [ 1695.937     4.875 -2054.875] [  -0.54  327.48    1.3 ]269.075968 287.9128875 275.257332 261.5648935 288.135343 284.006195 269.0653765 287.9174 
-2.73334 [ 1695.937     4.687 -2054.937] [  -0.57  327.49    1.3 ]269.322676 287.6468295 274.047954 263.306469 289.903685 284.354535 269.300803 287.67588 
-2.835745 [ 1695.937     4.562 -2055.   ] [  -0.59  327.51    1.29]269.749322 287.0336435 273.0764315 265.746779 291.2290035 284.227362 269.7151165 287.083924 
-2.939809 [ 1695.937     4.437 -2055.062] [  -0.61  327.51    1.29]270.366998 286.1613815 272.2997155 268.667567 291.979982 283.4403085 270.3199125 286.2258 
-3.042068 [ 1695.937     4.437 -2055.062] [  -0.61  327.51    1.29]271.184131 285.1374025 271.6747575 271.850577 292.026465 281.8109745 271.1235995 285.208795 
-3.143787 [ 1695.937     4.437 -2055.062] [  -0.61  327.51    1.29]272.2091475 284.0690715 271.158508 275.077553 291.33305 279.317775 272.134582 284.1402335 
-3.246613 [ 1695.812     4.437 -2055.25 ] [  -0.62  327.55    1.28]273.4504745 283.0637525 270.707918 278.130239 290.0278675 276.216668 273.361264 283.127441 
-3.348557 [ 1695.625     4.437 -2055.687] [  -0.61  327.61    1.27]274.9165385 282.228811 270.2839615 280.804691 288.255262 272.791128 274.81205 282.2777415 
-3.450485 [ 1695.375     4.5   -2056.125] [  -0.6   327.68    1.25]276.6157665 281.67161 269.8863585 283.034834 286.159577 269.324629 276.495344 281.69846 
-3.552246 [ 1695.       4.5  -2056.75] [  -0.6   327.8     1.22]278.556584 281.4995145 269.5364855 284.8316425 283.885157 266.1006455 278.4195495 281.4969215 
-3.654288 [ 1694.75      4.562 -2057.375] [  -0.59  327.89    1.19]280.727648 281.7786185 269.255954 286.2069325 281.576346 263.402652 280.577202 281.74732 
-3.756156 [ 1694.687     4.625 -2057.75 ] [  -0.58  327.96    1.17]283.0247825 282.381237 269.0663765 287.17252 279.377487 261.5141235 282.869581 282.333338 
-3.85915 [ 1694.75     5.   -2058.  ] [  -0.51  328.      1.17]285.316592 283.1228615 268.9893645 287.7402205 277.4320245 260.7161215 285.1654105 283.0706915 
-3.961661 [ 1694.937     8.125 -2058.812] [ -1.00000000e-02   3.29400000e+02   1.15000000e+00]287.4716755 283.818977 269.046531 287.9218505 275.817326 261.1127985 287.3333745 283.7750135 
-4.06362 [ 1695.        8.312 -2058.875] [  6.00000000e-02   3.28150000e+02   1.14000000e+00]289.358634 284.2850685 269.259488 287.7292255 274.5007515 262.5137685 289.2421575 284.261936 
-4.165117 [ 1695.        8.375 -2059.062] [  6.00000000e-02   3.28180000e+02   1.14000000e+00]290.846067 284.3366205 269.64898 287.180442 273.4392525 264.700775 290.760443 284.3470925 
-4.267424 [ 1695.        8.5   -2059.312] [  8.00000000e-02   3.28220000e+02   1.12000000e+00]291.802575 283.789118 270.227776 286.351407 272.58978 267.4555625 291.7569155 283.846115 
-4.370767 [ 1695.        8.625 -2059.312] [  1.00000000e-01   3.28230000e+02   1.12000000e+00]292.096758 282.458045 271.0043435 285.349182 271.909285 270.5598745 292.100259 282.5746365 
-4.473365 [ 1695.062     8.687 -2059.375] [  1.20000000e-01   3.28230000e+02   1.12000000e+00]291.6379225 280.227976 271.987109 284.2811325 271.354718 273.795455 291.6919115 280.4038785 
-4.574735 [ 1695.187     8.875 -2059.437] [  1.50000000e-01   3.28240000e+02   1.12000000e+00]290.5189795 277.2951115 273.1845 283.254622 270.88303 276.944048 290.6141145 277.5119175 
-4.676157 [ 1695.437     9.062 -2059.437] [   1.46  328.24    1.12]288.884584 273.943472 274.6049425 282.3770155 270.4515255 279.7886535 289.011157 274.1821335 
-4.778215 [ 1695.75     9.25 -2059.5 ] [   1.49  328.25    1.11]286.8793935 270.457085 276.256863 281.7556775 270.0408825 282.1954385 287.0273825 270.698001 
-4.881975 [ 1696.062     9.312 -2059.437] [   1.51  328.24    1.12]284.648065 267.119976 278.148689 281.497972 269.669324 284.164163 284.8071355 267.3429945 
-4.984485 [ 1696.125     9.25  -2059.25 ] [   1.49  328.21    1.13]282.3352565 264.2161715 280.279145 281.691013 269.3584625 285.7066425 282.4947595 264.4005885 
-5.086176 [ 1696.125     9.062 -2059.062] [   1.46  328.18    1.14]280.0856245 262.029698 282.561577 282.243688 269.1299095 286.834693 280.2345985 262.154257 
-5.187951 [ 1696.125     9.062 -2058.875] [   1.46  328.15    1.15]278.0438265 260.8445815 284.8649635 282.972273 269.0052785 287.5601305 278.1709965 260.8874745 
-5.291077 [ 1688.125     9.062 -2058.625] [  1.80000000e-01   3.28110000e+02   1.16000000e+00]276.325493 260.867338 287.057904 283.6922515 269.00618 287.8947705 276.4250195 260.82139 
-5.394244 [ 1696.062     8.875 -2056.437] [  1.50000000e-01   3.27750000e+02   1.26000000e+00]274.9204685 261.96861 289.0089995 284.219109 269.154227 287.8504295 274.9943615 261.8468335 
-5.496044 [ 1696.062     8.75  -2054.937] [  1.20000000e-01   3.27500000e+02   1.33000000e+00]273.784535 263.928083 290.58685 284.36833 269.4709505 287.4395135 273.8359985 263.7456165 
-5.597407 [ 1696.        8.625 -2054.625] [  1.00000000e-01   3.27450000e+02   1.34000000e+00]272.873474 266.5254405 291.660055 283.9553995 269.972997 286.709816 272.906881 266.2994825 
-5.698732 [ 1696.        8.437 -2054.75 ] [  8.00000000e-02   3.27470000e+02   1.33000000e+00]272.143067 269.540367 292.0972145 282.795802 270.6694445 285.7639835 272.163961 269.2901755 
-5.800367 [ 1695.937     8.25  -2054.812] [  4.00000000e-02   3.27470000e+02   1.33000000e+00]271.549095 272.752546 291.7871265 280.7393015 271.5687195 284.70938 271.5641885 272.499439 
-5.901936 [ 1695.625     7.562 -2054.687] [ -7.00000000e-02   3.27460000e+02   1.33000000e+00]271.04734 275.9416625 290.7886335 277.924275 272.6792495 283.65337 271.064515 275.7090175 
-6.003373 [ 1695.5       7.187 -2054.625] [ -1.50000000e-01   3.27440000e+02   1.33000000e+00]270.5935825 278.8874 289.245756 274.6336685 274.00946 282.7033185 270.621891 278.700655 
-6.105081 [ 1695.375     6.812 -2054.5  ] [-0.2  -0.25  1.34]270.154842 281.407835 287.3031515 271.151509 275.567778 281.966589 270.20166 281.2859535 
-6.206802 [ 1695.062     6.125 -2054.375] [ -3.20000000e-01   3.27410000e+02   1.34000000e+00]269.7449225 283.480881 285.1054785 267.761822 277.3626305 281.550547 269.811874 283.4284845 
-6.308315 [ 1689.124     5.937 -2054.375] [  -0.36  327.4     1.34]269.3898 285.1260405 282.797393 264.7486345 279.4014735 281.560529 269.47414 285.140044 
-6.411385 [ 1695.        5.75  -2054.375] [  -0.39  327.41    1.33]269.115452 286.3628175 280.523553 262.395973 281.6387315 281.991176 269.2100705 286.432448 
-6.513057 [ 1689.124     5.625 -2054.5  ] [  -0.41  327.43    1.33]268.9478555 287.2107145 278.428616 260.987863 283.949504 282.671539 269.041277 287.3175125 
-6.61599 [ 1695.        5.375 -2054.562] [  -0.45  327.43    1.32]268.9129875 287.689235 276.64268 260.769456 286.202391 283.4171015 268.989372 287.807054 
-6.718365 [ 1694.937     5.187 -2054.687] [  -0.48  327.45    1.32]269.036825 287.817882 275.178531 261.6726495 288.2659925 284.0433495 269.075968 287.9128875 
-6.820378 [ 1694.875     5.    -2054.75 ] [  -0.52  327.46    1.31]269.3453455 287.616159 273.992317 263.4781075 290.0089085 284.365767 269.322676 287.6468295 
-6.923275 [ 1694.875     4.75  -2054.75 ] [  -0.55  327.47    1.31]269.6817885 287.1334265 273.039819 265.9655135 291.29974 284.199839 269.749322 287.0336435 
-7.026701 [ 1694.875     4.562 -2054.75 ] [  -0.58  327.47    1.3 ]270.2737175 286.290137 272.2768185 268.914551 292.007086 283.36105 270.366998 286.1613815 
-7.129413 [ 1694.875     4.562 -2054.812] [  -0.59  327.47    1.3 ]271.0639185 285.2805455 271.659097 272.1049055 292.0016935 281.668528 271.184131 285.1374025 
-7.232507 [ 1694.875     4.562 -2054.875] [  -0.59  327.48    1.3 ]272.06081 284.212036 271.142436 275.3162595 291.2614575 279.1232605 272.2091475 284.0690715 
-7.337513 [ 1694.75      4.5   -2055.125] [  -0.6   327.52    1.29]273.272808 283.191993 270.682617 278.328298 289.918975 275.988803 273.4504745 283.0637525 
-7.439588 [ 1694.625     4.5   -2055.5  ] [  -0.6   327.58    1.27]274.70833 282.3277995 270.241116 280.9401635 288.1189025 272.5491815 274.9165385 282.228811 
-7.542801 [ 1694.375     4.5   -2056.062] [  -0.6   327.67    1.25]276.3757935 281.72684 269.8233535 283.1011265 286.005898 269.0884225 276.6157665 281.67161 
-7.654512 [ 1694.062     4.562 -2056.687] [  -0.59  327.78    1.22]278.2836155 281.496498 269.4551935 284.8303035 283.7246185 265.890552 278.556584 281.4995145 
-7.756574 [ 1693.875     4.562 -2057.25 ] [  -0.59  327.87    1.2 ]280.427682 281.717994 269.1626125 286.1471965 281.4197215 263.239597 280.727648 281.7786185 
-7.858556 [ 1693.875     4.687 -2057.625] [  -0.57  327.94    1.18]282.7151375 282.2872555 268.9715875 287.0713095 279.2358645 261.419583 283.0247825 282.381237 
-7.960497 [ 1693.875     5.375 -2058.062] [  -0.45  328.01    1.17]285.0148135 283.0202145 268.908096 287.622145 277.3160665 260.710163 285.316592 283.1228615 
-8.062335 [ 1694.        8.062 -2058.812] [   0.    328.14    1.15]287.195391 283.732488 268.998114 287.8192065 275.7283625 261.1907625 287.4716755 283.818977 
-8.164249 [ 1694.062     8.187 -2058.875] [  3.00000000e-02   3.28150000e+02   1.14000000e+00]289.1255495 284.239693 269.26762 287.681997 274.4362805 262.661753 289.358634 284.2850685 
-8.266222 [ 1694.062     8.312 -2058.937] [  5.00000000e-02   3.28160000e+02   1.14000000e+00]290.6739705 284.357445 269.5864545 287.2726785 273.3956025 264.9028175 290.846067 284.3366205 
-8.368095 [ 1694.062     8.375 -2059.062] [  6.00000000e-02   3.28180000e+02   1.14000000e+00]291.7093335 283.9013615 270.139739 286.475535 272.562109 267.6936405 291.802575 283.789118 
-8.469941 [ 1694.125     8.5   -2059.125] [  8.00000000e-02   3.28190000e+02   1.13000000e+00]292.1003195 282.687059 270.8896125 285.4906135 271.8915825 270.813906 292.096758 282.458045 
-8.571665 [ 1694.187     8.625 -2059.187] [  1.00000000e-01   3.28200000e+02   1.13000000e+00]291.741564 280.5742045 271.8444925 284.425297 271.3398035 274.043298 291.6379225 280.227976 
-8.673751 [ 1694.437     8.75  -2059.312] [  1.20000000e-01   3.28220000e+02   1.12000000e+00]290.7039145 277.721537 273.012796 283.38697 270.8625535 277.161501 290.5189795 277.2951115 
-8.777408 [ 1694.687     8.937 -2059.312] [  1.60000000e-01   3.28220000e+02   1.12000000e+00]289.1314775 274.4121295 274.40294 282.483016 270.4162905 279.950509 288.884584 273.943472 
-8.880082 [ 1694.937     9.062 -2059.375] [   1.47  328.23    1.12]287.1685975 270.929461 276.0233415 281.8208185 269.985961 282.289648 286.8793935 270.457085 
-8.982528 [ 1695.187     9.25  -2059.375] [   1.49  328.23    1.12]284.9596205 267.5570115 277.882418 281.5077625 269.594843 284.189199 284.648065 267.119976 
-9.085062 [ 1695.312     9.187 -2059.187] [   1.49  328.2     1.13]282.648892 264.57826 279.9832135 281.6400115 269.268913 285.668665 282.3352565 264.2161715 
-9.18857 [ 1695.312     9.062 -2059.   ] [   1.46  328.17    1.14]280.3807565 262.276686 282.2524665 282.154407 269.0341485 286.7475495 280.0856245 262.029698 
-9.291068 [ 1695.312     9.    -2058.812] [  1.70000000e-01   3.28140000e+02   1.15000000e+00]278.2995605 260.935769 284.560204 282.8693775 268.916526 287.4453555 278.0438265 260.8445815 
-9.392562 [ 1695.312     9.062 -2058.562] [   1.46  328.1     1.16]276.5311365 260.7894245 286.7751065 283.600539 268.942023 287.7815865 276.325493 260.867338 
-9.495377 [ 1695.25      8.812 -2057.812] [  1.30000000e-01   3.27980000e+02   1.20000000e+00]275.0808015 261.748892 288.7658545 284.163508 269.1366165 287.775745 274.9204685 261.96861 
-9.59881 [ 1695.187     8.625 -2055.687] [  1.00000000e-01   3.27650000e+02   1.29000000e+00]273.905632 263.596254 290.4011285 284.3739015 269.4183005 287.514904 273.784535 263.928083 
-9.701144 [ 1695.187     8.375 -2054.5  ] [  6.00000000e-02   3.27430000e+02   1.34000000e+00]272.9625775 266.11325 291.549609 284.0473355 269.895306 286.8229395 272.873474 266.5254405 
-9.803118 [ 1695.125     8.25  -2054.375] [  4.00000000e-02   3.27410000e+02   1.35000000e+00]272.208587 269.08162 292.079976 282.9994275 270.565534 285.900243 272.143067 269.540367 
-9.904513 [ 1695.062     8.062 -2054.437] [  1.00000000e-02   3.27410000e+02   1.35000000e+00]271.60061 272.283104 291.872217 281.064983 271.437401 284.8541985 271.549095 272.752546 
-10.005869 [ 1695.        7.812 -2054.437] [ -3.00000000e-02   3.27410000e+02   1.34000000e+00]271.0955945 275.499442 290.9588465 278.337681 272.519325 283.7921895 271.04734 275.9416625 
-10.107096 [ 1694.75      7.312 -2054.437] [ -1.20000000e-01   3.27410000e+02   1.34000000e+00]270.650491 278.512374 289.4818195 275.096943 273.8197225 282.8216 270.5935825 278.8874 
-10.208449 [ 1694.687     7.062 -2054.312] [ -1.60000000e-01   3.27400000e+02   1.35000000e+00]270.2289445 281.1274675 287.5854805 271.6262485 275.347011 282.049814 270.154842 281.407835 
-10.310213 [ 1694.437     6.187 -2054.187] [ -3.00000000e-01   3.27380000e+02   1.34000000e+00]269.836426 283.299097 285.4141755 268.209077 277.109608 281.5842155 269.7449225 283.480881 
-10.411945 [ 1694.375     5.937 -2054.187] [ -3.60000000e-01   3.27370000e+02   6.00000000e-02]269.4945195 285.0389675 283.112249 265.1289075 279.1157035 281.531716 269.3898 285.1260405 
-10.51357 [ 1694.375     5.75  -2054.25 ] [  -0.39  327.38    1.34]269.224843 286.358906 280.8240475 262.6692195 281.3327935 281.9142545 269.115452 286.3628175 
-10.615346 [ 1694.375     5.562 -2054.437] [  -0.42  327.41    1.33]269.049015 287.2707395 278.693916 261.113493 283.6408955 282.571121 268.9478555 287.2107145 
-10.717057 [ 1694.375     5.375 -2054.437] [  -0.45  327.41    1.33]268.9886535 287.7862955 276.858012 260.7232855 285.9086905 283.317932 268.9129875 287.689235 
-10.819361 [ 1694.312     5.187    -6.5  ] [  -0.49  327.42    1.32]269.0653765 287.9174 275.3474775 261.4789825 288.0048585 283.970304 269.036825 287.817882 
-10.92148 [ 1694.25      4.937 -2054.625] [  -0.52  327.44    1.32]269.300803 287.67588 274.120719 263.1662265 289.7980805 284.3438535 269.3453455 287.616159 
-11.023897 [ 1694.25      4.75  -2054.625] [  -0.55  327.44    1.31]269.7151165 287.083924 273.134686 265.5667565 291.1570365 284.2541975 269.6817885 287.1334265 
-11.126008 [ 1689.874     4.687 -2054.687] [  -0.57  327.45    1.31]270.3199125 286.2258 272.3463265 268.4623125 291.950407 283.5169525 270.2737175 286.290137 
-11.229577 [ 1689.937     4.687 -2054.75 ] [  -0.57  327.46    1.31]271.1235995 285.208795 271.712591 271.6346345 292.047408 281.9486425 271.0639185 285.2805455 
-11.332828 [ 1694.125     4.687 -2054.875] [  -0.57  327.49    1.3 ]272.134582 284.1402335 271.190427 274.865463 291.399917 279.506089 272.06081 284.212036 
-11.434565 [ 1694.        4.625 -2055.187] [  -0.58  327.53    1.29]273.361264 283.127441 270.736785 277.9365365 290.131031 276.436708 273.272808 283.191993 
-11.536216 [ 1693.812     4.687 -2055.625] [  -0.57  327.61    1.27]274.81205 282.2777415 270.311619 280.64029 288.3850955 273.0239785 274.70833 282.3277995 
-11.639519 [ 1693.562     4.687 -2056.062] [  -0.57  327.68    1.25]276.495344 281.69846 269.9115725 282.89969 286.306455 269.55138 276.3757935 281.72684 
-11.742769 [ 1693.187     4.75  -2056.75 ] [  -0.56  327.78    1.22]278.4195495 281.4969215 269.557814 284.7249665 284.039456 266.3023925 278.2836155 281.496498 
-11.84471 [ 1693.        4.812 -2057.25 ] [  -0.55  327.88    1.2 ]280.577202 281.74732 269.271962 286.127945 281.728443 263.5604945 280.427682 281.717994 
-11.946523 [ 1692.937     4.875 -2057.625] [  -0.54  327.94    1.18]282.869581 282.333338 269.075635 287.1204535 279.517762 261.6091655 282.7151375 282.2872555 
-12.04945 [ 1692.937     5.187 -2058.062] [  -0.48  328.01    1.17]285.1654105 283.0706915 268.9904505 287.714319 277.5513265 260.7307295 285.0148135 283.0202145 
-12.153043 [ 1693.125     8.312 -2058.937] [  1.00000000e-02   3.28140000e+02   1.15000000e+00]287.3333745 283.7750135 269.0380275 287.9213675 275.9152275 261.0526955 287.195391 283.732488 
-12.255273 [ 1693.125     8.437 -2058.937] [  7.00000000e-02   3.28160000e+02   1.14000000e+00]289.2421575 284.261936 269.2399835 287.7534265 274.5801245 262.393512 289.1255495 284.239693 
-12.356834 [ 1693.125     8.437 -2059.062] [  8.00000000e-02   3.28180000e+02   1.13000000e+00]290.760443 284.3470925 269.617285 287.2270385 273.5029675 264.5349185 290.6739705 284.357445 
-12.458249 [ 1693.125     8.562 -2059.187] [  9.00000000e-02   3.28200000e+02   1.13000000e+00]291.7569155 283.846115 270.183311 286.4135695 272.6407045 267.2586555 291.7093335 283.9013615 
-12.55989 [ 1693.187     8.625 -2059.25 ] [  1.10000000e-01   3.28210000e+02   1.13000000e+00]292.100259 282.5746365 270.9465475 285.419755 271.9502855 270.3464625 292.1003195 282.687059 
-12.66204 [ 1693.187     8.75  -2059.312] [  1.30000000e-01   3.28220000e+02   1.12000000e+00]291.6919115 280.4038785 271.9153985 284.352919 271.388659 273.5800795 291.741564 280.5742045 
-12.764482 [ 1693.312     8.875 -2059.375] [  1.40000000e-01   3.28230000e+02   1.12000000e+00]290.6141145 277.5119175 273.0982685 283.3203865 270.9127745 276.741246 290.7039145 277.721537 
-12.866184 [ 1693.625     9.062 -2059.375] [   1.46  328.23    1.12]289.011157 274.1821335 274.503561 282.4294825 270.479756 279.612326 289.1314775 274.4121295 
-12.968029 [ 1693.875     9.187 -2059.375] [   1.48  328.23    1.12]287.0273825 270.698001 276.139681 281.7875315 270.067247 282.0486875 287.1685975 270.929461 
-13.069973 [ 1694.062     9.312 -2059.375] [   1.51  328.23    1.12]284.8071355 267.3429945 278.015032 281.501858 269.692379 284.046194 284.9596205 267.5570115 
-13.17169 [ 1694.25      9.25  -2059.187] [   1.49  328.2     1.13]282.4947595 264.4005885 280.130696 281.664501 269.3767705 285.6166725 282.648892 264.57826 
-13.273964 [ 1694.25      9.062 -2059.   ] [   1.46  328.17    1.14]280.2345985 262.154257 282.406627 282.1981275 269.142039 286.77195 280.3807565 262.276686 
-13.376033 [ 1694.25      9.062 -2058.5  ] [   1.46  328.08    1.17]278.1709965 260.8874745 284.7122715 282.9199635 269.0098035 287.523853 278.2995605 260.935769 
-13.477896 [ 1689.874     9.062 -2056.625] [   1.46  327.78    1.26]276.4250195 260.82139 286.916314 283.645641 269.001682 287.884209 276.5311365 260.7894245 
-13.580515 [ 1694.25      9.    -2056.187] [  1.60000000e-01   3.27710000e+02   1.27000000e+00]274.9943615 261.8468335 288.8874385 284.190793 269.139292 287.8648445 275.0808015 261.748892 
-13.683917 [ 1694.187     8.812 -2056.125] [  1.40000000e-01   3.27700000e+02   1.28000000e+00]273.8359985 263.7456165 290.494329 284.371052 269.444211 287.4778885 273.905632 263.596254 
-13.786184 [ 1694.187     8.625 -2056.   ] [  1.00000000e-01   3.27680000e+02   1.28000000e+00]272.906881 266.2994825 291.6056695 284.002051 269.933706 286.766609 272.9625775 266.11325 
-13.887428 [ 1694.125     8.312 -2055.812] [  5.00000000e-02   3.27650000e+02   1.29000000e+00]272.163961 269.2901755 292.090144 282.899422 270.6170495 285.8320535 272.208587 269.08162 
-13.989315 [ 1694.        8.062 -2055.687] [  1.00000000e-02   3.27620000e+02   1.29000000e+00]271.5641885 272.499439 291.831749 280.904786 271.5026465 284.781547 271.60061 272.283104 
-14.09191 [ 1694.        7.75  -2055.375] [ -5.00000000e-02   3.27580000e+02   1.31000000e+00]271.064515 275.7090175 290.876306 278.1344065 272.5989005 283.722414 271.0955945 275.499442 
-14.195111 [  1.69393700e+03  -5.00000000e-01  -2.05518700e+03] [ -8.00000000e-02   3.27540000e+02   1.31000000e+00]270.621891 278.700655 289.366833 274.8695095 273.9142155 282.76198 270.650491 278.512374 
-14.296815 [ 1693.75      7.062 -2054.937] [ -1.60000000e-01   3.27500000e+02   1.32000000e+00]270.20166 281.2859535 287.4476745 271.3935685 275.456996 282.0075685 270.2289445 281.1274675 
-14.398323 [ 1693.562     6.25  -2054.687] [ -3.00000000e-01   3.27460000e+02   1.33000000e+00]269.811874 283.4284845 285.263174 267.990059 277.235646 281.566505 269.836426 283.299097 
-14.500549 [ 1693.562     6.062 -2054.5  ] [  -0.33  327.43    1.33]269.47414 285.140044 282.9576765 264.942455 279.2580585 281.5450475 269.4945195 285.0389675 
-14.604524 [ 1693.5       5.812 -2054.562] [  -0.37  327.43    1.33]269.2100705 286.432448 280.675525 262.5342305 281.485335 281.9517675 269.224843 286.358906 
-14.7072 [ 1693.5       5.625 -2054.562] [  -0.4   327.43    1.32]269.041277 287.3175125 278.5610635 261.04886 283.7948525 282.6204435 269.049015 287.2707395 
-14.809048 [ 1693.5       5.5   -2054.562] [  -0.43  327.44    1.32]268.989372 287.807054 276.747615 260.740309 286.0552935 283.3667085 268.9886535 287.7862955 
-14.911114 [ 1693.437     5.312 -2054.625] [  -0.46  327.44    1.32]269.075968 287.9128875 275.257332 261.5648935 288.135343 284.006195 269.0653765 287.9174 
-15.01296 [ 1693.437     5.125 -2054.687] [  -0.5   327.45    1.31]269.322676 287.6468295 274.047954 263.306469 289.903685 284.354535 269.300803 287.67588 
-15.114709 [ 1693.375     4.875 -2054.687] [  -0.53  327.46    1.31]269.749322 287.0336435 273.0764315 265.746779 291.2290035 284.227362 269.7151165 287.083924 
-15.216777 [ 1693.312     4.687 -2054.75 ] [  -0.56  327.46    1.31]270.366998 286.1613815 272.2997155 268.667567 291.979982 283.4403085 270.3199125 286.2258 
-15.319022 [ 1693.312     4.562 -2054.812] [  -0.59  327.47    1.3 ]271.184131 285.1374025 271.6747575 271.850577 292.026465 281.8109745 271.1235995 285.208795 
-15.420781 [ 1693.25      4.562 -2054.937] [  -0.59  327.49    1.3 ]272.2091475 284.0690715 271.158508 275.077553 291.33305 279.317775 272.134582 284.1402335 
-15.522453 [ 1693.187     4.562 -2055.187] [  -0.59  327.53    1.29]273.4504745 283.0637525 270.707918 278.130239 290.0278675 276.216668 273.361264 283.127441 
-15.626571 [ 1692.937     4.562 -2055.625] [  -0.59  327.6     1.27]274.9165385 282.228811 270.2839615 280.804691 288.255262 272.791128 274.81205 282.2777415 
-15.728362 [ 1692.687     4.625 -2056.125] [  -0.58  327.69    1.25]276.6157665 281.67161 269.8863585 283.034834 286.159577 269.324629 276.495344 281.69846 
-15.83058 [ 1691.687     4.687 -2056.625] [  -0.57  327.77    1.23]278.556584 281.4995145 269.5364855 284.8316425 283.885157 266.1006455 278.4195495 281.4969215 
-15.933075 [ 1692.312     4.75  -2057.187] [  -0.56  327.87    1.2 ]280.727648 281.7786185 269.255954 286.2069325 281.576346 263.402652 280.577202 281.74732 
-16.036416 [ 1692.25      5.187 -2057.687] [  -0.51  327.94    1.18]283.0247825 282.381237 269.0663765 287.17252 279.377487 261.5141235 282.869581 282.333338 
-16.139351 [ 1692.5       7.812 -2058.25 ] [ -3.00000000e-02   3.28040000e+02   1.18000000e+00]285.316592 283.1228615 268.9893645 287.7402205 277.4320245 260.7161215 285.1654105 283.0706915 
-16.240851 [ 1692.5       8.062 -2058.437] [  1.00000000e-02   3.28080000e+02   1.17000000e+00]287.4716755 283.818977 269.046531 287.9218505 275.817326 261.1127985 287.3333745 283.7750135 
-16.342989 [ 1691.624     8.187 -2058.625] [  4.00000000e-02   3.28110000e+02   1.16000000e+00]289.358634 284.2850685 269.259488 287.7292255 274.5007515 262.5137685 289.2421575 284.261936 
-16.446552 [ 1692.5       8.312 -2058.75 ] [  5.00000000e-02   3.28120000e+02   1.15000000e+00]290.846067 284.3366205 269.64898 287.180442 273.4392525 264.700775 290.760443 284.3470925 
-16.549439 [ 1692.5       8.375 -2058.812] [  7.00000000e-02   3.28140000e+02   1.15000000e+00]291.802575 283.789118 270.227776 286.351407 272.58978 267.4555625 291.7569155 283.846115 
-16.650928 [ 1692.562     8.562 -2059.062] [  1.00000000e-01   3.28180000e+02   1.14000000e+00]292.096758 282.458045 271.0043435 285.349182 271.909285 270.5598745 292.100259 282.5746365 
-16.752334 [ 1692.562     8.687 -2059.125] [  1.10000000e-01   3.28190000e+02   1.13000000e+00]291.6379225 280.227976 271.987109 284.2811325 271.354718 273.795455 291.6919115 280.4038785 
-16.854448 [ 1692.75      8.812 -2059.187] [  1.40000000e-01   3.28200000e+02   1.13000000e+00]290.5189795 277.2951115 273.1845 283.254622 270.88303 276.944048 290.6141145 277.5119175 
-16.95742 [ 1693.        9.062 -2059.25 ] [   1.46  328.21    1.13]288.884584 273.943472 274.6049425 282.3770155 270.4515255 279.7886535 289.011157 274.1821335 
-17.061059 [ 1693.25      9.187 -2059.25 ] [   1.48  328.21    1.13]286.8793935 270.457085 276.256863 281.7556775 270.0408825 282.1954385 287.0273825 270.698001 
-17.163018 [ 1693.5       9.312 -2059.312] [   1.5   328.22    1.12]284.648065 267.119976 278.148689 281.497972 269.669324 284.164163 284.8071355 267.3429945 
-17.264661 [ 1693.687     9.25  -2059.125] [   1.49  328.19    1.13]282.3352565 264.2161715 280.279145 281.691013 269.3584625 285.7066425 282.4947595 264.4005885 
-17.366271 [ 1693.687     9.062 -2058.937] [   1.46  328.16    1.14]280.0856245 262.029698 282.561577 282.243688 269.1299095 286.834693 280.2345985 262.154257 
-17.467897 [ 1693.687     9.062 -2058.812] [   1.46  328.14    1.15]278.0438265 260.8445815 284.8649635 282.972273 269.0052785 287.5601305 278.1709965 260.8874745 
-17.569979 [ 1693.687     9.062 -2058.562] [   1.46  328.1     1.16]276.325493 260.867338 287.057904 283.6922515 269.00618 287.8947705 276.4250195 260.82139 
-17.672326 [ 1690.437     8.812 -2057.312] [  1.40000000e-01   3.27890000e+02   1.22000000e+00]274.9204685 261.96861 289.0089995 284.219109 269.154227 287.8504295 274.9943615 261.8468335 
-17.773957 [ 1693.625     8.625 -2055.437] [  1.10000000e-01   3.27580000e+02   1.31000000e+00]273.784535 263.928083 290.58685 284.36833 269.4709505 287.4395135 273.8359985 263.7456165 
-17.875479 [ 1693.562     8.437 -2054.687] [  7.00000000e-02   3.27460000e+02   1.34000000e+00]272.873474 266.5254405 291.660055 283.9553995 269.972997 286.709816 272.906881 266.2994825 
-17.978986 [ 1690.562     8.375 -2054.75 ] [  6.00000000e-02   3.27460000e+02   1.33000000e+00]272.143067 269.540367 292.0972145 282.795802 270.6694445 285.7639835 272.163961 269.2901755 
-18.080898 [ 1693.562     8.125 -2054.687] [  2.00000000e-02   3.27460000e+02   1.33000000e+00]271.549095 272.752546 291.7871265 280.7393015 271.5687195 284.70938 271.5641885 272.499439 
-18.182331 [ 1693.437     7.75  -2054.5  ] [ -4.00000000e-02   3.27430000e+02   1.34000000e+00]271.04734 275.9416625 290.7886335 277.924275 272.6792495 283.65337 271.064515 275.7090175 
-18.283613 [ 1693.312     7.375 -2054.5  ] [ -1.10000000e-01   3.27420000e+02   1.34000000e+00]270.5935825 278.8874 289.245756 274.6336685 274.00946 282.7033185 270.621891 278.700655 
-18.385459 [ 1690.874     7.062 -2054.375] [ -1.60000000e-01   3.27400000e+02   1.34000000e+00]270.154842 281.407835 287.3031515 271.151509 275.567778 281.966589 270.20166 281.2859535 
-18.487529 [ 1690.937     6.25  -2054.25 ] [ -3.00000000e-01   3.27390000e+02   1.34000000e+00]269.7449225 283.480881 285.1054785 267.761822 277.3626305 281.550547 269.811874 283.4284845 
-18.590747 [ 1693.125     5.875 -2054.25 ] [  -0.36  327.38    1.34]269.3898 285.1260405 282.797393 264.7486345 279.4014735 281.560529 269.47414 285.140044 
-18.692875 [ 1693.125     5.687 -2054.312] [  -0.39  327.39    1.33]269.115452 286.3628175 280.523553 262.395973 281.6387315 281.991176 269.2100705 286.432448 
-18.794449 [ 1693.062     5.5   -2054.437] [  -0.43  327.41    1.33]268.9478555 287.2107145 278.428616 260.987863 283.949504 282.671539 269.041277 287.3175125 
-18.896242 [ 1693.062     5.312 -2054.437] [  -0.46  327.41    1.33]268.9129875 287.689235 276.64268 260.769456 286.202391 283.4171015 268.989372 287.807054 
-18.999162 [ 1693.        5.125 -2054.5  ] [  -0.49  327.42    1.32]269.036825 287.817882 275.178531 261.6726495 288.2659925 284.0433495 269.075968 287.9128875 
-19.102079 [ 1692.937     4.937 -2054.625] [  -0.53  327.44    1.32]269.3453455 287.616159 273.992317 263.4781075 290.0089085 284.365767 269.322676 287.6468295 
-19.203926 [ 1692.937     4.75  -2054.625] [  -0.56  327.44    1.31]269.6817885 287.1334265 273.039819 265.9655135 291.29974 284.199839 269.749322 287.0336435 
-19.305585 [ 1692.875     4.5   -2054.687] [  -0.6   327.45    1.31]270.2737175 286.290137 272.2768185 268.914551 292.007086 283.36105 270.366998 286.1613815 
-19.408077 [ 1692.687     3.437 -2054.812] [  -0.78  327.47    1.29]271.0639185 285.2805455 271.659097 272.1049055 292.0016935 281.668528 271.184131 285.1374025 
-19.511634 [ 1692.687     3.437 -2055.062] [  -0.78  327.5     1.28]272.06081 284.212036 271.142436 275.3162595 291.2614575 279.1232605 272.2091475 284.0690715 
-19.614345 [ 1692.625     3.437 -2055.312] [  -0.78  327.55    1.27]273.272808 283.191993 270.682617 278.328298 289.918975 275.988803 273.4504745 283.0637525 
-19.715697 [ 1692.5       3.5   -2055.687] [  -0.77  327.61    1.25]274.70833 282.3277995 270.241116 280.9401635 288.1189025 272.5491815 274.9165385 282.228811 
-19.817293 [ 1692.375     3.75  -2056.125] [  -0.73  327.68    1.24]276.3757935 281.72684 269.8233535 283.1011265 286.005898 269.0884225 276.6157665 281.67161 
-19.918809 [ 1692.125     4.312 -2056.75 ] [  -0.63  327.79    1.22]278.2836155 281.496498 269.4551935 284.8303035 283.7246185 265.890552 278.556584 281.4995145 
-20.020748 [ 1692.        4.875 -2057.187] [  -0.54  327.87    1.2 ]280.427682 281.717994 269.1626125 286.1471965 281.4197215 263.239597 280.727648 281.7786185 
-20.122744 [ 1692.        5.187 -2057.5  ] [  -0.49  327.91    1.19]282.7151375 282.2872555 268.9715875 287.0713095 279.2358645 261.419583 283.0247825 282.381237 
-20.224467 [ 1692.        5.687 -2057.875] [  -0.4   327.98    1.18]285.0148135 283.0202145 268.908096 287.622145 277.3160665 260.710163 285.316592 283.1228615 
-20.326178 [ 1692.062     8.312 -2058.625] [  5.00000000e-02   3.28110000e+02   1.16000000e+00]287.195391 283.732488 268.998114 287.8192065 275.7283625 261.1907625 287.4716755 283.818977 
-20.427705 [ 1692.124     8.25  -2058.875] [  4.00000000e-02   3.28150000e+02   1.15000000e+00]289.1255495 284.239693 269.26762 287.681997 274.4362805 262.661753 289.358634 284.2850685 
-20.531044 [ 1692.        8.25  -2058.937] [  4.00000000e-02   3.28150000e+02   1.14000000e+00]290.6739705 284.357445 269.5864545 287.2726785 273.3956025 264.9028175 290.846067 284.3366205 
-20.63416 [ 1692.        8.312 -2059.   ] [  5.00000000e-02   3.28160000e+02   1.14000000e+00]291.7093335 283.9013615 270.139739 286.475535 272.562109 267.6936405 291.802575 283.789118 
-20.736285 [ 1692.062     8.437 -2059.   ] [  7.00000000e-02   3.28170000e+02   1.14000000e+00]292.1003195 282.687059 270.8896125 285.4906135 271.8915825 270.813906 292.096758 282.458045 
-20.837873 [ 1692.062     8.562 -2059.125] [  9.00000000e-02   3.28180000e+02   1.13000000e+00]291.741564 280.5742045 271.8444925 284.425297 271.3398035 274.043298 291.6379225 280.227976 
-20.940242 [ 1691.937     8.687 -2059.125] [  1.20000000e-01   3.28190000e+02   1.13000000e+00]290.7039145 277.721537 273.012796 283.38697 270.8625535 277.161501 290.5189795 277.2951115 
-21.043637 [ 1692.5       8.937 -2059.125] [  1.50000000e-01   3.28190000e+02   1.13000000e+00]289.1314775 274.4121295 274.40294 282.483016 270.4162905 279.950509 288.884584 273.943472 
-21.145958 [ 1692.687     9.062 -2059.187] [   1.46  328.2     1.13]287.1685975 270.929461 276.0233415 281.8208185 269.985961 282.289648 286.8793935 270.457085 
-21.24775 [ 1692.937     9.187 -2059.187] [   1.48  328.2     1.13]284.9596205 267.5570115 277.882418 281.5077625 269.594843 284.189199 284.648065 267.119976 
-21.349967 [ 1691.062     9.125 -2059.062] [   1.48  328.17    1.14]282.648892 264.57826 279.9832135 281.6400115 269.268913 285.668665 282.3352565 264.2161715 
-21.45346 [ 1693.062     9.    -2058.875] [  1.80000000e-01   3.28150000e+02   1.15000000e+00]280.3807565 262.276686 282.2524665 282.154407 269.0341485 286.7475495 280.0856245 262.029698 
-21.555951 [ 1693.062     8.937 -2058.687] [  1.60000000e-01   3.28120000e+02   1.16000000e+00]278.2995605 260.935769 284.560204 282.8693775 268.916526 287.4453555 278.0438265 260.8445815 
-21.657487 [ 1693.062     8.937 -2058.5  ] [  1.60000000e-01   3.28080000e+02   1.17000000e+00]276.5311365 260.7894245 286.7751065 283.600539 268.942023 287.7815865 276.325493 260.867338 
-21.75886 [ 1693.        8.625 -2057.562] [  1.10000000e-01   3.27930000e+02   1.21000000e+00]275.0808015 261.748892 288.7658545 284.163508 269.1366165 287.775745 274.9204685 261.96861 
-21.861232 [ 1693.        8.562 -2055.687] [  9.00000000e-02   3.27630000e+02   1.29000000e+00]273.905632 263.596254 290.4011285 284.3739015 269.4183005 287.514904 273.784535 263.928083 
-21.964785 [ 1693.        8.312 -2054.375] [  6.00000000e-02   3.27420000e+02   1.35000000e+00]272.9625775 266.11325 291.549609 284.0473355 269.895306 286.8229395 272.873474 266.5254405 
-22.067413 [ 1693.        8.312 -2054.375] [  5.00000000e-02   3.27410000e+02   1.35000000e+00]272.208587 269.08162 292.079976 282.9994275 270.565534 285.900243 272.143067 269.540367 
-22.169105 [ 1692.937     8.125 -2054.375] [  1.00000000e-02   3.27410000e+02   1.35000000e+00]271.60061 272.283104 291.872217 281.064983 271.437401 284.8541985 271.549095 272.752546 
-22.270691 [ 1692.875     7.875 -2054.437] [ -3.00000000e-02   3.27410000e+02   1.35000000e+00]271.0955945 275.499442 290.9588465 278.337681 272.519325 283.7921895 271.04734 275.9416625 
-22.372221 [ 1692.812     7.25  -2054.375] [ -1.30000000e-01   3.27410000e+02   1.34000000e+00]270.650491 278.512374 289.4818195 275.096943 273.8197225 282.8216 270.5935825 278.8874 
-22.474221 [ 1692.75      6.937 -2054.312] [ -1.80000000e-01   3.27390000e+02   1.34000000e+00]270.2289445 281.1274675 287.5854805 271.6262485 275.347011 282.049814 270.154842 281.407835 
-22.57595 [ 1692.687     6.062 -2054.125] [  -0.33  327.36    1.34]269.836426 283.299097 285.4141755 268.209077 277.109608 281.5842155 269.7449225 283.480881 
-22.677667 [ 1692.625     5.812 -2054.125] [  -0.38  327.36    1.34]269.4945195 285.0389675 283.112249 265.1289075 279.1157035 281.531716 269.3898 285.1260405 
-22.779578 [ 1692.625     5.562 -2054.187] [  -0.41  327.37    1.34]269.224843 286.358906 280.8240475 262.6692195 281.3327935 281.9142545 269.115452 286.3628175 
-22.881318 [ 1692.625     5.437 -2054.375] [  -0.44  327.4     1.33]269.049015 287.2707395 278.693916 261.113493 283.6408955 282.571121 268.9478555 287.2107145 
-22.985599 [ 1692.562     5.25  -2054.375] [  -0.47  327.4     1.33]268.9886535 287.7862955 276.858012 260.7232855 285.9086905 283.317932 268.9129875 287.689235 
-23.087359 [ 1692.562     5.062 -2054.5  ] [  -0.51  327.42    1.32]269.0653765 287.9174 275.3474775 261.4789825 288.0048585 283.970304 269.036825 287.817882 
-23.18935 [ 1692.5       4.812 -2054.625] [  -0.55  327.44    1.31]269.300803 287.67588 274.120719 263.1662265 289.7980805 284.3438535 269.3453455 287.616159 
-23.291033 [ 1692.437     4.562 -2054.625] [  -0.59  327.44    1.31]269.7151165 287.083924 273.134686 265.5667565 291.1570365 284.2541975 269.6817885 287.1334265 
-23.392997 [ 1692.437     4.437 -2054.687] [  -0.61  327.45    1.31]270.3199125 286.2258 272.3463265 268.4623125 291.950407 283.5169525 270.2737175 286.290137 
-23.496366 [ 1692.437     4.375 -2054.687] [  -0.62  327.45    1.3 ]271.1235995 285.208795 271.712591 271.6346345 292.047408 281.9486425 271.0639185 285.2805455 
-23.598866 [ 1692.375     4.375 -2054.812] [  -0.62  327.47    1.3 ]272.134582 284.1402335 271.190427 274.865463 291.399917 279.506089 272.06081 284.212036 
-23.700484 [ 1692.375     4.375 -2055.   ] [  -0.63  327.5     1.29]273.361264 283.127441 270.736785 277.9365365 290.131031 276.436708 273.272808 283.191993 
-23.802077 [ 1691.812     4.375 -2055.375] [  -0.63  327.56    1.28]274.81205 282.2777415 270.311619 280.64029 288.3850955 273.0239785 274.70833 282.3277995 
-23.904502 [ 1692.187     4.375 -2055.875] [  -0.62  327.64    1.26]276.495344 281.69846 269.9115725 282.89969 286.306455 269.55138 276.3757935 281.72684 
-24.007662 [ 1691.875     4.375 -2056.562] [  -0.62  327.75    1.23]278.4195495 281.4969215 269.557814 284.7249665 284.039456 266.3023925 278.2836155 281.496498 
-24.109964 [ 1691.75      4.625 -2057.062] [  -0.58  327.84    1.21]280.577202 281.74732 269.271962 286.127945 281.728443 263.5604945 280.427682 281.717994 
-24.211632 [ 1691.875     6.312 -2057.625] [ -2.90000000e-01   3.27950000e+02   1.20000000e+00]282.869581 282.333338 269.075635 287.1204535 279.517762 261.6091655 282.7151375 282.2872555 
-24.313652 [ 1691.875     6.562 -2058.   ] [ -2.50000000e-01   3.28000000e+02   1.18000000e+00]285.1654105 283.0706915 268.9904505 287.714319 277.5513265 260.7307295 285.0148135 283.0202145 
-24.416572 [ 1691.812     6.937 -2058.25 ] [ -1.90000000e-01   3.28040000e+02   1.17000000e+00]287.3333745 283.7750135 269.0380275 287.9213675 275.9152275 261.0526955 287.195391 283.732488 
-24.519761 [ 1691.75      7.312 -2058.437] [ -1.10000000e-01   3.28080000e+02   1.16000000e+00]289.2421575 284.261936 269.2399835 287.7534265 274.5801245 262.393512 289.1255495 284.239693 
-24.621836 [ 1691.75      7.625 -2058.687] [ -6.00000000e-02   3.28120000e+02   1.15000000e+00]290.760443 284.3470925 269.617285 287.2270385 273.5029675 264.5349185 290.6739705 284.357445 
-24.723146 [ 1691.812     7.875 -2059.062] [ -2.00000000e-02   3.28180000e+02   1.13000000e+00]291.7569155 283.846115 270.183311 286.4135695 272.6407045 267.2586555 291.7093335 283.9013615 
-24.824446 [ 1691.812     8.062 -2059.125] [   0.    328.19    1.13]292.100259 282.5746365 270.9465475 285.419755 271.9502855 270.3464625 292.1003195 282.687059 
-24.925785 [ 1691.875     8.187 -2059.187] [  3.00000000e-02   3.28200000e+02   1.13000000e+00]291.6919115 280.4038785 271.9153985 284.352919 271.388659 273.5800795 291.741564 280.5742045 
-25.027317 [ 1692.        8.375 -2059.25 ] [  6.00000000e-02   3.28210000e+02   1.13000000e+00]290.6141145 277.5119175 273.0982685 283.3203865 270.9127745 276.741246 290.7039145 277.721537 
-25.128605 [ 1692.25      8.625 -2059.312] [  1.00000000e-01   3.28220000e+02   1.12000000e+00]289.011157 274.1821335 274.503561 282.4294825 270.479756 279.612326 289.1314775 274.4121295 
-25.230159 [ 1691.624     8.875 -2059.312] [  1.40000000e-01   3.28220000e+02   1.12000000e+00]287.0273825 270.698001 276.139681 281.7875315 270.067247 282.0486875 287.1685975 270.929461 
-25.331602 [ 1692.687     9.    -2059.375] [  1.70000000e-01   3.28230000e+02   1.12000000e+00]284.8071355 267.3429945 278.015032 281.501858 269.692379 284.046194 284.9596205 267.5570115 
-25.433548 [ 1692.812     9.062 -2059.187] [  1.70000000e-01   3.28200000e+02   1.13000000e+00]282.4947595 264.4005885 280.130696 281.664501 269.3767705 285.6166725 282.648892 264.57826 
-25.535615 [ 1692.875     8.937 -2059.   ] [  1.60000000e-01   3.28170000e+02   1.14000000e+00]280.2345985 262.154257 282.406627 282.1981275 269.142039 286.77195 280.3807565 262.276686 
-25.636794 [ 1691.249     8.937 -2058.812] [  1.50000000e-01   3.28140000e+02   1.15000000e+00]278.1709965 260.8874745 284.7122715 282.9199635 269.0098035 287.523853 278.2995605 260.935769 
-25.73998 [ 1692.875     8.875 -2058.562] [  1.50000000e-01   3.28100000e+02   1.16000000e+00]276.4250195 260.82139 286.916314 283.645641 269.001682 287.884209 276.5311365 260.7894245 
-25.841702 [ 1692.812     8.625 -2057.687] [  1.00000000e-01   3.27950000e+02   1.21000000e+00]274.9943615 261.8468335 288.8874385 284.190793 269.139292 287.8648445 275.0808015 261.748892 
-25.94303 [ 1692.75      8.437 -2055.937] [  7.00000000e-02   3.27670000e+02   1.28000000e+00]273.8359985 263.7456165 290.494329 284.371052 269.444211 287.4778885 273.905632 263.596254 
-26.044235 [ 1692.687     8.375 -2054.625] [  6.00000000e-02   3.27440000e+02   1.34000000e+00]272.906881 266.2994825 291.6056695 284.002051 269.933706 286.766609 272.9625775 266.11325 
-26.146157 [ 1692.687     8.125 -2054.437] [  2.00000000e-02   3.27420000e+02   1.34000000e+00]272.163961 269.2901755 292.090144 282.899422 270.6170495 285.8320535 272.208587 269.08162 
-26.248655 [ 1692.687     8.062 -2054.5  ] [  1.00000000e-02   3.27430000e+02   1.34000000e+00]271.5641885 272.499439 291.831749 280.904786 271.5026465 284.781547 271.60061 272.283104 
-26.351472 [ 1692.562     7.75  -2054.562] [ -3.00000000e-02   3.27430000e+02   1.34000000e+00]271.064515 275.7090175 290.876306 278.1344065 272.5989005 283.722414 271.0955945 275.499442 
-26.453097 [ 1692.5       7.312 -2054.5  ] [ -1.20000000e-01   3.27420000e+02   1.34000000e+00]270.621891 278.700655 289.366833 274.8695095 273.9142155 282.76198 270.650491 278.512374 
-26.554357 [ 1692.437     6.937 -2054.437] [ -1.80000000e-01   3.27410000e+02   1.34000000e+00]270.20166 281.2859535 287.4476745 271.3935685 275.456996 282.0075685 270.2289445 281.1274675 
-26.656242 [ 1692.375     6.062 -2054.312] [  -0.33  327.39    1.34]269.811874 283.4284845 285.263174 267.990059 277.235646 281.566505 269.836426 283.299097 
-26.759259 [ 1692.312     5.75  -2054.25 ] [  -0.38  327.38    1.34]269.47414 285.140044 282.9576765 264.942455 279.2580585 281.5450475 269.4945195 285.0389675 
-26.862239 [ 1692.312     5.625 -2054.312] [  -0.41  327.39    1.33]269.2100705 286.432448 280.675525 262.5342305 281.485335 281.9517675 269.224843 286.358906 
-26.964337 [ 1692.312     5.437 -2054.437] [  -0.44  327.41    1.33]269.041277 287.3175125 278.5610635 261.04886 283.7948525 282.6204435 269.049015 287.2707395 
-27.06583 [ 1692.312     5.25  -2054.437] [  -0.47  327.41    1.32]268.989372 287.807054 276.747615 260.740309 286.0552935 283.3667085 268.9886535 287.7862955 
-27.167833 [ 1692.25      5.062 -2054.5  ] [  -0.51  327.42    1.32]269.075968 287.9128875 275.257332 261.5648935 288.135343 284.006195 269.0653765 287.9174 
-27.271133 [ 1692.25      4.812 -2054.625] [  -0.54  327.44    1.31]269.322676 287.6468295 274.047954 263.306469 289.903685 284.354535 269.300803 287.67588 
-27.374468 [ 1692.187     4.625 -2054.687] [  -0.58  327.45    1.31]269.749322 287.0336435 273.0764315 265.746779 291.2290035 284.227362 269.7151165 287.083924 
-27.475966 [ 1692.187     4.5   -2054.687] [  -0.6   327.45    1.31]270.366998 286.1613815 272.2997155 268.667567 291.979982 283.4403085 270.3199125 286.2258 
-27.577771 [ 1692.187     4.437 -2054.75 ] [  -0.61  327.46    1.3 ]271.184131 285.1374025 271.6747575 271.850577 292.026465 281.8109745 271.1235995 285.208795 
-27.679394 [ 1692.187     4.437 -2054.812] [  -0.61  327.47    1.3 ]272.2091475 284.0690715 271.158508 275.077553 291.33305 279.317775 272.134582 284.1402335 
-27.780902 [ 1692.187     4.312 -2055.062] [  -0.63  327.51    1.29]273.4504745 283.0637525 270.707918 278.130239 290.0278675 276.216668 273.361264 283.127441 
-27.882405 [ 1692.125    -3.625 -2055.562] [  -0.63  327.59    1.27]274.9165385 282.228811 270.2839615 280.804691 288.255262 272.791128 274.81205 282.2777415 
-27.983895 [ 1692.062     4.375 -2056.   ] [  -0.63  327.66    1.25]276.6157665 281.67161 269.8863585 283.034834 286.159577 269.324629 276.495344 281.69846 
-28.085477 [ 1692.        4.312 -2056.562] [  -0.63  327.76    1.22]278.556584 281.4995145 269.5364855 284.8316425 283.885157 266.1006455 278.4195495 281.4969215 
-28.186922 [ 1691.937     4.312 -2057.125] [  -0.63  327.85    1.2 ]280.727648 281.7786185 269.255954 286.2069325 281.576346 263.402652 280.577202 281.74732 
-28.288468 [ 1691.937     4.375 -2057.562] [  -0.62  327.93    1.18]283.0247825 282.381237 269.0663765 287.17252 279.377487 261.5141235 282.869581 282.333338 
-28.390036 [ 1691.875     4.812 -2057.812] [  -0.55  327.96    1.17]285.316592 283.1228615 268.9893645 287.7402205 277.4320245 260.7161215 285.1654105 283.0706915 
-28.491709 [ 1691.937     7.562 -2058.5  ] [ -8.00000000e-02   3.28090000e+02   1.16000000e+00]287.4716755 283.818977 269.046531 287.9218505 275.817326 261.1127985 287.3333745 283.7750135 
-28.593211 [ 1692.        7.875 -2058.812] [ -2.00000000e-02   3.28130000e+02   1.15000000e+00]289.358634 284.2850685 269.259488 287.7292255 274.5007515 262.5137685 289.2421575 284.261936 
-28.694898 [ 1692.        8.    -2058.812] [   0.    328.14    1.15]290.846067 284.3366205 269.64898 287.180442 273.4392525 264.700775 290.760443 284.3470925 
-28.796561 [ 1692.        8.125 -2058.875] [  1.00000000e-02   3.28150000e+02   1.14000000e+00]291.802575 283.789118 270.227776 286.351407 272.58978 267.4555625 291.7569155 283.846115 
-28.897738 [ 1692.       8.25 -2059.  ] [  5.00000000e-02   3.28170000e+02   1.14000000e+00]292.096758 282.458045 271.0043435 285.349182 271.909285 270.5598745 292.100259 282.5746365 
-28.999347 [ 1692.062     8.375 -2059.125] [  6.00000000e-02   3.28190000e+02   1.13000000e+00]291.6379225 280.227976 271.987109 284.2811325 271.354718 273.795455 291.6919115 280.4038785 
-29.102082 [ 1692.187     8.5   -2059.187] [  8.00000000e-02   3.28200000e+02   1.13000000e+00]290.5189795 277.2951115 273.1845 283.254622 270.88303 276.944048 290.6141145 277.5119175 
-29.205218 [ 1692.375     8.75  -2059.187] [  1.20000000e-01   3.28200000e+02   1.13000000e+00]288.884584 273.943472 274.6049425 282.3770155 270.4515255 279.7886535 289.011157 274.1821335 
-29.306931 [ 1692.562     8.937 -2059.187] [  1.60000000e-01   3.28200000e+02   1.13000000e+00]286.8793935 270.457085 276.256863 281.7556775 270.0408825 282.1954385 287.0273825 270.698001 
-29.407973 [ 1692.812     9.062 -2059.25 ] [   1.46  328.21    1.13]284.648065 267.119976 278.148689 281.497972 269.669324 284.164163 284.8071355 267.3429945 
-29.509741 [ 1692.937     9.062 -2059.062] [   1.46  328.18    1.13]282.3352565 264.2161715 280.279145 281.691013 269.3584625 285.7066425 282.4947595 264.4005885 
-29.612258 [ 1691.187     8.875 -2059.   ] [  1.50000000e-01   3.28170000e+02   1.14000000e+00]280.0856245 262.029698 282.561577 282.243688 269.1299095 286.834693 280.2345985 262.154257 
-29.715116 [ 1693.        8.875 -2058.812] [  1.50000000e-01   3.28140000e+02   1.15000000e+00]278.0438265 260.8445815 284.8649635 282.972273 269.0052785 287.5601305 278.1709965 260.8874745 
-29.81694 [ 1692.937     8.875 -2058.562] [  1.40000000e-01   3.28100000e+02   1.16000000e+00]276.325493 260.867338 287.057904 283.6922515 269.00618 287.8947705 276.4250195 260.82139 
-29.918212 [ 1692.937     8.562 -2057.187] [  9.00000000e-02   3.27870000e+02   1.23000000e+00]274.9204685 261.96861 289.0089995 284.219109 269.154227 287.8504295 274.9943615 261.8468335 
-30.019729 [ 1692.875     8.375 -2055.562] [  6.00000000e-02   3.27600000e+02   1.30000000e+00]273.784535 263.928083 290.58685 284.36833 269.4709505 287.4395135 273.8359985 263.7456165 
-30.12183 [ 1692.812     8.25  -2054.687] [  5.00000000e-02   3.27460000e+02   1.34000000e+00]272.873474 266.5254405 291.660055 283.9553995 269.972997 286.709816 272.906881 266.2994825 
-30.225008 [ 1692.812     8.125 -2054.812] [  2.00000000e-02   3.27470000e+02   1.33000000e+00]272.143067 269.540367 292.0972145 282.795802 270.6694445 285.7639835 272.163961 269.2901755 
-30.327261 [ 1692.812     7.937 -2054.75 ] [ -2.00000000e-02   3.27470000e+02   1.33000000e+00]271.549095 272.752546 291.7871265 280.7393015 271.5687195 284.70938 271.5641885 272.499439 
-30.428872 [ 1692.75      7.625 -2054.625] [ -7.00000000e-02   3.27450000e+02   1.34000000e+00]271.04734 275.9416625 290.7886335 277.924275 272.6792495 283.65337 271.064515 275.7090175 
-30.530183 [ 1692.687     7.312 -2054.562] [ -1.20000000e-01   3.27440000e+02   1.34000000e+00]270.5935825 278.8874 289.245756 274.6336685 274.00946 282.7033185 270.621891 278.700655 
-30.63147 [ 1692.625     6.875 -2054.437] [ -1.90000000e-01   3.27420000e+02   1.34000000e+00]270.154842 281.407835 287.3031515 271.151509 275.567778 281.966589 270.20166 281.2859535 
-30.732802 [ 1692.625     6.    -2054.375] [  -0.34  327.4     1.34]269.7449225 283.480881 285.1054785 267.761822 277.3626305 281.550547 269.811874 283.4284845 
-30.834483 [ 1692.562     5.687 -2054.312] [  -0.4   327.39    1.33]269.3898 285.1260405 282.797393 264.7486345 279.4014735 281.560529 269.47414 285.140044 
-30.935744 [ 1692.562     5.5   -2054.437] [  -0.43  327.41    1.33]269.115452 286.3628175 280.523553 262.395973 281.6387315 281.991176 269.2100705 286.432448 
-31.037306 [ 1692.562     5.312 -2054.562] [  -0.46  327.43    1.32]268.9478555 287.2107145 278.428616 260.987863 283.949504 282.671539 269.041277 287.3175125 
-31.138986 [ 1692.5       5.062 -2054.562] [  -0.5   327.43    1.32]268.9129875 287.689235 276.64268 260.769456 286.202391 283.4171015 268.989372 287.807054 
-31.240528 [ 1692.5       4.937 -2054.625] [  -0.53  327.44    1.31]269.036825 287.817882 275.178531 261.6726495 288.2659925 284.0433495 269.075968 287.9128875 
-31.342208 [ 1692.5    2052.75  -2054.687] [  -0.56  327.46    1.31]269.3453455 287.616159 273.992317 263.4781075 290.0089085 284.365767 269.322676 287.6468295 
-31.444338 [ 1692.437     4.562 -2054.75 ] [  -0.59  327.46    1.31]269.6817885 287.1334265 273.039819 265.9655135 291.29974 284.199839 269.749322 287.0336435 
-31.546429 [ 1692.437     4.375 -2054.75 ] [  -0.62  327.46    1.3 ]270.2737175 286.290137 272.2768185 268.914551 292.007086 283.36105 270.366998 286.1613815 
-31.648221 [ 1692.375     4.25  -2054.812] [  -0.64  327.47    1.3 ]271.0639185 285.2805455 271.659097 272.1049055 292.0016935 281.668528 271.184131 285.1374025 
-31.750531 [ 1692.375     4.25  -2054.875] [  -0.64  327.48    1.29]272.06081 284.212036 271.142436 275.3162595 291.2614575 279.1232605 272.2091475 284.0690715 
-31.852424 [ 1692.375     4.125 -2055.125] [  -0.66  327.53    1.28]273.272808 283.191993 270.682617 278.328298 289.918975 275.988803 273.4504745 283.0637525 
-31.954913 [ 1692.375     4.125 -2055.5  ] [  -0.67  327.59    1.27]274.70833 282.3277995 270.241116 280.9401635 288.1189025 272.5491815 274.9165385 282.228811 
-32.058628 [ 1692.375     4.062 -2056.062] [  -0.67  327.67    1.25]276.3757935 281.72684 269.8233535 283.1011265 286.005898 269.0884225 276.6157665 281.67161 
-32.160796 [ 1692.312     4.062 -2056.625] [  -0.68  327.77    1.22]278.2836155 281.496498 269.4551935 284.8303035 283.7246185 265.890552 278.556584 281.4995145 
-32.262822 [ 1692.312     4.125 -2057.25 ] [  -0.67  327.87    1.19]280.427682 281.717994 269.1626125 286.1471965 281.4197215 263.239597 280.727648 281.7786185 
-32.365423 [ 1692.312     4.25  -2057.562] [  -0.64  327.93    1.18]282.7151375 282.2872555 268.9715875 287.0713095 279.2358645 261.419583 283.0247825 282.381237 
-32.469065 [ 1692.25     5.5  -2058.  ] [  -0.48  327.99    1.17]285.0148135 283.0202145 268.908096 287.622145 277.3160665 260.710163 285.316592 283.1228615 
-32.571657 [ 1692.312     7.875 -2058.625] [ -2.00000000e-02   3.28110000e+02   1.16000000e+00]287.195391 283.732488 268.998114 287.8192065 275.7283625 261.1907625 287.4716755 283.818977 
-32.673204 [ 1692.312     7.937 -2058.75 ] [ -1.00000000e-02   3.28130000e+02   1.15000000e+00]289.1255495 284.239693 269.26762 287.681997 274.4362805 262.661753 289.358634 284.2850685 
-32.776058 [ 1692.312     8.    -2058.812] [   0.    328.13    1.15]290.6739705 284.357445 269.5864545 287.2726785 273.3956025 264.9028175 290.846067 284.3366205 
-32.879912 [ 1692.312     8.062 -2058.812] [  1.00000000e-02   3.28140000e+02   1.15000000e+00]291.7093335 283.9013615 270.139739 286.475535 272.562109 267.6936405 291.802575 283.789118 
-32.982494 [ 1692.375     8.187 -2058.937] [  3.00000000e-02   3.28160000e+02   1.14000000e+00]292.1003195 282.687059 270.8896125 285.4906135 271.8915825 270.813906 292.096758 282.458045 
-33.084014 [ 1692.375     8.312 -2059.062] [  5.00000000e-02   3.28180000e+02   1.13000000e+00]291.741564 280.5742045 271.8444925 284.425297 271.3398035 274.043298 291.6379225 280.227976 
-33.185369 [ 1692.5       8.375 -2059.125] [  6.00000000e-02   3.28190000e+02   1.13000000e+00]290.7039145 277.721537 273.012796 283.38697 270.8625535 277.161501 290.5189795 277.2951115 
-33.286741 [ 1692.75      8.562 -2059.187] [  1.00000000e-01   3.28200000e+02   1.13000000e+00]289.1314775 274.4121295 274.40294 282.483016 270.4162905 279.950509 288.884584 273.943472 
-33.388345 [ 1692.937     8.812 -2059.25 ] [  1.40000000e-01   3.28210000e+02   1.13000000e+00]287.1685975 270.929461 276.0233415 281.8208185 269.985961 282.289648 286.8793935 270.457085 
-33.490155 [ 1693.125     9.    -2059.25 ] [  1.70000000e-01   3.28210000e+02   1.13000000e+00]284.9596205 267.5570115 277.882418 281.5077625 269.594843 284.189199 284.648065 267.119976 
-33.591836 [ 1693.25      8.937 -2059.062] [  1.60000000e-01   3.28180000e+02   1.13000000e+00]282.648892 264.57826 279.9832135 281.6400115 269.268913 285.668665 282.3352565 264.2161715 
-33.693518 [ 1693.25      8.812 -2058.937] [  1.30000000e-01   3.28160000e+02   1.14000000e+00]280.3807565 262.276686 282.2524665 282.154407 269.0341485 286.7475495 280.0856245 262.029698 
-33.795097 [ 1693.25      8.687 -2058.75 ] [  1.20000000e-01   3.28130000e+02   1.15000000e+00]278.2995605 260.935769 284.560204 282.8693775 268.916526 287.4453555 278.0438265 260.8445815 
-33.896759 [ 1693.187     8.562 -2058.562] [  1.00000000e-01   3.28090000e+02   1.16000000e+00]276.5311365 260.7894245 286.7751065 283.600539 268.942023 287.7815865 276.325493 260.867338 
-33.998424 [ 1692.937     8.375 -2057.937] [  6.00000000e-02   3.27990000e+02   1.19000000e+00]275.0808015 261.748892 288.7658545 284.163508 269.1366165 287.775745 274.9204685 261.96861 
-34.100264 [ 1692.312     8.25  -2055.875] [  4.00000000e-02   3.27680000e+02   1.28000000e+00]273.905632 263.596254 290.4011285 284.3739015 269.4183005 287.514904 273.784535 263.928083 
-34.202526 [ 1691.812     8.437 -2054.437] [  7.00000000e-02   3.27420000e+02   1.35000000e+00]272.9625775 266.11325 291.549609 284.0473355 269.895306 286.8229395 272.873474 266.5254405 
-34.304154 [ 1691.625     8.375 -2054.312] [  7.00000000e-02   3.27390000e+02   1.35000000e+00]272.208587 269.08162 292.079976 282.9994275 270.565534 285.900243 272.143067 269.540367 
-34.405734 [ 1691.187     8.125 -2054.437] [  2.00000000e-02   3.27420000e+02   1.34000000e+00]271.60061 272.283104 291.872217 281.064983 271.437401 284.8541985 271.549095 272.752546 
-34.508769 [ 1690.937     7.937 -2054.437] [ -2.00000000e-02   3.27410000e+02   1.35000000e+00]271.0955945 275.499442 290.9588465 278.337681 272.519325 283.7921895 271.04734 275.9416625 
-34.612157 [ 1690.875     7.625 -2054.312] [ -6.00000000e-02   3.27400000e+02   1.35000000e+00]270.650491 278.512374 289.4818195 275.096943 273.8197225 282.8216 270.5935825 278.8874 
-34.714465 [ 1690.875     7.187 -2054.312] [ -1.40000000e-01   3.27390000e+02   1.35000000e+00]270.2289445 281.1274675 287.5854805 271.6262485 275.347011 282.049814 270.154842 281.407835 
-34.816245 [ 1690.812     6.625 -2054.25 ] [ -2.40000000e-01   3.27380000e+02   1.35000000e+00]269.836426 283.299097 285.4141755 268.209077 277.109608 281.5842155 269.7449225 283.480881 
-34.919035 [ 1690.875     6.312 -2054.062] [ -2.90000000e-01   3.27350000e+02   1.35000000e+00]269.4945195 285.0389675 283.112249 265.1289075 279.1157035 281.531716 269.3898 285.1260405 
-35.022493 [ 1690.875     6.125 -2054.187] [ -3.20000000e-01   3.27370000e+02   1.34000000e+00]269.224843 286.358906 280.8240475 262.6692195 281.3327935 281.9142545 269.115452 286.3628175 
-35.124247 [ 1690.937     5.875 -2054.312] [  -0.37  327.39    1.34]269.049015 287.2707395 278.693916 261.113493 283.6408955 282.571121 268.9478555 287.2107145 
-35.226055 [ 1690.875     5.625 -2054.437] [  -0.4   327.41    1.33]268.9886535 287.7862955 276.858012 260.7232855 285.9086905 283.317932 268.9129875 287.689235 
-35.327784 [ 1690.875     5.437 -2054.562] [  -0.44  327.43    1.32]269.0653765 287.9174 275.3474775 261.4789825 288.0048585 283.970304 269.036825 287.817882 
-35.430708 [ 1690.875     5.312 -2054.687] [  -0.47  327.45    1.32]269.300803 287.67588 274.120719 263.1662265 289.7980805 284.3438535 269.3453455 287.616159 
-35.534029 [ 1690.812     5.062 -2054.812] [  -0.51  327.47    1.31]269.7151165 287.083924 273.134686 265.5667565 291.1570365 284.2541975 269.6817885 287.1334265 
-35.636149 [ 1690.812     5.    -2054.812] [  -0.51  327.47    1.31]270.3199125 286.2258 272.3463265 268.4623125 291.950407 283.5169525 270.2737175 286.290137 
-35.737908 [ 1690.812     5.    -2054.812] [  -0.51  327.47    1.31]271.1235995 285.208795 271.712591 271.6346345 292.047408 281.9486425 271.0639185 285.2805455 
-35.839632 [ 1690.812     5.    -2054.875] [  -0.52  327.49    1.3 ]272.134582 284.1402335 271.190427 274.865463 291.399917 279.506089 272.06081 284.212036 
-35.94146 [ 1690.812     4.875 -2055.062] [  -0.54  327.52    1.3 ]273.361264 283.127441 270.736785 277.9365365 290.131031 276.436708 273.272808 283.191993 
-36.043416 [ 1690.812     4.75  -2055.562] [  -0.56  327.59    1.27]274.81205 282.2777415 270.311619 280.64029 288.3850955 273.0239785 274.70833 282.3277995 
-36.145046 [ 1690.875     4.687 -2056.   ] [  -0.56  327.66    1.26]276.495344 281.69846 269.9115725 282.89969 286.306455 269.55138 276.3757935 281.72684 
-36.246803 [ 1691.        4.562 -2056.5  ] [  -0.59  327.75    1.23]278.4195495 281.4969215 269.557814 284.7249665 284.039456 266.3023925 278.2836155 281.496498 
-36.348836 [ 1691.125     4.562 -2057.   ] [  -0.59  327.83    1.21]280.577202 281.74732 269.271962 286.127945 281.728443 263.5604945 280.427682 281.717994 
-36.450833 [ 1691.125     4.562 -2057.375] [  -0.59  327.9     1.19]282.869581 282.333338 269.075635 287.1204535 279.517762 261.6091655 282.7151375 282.2872555 
-36.552767 [ 1691.187     4.812 -2057.75 ] [  -0.54  327.96    1.18]285.1654105 283.0706915 268.9904505 287.714319 277.5513265 260.7307295 285.0148135 283.0202145 
-36.654685 [ 1691.375     7.125 -2058.5  ] [ -1.60000000e-01   3.28080000e+02   1.16000000e+00]287.3333745 283.7750135 269.0380275 287.9213675 275.9152275 261.0526955 287.195391 283.732488 
-36.756415 [ 1691.437     7.5   -2058.812] [ -9.00000000e-02   3.28140000e+02   1.15000000e+00]289.2421575 284.261936 269.2399835 287.7534265 274.5801245 262.393512 289.1255495 284.239693 
