-0.07521 [ 7.438 -2.437 -8.812] [-0.38  1.49  9.68]
-0.177582 [ 6.5   -7.562 -8.312] [-0.01  1.41  9.61]
-0.27906 [ 5.25  -9.437 -3.687] [-0.33  0.62  9.65]
-0.381593 [  5.    -10.312  -1.187] [-1.76  0.2   9.64]
-0.484834 [  4.875 -10.687   0.313] [-0.53 -0.05  9.63]
-0.58744 [  4.688 -10.375   0.375] [-0.48 -0.07  9.64]
-0.689131 [ 4.688 -9.625  0.375] [-0.36 -0.07  9.66]
-0.791661 [ 4.688 -8.687 -0.5  ] [-1.48  0.08  9.69]
-0.895084 [ 4.563 -8.375 -1.812] [-1.43  0.3   9.69]
-0.997928 [ 4.563 -7.625 -1.812] [-0.03  0.31  9.71]
-1.099935 [ 4.563 -7.    -2.25 ] [-1.2   0.39  9.72]
-1.201667 [ 4.5   -6.5   -3.312] [-1.11  0.56  9.72]
-1.30349 [ 4.375 -6.25  -5.062] [-1.06  0.86  9.71]
-1.405133 [ 4.313 -6.062 -6.562] [-1.03  1.11  9.68]
-1.506797 [ 4.188 -5.937 -8.812] [-1.02  1.45  9.64]
-1.60857 [  3.938 -13.812 -12.062] [-0.99  2.04  9.53]
-1.710217 [  3.688  -5.687 -17.   ] [-0.98  2.85  9.32]
-1.812001 [  3.313  -6.062 -18.625] [-1.04  3.12  9.23]
-1.913633 [  3.313  -6.125 -18.812] [-1.05  3.14  9.22]
-2.015231 [  3.375  -5.937 -18.5  ] [-1.01  3.09  9.24]
-2.117205 [  3.688  -4.125 -17.875] [-0.74  3.01  9.3 ]
-2.219345 [  4.188  -1.437 -16.75 ] [-0.25  2.82  9.38]
-2.320965 [  4.563   0.75  -14.937] [ 1.4   2.53  9.47]
-2.422557 [  4.75    2.438 -13.625] [ 1.7   2.3   9.52]
-2.524993 [  4.875   2.938 -12.687] [ 1.78  2.15  9.55]
-2.628521 [  5.      3.875 -11.937] [ 0.65  2.03  9.57]
-2.730494 [  5.188   4.938 -10.625] [ 2.12  1.8   9.6 ]
-2.831884 [ 5.313  6.    -9.812] [ 2.3   1.66  9.6 ]
-2.933533 [ 2.625  6.688 -9.375] [ 2.42  1.59  9.6 ]
-3.03594 [ 2.562  8.563 -9.187] [ 1.46  1.55  9.57]
-3.139133 [ 5.5    9.813 -8.687] [ 1.66  1.47  9.55]
-3.241203 [  5.375  10.125  -9.5  ] [ 1.72  1.6   9.51]
-3.342555 [  5.313  10.688 -10.125] [ 1.82  1.7   9.48]
-3.443951 [  5.375  10.813  -9.312] [ 1.84  1.56  9.5 ]
-3.548708 [  5.5    10.375  -8.062] [ 1.78  1.38  9.54]
-3.651496 [  5.5    10.188  -7.125] [ 1.73  1.2   9.57]
-3.753341 [ 5.438  9.188 -6.937] [ 1.57  1.17  9.6 ]
-3.854411 [ 5.25   7.125 -5.   ] [ 2.5   0.85  9.69]
-3.955726 [ 5.063  4.125 -3.812] [-325.69    0.65    9.75]
-4.056866 [ 4.438 -0.625 -2.75 ] [-0.11  1.75  9.79]
-4.158201 [ 3.688 -5.5   -1.75 ] [-0.94  0.3   9.75]
-4.259491 [  3.188 -11.062  -1.375] [-0.6   0.23  9.62]
-4.360828 [  3.313 -10.5    -0.687] [-0.51  0.11  9.63]
-4.462294 [  3.313 -10.187  -0.125] [-0.45  0.02  9.65]
-4.563927 [  3.188 -10.437   0.25 ] [-0.5  -0.05  9.64]
-4.665111 [  3.125 -10.125   0.938] [-0.45 -0.16  9.65]
-4.766497 [ 3.125 -9.562  0.938] [-0.35 -0.15  9.66]
-4.867815 [ 3.125 -9.062  0.375] [-0.26 -0.06  9.68]
-4.969257 [ 3.063 -8.687 -0.312] [-0.2   0.06  9.69]
-5.072938 [ 3.    -7.937 -0.937] [-1.37  0.15  9.7 ]
-5.174806 [ 2.938 -7.625 -1.562] [-0.02  0.27  9.71]
-5.276282 [ 2.875 -7.312 -2.437] [-1.25  0.42  9.71]
-5.378536 [ 2.813 -6.937 -4.25 ] [-1.18  0.72  9.7 ]
-5.481747 [ 2.625 -6.687 -7.   ] [-1.14  1.14  9.67]
-5.584222 [ 2.438 -6.562 -9.437] [-1.12  1.6   9.6 ]
-5.685731 [  2.188  -6.375 -12.75 ] [-1.09  2.15  9.5 ]
-5.787022 [  1.813  -6.375 -17.312] [-1.09  2.9   9.3 ]
-5.889156 [  1.625  -6.875 -18.375] [-1.18  3.07  9.23]
-5.9923 [  1.688  -6.75  -18.187] [-1.16  3.04  9.24]
-6.09459 [  2.     -5.312 -17.625] [-0.94  2.96  9.29]
-6.196176 [  2.313  -3.375 -17.062] [-0.58  2.88  9.35]
-6.297446 [  2.75   -0.812 -15.937] [-0.14  2.69  9.42]
-6.399525 [  3.125   1.25  -14.312] [ 1.5   2.43  9.49]
-6.502722 [  3.25    2.375 -13.312] [ 1.68  2.26  9.53]
-6.607813 [  3.375   3.    -12.562] [ 1.8   2.13  9.55]
-6.70933 [  3.5     3.938 -11.875] [ 1.95  2.01  9.57]
-6.810781 [  3.625   4.938 -10.187] [ 2.13  1.73  9.61]
-6.912095 [ 3.688  6.125 -9.75 ] [ 2.32  0.38  9.6 ]
-7.013473 [ 3.75   6.938 -9.437] [ 2.47  1.6   9.6 ]
-7.114997 [ 3.813  8.625 -9.187] [ 1.48  1.54  9.56]
-7.216331 [ 3.75   9.563 -9.562] [ 1.62  1.59  9.53]
-7.317634 [  3.625   2.    -10.375] [ 1.71  1.74  9.49]
-7.41901 [  3.625  10.5   -10.5  ] [ 1.79  1.76  9.47]
-7.520404 [  3.688  10.563  -9.625] [ 1.8   1.62  9.5 ]
-7.621946 [  3.75   10.313  -8.562] [ 1.76  1.43  9.53]
-7.723266 [  3.938  10.063  -6.937] [ 1.71  1.16  9.58]
-7.824768 [ 4.187  9.375 -6.625] [ 1.6   1.12  9.6 ]
-7.926645 [ 3.375  6.938 -6.062] [ 2.52  1.04  9.67]
-8.02836 [ 2.313  2.188 -5.   ] [ 1.66  0.85  9.76]
-8.132694 [ 6.625 -3.25  -3.687] [-0.56  0.63  9.76]
-8.23567 [  0.188 -10.     -2.75 ] [-0.4   0.49  9.64]
-8.33814 [ 8.062 -9.812 -1.312] [-0.39  0.22  9.65]
-8.439712 [ 8.062 -9.375  0.25 ] [-0.32 -0.05  9.67]
-8.541156 [ 8.187 -9.812  0.688] [-0.39 -0.12  9.66]
-8.642914 [  8.25  -10.187   1.   ] [-0.46 -0.17  9.64]
-8.745953 [  8.125 -10.125   1.125] [-1.73 -0.19  9.65]
-8.848772 [ 0.    -9.75   1.063] [-1.66 -0.18  9.66]
-8.950429 [ 0.    -8.562  0.625] [-0.18 -0.1   9.69]
-9.051837 [ 8.062 -7.437 -0.562] [-1.27  0.09  9.72]
-9.153998 [ 8.187 -6.625 -1.625] [-1.13  0.27  9.73]
-9.256805 [ 8.187 -5.875 -2.25 ] [-1.    0.38  9.74]
-9.359499 [ 8.187 -5.5   -3.   ] [-0.95  0.49  9.74]
-9.46137 [ 8.25  -5.25  -4.437] [-0.9   0.76  9.73]
-9.565151 [ 8.437 -4.937 -6.937] [-0.85  1.18  9.69]
-9.666567 [    8.562  2043.188    -9.75 ] [-0.82  1.66  9.62]
-9.767669 [  8.812  -4.625 -13.625] [-0.8   2.3   9.49]
-9.869271 [  8.937  -4.5   -16.562] [-0.77  2.79  9.36]
-9.970836 [  9.     -4.562 -17.   ] [-0.78  2.85  9.34]
-10.072268 [  8.937  -4.312 -16.562] [-0.74  2.79  9.37]
-10.1736 [  8.937  -4.375 -16.25 ] [-0.74  2.73  9.38]
-10.274975 [  9.     -4.5   -15.937] [-0.77  2.68  9.4 ]
-10.376279 [  8.812  -3.5   -15.5  ] [-0.6   2.62  9.42]
-10.477928 [  8.437  -1.    -14.375] [-0.17  2.43  9.49]
-10.579376 [  8.      2.    -13.312] [ 1.62  2.25  9.53]
-10.681 [  0.125   2.625 -12.5  ] [ 1.72  2.12  9.56]
-10.782526 [  0.125   3.688 -11.75 ] [ 1.91  1.99  9.58]
-10.883834 [  0.25    4.938 -10.187] [ 2.12  1.73  9.61]
-10.985472 [ 7.625  6.    -9.625] [ 2.31  1.63  9.61]
-11.090226 [ 0.375  7.    -9.375] [ 2.45  1.59  9.6 ]
-11.192492 [ 0.438  8.5   -9.187] [ 1.45  1.55  9.57]
-11.293789 [ 0.438  9.625 -9.   ] [ 1.64  1.51  9.54]
-11.395129 [ 7.5    9.813 -8.562] [ 1.67  1.43  9.55]
-11.49705 [  0.563  10.375  -8.   ] [ 1.77  1.35  9.54]
-11.600443 [  7.375  10.75   -7.562] [ 1.83  1.27  9.54]
-11.703015 [  0.688  10.813  -7.   ] [ 1.84  1.18  9.55]
-11.804448 [  0.75   10.313  -6.062] [ 1.76  1.02  9.59]
-11.90556 [ 0.875  9.875 -4.875] [ 1.68  0.82  9.62]
-12.007208 [ 0.75   8.375 -4.562] [ 1.43  0.78  9.66]
-12.109918 [ 0.125  4.625 -4.   ] [ 2.07  0.68  9.74]
-12.213384 [ 8.875 -0.812 -2.562] [-0.05  0.47  9.79]
-12.315709 [ 9.75  -6.312 -1.562] [-1.07  0.27  9.74]
-12.417041 [ 10.5   -11.     -1.187] [-0.59  0.2   9.62]
-12.518378 [ 11.187  -9.937  -0.312] [-0.41  0.06  9.65]
-12.622105 [ 11.25   -9.625   0.313] [-0.36 -0.05  9.66]
-12.723874 [ 11.312  -9.937   0.75 ] [-0.41 -0.11  9.65]
-12.825345 [ 11.375  -9.875   1.063] [-0.4  -0.18  9.65]
-12.926518 [ 11.437  -9.625   1.063] [-0.36 -0.18  9.66]
-13.027773 [ 11.437  -8.75    0.813] [-0.21 -0.13  9.69]
-13.129233 [ 11.562  -7.375  -0.25 ] [-1.26  0.04  9.72]
-13.230609 [ 11.562  -6.25   -0.687] [-1.07  0.12  9.74]
-13.332083 [ 11.562  -5.562  -0.687] [-0.95  0.11  9.75]
-13.4335 [ 11.562  -5.062  -1.187] [-0.87  0.21  9.76]
-13.535289 [ 11.687  -4.75   -3.312] [-0.82  0.52  9.75]
-13.637197 [ 11.875  -4.562  -6.187] [-0.78  1.05  9.71]
-13.738325 [ 12.     -4.375  -8.937] [-0.75  1.52  9.65]
-13.840427 [ 12.187  -4.187 -12.437] [-0.72  2.1   9.55]
-13.943356 [ 12.437  -4.    -16.875] [-0.69  2.84  9.35]
-14.048837 [ 12.562  -4.062 -18.   ] [-0.7   3.03  9.29]
-14.150966 [ 12.625  -4.375 -17.687] [-0.75  2.98  9.31]
-14.253543 [ 12.625  -4.437 -17.437] [-0.76  2.93  9.32]
-14.356328 [ 12.5    -4.    -16.937] [-0.7   2.86  9.35]
-14.458203 [ 12.187  -2.187 -15.937] [-0.38  2.69  9.42]
-14.559745 [ 11.687   0.75  -14.125] [ 1.41  2.39  9.5 ]
-14.662108 [ 11.375   3.125 -12.937] [ 1.82  2.19  9.54]
-14.765366 [ 11.375   3.625 -11.937] [ 1.89  2.03  9.57]
-14.867959 [ 11.312   4.5   -11.312] [ 2.05  1.92  9.58]
-14.986476 [ 11.125   5.75   -9.437] [   2.25    1.61 -318.06]
-15.088203 [ 11.062   6.563  -8.937] [ 2.4   1.51  9.62]
-15.189718 [ 11.062   7.313  -8.812] [ 2.52  1.49  9.61]
-15.291187 [ 11.      9.375  -8.625] [ 1.6   1.45  9.56]
-15.393348 [ 10.937  10.438  -8.25 ] [ 1.77  1.38  9.54]
-15.496302 [ 10.875  10.875  -7.687] [ 1.84  1.3   9.54]
-15.601396 [ 10.812  11.313  -7.25 ] [ 1.93  1.21  9.53]
-15.703751 [ 10.75   11.625  -6.812] [ 1.98  1.14  9.53]
-15.806847 [ 10.812  11.5    -6.75 ] [ 1.96  1.14  9.54]
-15.90933 [ 10.625  11.063  -5.437] [ 1.89  0.91  9.57]
-16.010857 [ 10.75   10.375  -5.312] [ 1.77  0.89  9.6 ]
-16.112142 [ 10.687   8.25   -5.062] [ 1.4   0.85  9.66]
-16.214 [ 10.562   4.     -4.125] [ 0.68  0.71  9.75]
-16.317041 [ 10.687  -0.937  -2.812] [-0.17  0.49  9.79]
-16.42009 [ 11.312  -6.875  -1.375] [-1.17  0.24  8.45]
-16.521953 [ 11.937 -10.     -0.937] [-0.43  0.16  9.65]
-16.623598 [ 12.125  -9.312  -0.187] [-0.31  0.03  9.67]
-16.724913 [ 12.187  -9.625   0.063] [-0.36 -0.01  9.66]
-16.825964 [ 12.25   -9.812   0.688] [-0.39 -0.11  9.66]
-16.927376 [ 12.312  -9.875   1.125] [-0.4  -0.19  9.65]
-17.028911 [ 12.25  -9.5    1.25] [-0.34 -0.21  9.66]
-17.132676 [ 12.312  -8.75    0.813] [-0.22 -0.14  9.68]
-17.234007 [ 12.437  -8.125   0.   ] [-0.1  0.   9.7]
-17.335288 [ 12.5    -7.25   -0.812] [-1.24  0.14  9.72]
-17.436783 [ 12.562  -6.5    -1.375] [-1.11  0.23  9.74]
-17.53815 [ 12.562  -5.875  -2.25 ] [-1.01  0.38  9.74]
-17.639711 [ 12.687  -5.5    -4.125] [-0.94  0.7   9.73]
-17.74174 [ 12.875  -5.25   -6.75 ] [-0.9   1.11  9.7 ]
-17.843532 [ 13.     -5.187  -8.75 ] [-0.89  1.49  9.65]
-17.944949 [ 13.187  -5.062 -11.625] [-0.87  1.97  9.56]
-18.047194 [ 13.437  -5.062 -15.625] [-0.87  2.63  9.4 ]
-18.15063 [ 13.625  -5.375 -17.375] [-0.91  2.91  9.31]
-18.253066 [ 13.562  -5.125 -16.937] [-0.88  2.85  9.34]
-18.354439 [ 13.562  -5.    -16.562] [-0.86  2.78  9.36]
-18.456064 [ 13.437  -4.5   -16.25 ] [-0.77  2.74  9.38]
-18.560895 [ 13.125  -2.562 -15.437] [-0.48  2.62  9.43]
-18.663458 [ 12.687   0.188 -14.312] [ 1.32  2.43  9.5 ]
-18.765333 [ 12.312   2.813 -13.125] [ 1.76  2.23  9.53]
-18.86685 [ 12.25    3.5   -12.625] [ 1.87  2.13  9.55]
-18.969122 [ 12.187   4.25  -12.   ] [ 2.01  2.03  9.56]
-19.072351 [ 12.062   5.5   -10.125] [ 2.2   1.75  9.6 ]
-19.17477 [ 11.937   6.375  -9.437] [ 2.37  1.6   9.61]
-19.276209 [ 11.875   7.25   -9.062] [ 2.52  1.53  9.6 ]
-19.377583 [ 11.875   9.     -8.875] [ 1.53  1.49  9.56]
-19.478917 [ 11.812   9.813  -8.5  ] [ 1.67  1.43  9.55]
-19.5805 [ 11.812  10.313  -8.25 ] [ 1.76  1.38  9.54]
-19.682251 [ 11.687  10.813  -7.562] [ 1.84  1.27  9.54]
-19.783682 [ 11.687  11.063  -7.187] [ 1.88  1.21  9.54]
-19.885149 [ 11.625  10.875  -6.687] [ 1.85  1.13  9.56]
-19.986482 [ 11.562  10.438  -5.75 ] [ 1.78  0.97  9.59]
-20.090092 [ 11.625   9.75   -5.312] [ 1.67  0.89  9.62]
-20.191543 [ 11.687   7.938  -5.125] [ 1.35  0.87  9.67]
-20.292862 [ 11.687   3.25   -4.25 ] [ 1.84  0.72  9.76]
-20.394198 [ 11.875  -1.562  -2.875] [-0.27  0.49  9.79]
-20.495726 [ 12.375  -7.125  -1.625] [-1.12  0.28  9.73]
-20.597816 [ 12.875 -10.312  -1.062] [-0.47  0.18  9.64]
-20.699171 [ 13.062  -9.5     0.563] [-0.34 -0.09  9.67]
-20.801918 [ 13.125  -9.875   0.875] [-1.68 -0.15  9.65]
-20.905251 [ 13.187 -10.25    1.188] [-0.47 -0.19  9.64]
-21.007219 [ 13.187 -10.187   1.188] [-0.45 -0.2   9.64]
-21.108748 [ 13.187  -9.875   1.188] [-0.4  -0.2   9.65]
-21.210372 [ 13.437  -8.562   0.75 ] [-0.18 -0.12  9.69]
-21.312751 [ 13.437  -8.375   0.   ] [-0.15  0.    9.7 ]
-21.41585 [ 13.5   -7.5   -0.75] [-0.01  0.12  9.71]
-21.518126 [ 13.562  -7.312  -1.375] [-1.25  0.23  9.72]
-21.622198 [ 13.625  -7.187  -2.312] [-1.22  0.39  9.72]
-21.725391 [ 13.75   -7.     -4.375] [-1.2   0.75  9.7 ]
-21.828178 [ 13.937  -6.687  -7.25 ] [-1.15  1.23  9.66]
-21.929903 [ 14.125  -6.562  -9.625] [-1.13  1.63  9.6 ]
-22.03121 [ 14.375  -6.375 -13.   ] [-1.09  2.19  9.49]
-22.132508 [ 14.687  -6.25  -17.062] [-1.06  2.86  9.31]
-22.233953 [ 14.812  -6.562 -17.937] [-1.12  3.    9.26]
-22.335341 [ 14.875  -7.    -17.562] [-1.19  2.94  9.27]
-22.436743 [ 14.687  -6.062 -17.125] [-1.04  2.87  9.31]
-22.538248 [ 14.437  -4.437 -16.625] [-0.78  2.81  9.36]
-22.640202 [ 14.     -2.125 -15.75 ] [-0.37  2.66  9.43]
-22.741761 [ 13.625   0.313 -14.437] [ 1.33  2.44  9.49]
-22.843256 [ 13.312   2.563 -13.375] [ 1.72  2.26  9.53]
-22.944739 [ 13.187   3.625 -12.375] [ 1.9   2.1   9.55]
-23.046058 [ 13.125   4.313 -11.812] [ 2.01  2.    9.57]
-23.150205 [ 13.      5.125 -10.875] [ 2.16  1.84  9.59]
-23.25191 [ 12.875   6.313  -9.375] [ 2.36  1.59  9.61]
-23.353352 [ 12.812   7.063  -8.875] [ 2.48  1.51  9.61]
-23.455503 [ 12.75    8.75   -8.562] [ 1.49  1.44  9.58]
-23.55878 [ 12.687  10.188  -8.25 ] [ 1.73  1.39  9.55]
-23.661171 [ 12.687  10.5    -8.125] [ 1.79  1.36  9.54]
-23.762809 [ 12.75   10.875  -8.687] [ 1.85  1.45  9.51]
-23.864375 [ 12.75   11.063  -8.687] [ 1.88  1.45  9.51]
-23.966616 [ 12.687  10.625  -7.875] [ 1.81  1.32  9.54]
-24.069886 [ 12.562  10.25   -6.25 ] [ 1.76  1.07  9.58]
-24.172079 [ 12.5     9.813  -5.125] [ 1.67  0.86  9.62]
-24.27339 [ 12.562   8.375  -5.   ] [ 1.43  0.84  9.66]
-24.374757 [ 13.25    4.5    -4.187] [ 2.05  0.71  9.74]
-24.477091 [ 13.937  -0.375  -2.937] [-0.06  0.51  9.79]
-24.58298 [ 14.875  -6.187  -1.687] [-1.06  0.29  9.74]
-24.684444 [ 15.5   -10.875  -1.187] [-0.57  0.2   9.62]
-24.785681 [ 8.187 -9.875 -0.375] [-0.4   0.07  9.65]
-24.887055 [ 8.25 -9.75  0.  ] [-0.38  0.    9.66]
-24.988209 [  8.375 -10.      0.5  ] [-0.42 -0.08  9.65]
-25.08959 [ 8.5   -9.812  1.125] [-0.4  -0.19  9.65]
-25.190837 [ 8.437 -9.562  1.188] [-0.35 -0.2   9.66]
-25.292286 [ 8.562 -8.375  0.563] [-0.15 -0.11  9.69]
-25.39361 [ 8.625 -8.    -0.375] [-0.08  0.07  9.71]
-25.495006 [ 8.687 -7.187 -1.25 ] [-1.22  0.21  9.72]
-25.596547 [ 8.75 -6.75 -2.  ] [-1.15  0.34  9.73]
-25.69781 [ 8.812 -6.375 -3.125] [-1.09  0.53  9.73]
-25.799131 [ 8.937 -6.125 -4.937] [-1.04  0.84  9.71]
-25.900639 [ 9.062 -5.937 -7.062] [-1.01  1.2   9.67]
-26.00206 [ 9.187 -5.812 -9.187] [-0.99  1.55  9.63]
-26.106252 [  9.437  -5.812 -12.562] [-0.99  2.12  9.52]
-26.207646 [  9.75   -5.75  -16.812] [-0.99  2.82  9.33]
-26.309867 [  9.937  -6.062 -17.75 ] [-1.04  2.98  9.28]
-26.41298 [ 10.     -6.937 -17.5  ] [-1.18  2.93  9.28]
-26.515297 [  9.812  -6.062 -17.062] [-1.04  2.86  9.32]
-26.617 [  9.562  -4.5   -16.562] [-0.77  2.79  9.36]
-26.71833 [  9.125  -2.062 -15.812] [-0.35  2.67  9.42]
-26.820585 [ 16.75    0.438 -14.625] [ 0.08  2.48  9.48]
-26.923783 [  8.437   2.75  -13.375] [ 1.74  2.28  9.52]
-27.025907 [  8.375   3.188 -12.562] [ 1.83  2.13  9.55]
-27.127403 [  8.25    4.125 -11.75 ] [ 1.98  1.99  9.57]
-27.228903 [ 16.062   5.188 -10.375] [ 2.17  1.76  9.6 ]
-27.330944 [ 16.      6.438  -9.312] [ 2.37  1.58  9.61]
-27.433919 [ 15.937   7.063  -9.062] [ 2.48  1.53  9.6 ]
-27.536835 [ 15.875   8.75   -8.687] [ 1.49  1.46  9.58]
-27.640999 [ 15.875  10.063  -8.437] [ 1.71  1.42  9.54]
-27.742476 [ 16.     10.375  -9.312] [ 1.77  1.56  9.51]
-27.843788 [  8.312  10.813  -9.75 ] [ 1.84  1.63  9.49]
-27.945127 [  8.562  11.     -9.125] [ 1.87  1.52  9.5 ]
-28.046617 [  8.25   11.313  -7.687] [ 1.91  1.31  9.52]
-28.148206 [ 14.687  11.438  -5.625] [ 1.94  0.94  9.56]
-28.249471 [ 14.125   9.375  -5.25 ] [ 1.59  0.89  9.63]
-28.35084 [ 14.625   6.375  -4.687] [ 2.37  0.79  9.71]
-28.452285 [ 14.625   3.     -3.812] [ 1.8   0.65  9.77]
-28.553637 [ 13.312  -0.312  -2.75 ] [-0.05  0.47  9.79]
-28.654866 [ 11.812  -4.     -1.75 ] [-0.68  0.3   9.77]
-28.756281 [ 11.75   -8.625  -0.875] [-0.19  0.15  9.69]
-28.857968 [ 12.    -10.     -0.312] [-0.42  0.06  9.65]
-28.959842 [ 12.062 -10.5    -0.062] [-0.51  0.01  9.64]
-29.06134 [ 12.187 -10.687   0.5  ] [-0.54 -0.09  9.63]
-29.166231 [ 12.25  -10.562   1.063] [-0.51 -0.18  9.63]
-29.269068 [ 12.312 -10.062   1.125] [-1.73 -0.19  9.65]
-29.371127 [ 12.312  -9.25    0.563] [-0.3  -0.1   9.67]
-29.472765 [ 12.437  -8.5    -0.5  ] [-0.16  0.09  9.69]
-29.575015 [ 12.5    -8.     -1.687] [-0.08  0.29  9.7 ]
-29.678545 [ 12.5    -7.5    -2.562] [-1.28  0.43  9.71]
-29.781358 [ 12.562  -7.375  -3.125] [-1.26  0.53  9.71]
-29.883613 [ 12.687  -7.25   -4.937] [-1.24  0.83  9.69]
-29.986605 [ 12.875  -7.125  -7.562] [-1.21  1.28  9.64]
-30.090259 [ 13.125  -6.937 -11.187] [-1.18  1.82  9.56]
-30.192482 [ 13.5    -6.875 -15.875] [-1.17  2.66  9.36]
-30.293713 [   13.75   2040.625   -17.375] [ 326.42    2.91    9.27]
-30.395364 [ 13.875  -8.    -17.687] [-0.08  2.95  9.24]
-30.496822 [ 13.812  -7.875 -17.312] [-0.06  2.89  9.27]
-30.601064 [ 13.562  -6.562 -16.812] [-1.16  2.82  9.31]
-30.70306 [ 13.187  -4.437 -16.25 ] [-0.75  2.74  9.38]
-30.804488 [ 12.812  -1.875 -15.437] [-0.32  2.6   9.44]
-30.906227 [  1.24370000e+01   1.88000000e-01   2.03368800e+03] [ 1.31  2.42  9.5 ]
-31.00755 [ 12.187   2.438 -13.187] [ 1.7   2.23  9.53]
-31.109322 [ 12.125   3.063 -12.312] [ 1.8   2.09  9.56]
-31.211434 [ 12.187   3.875 -11.562] [ 1.93  1.98  9.58]
-31.313843 [ 12.062   4.813 -10.187] [ 2.1   1.73  9.61]
-31.415348 [ 12.      5.688  -9.375] [ 2.25  1.59  9.62]
-31.518256 [ 11.937   6.438  -9.   ] [ 1.1   1.52  9.62]
-31.622086 [ 11.875   8.313  -8.75 ] [ 1.4   1.48  9.59]
-31.724329 [ 11.812   9.125  -8.437] [ 1.55  1.42  9.57]
-31.826248 [ 11.812   9.75   -8.062] [ 1.66  1.35  9.56]
-31.929547 [ 11.75   10.375  -7.437] [ 1.77  1.25  9.56]
-32.03312 [ 11.687  10.75   -7.   ] [ 1.82  1.18  9.56]
-32.135691 [ 11.687  10.5    -6.5  ] [ 1.78  1.09  9.57]
-32.237442 [ 11.562  10.188  -5.5  ] [ 1.73  0.93  9.6 ]
-32.340243 [ 11.562   9.563  -4.75 ] [ 1.63  0.8   9.63]
-32.443474 [ 11.687   7.438  -4.562] [ 1.32  0.78  9.68]
-32.545536 [ 12.75    2.688  -3.75 ] [ 1.74  0.64  9.77]
-32.647002 [ 13.625  -2.     -2.375] [-0.34  0.4   9.79]
-32.748357 [ 14.25   -7.     -1.437] [-1.19  0.24  9.72]
-32.849713 [ 14.5   -10.562  -0.937] [-0.52  0.16  9.63]
-32.951148 [ 14.875  -9.937  -0.125] [-0.41  0.02  9.65]
-33.052519 [ 14.937 -10.187   0.188] [-0.45 -0.03  9.65]
-33.154169 [ 15.062 -10.25    0.875] [-0.47 -0.13  9.64]
-33.255723 [ 15.062 -10.      1.313] [-0.43 -0.22  9.65]
-33.357209 [ 15.062  -9.5     1.313] [-0.34 -0.22  9.66]
-33.458588 [ 15.125  -8.812   0.875] [-0.22 -0.15  9.68]
-33.560307 [ 15.187  -8.625   0.   ] [-0.19  0.    9.69]
-33.662006 [ 15.312  -8.437  -0.937] [-0.16  0.16  9.69]
-33.763424 [ 15.375  -8.25   -1.875] [-0.13  0.32  9.69]
-33.865369 [ 15.437  -7.937  -2.75 ] [-0.08  0.45  9.7 ]
-33.967193 [ 15.562  -7.75   -4.312] [-0.04  0.73  9.68]
-34.068553 [ 15.75   -7.562  -6.5  ] [-0.01  1.1   9.65]
-34.169914 [ 15.937  -7.5    -8.937] [-1.28  1.51  9.6 ]
-34.271209 [  8.25   -7.312 -12.625] [-1.25  2.12  9.49]
-34.374177 [ 16.625  -7.187 -17.187] [-1.23  2.87  9.29]
-34.476979 [  8.812  -7.75  -18.   ] [-1.32  3.    9.24]
-34.579099 [  8.687  -7.375 -17.625] [-1.26  2.95  9.26]
-34.68056 [  8.437  -6.062 -17.062] [-1.04  2.86  9.32]
-34.782709 [ 16.     -3.75  -16.437] [-0.64  2.77  9.38]
-34.885904 [ 15.625  -1.312 -15.5  ] [-0.26  2.65  9.43]
-34.988387 [ 15.312   0.563 -14.125] [ 1.38  2.39  9.5 ]
-35.089998 [ 15.      2.813 -13.125] [ 1.76  2.22  9.53]
-35.191575 [ 14.937   3.563 -12.125] [ 1.89  2.06  9.56]
-35.293832 [ 14.875   4.25  -11.5  ] [ 2.    1.95  9.58]
-35.396895 [ 14.875   5.063 -10.812] [ 0.85  1.86  9.58]
-35.499316 [ 14.75    6.125  -9.312] [ 2.32  1.58  9.62]
-35.601211 [ 14.687   6.688  -9.   ] [ 2.42  1.52  9.61]
-35.702512 [ 14.687   8.375  -8.812] [ 1.43  1.48  9.58]
-35.803889 [ 14.562   9.688  -8.437] [ 1.65  1.41  9.56]
-35.905275 [ 14.562  10.313  -8.062] [ 1.75  1.35  9.55]
-36.006509 [ 14.5    10.875 -15.5  ] [ 1.85  1.26  9.54]
-36.107818 [ 14.437  11.063  -7.125] [ 1.88  1.19  9.54]
-36.209273 [ 14.375  10.75   -6.625] [ 1.84  1.13  9.56]
-36.31078 [ 14.437  10.313  -6.375] [ 1.76  1.07  9.58]
-36.412145 [ 14.375   9.5    -6.437] [ 1.62  1.08  9.6 ]
-36.513436 [   13.875 -2040.875    -5.812] [ 2.5   0.99  9.67]
-36.615078 [ 13.437   2.625  -5.125] [ 1.73  0.87  9.75]
-36.716329 [ 13.437  -2.812  -3.5  ] [-0.49  0.6   9.77]
