The flat matrix is [[ -2.04212500e+03  -1.00000000e+01   2.04312500e+03]
 [ -3.40000000e-01  -3.25500000e+02   8.27000000e+00]] 
-0.078697 [ 2044.938     8.875 -2057.437] [  1.50000000e-01   3.27930000e+02   1.22000000e+00]284.5466245 294.257358 297.261756 282.3620685 268.642195 266.6680875 284.7643235 294.1427645 
-0.180202 [ 2044.625     8.063 -2057.312] [  1.00000000e-02   3.27900000e+02   1.23000000e+00]281.242748 295.6541165 298.331664 282.9767255 271.5869425 264.2677015 281.4645545 295.5814335 
-0.281558 [ 2044.563     8.563 -2055.312] [  9.00000000e-02   3.27570000e+02   1.31000000e+00]277.9206355 296.3087595 299.2769235 283.0412555 274.7498115 262.4555055 278.1410205 296.292567 
-0.382608 [ 2044.5       8.063 -2054.062] [  1.00000000e-02   3.27360000e+02   1.35000000e+00]274.666025 296.0440115 300.023998 282.7637385 277.965389 261.352809 274.8789055 296.0901805 
-0.484029 [ 2044.25      7.313 -2052.5  ] [ -1.10000000e-01   3.27110000e+02   1.39000000e+00]271.5796665 294.9131845 300.4993505 282.352254 281.068262 261.0809215 271.778014 295.013052 
-0.585138 [ 2044.125     6.625 -2052.5  ] [ -2.20000000e-01   3.27090000e+02   1.38000000e+00]268.7674615 293.048722 300.6294435 282.014881 283.893601 261.7601645 268.9442295 293.193402 
-0.686284 [ 2043.938     5.938 -2052.312] [  -0.36  327.06    1.38]266.335317 290.583138 300.3407415 281.959699 286.3449345 263.3953135 266.483456 290.7637575 
-0.787905 [ 2043.938     5.313 -2052.125] [  -0.46  327.03    1.38]264.38914 287.648946 299.559706 282.394788 288.4573405 265.7687765 264.5015965 287.856644 
-0.889734 [ 2043.875     4.875 -2052.125] [  -0.53  327.03    1.37]263.0348365 284.3786605 298.2210055 283.5058425 290.2808455 268.637696 263.1045545 284.6045885 
-0.991207 [ 2043.813     4.625 -2052.25 ] [  -0.57  327.05    1.36]262.3783135 280.9047955 296.350211 285.230547 291.865475 271.7592145 262.3982335 281.140116 
-1.092926 [ 2043.813     4.438 -2052.5  ] [  -0.62  327.09    1.35]262.5254775 277.359865 294.0294855 287.352186 293.261255 274.8904755 262.4885375 277.5957535 
-1.194934 [ 2044.        4.313 -2053.   ] [  -0.63  327.17    1.34]263.5485315 273.8749915 291.341847 289.6517115 294.5182105 277.7886205 263.454568 274.102919 
-1.296621 [ 2044.188     4.375 -2053.5  ] [  -0.62  327.26    1.32]265.3410515 270.5739245 288.3703145 291.910075 295.6863685 280.210793 265.200939 270.785816 
-1.397917 [ 2044.375     4.438 -2053.812] [  -0.61  327.31    1.31]267.73766 267.577981 285.1979055 293.908229 296.8153635 281.915561 267.5624225 267.7657625 
-1.499445 [ 2044.5       4.563 -2054.312] [  -0.59  327.4     1.3 ]270.5729435 265.0084755 281.9076385 295.4271245 297.9145405 282.80853 270.373606 265.164066 
-1.601551 [ 2047.875     4.563 -2055.   ] [  -0.59  327.51    1.28]273.681488 262.9867225 278.582532 296.2477145 298.9184835 283.0681415 273.469076 263.102037 
-1.704798 [ 2044.125     4.688 -2055.937] [  -0.57  327.65    1.25]276.897879 261.634037 275.3068755 296.170479 299.7536565 282.902474 276.6834195 261.700984 
-1.80722 [ 2044.        4.813 -2056.875] [  -0.54  327.83    1.21]280.0567025 261.0717335 272.1783945 295.202281 300.3465225 282.519607 279.851224 261.0822155 
-1.908502 [ 2043.938     6.5   -2057.875] [ -2.60000000e-01   3.27990000e+02   1.19000000e+00]282.992545 261.421127 269.3028865 293.4739445 300.623544 282.1276195 282.807076 261.3670415 
-2.009698 [ 2043.875     6.688 -2058.75 ] [ -2.20000000e-01   3.28140000e+02   1.15000000e+00]285.567952 262.756268 266.7862575 291.117984 300.511184 281.934592 285.407874 262.6390565 
-2.111927 [ 2043.813     6.75  -2059.125] [ -2.20000000e-01   3.28200000e+02   1.13000000e+00]287.7877735 264.9106565 264.7344145 288.2669125 299.9359065 282.148603 287.6498475 264.7463365 
-2.214787 [ 2048.437     6.688 -2059.437] [ -2.20000000e-01   3.28250000e+02   1.12000000e+00]289.7020175 267.6414555 263.253264 285.0532445 298.8247465 282.976169 289.58291 267.4462165 
-2.317072 [ 2043.875     6.688 -2059.625] [ -2.30000000e-01   3.28270000e+02   1.11000000e+00]291.360711 270.7057965 262.448712 281.6094945 297.1571695 284.4807665 291.2570865 270.495838 
-2.419066 [ 2043.813     6.688 -2060.062] [ -2.20000000e-01   3.28350000e+02   1.09000000e+00]292.8138805 273.860812 262.426666 278.0681755 295.006454 286.4699175 292.722403 273.652345 
-2.520182 [ 2043.75      6.75  -2060.312] [ -2.20000000e-01   3.28390000e+02   1.08000000e+00]294.111553 276.863634 263.2770745 274.5611435 292.4556185 288.724574 294.0288855 276.672879 
-2.622275 [ 2043.938     7.813 -2060.312] [ -4.00000000e-02   3.28390000e+02   1.09000000e+00]295.303754 279.4713945 264.928927 271.21361 289.5876815 291.025688 295.2265595 279.3145835 
-2.725378 [ 2044.188     9.313 -2060.625] [  2.20000000e-01   3.28450000e+02   1.08000000e+00]296.4405115 281.441225 267.217951 268.146937 286.485661 293.1542115 296.365451 281.334601 
-2.828018 [ 2044.313     9.938 -2060.187] [  3.20000000e-01   3.28380000e+02   1.10000000e+00]297.555108 282.5913695 269.978733 265.4824385 283.2325755 294.8910965 297.4821795 282.538998 
-2.929631 [ 2044.5      10.313 -2060.062] [   1.67  328.35    1.11]298.5989785 283.0387895 273.045858 263.3414295 279.9114425 296.0172945 298.5330405 283.026983 
-3.031216 [ 2044.688    10.688 -2059.937] [   1.74  328.34    1.11]299.4985915 282.9915785 276.253913 261.8452255 276.605377 296.3152365 299.4445465 283.0064575 
-3.132684 [ 2044.75     10.875 -2059.875] [   1.77  328.33    1.11]300.180406 282.6578535 279.437483 261.1151405 273.405361 295.688198 300.1431595 282.6855005 
-3.234233 [ 2044.938    11.25  -2059.625] [   1.84  328.28    1.12]300.5708835 282.2457305 282.431155 261.2724895 270.415955 294.248015 300.555343 282.272192 
-3.335471 [ 2045.188    12.063 -2059.437] [   1.97  328.26    1.13]300.5964845 281.963326 285.082916 262.415932 267.7430655 292.127202 300.60756 281.974611 
-3.438121 [ 2045.25     12.75  -2058.062] [   2.07  328.04    1.18]300.183669 282.018756 287.369856 264.4258945 265.4925995 289.4582735 300.226274 282.000837 
-3.539666 [ 2045.375    13.375 -2057.625] [   2.19  327.95    1.2 ]299.2588985 282.6201365 289.3412135 267.0608405 263.770463 286.3737425 299.337948 282.558949 
-3.641232 [ 2045.438    13.625 -2057.062] [   2.24  327.86    1.22]297.7707715 283.9151655 291.047015 270.0779025 262.682563 283.0061235 297.886826 283.8085145 
-3.742641 [ 2045.5      14.    -2056.125] [   2.3   327.7     1.26]295.7718305 285.767855 292.5372875 273.2342125 262.334806 279.4879305 295.9194035 285.6301295 
-3.844202 [ 2045.563    14.375 -2055.375] [   2.37  327.57    1.28]293.345099 287.9590305 293.862057 276.2869025 262.831794 275.9516235 293.518654 287.80487 
-3.945563 [ 2045.5    14.5 -2055.5] [   2.39  327.6     1.27]290.5736045 290.269508 295.0713505 278.993105 264.182462 272.525714 290.7675955 290.1136865 
-4.047091 [ 2045.313    14.125 -2055.437] [   2.32  327.58    1.28]287.540374 292.4801015 296.2151945 281.109951 266.2364675 269.332139 287.749246 292.337532 
-4.148501 [ 2044.813    13.188 -2055.062] [   2.19  327.54    1.3 ]284.328435 294.3716265 297.335494 282.4242155 268.828396 266.4922125 284.5466245 294.257358 
-4.250548 [ 2044.188    12.063 -2054.687] [   1.97  327.46    1.33]281.020815 295.7248975 298.399392 282.9955355 271.7928335 264.1272505 281.242748 295.6541165 
-4.351903 [ 2042.688     9.563 -2054.5  ] [  2.70000000e-01   3.27430000e+02   1.34000000e+00]277.7005415 296.3207295 299.3337395 283.0306015 274.964366 262.3585665 277.9206355 296.3087595 
-4.453504 [ 2050.187     7.688 -2053.937] [ -6.00000000e-02   3.27340000e+02   1.35000000e+00]274.4540095 295.9918735 300.0649965 282.7375305 278.1775795 261.307476 274.666025 296.0440115 
-4.555662 [ 2050.25      7.188 -2053.5  ] [ -1.40000000e-01   3.27270000e+02   1.36000000e+00]271.3828105 294.8053335 300.519625 282.3244375 281.2670605 261.0952935 271.5796665 294.9131845 
-4.65854 [ 2050.625     6.375 -2053.125] [ -2.70000000e-01   3.27210000e+02   1.36000000e+00]268.5928165 292.894131 300.624084 281.99944 284.068571 261.841345 268.7674615 293.048722 
-4.761165 [ 2050.75      5.813 -2052.75 ] [  -0.37  327.14    1.37]266.1899005 290.3912915 300.3048355 281.9706535 286.4957515 263.533311 266.335317 290.583138 
-4.863231 [ 2050.937     5.375 -2052.562] [  -0.45  327.1     1.37]264.2799355 287.4298395 299.488339 282.446195 288.587339 265.9474075 264.38914 287.648946 
-4.964948 [ 2051.        5.    -2052.437] [  -0.51  327.08    1.36]262.9687935 284.1428 298.1119185 283.604534 290.3933595 268.8407675 263.0348365 284.3786605 
-5.067579 [ 2051.062     4.688 -2052.5  ] [  -0.56  327.09    1.36]262.3623475 280.663198 296.2084985 285.363224 291.9638405 271.9705225 262.3783135 280.9047955 
-5.170829 [ 2051.062     4.563 -2052.625] [  -0.59  327.11    1.35]262.566471 277.1240585 293.860683 287.5042375 293.3488075 275.0938045 262.5254775 277.359865 
-5.272882 [ 2051.       4.5  -2052.75] [  -0.61  327.13    1.35]263.6453625 273.6563135 291.151499 289.8083895 294.5982885 277.967746 263.5485315 273.8749915 
-5.374349 [ 2050.875     4.5   -2053.125] [  -0.6   327.19    1.34]265.482638 270.381827 288.1639735 292.0564945 295.762309 280.349479 265.3410515 270.5739245 
-5.476418 [ 2050.687     4.625 -2053.625] [  -0.57  327.28    1.32]267.9130105 267.420007 284.9811345 294.029368 296.8901335 281.9989185 267.73766 267.577981 
-5.579623 [ 2050.562     4.75  -2054.125] [  -0.56  327.35    1.31]270.771193 264.890261 281.6860085 295.5078245 297.9852605 282.8430125 270.5729435 265.0084755 
-5.682451 [ 2050.562     4.688 -2054.75 ] [  -0.56  327.47    1.29]273.891897 262.911997 278.361623 296.272679 298.980253 283.0676065 273.681488 262.9867225 
-5.784452 [ 2050.562     4.75  -2055.5  ] [  -0.56  327.6     1.26]277.1098355 261.604623 275.092677 296.1305155 299.801571 282.880816 276.897879 261.634037 
-5.885982 [ 2050.625     5.563 -2056.562] [  -0.41  327.78    1.23]280.25972 261.0875465 271.977942 295.104871 300.3756755 282.490758 280.0567025 261.0717335 
-5.987421 [ 2050.687     7.188 -2057.875] [ -1.40000000e-01   3.28000000e+02  -9.00000000e-02]283.1762635 261.4801755 269.123237 293.3279595 300.629027 282.105548 282.992545 261.421127 
-6.088565 [ 2050.75      7.375 -2058.875] [ -1.10000000e-01   3.28160000e+02   1.15000000e+00]285.728572 262.845061 266.6344355 290.932805 300.4880865 281.9333035 285.567952 262.756268 
-6.189859 [ 2050.75      7.375 -2058.937] [ -1.10000000e-01   3.28170000e+02   1.15000000e+00]287.928942 265.0080435 264.6174105 288.0524335 299.879314 282.1821395 287.7877735 264.9106565 
-6.291185 [ 2050.812     7.375 -2059.125] [ -1.10000000e-01   3.28200000e+02   1.14000000e+00]289.826929 267.733373 263.178034 284.8198695 298.7302575 283.057206 289.7020175 267.6414555 
-6.392583 [ 2050.812     7.375 -2059.437] [ -1.10000000e-01   3.28250000e+02   1.13000000e+00]291.472088 270.785297 262.422179 281.368138 297.0278435 284.601595 291.360711 270.7057965 
-6.494048 [ 2050.812     7.375 -2059.687] [ -1.10000000e-01   3.28290000e+02   1.11000000e+00]292.913974 273.9280645 262.455719 277.830264 294.847823 286.615981 292.8138805 273.860812 
-6.595099 [ 2050.937     7.313 -2060.125] [ -1.20000000e-01   3.28360000e+02   1.09000000e+00]294.202143 276.9259245 263.363624 274.338223 292.273223 288.88118 294.111553 276.863634 
-6.696249 [ 2050.937     7.375 -2060.125] [ -1.10000000e-01   3.28370000e+02   1.09000000e+00]295.38615 279.5431255 265.0624455 271.0155325 289.387071 291.178006 295.303754 279.4713945 
-6.79836 [ 2050.875     7.688 -2060.375] [ -6.00000000e-02   3.28400000e+02   1.08000000e+00]296.5155495 281.5439165 267.387422 267.9816265 286.272394 293.287274 296.4405115 281.441225 
-6.899631 [ 2050.687     8.313 -2060.375] [  6.00000000e-02   3.28410000e+02   1.08000000e+00]297.408555 282.484834 270.1732655 265.355913 283.0122195 294.9897995 297.555108 282.5913695 
-7.001074 [ 2050.25      9.625 -2060.25 ] [  2.80000000e-01   3.28390000e+02   1.10000000e+00]298.465784 283.01527 273.2546885 263.2578 279.6895745 296.0663975 298.5989785 283.0387895 
-7.10289 [ 2042.25     10.25  -2060.125] [   1.66  328.37    1.1 ]299.3887515 283.0226055 276.466403 261.806695 276.3876645 296.300621 299.4985915 282.9915785 
-7.204574 [ 2042.375    10.688 -2059.875] [   1.73  328.33    1.11]300.103878 282.71508 279.643121 261.1220065 273.198561 295.6127305 300.180406 282.6578535 
-7.306429 [ 2042.563    11.375 -2059.687] [   1.85  328.3     1.12]300.5375845 282.3009315 282.619556 261.3231415 270.2271395 294.1203625 300.5708835 282.2457305 
-7.408274 [ 2042.75     12.188 -2058.375] [   2.    328.08    1.18]300.6162915 281.9884 285.247851 262.500692 267.579272 291.9565425 300.5964845 281.963326 
-7.511131 [ 2042.875    13.188 -2057.25 ] [   2.17  327.89    1.22]300.2664185 281.985724 287.514644 264.5229155 265.3608315 289.254295 300.183669 282.018756 
-7.61418 [ 2043.063    14.063 -2056.25 ] [   2.3   327.74    1.25]299.4143865 282.5011425 289.4691435 267.1546355 263.677691 286.1466445 299.2588985 282.6201365 
-7.716081 [ 2043.188    14.688 -2056.375] [   2.42  327.74    1.24]298.000659 283.704575 291.1609035 270.1601005 262.6357225 282.766617 297.7707715 283.9151655 
-7.817806 [ 2043.188    14.813 -2056.375] [   2.44  327.74    1.24]296.0651585 285.4945555 292.63948 273.3035595 262.3408 279.247237 295.7718305 285.767855 
-7.920403 [ 2049.062    14.875 -2056.375] [   1.18  327.74    1.23]293.6907455 287.6524555 293.954428 276.349261 262.8964435 275.7214115 293.345099 287.9590305 
-8.023657 [ 2043.188    14.688 -2056.312] [   2.42  327.73    1.24]290.9604485 289.9591845 295.155303 279.061454 264.2985225 272.316641 290.5736045 290.269508 
-8.126015 [ 2042.938    13.875 -2056.   ] [   2.28  327.68    1.26]287.957298 292.195651 296.2916595 281.204387 266.3928715 269.1528925 287.540374 292.4801015 
-8.227571 [ 2042.438    12.688 -2055.5  ] [   2.08  327.6     1.29]284.7643235 294.1427645 297.187473 282.29765 269.0142025 266.349573 284.328435 294.3716265 
-8.329204 [ 2050.375    11.313 -2055.125] [   1.84  327.54    1.31]281.4645545 295.5814335 298.2627245 282.9576945 271.997228 264.026091 281.020815 295.7248975 
-8.432462 [ 2051.375     9.063 -2054.937] [  1.80000000e-01   3.27500000e+02   1.32000000e+00]278.1410205 296.292567 299.2184305 283.052991 275.1766605 262.301854 277.7005415 296.3207295 
-8.53547 [ 2051.5       7.875 -2054.437] [ -2.00000000e-02   3.27430000e+02   1.33000000e+00]274.8789055 296.0901805 299.981012 282.7917785 278.387212 261.29627 274.4540095 295.9918735 
-8.637216 [ 2051.687     7.25  -2053.937] [ -1.30000000e-01   3.27340000e+02   1.35000000e+00]271.778014 295.013052 300.476889 282.3822955 281.4635945 261.1287465 271.3828105 294.8053335 
-8.738516 [ 2051.812     6.313 -2053.312] [ -2.90000000e-01   3.27230000e+02   1.36000000e+00]268.9442295 293.193402 300.632482 282.0327815 284.242591 261.91527 268.5928165 292.894131 
-8.839705 [ 2052.        5.563 -2051.812] [  -0.42  326.98    1.39]266.483456 290.7637575 300.374211 281.951475 286.6481775 263.6276845 266.1899005 290.3912915 
-8.941352 [ 2052.062     5.125 -2051.75 ] [  -0.49  326.96    1.39]264.5015965 287.856644 299.6284975 282.3466155 288.7216475 266.043896 264.2799355 287.4298395 
-9.042816 [ 2052.062     4.75  -2051.687] [  -0.56  326.96    1.38]263.1045545 284.6045885 298.327783 283.4100095 290.5125565 268.928153 262.9687935 284.1428 
-9.144444 [ 2052.125     4.438 -2051.75 ] [  -0.61  326.96    1.37]262.3982335 281.140116 296.490029 285.100115 292.07046 272.0447045 262.3623475 280.663198 
-9.246249 [ 2052.125     4.188 -2052.   ] [  -0.65  327.      1.36]262.4885375 277.5957535 294.1967555 287.2019585 293.4449125 275.1577995 262.566471 277.1240585 
-9.347769 [ 2052.        4.063 -2052.375] [  -0.67  327.07    1.35]263.454568 274.102919 291.530993 289.496449 294.68547 278.031686 263.6453625 273.6563135 
-9.449045 [ 2051.812     4.125 -2052.937] [  -0.66  327.16    1.34]265.200939 270.785816 288.575771 291.764495 295.8416875 280.430613 265.482638 270.381827 
-9.550409 [ 2051.75      4.25  -2053.437] [  -0.64  327.24    1.32]267.5624225 267.7657625 285.414119 293.7870065 296.7403815 281.828857 267.9130105 267.420007 
-9.652296 [ 2051.687     4.438 -2053.937] [  -0.62  327.33    1.31]270.373606 265.164066 282.1290665 295.3448915 297.842849 282.773108 270.771193 264.890261 
-9.753986 [ 2051.687     4.563 -2054.625] [  -0.59  327.45    1.29]273.469076 263.102037 278.803643 296.2190595 298.8552025 283.069315 273.891897 262.911997 
-9.856283 [ 2051.687     4.688 -2055.312] [  -0.57  327.56    1.27]276.6834195 261.700984 275.521817 296.2048415 299.7038635 282.9257175 277.1098355 261.604623 
-9.958298 [ 2051.812     4.75  -2056.5  ] [  -0.56  327.76    1.22]279.851224 261.0822155 272.3802125 295.29212 300.3152515 282.550554 280.25972 261.0875465 
-10.060201 [ 2051.75      6.313 -2057.687] [ -2.90000000e-01   3.27960000e+02   1.20000000e+00]282.807076 261.3670415 269.4845345 293.6103725 300.615788 282.1520635 283.1762635 261.4801755 
-10.162092 [ 2051.937     6.875 -2058.687] [ -2.00000000e-01   3.28120000e+02   1.16000000e+00]285.407874 262.6390565 266.9406865 291.292125 300.531892 281.9384855 285.728572 262.845061 
-10.265075 [ 2051.875     6.813 -2058.937] [ -2.00000000e-01   3.28170000e+02   1.15000000e+00]287.6498475 264.7463365 264.8545715 288.469903 299.989985 282.1180585 287.928942 265.0080435 
-10.367834 [ 2051.812     6.813 -2059.187] [ -2.10000000e-01   3.28200000e+02   1.13000000e+00]289.58291 267.4462165 263.332094 285.2762335 298.9167405 282.8983305 289.826929 267.733373 
-10.46986 [ 2051.812     6.813 -2059.375] [ -2.10000000e-01   3.28240000e+02   1.12000000e+00]291.2570865 270.495838 262.4791565 281.8436425 297.2844425 284.362395 291.472088 270.785297 
-10.571381 [ 2051.875     6.813 -2059.687] [ -2.10000000e-01   3.28290000e+02   1.11000000e+00]292.722403 273.652345 262.4016635 278.304656 295.1634135 286.3258345 292.913974 273.9280645 
-10.674218 [ 2051.937     6.813 -2060.125] [ -2.10000000e-01   3.28360000e+02   1.09000000e+00]294.0288855 276.672879 263.1936635 274.79131 292.636683 288.569557 294.202143 276.9259245 
-10.778101 [ 2052.        6.938 -2060.25 ] [ -1.90000000e-01   3.28380000e+02   1.08000000e+00]295.2265595 279.3145835 264.7971625 271.4293545 289.787281 290.874472 295.38615 279.5431255 
-10.880519 [ 2051.75      7.5   -2060.437] [ -9.00000000e-02   3.28410000e+02   1.08000000e+00]296.365451 281.334601 267.0488565 268.3401865 286.6982375 293.021488 296.5155495 281.5439165 
-10.982035 [ 2051.375     8.563 -2060.375] [  9.00000000e-02   3.28410000e+02   1.09000000e+00]297.4821795 282.538998 269.783333 265.645114 283.4525815 294.7915145 297.408555 282.484834 
-11.084408 [ 2051.062     9.625 -2060.187] [  2.80000000e-01   3.28380000e+02   1.10000000e+00]298.5330405 283.026983 272.835179 263.465447 280.133343 295.9654605 298.465784 283.01527 
-11.18777 [ 2050.937    10.188 -2060.   ] [   1.64  328.35    1.11]299.4445465 283.0064575 276.038981 261.9224935 276.823596 296.3249165 299.3887515 283.0226055 
-11.290621 [ 2050.812    10.625 -2059.75 ] [   1.73  328.31    1.12]300.1431595 282.6855005 279.229326 261.1375635 273.613274 295.7569135 300.103878 282.71508 
-11.392624 [ 2050.625    11.25  -2059.437] [   1.83  328.25    1.13]300.555343 282.272192 282.2408015 261.231966 270.606517 294.366873 300.5375845 282.3009315 
-11.494554 [ 2050.437    12.    -2058.625] [   1.96  328.12    1.17]300.60756 281.974611 284.9180075 262.310084 267.909228 292.2873225 300.6162915 281.9884 
-11.596395 [ 2050.25     12.875 -2057.25 ] [   2.11  327.89    1.22]300.226274 282.000837 287.2277665 264.269701 265.6273115 289.650787 300.2664185 281.985724 
-11.697976 [ 2042.125    13.625 -2056.562] [   2.24  327.77    1.24]299.337948 282.558949 289.2186095 266.8704895 263.866671 286.5897935 299.4143865 282.5011425 
-11.800051 [ 2042.5      14.688 -2055.75 ] [   2.4   327.63    1.26]297.886826 283.8085145 290.940561 269.8695915 262.733209 283.236868 298.000659 283.704575 
-11.901955 [ 2042.5      14.938 -2055.937] [   2.46  327.66    1.25]295.9194035 285.6301295 292.4436475 273.02415 262.3328295 279.7245365 296.0651585 285.4945555 
-12.003646 [ 2042.5      14.938 -2055.937] [   2.47  327.67    1.25]293.518654 287.80487 293.7778945 276.0913075 262.7708115 276.185299 293.6907455 287.6524555 
-12.108572 [ 2042.438    14.75  -2055.937] [   2.43  327.67    1.25]290.7675955 290.1136865 294.993328 278.8282065 264.0687165 272.7481955 290.9604485 289.9591845 
-12.210612 [ 2042.188    14.063 -2055.687] [   2.33  327.63    1.27]287.749246 292.337532 296.139974 280.9919895 266.080982 269.5353555 287.957298 292.195651 
-12.313271 [ 2050.5      13.    -2055.312] [   2.13  327.57    1.3 ]284.5466245 294.257358 297.261756 282.3620685 268.642195 266.6680875 284.7643235 294.1427645 
-12.415111 [ 2050.937    11.688 -2054.812] [   1.91  327.48    1.32]281.242748 295.6541165 298.331664 282.9767255 271.5869425 264.2677015 281.4645545 295.5814335 
-12.51739 [ 2051.937     9.25  -2054.562] [  2.20000000e-01   3.27450000e+02   1.33000000e+00]277.9206355 296.3087595 299.2769235 283.0412555 274.7498115 262.4555055 278.1410205 296.292567 
-12.620284 [ 2052.125     7.688 -2054.062] [ -5.00000000e-02   3.27370000e+02   1.34000000e+00]274.666025 296.0440115 300.023998 282.7637385 277.965389 261.352809 274.8789055 296.0901805 
-12.722478 [ 2052.25      7.188 -2053.562] [ -1.40000000e-01   3.27280000e+02   1.36000000e+00]271.5796665 294.9131845 300.4993505 282.352254 281.068262 261.0809215 271.778014 295.013052 
-12.823931 [ 2052.625     6.375 -2053.062] [ -2.80000000e-01   3.27180000e+02   1.36000000e+00]268.7674615 293.048722 300.6294435 282.014881 283.893601 261.7601645 268.9442295 293.193402 
-12.925078 [ 2052.875     5.625 -2052.562] [  -0.41  327.11    1.37]266.335317 290.583138 300.3407415 281.959699 286.3449345 263.3953135 266.483456 290.7637575 
-13.02683 [ 2052.937     5.188 -2052.312] [  -0.48  327.06    1.37]264.38914 287.648946 299.559706 282.394788 288.4573405 265.7687765 264.5015965 287.856644 
-13.130231 [ 2053.       4.75 -2052.25] [  -0.55  327.05    1.37]263.0348365 284.3786605 298.2210055 283.5058425 290.2808455 268.637696 263.1045545 284.6045885 
-13.232885 [ 2053.062     4.438 -2052.25 ] [  -0.61  327.05    1.36]262.3783135 280.9047955 296.350211 285.230547 291.865475 271.7592145 262.3982335 281.140116 
-13.334784 [ 2053.062     4.25  -2052.375] [  -0.65  327.07    1.35]262.5254775 277.359865 294.0294855 287.352186 293.261255 274.8904755 262.4885375 277.5957535 
-13.43602 [ 2052.937     4.188 -2052.5  ] [  -0.65  327.09    1.35]263.5485315 273.8749915 291.341847 289.6517115 294.5182105 277.7886205 263.454568 274.102919 
-13.537898 [ 2052.687     4.25  -2052.937] [  -0.64  327.16    1.34]265.3410515 270.5739245 288.3703145 291.910075 295.6863685 280.210793 265.200939 270.785816 
-13.64133 [ 2052.437     4.438 -2053.375] [  -0.62  327.23    1.33]267.73766 267.577981 285.1979055 293.908229 296.8153635 281.915561 267.5624225 267.7657625 
-13.744169 [ 2052.375     4.438 -2053.812] [  -0.61  327.32    1.31]270.5729435 265.0084755 281.9076385 295.4271245 297.9145405 282.80853 270.373606 265.164066 
-13.845717 [ 2052.5       4.563 -2054.625] [  -0.59  327.45    1.29]273.681488 262.9867225 278.582532 296.2477145 298.9184835 283.0681415 273.469076 263.102037 
-13.94705 [ 2052.625     4.75  -2055.437] [  -0.56  327.59    1.26]276.897879 261.634037 275.3068755 296.170479 299.7536565 282.902474 276.6834195 261.700984 
-14.048502 [ 2052.687     4.813 -2056.312] [  -0.54  327.73    1.23]280.0567025 261.0717335 272.1783945 295.202281 300.3465225 282.519607 279.851224 261.0822155 
-14.149954 [ 2052.812     6.438 -2057.437] [ -2.70000000e-01   3.27920000e+02   1.21000000e+00]282.992545 261.421127 269.3028865 293.4739445 300.623544 282.1276195 282.807076 261.3670415 
-14.252111 [ 2053.312     7.313 -2058.437] [ -1.20000000e-01   3.28090000e+02   1.17000000e+00]285.567952 262.756268 266.7862575 291.117984 300.511184 281.934592 285.407874 262.6390565 
-14.359071 [ 2053.187     7.25  -2058.625] [ -1.30000000e-01   3.28120000e+02   1.16000000e+00]287.7877735 264.9106565 264.7344145 288.2669125 299.9359065 282.148603 287.6498475 264.7463365 
-14.462656 [ 2053.125     7.25  -2058.937] [ -1.40000000e-01   3.28170000e+02   1.15000000e+00]289.7020175 267.6414555 263.253264 285.0532445 298.8247465 282.976169 289.58291 267.4462165 
-14.564313 [ 2053.187     7.313 -2059.125] [ -1.30000000e-01   3.28200000e+02   1.14000000e+00]291.360711 270.7057965 262.448712 281.6094945 297.1571695 284.4807665 291.2570865 270.495838 
-14.665662 [ 2053.125     7.938 -2059.687] [ -1.00000000e-02   3.28300000e+02   1.12000000e+00]292.8138805 273.860812 262.426666 278.0681755 295.006454 286.4699175 292.722403 273.652345 
-14.767396 [ 2053.062     7.938 -2060.187] [ -2.00000000e-02   3.28370000e+02   1.09000000e+00]294.111553 276.863634 263.2770745 274.5611435 292.4556185 288.724574 294.0288855 276.672879 
-14.868887 [ 2053.062     7.938 -2060.25 ] [ -1.00000000e-02   3.28390000e+02   1.09000000e+00]295.303754 279.4713945 264.928927 271.21361 289.5876815 291.025688 295.2265595 279.3145835 
-14.971614 [ 2052.937     8.313 -2060.125] [  5.00000000e-02   3.28370000e+02   1.10000000e+00]296.4405115 281.441225 267.217951 268.146937 286.485661 293.1542115 296.365451 281.334601 
-15.074591 [ 2052.625     9.125 -2060.062] [  1.70000000e-01   3.28360000e+02   1.10000000e+00]297.555108 282.5913695 269.978733 265.4824385 283.2325755 294.8910965 297.4821795 282.538998 
-15.1789 [ 2052.312     9.938 -2060.   ] [   0.33  328.35    1.11]298.5989785 283.0387895 273.045858 263.3414295 279.9114425 296.0172945 298.5330405 283.026983 
-15.282314 [ 2052.125    10.438 -2059.875] [   1.7   328.33    1.11]299.4985915 282.9915785 276.253913 261.8452255 276.605377 296.3152365 299.4445465 283.0064575 
-15.385832 [ 2051.937    10.875 -2059.687] [   1.77  328.29    1.12]300.180406 282.6578535 279.437483 261.1151405 273.405361 295.688198 300.1431595 282.6855005 
-15.487729 [ 2051.687    11.438 -2059.5  ] [   1.87  328.26    1.13]300.5708835 282.2457305 282.431155 261.2724895 270.415955 294.248015 300.555343 282.272192 
-15.589062 [ 2051.437    12.125 -2058.937] [   1.99  328.17    1.15]300.5964845 281.963326 285.082916 262.415932 267.7430655 292.127202 300.60756 281.974611 
-15.691605 [ 2051.312    13.    -2057.375] [   0.85  327.91    1.22]300.183669 282.018756 287.369856 264.4258945 265.4925995 289.4582735 300.226274 282.000837 
-15.79496 [ 2051.125    13.813 -2056.625] [   2.26  327.8     1.23]299.2588985 282.6201365 289.3412135 267.0608405 263.770463 286.3737425 299.337948 282.558949 
-15.897205 [ 2050.812    14.5   -2055.75 ] [   2.39  327.64    1.26]297.7707715 283.9151655 291.047015 270.0779025 262.682563 283.0061235 297.886826 283.8085145 
-15.998585 [ 2050.75     14.938 -2055.875] [   2.46  327.66    1.25]295.7718305 285.767855 292.5372875 273.2342125 262.334806 279.4879305 295.9194035 285.6301295 
-16.100052 [ 2050.75     14.938 -2055.875] [   2.46  327.66    1.25]293.345099 287.9590305 293.862057 276.2869025 262.831794 275.9516235 293.518654 287.80487 
-16.201529 [ 2050.812    14.688 -2055.812] [   2.42  327.65    1.26]290.5736045 290.269508 295.0713505 278.993105 264.182462 272.525714 290.7675955 290.1136865 
-16.303234 [ 2051.       14.    -2055.562] [   2.31  327.61    1.28]287.540374 292.4801015 296.2151945 281.109951 266.2364675 269.332139 287.749246 292.337532 
-16.404528 [ 2051.437    12.875 -2055.187] [   2.11  327.54    1.3 ]284.328435 294.3716265 297.335494 282.4242155 268.828396 266.4922125 284.5466245 294.257358 
-16.505887 [ 2051.875    11.563 -2054.75 ] [   1.89  327.48    1.33]281.020815 295.7248975 298.399392 282.9955355 271.7928335 264.1272505 281.242748 295.6541165 
-16.607358 [ 2052.687     9.    -2054.375] [  2.10000000e-01   3.27430000e+02   1.34000000e+00]277.7005415 296.3207295 299.3337395 283.0306015 274.964366 262.3585665 277.9206355 296.3087595 
-16.70873 [ 2052.75      7.688 -2053.875] [ -6.00000000e-02   3.27330000e+02   1.35000000e+00]274.4540095 295.9918735 300.0649965 282.7375305 278.1775795 261.307476 274.666025 296.0440115 
-16.81017 [ 2052.875     7.125 -2053.437] [ -1.50000000e-01   3.27250000e+02   1.36000000e+00]271.3828105 294.8053335 300.519625 282.3244375 281.2670605 261.0952935 271.5796665 294.9131845 
-16.911378 [ 2053.        6.375 -2052.875] [ -2.80000000e-01   3.27160000e+02   1.37000000e+00]268.5928165 292.894131 300.624084 281.99944 284.068571 261.841345 268.7674615 293.048722 
-17.012793 [ 2053.312     5.563 -2052.437] [  -0.42  327.09    1.37]266.1899005 290.3912915 300.3048355 281.9706535 286.4957515 263.533311 266.335317 290.583138 
-17.114311 [ 2053.812     5.    -2052.187] [  -0.51  327.04    1.37]264.2799355 287.4298395 299.488339 282.446195 288.587339 265.9474075 264.38914 287.648946 
-17.215938 [ 2053.75      4.688 -2052.062] [  -0.57  327.02    1.37]262.9687935 284.1428 298.1119185 283.604534 290.3933595 268.8407675 263.0348365 284.3786605 
-17.318885 [ 2053.625     4.188 -2052.187] [  -0.66  327.03    1.36]262.3623475 280.663198 296.2084985 285.363224 291.9638405 271.9705225 262.3783135 280.9047955 
-17.422844 [ 2053.562     4.063 -2052.312] [  -0.68  327.06    1.35]262.566471 277.1240585 293.860683 287.5042375 293.3488075 275.0938045 262.5254775 277.359865 
-17.526057 [ 2054.25      4.063 -2052.625] [  -0.67  327.11    1.34]263.6453625 273.6563135 291.151499 289.8083895 294.5982885 277.967746 263.5485315 273.8749915 
-17.628663 [ 2055.062     4.313 -2053.187] [  -0.63  327.19    1.33]265.482638 270.381827 288.1639735 292.0564945 295.762309 280.349479 265.3410515 270.5739245 
-17.731407 [ 2055.812     4.438 -2053.75 ] [  -0.61  327.3     1.32]267.9130105 267.420007 284.9811345 294.029368 296.8901335 281.9989185 267.73766 267.577981 
-17.833095 [ 2057.062     4.688 -2054.437] [  -0.57  327.42    1.3 ]270.771193 264.890261 281.6860085 295.5078245 297.9852605 282.8430125 270.5729435 265.0084755 
-17.936278 [ 2058.312     5.188 -2055.   ] [  -0.49  327.51    1.29]273.891897 262.911997 278.361623 296.272679 298.980253 283.0676065 273.681488 262.9867225 
-18.039112 [ 2051.5       5.5   -2055.937] [  -0.44  327.65    1.26]277.1098355 261.604623 275.092677 296.1305155 299.801571 282.880816 276.897879 261.634037 
-18.141312 [ 2052.187     6.125 -2056.875] [ -3.20000000e-01   3.27820000e+02   1.23000000e+00]280.25972 261.0875465 271.977942 295.104871 300.3756755 282.490758 280.0567025 261.0717335 
-18.243403 [ 2053.437     8.125 -2058.125] [  2.00000000e-02   3.28040000e+02   1.19000000e+00]283.1762635 261.4801755 269.123237 293.3279595 300.629027 282.105548 282.992545 261.421127 
-18.345772 [ 2054.812     8.688 -2059.375] [  1.20000000e-01   3.28250000e+02   1.14000000e+00]285.728572 262.845061 266.6344355 290.932805 300.4880865 281.9333035 285.567952 262.756268 
-18.448746 [ 2054.812     8.75  -2060.125] [  1.20000000e-01   3.28350000e+02   1.10000000e+00]287.928942 265.0080435 264.6174105 288.0524335 299.879314 282.1821395 287.7877735 264.9106565 
-18.550934 [ 2054.75      8.75  -2060.687] [  1.20000000e-01   3.28460000e+02   1.07000000e+00]289.826929 267.733373 263.178034 284.8198695 298.7302575 283.057206 289.7020175 267.6414555 
-18.65244 [ 2054.75      8.563 -2061.062] [  1.00000000e-01   3.28520000e+02   1.05000000e+00]291.472088 270.785297 262.422179 281.368138 297.0278435 284.601595 291.360711 270.7057965 
-18.753967 [ 2054.562     9.125 -2061.312] [  1.90000000e-01   3.28570000e+02   1.04000000e+00]292.913974 273.9280645 262.455719 277.830264 294.847823 286.615981 292.8138805 273.860812 
-18.85518 [ 2054.437    10.    -2062.25 ] [   0.33  328.71    0.99]294.202143 276.9259245 263.363624 274.338223 292.273223 288.88118 294.111553 276.863634 
-18.956642 [ 2054.312     9.875 -2062.625] [  3.20000000e-01   3.28780000e+02   9.70000000e-01]295.38615 279.5431255 265.0624455 271.0155325 289.387071 291.178006 295.303754 279.4713945 
-19.057945 [ 2053.375    10.    -2061.812] [   1.62  328.64    1.01]296.5155495 281.5439165 267.387422 267.9816265 286.272394 293.287274 296.4405115 281.441225 
-19.159485 [ 2052.187    10.688 -2060.062] [   1.74  328.36    1.1 ]297.408555 282.484834 270.1732655 265.355913 283.0122195 294.9897995 297.555108 282.5913695 
-19.261567 [ 2050.625    10.938 -2059.937] [   1.78  328.34    1.11]298.465784 283.01527 273.2546885 263.2578 279.6895745 296.0663975 298.5989785 283.0387895 
-19.363207 [ 2057.375    11.125 -2059.812] [   1.81  328.31    1.12]299.3887515 283.0226055 276.466403 261.806695 276.3876645 296.300621 299.4985915 282.9915785 
-19.464765 [ 2056.312    11.563 -2059.625] [   1.89  328.28    1.12]300.103878 282.71508 279.643121 261.1220065 273.198561 295.6127305 300.180406 282.6578535 
-19.567033 [ 2056.187    11.938 -2059.437] [   1.95  328.25    1.13]300.5375845 282.3009315 282.619556 261.3231415 270.2271395 294.1203625 300.5708835 282.2457305 
-19.670191 [ 2056.062    12.375 -2059.312] [   2.02  328.24    1.13]300.6162915 281.9884 285.247851 262.500692 267.579272 291.9565425 300.5964845 281.963326 
-19.772907 [ 2056.       12.75  -2058.375] [   2.09  328.08    1.17]300.2664185 281.985724 287.514644 264.5229155 265.3608315 289.254295 300.183669 282.018756 
-19.875433 [ 2055.687    13.5   -2057.312] [   2.22  327.9     1.21]299.4143865 282.5011425 289.4691435 267.1546355 263.677691 286.1466445 299.2588985 282.6201365 
-19.980831 [ 2055.25     14.5   -2056.062] [   1.09  327.71    1.25]298.000659 283.704575 291.1609035 270.1601005 262.6357225 282.766617 297.7707715 283.9151655 
-20.083743 [ 2055.062    15.125 -2055.875] [   2.5   327.66    1.25]296.0651585 285.4945555 292.63948 273.3035595 262.3408 279.247237 295.7718305 285.767855 
-20.185799 [ 2054.937    15.125 -2056.   ] [   2.49  327.67    1.25]293.6907455 287.6524555 293.954428 276.349261 262.8964435 275.7214115 293.345099 287.9590305 
-20.288933 [ 2053.812    14.75  -2055.937] [   2.44  327.66    1.25]290.9604485 289.9591845 295.155303 279.061454 264.2985225 272.316641 290.5736045 290.269508 
-20.392642 [ 2052.       13.    -2055.562] [   0.89  327.62    1.28]287.957298 292.195651 296.2916595 281.204387 266.3928715 269.1528925 287.540374 292.4801015 
-20.494848 [ 2051.       10.75  -2054.937] [   1.74  327.51    1.32]284.7643235 294.1427645 297.187473 282.29765 269.0142025 266.349573 284.328435 294.3716265 
-20.596568 [ 2050.875     8.625 -2054.562] [  1.00000000e-01   3.27440000e+02   1.33000000e+00]281.4645545 295.5814335 298.2627245 282.9576945 271.997228 264.026091 281.020815 295.7248975 
-20.699502 [ 2051.125     7.75  -2054.375] [ -5.00000000e-02   3.27410000e+02   1.33000000e+00]278.1410205 296.292567 299.2184305 283.052991 275.1766605 262.301854 277.7005415 296.3207295 
-20.802946 [ 2051.5       6.375 -2053.812] [ -2.60000000e-01   3.27330000e+02   1.34000000e+00]274.8789055 296.0901805 299.981012 282.7917785 278.387212 261.29627 274.4540095 295.9918735 
-20.905501 [ 2051.687     5.688 -2053.25 ] [  -0.4   327.22    1.35]271.778014 295.013052 300.476889 282.3822955 281.4635945 261.1287465 271.3828105 294.8053335 
-21.007426 [ 2051.937     5.    -2052.75 ] [  -0.52  327.14    1.35]268.9442295 293.193402 300.632482 282.0327815 284.242591 261.91527 268.5928165 292.894131 
-21.109426 [ 2052.125     4.438 -2052.437] [  -0.61  327.08    1.35]266.483456 290.7637575 300.374211 281.951475 286.6481775 263.6276845 266.1899005 290.3912915 
-21.211425 [ 2052.25      4.125 -2052.187] [  -0.67  327.04    1.36]264.5015965 287.856644 299.6284975 282.3466155 288.7216475 266.043896 264.2799355 287.4298395 
-21.313422 [ 2052.25      3.75  -2052.125] [  -0.72  327.03    1.35]263.1045545 284.6045885 298.327783 283.4100095 290.5125565 268.928153 262.9687935 284.1428 
-21.415448 [ 2052.25      3.438 -2052.125] [  -0.78  327.03    1.35]262.3982335 281.140116 296.490029 285.100115 292.07046 272.0447045 262.3623475 280.663198 
-21.517262 [ 2052.25     3.25 -2052.25] [  -0.81  327.05    1.34]262.4885375 277.5957535 294.1967555 287.2019585 293.4449125 275.1577995 262.566471 277.1240585 
-21.618916 [ 2052.25      3.25  -2052.375] [  -0.81  327.07    1.34]263.454568 274.102919 291.530993 289.496449 294.68547 278.031686 263.6453625 273.6563135 
-21.721461 [ 2052.25      3.438 -2052.687] [  -0.78  327.12    1.33]265.200939 270.785816 288.575771 291.764495 295.8416875 280.430613 265.482638 270.381827 
-21.823131 [ 2052.25      3.688 -2053.437] [  -0.74  327.23    1.32]267.5624225 267.7657625 285.414119 293.7870065 296.7403815 281.828857 267.9130105 267.420007 
-21.925421 [ 2052.187     3.813 -2054.062] [  -0.71  327.35    1.3 ]270.373606 265.164066 282.1290665 295.3448915 297.842849 282.773108 270.771193 264.890261 
-22.027278 [ 2052.25      4.    -2054.687] [  -0.69  327.45    1.28]273.469076 263.102037 278.803643 296.2190595 298.8552025 283.069315 273.891897 262.911997 
-22.128969 [ 2052.25      4.    -2055.562] [  -0.69  327.6     1.25]276.6834195 261.700984 275.521817 296.2048415 299.7038635 282.9257175 277.1098355 261.604623 
-22.243421 [ 2052.25      4.563 -2056.875] [  -0.62  327.81    1.21]279.851224 261.0822155 272.3802125 295.29212 300.3152515 282.550554 280.25972 261.0875465 
-22.346213 [ 2051.875     6.25  -2057.562] [ -3.00000000e-01   3.27940000e+02   1.20000000e+00]282.807076 261.3670415 269.4845345 293.6103725 300.615788 282.1520635 283.1762635 261.4801755 
-22.447717 [ 2052.        6.313 -2058.562] [ -3.00000000e-01   3.28110000e+02   1.16000000e+00]285.407874 262.6390565 266.9406865 291.292125 300.531892 281.9384855 285.728572 262.845061 
-22.549497 [ 2051.937     6.313 -2059.25 ] [ -2.90000000e-01   3.28220000e+02   1.12000000e+00]287.6498475 264.7463365 264.8545715 288.469903 299.989985 282.1180585 287.928942 265.0080435 
-22.655638 [ 2052.        6.313 -2059.75 ] [ -2.90000000e-01   3.28290000e+02   1.10000000e+00]289.58291 267.4462165 263.332094 285.2762335 298.9167405 282.8983305 289.826929 267.733373 
-22.757763 [ 2052.        6.313 -2060.062] [ -2.90000000e-01   3.28350000e+02   1.09000000e+00]291.2570865 270.495838 262.4791565 281.8436425 297.2844425 284.362395 291.472088 270.785297 
-22.859475 [ 2052.        6.313 -2060.25 ] [ -2.90000000e-01   3.28380000e+02   1.08000000e+00]292.722403 273.652345 262.4016635 278.304656 295.1634135 286.3258345 292.913974 273.9280645 
-22.961122 [ 2052.        6.313 -2060.25 ] [ -2.90000000e-01   3.28380000e+02   1.08000000e+00]294.0288855 276.672879 263.1936635 274.79131 292.636683 288.569557 294.202143 276.9259245 
-23.063008 [ 2052.        6.438 -2060.187] [ -2.70000000e-01   3.28370000e+02   1.08000000e+00]295.2265595 279.3145835 264.7971625 271.4293545 289.787281 290.874472 295.38615 279.5431255 
-23.16462 [ 2051.937     6.75  -2060.125] [ -2.20000000e-01   3.28370000e+02   1.08000000e+00]296.365451 281.334601 267.0488565 268.3401865 286.6982375 293.021488 296.5155495 281.5439165 
-23.266339 [ 2051.75      7.563 -2060.   ] [ -9.00000000e-02   3.28350000e+02   1.10000000e+00]297.4821795 282.538998 269.783333 265.645114 283.4525815 294.7915145 297.408555 282.484834 
-23.367819 [ 2051.375     8.938 -2059.875] [  1.50000000e-01   3.28320000e+02   1.11000000e+00]298.5330405 283.026983 272.835179 263.465447 280.133343 295.9654605 298.465784 283.01527 
-23.469456 [ 2051.187     9.813 -2059.687] [  3.00000000e-01   3.28300000e+02  -1.60000000e-01]299.4445465 283.0064575 276.038981 261.9224935 276.823596 296.3249165 299.3887515 283.0226055 
-23.570848 [ 2051.       10.375 -2059.5  ] [   1.69  328.26    1.13]300.1431595 282.6855005 279.229326 261.1375635 273.613274 295.7569135 300.103878 282.71508 
-23.672867 [ 2050.75     11.    -2059.312] [   1.79  328.24    1.14]300.555343 282.272192 282.2408015 261.231966 270.606517 294.366873 300.5375845 282.3009315 
-23.774638 [ 2050.562    11.5   -2059.125] [   1.87  328.21    1.15]300.60756 281.974611 284.9180075 262.310084 267.909228 292.2873225 300.6162915 281.9884 
-23.876858 [ 2050.5     12.25 -2057.25] [   0.71  327.92    1.22]300.226274 282.000837 287.2277665 264.269701 265.6273115 289.650787 300.2664185 281.985724 
-23.97919 [ 2050.187    13.188 -2056.375] [   2.16  327.74    1.26]299.337948 282.558949 289.2186095 266.8704895 263.866671 286.5897935 299.4143865 282.5011425 
-24.080999 [ 2050.062    13.813 -2056.187] [   2.28  327.72    1.25]297.886826 283.8085145 290.940561 269.8695915 262.733209 283.236868 298.000659 283.704575 
-24.186872 [ 2042.188    14.125 -2056.25 ] [   2.32  327.72    1.25]295.9194035 285.6301295 292.4436475 273.02415 262.3328295 279.7245365 296.0651585 285.4945555 
-24.290208 [ 2042.188    14.188 -2056.25 ] [   2.34  327.72    1.25]293.518654 287.80487 293.7778945 276.0913075 262.7708115 276.185299 293.6907455 287.6524555 
-24.39206 [ 2042.125    13.875 -2056.187] [   2.28  327.72    1.25]290.7675955 290.1136865 294.993328 278.8282065 264.0687165 272.7481955 290.9604485 289.9591845 
-24.494778 [ 2050.437    13.188 -2056.   ] [   0.88  327.68    1.27]287.749246 292.337532 296.139974 280.9919895 266.080982 269.5353555 287.957298 292.195651 
-24.598301 [ 2050.812    12.125 -2055.375] [   0.72  327.59    1.3 ]284.5466245 294.257358 297.261756 282.3620685 268.642195 266.6680875 284.7643235 294.1427645 
-24.701378 [ 2051.187    10.688 -2054.25 ] [   1.74  327.39    1.35]281.242748 295.6541165 298.331664 282.9767255 271.5869425 264.2677015 281.4645545 295.5814335 
-24.803948 [ 2051.312     9.375 -2053.125] [  2.30000000e-01   3.27200000e+02   1.38000000e+00]277.9206355 296.3087595 299.2769235 283.0412555 274.7498115 262.4555055 278.1410205 296.292567 
-24.907248 [ 2051.812     7.188 -2052.875] [ -1.20000000e-01   3.27170000e+02   1.38000000e+00]274.666025 296.0440115 300.023998 282.7637385 277.965389 261.352809 274.8789055 296.0901805 
-25.009691 [ 2051.812     6.313 -2052.375] [ -2.90000000e-01   3.27080000e+02   1.38000000e+00]271.5796665 294.9131845 300.4993505 282.352254 281.068262 261.0809215 271.778014 295.013052 
-25.111398 [ 2052.125     5.563 -2052.187] [  -0.42  327.04    1.38]268.7674615 293.048722 300.6294435 282.014881 283.893601 261.7601645 268.9442295 293.193402 
-25.2132 [ 2052.25     5.   -2052.  ] [  -0.51  327.      1.38]266.335317 290.583138 300.3407415 281.959699 286.3449345 263.3953135 266.483456 290.7637575 
-25.314997 [  343.875     4.563 -2051.812] [  -0.59  326.97    1.38]264.38914 287.648946 299.559706 282.394788 288.4573405 265.7687765 264.5015965 287.856644 
-25.416776 [ 2052.375     4.188 -2051.75 ] [  -0.66  326.96    1.37]263.0348365 284.3786605 298.2210055 283.5058425 290.2808455 268.637696 263.1045545 284.6045885 
-25.518531 [ 2052.437     3.813 -2051.812] [  -0.71  326.97    1.36]262.3783135 280.9047955 296.350211 285.230547 291.865475 271.7592145 262.3982335 281.140116 
-25.62341 [ 2052.437     3.563 -2051.937] [  -0.75  327.      1.35]262.5254775 277.359865 294.0294855 287.352186 293.261255 274.8904755 262.4885375 277.5957535 
-25.725092 [ 2052.375     3.625 -2052.312] [  -0.75  327.06    1.34]263.5485315 273.8749915 291.341847 289.6517115 294.5182105 277.7886205 263.454568 274.102919 
-25.826647 [ 2052.25      3.75  -2052.812] [  -0.73  327.14    1.33]265.3410515 270.5739245 288.3703145 291.910075 295.6863685 280.210793 265.200939 270.785816 
-25.927955 [ 2052.187     3.938 -2053.375] [  -0.7   327.23    1.32]267.73766 267.577981 285.1979055 293.908229 296.8153635 281.915561 267.5624225 267.7657625 
-26.029511 [ 2052.187     4.063 -2054.   ] [  -0.68  327.33    1.3 ]270.5729435 265.0084755 281.9076385 295.4271245 297.9145405 282.80853 270.373606 265.164066 
-26.131362 [ 2052.312     4.125 -2054.625] [  -0.67  327.45    1.28]273.681488 262.9867225 278.582532 296.2477145 298.9184835 283.0681415 273.469076 263.102037 
-26.232854 [ 2052.5       4.25  -2055.437] [  -0.64  327.58    1.26]276.897879 261.634037 275.3068755 296.170479 299.7536565 282.902474 276.6834195 261.700984 
-26.334343 [ 2052.625     4.438 -2056.312] [  -0.61  327.73    1.23]280.0567025 261.0717335 272.1783945 295.202281 300.3465225 282.519607 279.851224 261.0822155 
-26.436989 [ 2052.75      6.063 -2057.375] [  -0.34  327.91    1.21]282.992545 261.421127 269.3028865 293.4739445 300.623544 282.1276195 282.807076 261.3670415 
-26.540281 [ 2053.312     7.375 -2058.812] [ -1.10000000e-01   3.28130000e+02   1.16000000e+00]285.567952 262.756268 266.7862575 291.117984 300.511184 281.934592 285.407874 262.6390565 
-26.642068 [ 2053.375     7.25  -2059.375] [ -1.30000000e-01   3.28240000e+02   1.13000000e+00]287.7877735 264.9106565 264.7344145 288.2669125 299.9359065 282.148603 287.6498475 264.7463365 
-26.743244 [ 2053.375     7.25  -2059.562] [ -1.30000000e-01   3.28270000e+02   1.12000000e+00]289.7020175 267.6414555 263.253264 285.0532445 298.8247465 282.976169 289.58291 267.4462165 
-26.844484 [ 2053.312     7.25  -2059.687] [ -1.30000000e-01   3.28300000e+02   1.11000000e+00]291.360711 270.7057965 262.448712 281.6094945 297.1571695 284.4807665 291.2570865 270.495838 
-26.946416 [ 2053.312     7.188 -2059.937] [ -1.40000000e-01   3.28340000e+02   1.10000000e+00]292.8138805 273.860812 262.426666 278.0681755 295.006454 286.4699175 292.722403 273.652345 
-27.049301 [ 2053.5       7.188 -2060.375] [ -1.40000000e-01   3.28410000e+02   1.08000000e+00]294.111553 276.863634 263.2770745 274.5611435 292.4556185 288.724574 294.0288855 276.672879 
-27.152266 [ 2053.5       7.313 -2060.25 ] [ -1.20000000e-01   3.28380000e+02   1.09000000e+00]295.303754 279.4713945 264.928927 271.21361 289.5876815 291.025688 295.2265595 279.3145835 
-27.253681 [ 2053.312     7.75  -2060.187] [ -5.00000000e-02   3.28380000e+02   1.09000000e+00]296.4405115 281.441225 267.217951 268.146937 286.485661 293.1542115 296.365451 281.334601 
-27.354722 [ 2053.        8.625 -2060.125] [  1.10000000e-01   3.28370000e+02   1.10000000e+00]297.555108 282.5913695 269.978733 265.4824385 283.2325755 294.8910965 297.4821795 282.538998 
-27.45662 [ 2052.687     9.5   -2060.062] [  2.50000000e-01   3.28360000e+02   1.10000000e+00]298.5989785 283.0387895 273.045858 263.3414295 279.9114425 296.0172945 298.5330405 283.026983 
-27.5598 [ 2052.5      10.    -2059.937] [   1.62  328.34    1.11]299.4985915 282.9915785 276.253913 261.8452255 276.605377 296.3152365 299.4445465 283.0064575 
-27.662975 [ 2052.312    10.438 -2059.75 ] [   1.69  328.31    1.12]300.180406 282.6578535 279.437483 261.1151405 273.405361 295.688198 300.1431595 282.6855005 
-27.764745 [ 2052.062    11.125 -2059.5  ] [   1.81  328.26    1.13]300.5708835 282.2457305 282.431155 261.2724895 270.415955 294.248015 300.555343 282.272192 
-27.866047 [ 2051.812    11.75  -2059.312] [   1.92  328.23    1.14]300.5964845 281.963326 285.082916 262.415932 267.7430655 292.127202 300.60756 281.974611 
-27.967392 [ 2051.687    12.5   -2057.687] [   2.05  327.97    1.21]300.183669 282.018756 287.369856 264.4258945 265.4925995 289.4582735 300.226274 282.000837 
-28.068739 [ 2051.562    13.25  -2057.   ] [   2.18  327.85    1.23]299.2588985 282.6201365 289.3412135 267.0608405 263.770463 286.3737425 299.337948 282.558949 
-28.170967 [ 2051.5      13.688 -2056.687] [   2.25  327.79    1.24]297.7707715 283.9151655 291.047015 270.0779025 262.682563 283.0061235 297.886826 283.8085145 
-28.272648 [ 2051.5      13.938 -2056.625] [   2.29  327.79    1.24]295.7718305 285.767855 292.5372875 273.2342125 262.334806 279.4879305 295.9194035 285.6301295 
-28.374351 [ 2051.437    14.    -2056.625] [   2.31  327.79    1.23]293.345099 287.9590305 293.862057 276.2869025 262.831794 275.9516235 293.518654 287.80487 
-28.475723 [ 2051.5      13.875 -2056.562] [   2.28  327.78    1.24]290.5736045 290.269508 295.0713505 278.993105 264.182462 272.525714 290.7675955 290.1136865 
-28.577202 [ 2051.687    13.25  -2056.312] [   2.17  327.74    1.26]287.540374 292.4801015 296.2151945 281.109951 266.2364675 269.332139 287.749246 292.337532 
-28.678883 [ 2052.062    12.313 -2055.875] [   2.01  327.67    1.28]284.328435 294.3716265 297.335494 282.4242155 268.828396 266.4922125 284.5466245 294.257358 
-28.780638 [ 2052.687    10.688 -2055.5  ] [   1.74  327.6     1.3 ]281.020815 295.7248975 298.399392 282.9955355 271.7928335 264.1272505 281.242748 295.6541165 
-28.882131 [ 2053.25      8.875 -2055.25 ] [  1.40000000e-01   3.27560000e+02   1.31000000e+00]277.7005415 296.3207295 299.3337395 283.0306015 274.964366 262.3585665 277.9206355 296.3087595 
-28.983594 [ 2053.5       7.563 -2054.812] [ -7.00000000e-02   3.27490000e+02   1.32000000e+00]274.4540095 295.9918735 300.0649965 282.7375305 278.1775795 261.307476 274.666025 296.0440115 
-29.085175 [ 2053.687     6.938 -2054.25 ] [ -1.90000000e-01   3.27390000e+02   1.33000000e+00]271.3828105 294.8053335 300.519625 282.3244375 281.2670605 261.0952935 271.5796665 294.9131845 
-29.18626 [ 2053.875     6.063 -2053.687] [  -0.33  327.3     1.34]268.5928165 292.894131 300.624084 281.99944 284.068571 261.841345 268.7674615 293.048722 
-29.287724 [ 2053.937     5.563 -2053.312] [  -0.42  327.22    1.35]266.1899005 290.3912915 300.3048355 281.9706535 286.4957515 263.533311 266.335317 290.583138 
-29.389124 [ 2053.937     5.125 -2052.812] [  -0.49  327.14    1.36]264.2799355 287.4298395 299.488339 282.446195 288.587339 265.9474075 264.38914 287.648946 
-29.492318 [ 2053.937     4.625 -2052.625] [  -0.58  327.11    1.35]262.9687935 284.1428 298.1119185 283.604534 290.3933595 268.8407675 263.0348365 284.3786605 
-29.595387 [ 2054.        4.188 -2052.625] [  -0.65  327.11    1.35]262.3623475 280.663198 296.2084985 285.363224 291.9638405 271.9705225 262.3783135 280.9047955 
-29.697021 [ 2053.937     4.063 -2052.687] [  -0.68  327.12    1.34]262.566471 277.1240585 293.860683 287.5042375 293.3488075 275.0938045 262.5254775 277.359865 
-29.799084 [ 2053.875     3.938 -2052.75 ] [  -0.7   327.14    1.34]263.6453625 273.6563135 291.151499 289.8083895 294.5982885 277.967746 263.5485315 273.8749915 
-29.901402 [ 2053.812     4.    -2053.062] [  -0.68  327.18    1.33]265.482638 270.381827 288.1639735 292.0564945 295.762309 280.349479 265.3410515 270.5739245 
-30.004596 [ 2053.75      4.125 -2053.687] [  -0.67  327.28    1.32]267.9130105 267.420007 284.9811345 294.029368 296.8901335 281.9989185 267.73766 267.577981 
-30.10682 [ 2053.75      4.313 -2054.187] [  -0.63  327.38    1.3 ]270.771193 264.890261 281.6860085 295.5078245 297.9852605 282.8430125 270.5729435 265.0084755 
-30.208356 [ 2053.812     4.5   -2054.875] [  -0.6   327.49    1.28]273.891897 262.911997 278.361623 296.272679 298.980253 283.0676065 273.681488 262.9867225 
-30.310058 [ 2053.937     4.563 -2055.875] [  -0.59  327.65    1.25]277.1098355 261.604623 275.092677 296.1305155 299.801571 282.880816 276.897879 261.634037 
-30.412712 [ 2053.875     5.063 -2056.625] [  -0.5   327.78    1.22]280.25972 261.0875465 271.977942 295.104871 300.3756755 282.490758 280.0567025 261.0717335 
-30.51785 [ 2054.125     7.063 -2057.937] [ -1.60000000e-01   3.28000000e+02   1.19000000e+00]283.1762635 261.4801755 269.123237 293.3279595 300.629027 282.105548 282.992545 261.421127 
-30.619101 [ 2054.625     7.5   -2058.75 ] [ -9.00000000e-02   3.28140000e+02   1.16000000e+00]285.728572 262.845061 266.6344355 290.932805 300.4880865 281.9333035 285.567952 262.756268 
-30.720538 [ 2054.625     7.438 -2058.812] [ -1.00000000e-01   3.28150000e+02   1.16000000e+00]287.928942 265.0080435 264.6174105 288.0524335 299.879314 282.1821395 287.7877735 264.9106565 
-30.821769 [ 2054.625     7.375 -2058.937] [ -1.10000000e-01   3.28170000e+02   1.15000000e+00]289.826929 267.733373 263.178034 284.8198695 298.7302575 283.057206 289.7020175 267.6414555 
-30.923101 [ 2054.625     7.375 -2059.25 ] [ -1.10000000e-01   3.28220000e+02   1.13000000e+00]291.472088 270.785297 262.422179 281.368138 297.0278435 284.601595 291.360711 270.7057965 
-31.024518 [ 2054.687     7.375 -2059.5  ] [ -1.10000000e-01   3.28260000e+02   1.12000000e+00]292.913974 273.9280645 262.455719 277.830264 294.847823 286.615981 292.8138805 273.860812 
-31.125911 [ 2054.812     7.438 -2059.937] [ -1.00000000e-01   3.28330000e+02   1.10000000e+00]294.202143 276.9259245 263.363624 274.338223 292.273223 288.88118 294.111553 276.863634 
-31.227374 [ 2054.562     8.375 -2060.125] [  6.00000000e-02   3.28370000e+02   1.10000000e+00]295.38615 279.5431255 265.0624455 271.0155325 289.387071 291.178006 295.303754 279.4713945 
-31.328488 [ 2054.25      9.375 -2060.062] [  2.30000000e-01   3.28360000e+02   1.10000000e+00]296.5155495 281.5439165 267.387422 267.9816265 286.272394 293.287274 296.4405115 281.441225 
-31.42966 [ 2053.937    10.    -2060.125] [   1.62  328.37    1.1 ]297.408555 282.484834 270.1732655 265.355913 283.0122195 294.9897995 297.555108 282.5913695 
-31.531177 [ 2053.875    10.438 -2059.875] [   1.69  328.33    1.11]298.465784 283.01527 273.2546885 263.2578 279.6895745 296.0663975 298.5989785 283.0387895 
-31.635336 [ 2040.25      9.938 -2043.187] [   1.75  328.32    1.12]299.3887515 283.0226055 276.466403 261.806695 276.3876645 296.300621 299.4985915 282.9915785 
-31.73832 [ 2053.687    11.063 -2059.687] [   1.8   328.3     1.12]300.103878 282.71508 279.643121 261.1220065 273.198561 295.6127305 300.180406 282.6578535 
-31.840519 [ 2053.312    11.625 -2059.375] [   1.9   328.24    1.14]300.5375845 282.3009315 282.619556 261.3231415 270.2271395 294.1203625 300.5708835 282.2457305 
-31.942879 [ 2053.187    12.188 -2059.187] [   2.    328.21    1.14]300.6162915 281.9884 285.247851 262.500692 267.579272 291.9565425 300.5964845 281.963326 
-32.045975 [ 2053.062    12.813 -2058.375] [   2.1   328.08    1.17]300.2664185 281.985724 287.514644 264.5229155 265.3608315 289.254295 300.183669 282.018756 
-32.148753 [ 2052.937    13.625 -2057.312] [   2.24  327.9     1.21]299.4143865 282.5011425 289.4691435 267.1546355 263.677691 286.1466445 299.2588985 282.6201365 
-32.250759 [ 2052.75     14.188 -2056.562] [   2.34  327.77    1.24]298.000659 283.704575 291.1609035 270.1601005 262.6357225 282.766617 297.7707715 283.9151655 
-32.352813 [ 2052.562    14.938 -2055.937] [   2.46  327.66    1.25]296.0651585 285.4945555 292.63948 273.3035595 262.3408 279.247237 295.7718305 285.767855 
-32.455903 [ 2052.625    14.875 -2055.937] [   2.46  327.67    1.25]293.6907455 287.6524555 293.954428 276.349261 262.8964435 275.7214115 293.345099 287.9590305 
-32.559519 [ 2052.687    14.688 -2055.937] [   2.42  327.66    1.26]290.9604485 289.9591845 295.155303 279.061454 264.2985225 272.316641 290.5736045 290.269508 
-32.661428 [ 2052.812    14.125 -2055.75 ] [   2.32  327.63    1.27]287.957298 292.195651 296.2916595 281.204387 266.3928715 269.1528925 287.540374 292.4801015 
-32.76339 [ 2053.125    13.125 -2055.312] [   2.15  327.56    1.3 ]284.7643235 294.1427645 297.187473 282.29765 269.0142025 266.349573 284.328435 294.3716265 
-32.866042 [ 2053.625    11.813 -2054.75 ] [   1.93  327.48    1.32]281.4645545 295.5814335 298.2627245 282.9576945 271.997228 264.026091 281.020815 295.7248975 
-32.969551 [ 2054.687     9.125 -2054.312] [  2.30000000e-01   3.27410000e+02   1.34000000e+00]278.1410205 296.292567 299.2184305 283.052991 275.1766605 262.301854 277.7005415 296.3207295 
-33.071603 [ 2054.625     7.875 -2053.812] [ -2.00000000e-02   3.27320000e+02   1.35000000e+00]274.8789055 296.0901805 299.981012 282.7917785 278.387212 261.29627 274.4540095 295.9918735 
-33.175788 [ 2054.75      7.25  -2053.375] [ -1.30000000e-01   3.27240000e+02   1.36000000e+00]271.778014 295.013052 300.476889 282.3822955 281.4635945 261.1287465 271.3828105 294.8053335 
-33.277409 [ 2054.937     6.5   -2052.437] [ -2.60000000e-01   3.27090000e+02   1.38000000e+00]268.9442295 293.193402 300.632482 282.0327815 284.242591 261.91527 268.5928165 292.894131 
-33.378858 [ 2055.062     5.563 -2051.   ] [  -0.41  326.84    1.41]266.483456 290.7637575 300.374211 281.951475 286.6481775 263.6276845 266.1899005 290.3912915 
-33.48084 [ 2055.125     5.188 -2051.062] [ -4.90000000e-01   3.26850000e+02   1.20000000e-01]264.5015965 287.856644 299.6284975 282.3466155 288.7216475 266.043896 264.2799355 287.4298395 
-33.582557 [ 2055.125     4.813 -2051.25 ] [  -0.54  326.88    1.39]263.1045545 284.6045885 298.327783 283.4100095 290.5125565 268.928153 262.9687935 284.1428 
-33.684322 [ 2055.187     4.5   -2051.437] [  -0.6   326.91    1.38]262.3982335 281.140116 296.490029 285.100115 292.07046 272.0447045 262.3623475 280.663198 
-33.786247 [ 2055.125     4.313 -2051.875] [  -0.64  326.98    1.37]262.4885375 277.5957535 294.1967555 287.2019585 293.4449125 275.1577995 262.566471 277.1240585 
-33.887983 [ 2054.812     4.188 -2052.25 ] [  -0.66  327.05    1.36]263.454568 274.102919 291.530993 289.496449 294.68547 278.031686 263.6453625 273.6563135 
-33.989692 [ 2054.437     4.188 -2052.812] [  -0.66  327.14    1.34]265.200939 270.785816 288.575771 291.764495 295.8416875 280.430613 265.482638 270.381827 
-34.091783 [ 2054.25      4.313 -2053.312] [  -0.63  327.22    1.33]267.5624225 267.7657625 285.414119 293.7870065 296.7403815 281.828857 267.9130105 267.420007 
-34.193739 [ 2054.062     4.375 -2053.812] [  -0.62  327.32    1.31]270.373606 265.164066 282.1290665 295.3448915 297.842849 282.773108 270.771193 264.890261 
-34.295917 [ 2054.      4.5 -2054.5] [  -0.6   327.43    1.29]273.469076 263.102037 278.803643 296.2190595 298.8552025 283.069315 273.891897 262.911997 
-34.398497 [ 2053.812     4.563 -2055.312] [  -0.59  327.56    1.27]276.6834195 261.700984 275.521817 296.2048415 299.7038635 282.9257175 277.1098355 261.604623 
-34.501604 [ 2053.5       4.625 -2056.5  ] [  -0.59  327.74    1.23]279.851224 261.0822155 272.3802125 295.29212 300.3152515 282.550554 280.25972 261.0875465 
-34.60372 [ 2053.312     6.188 -2057.5  ] [ -3.10000000e-01   3.27930000e+02   1.20000000e+00]282.807076 261.3670415 269.4845345 293.6103725 300.615788 282.1520635 283.1762635 261.4801755 
-34.706604 [ 2053.375     6.438 -2058.25 ] [ -2.70000000e-01   3.28050000e+02   1.17000000e+00]285.407874 262.6390565 266.9406865 291.292125 300.531892 281.9384855 285.728572 262.845061 
-34.80969 [ 2053.25      6.375 -2058.562] [ -2.80000000e-01   3.28090000e+02   1.16000000e+00]287.6498475 264.7463365 264.8545715 288.469903 299.989985 282.1180585 287.928942 265.0080435 
-34.912223 [ 2053.187     6.375 -2058.812] [ -2.80000000e-01   3.28150000e+02   1.15000000e+00]289.58291 267.4462165 263.332094 285.2762335 298.9167405 282.8983305 289.826929 267.733373 
-35.013653 [ 2053.062     6.375 -2059.25 ] [ -2.80000000e-01   3.28210000e+02   1.13000000e+00]291.2570865 270.495838 262.4791565 281.8436425 297.2844425 284.362395 291.472088 270.785297 
-35.114864 [ 2053.        6.375 -2059.687] [ -2.80000000e-01   3.28290000e+02   1.10000000e+00]292.722403 273.652345 262.4016635 278.304656 295.1634135 286.3258345 292.913974 273.9280645 
-35.215817 [ 2053.062     6.438 -2060.   ] [ -2.70000000e-01   3.28340000e+02   1.09000000e+00]294.0288855 276.672879 263.1936635 274.79131 292.636683 288.569557 294.202143 276.9259245 
-35.317379 [ 2053.062     6.625 -2060.062] [ -2.40000000e-01   3.28350000e+02   1.09000000e+00]295.2265595 279.3145835 264.7971625 271.4293545 289.787281 290.874472 295.38615 279.5431255 
-35.420346 [ 2052.937     7.063 -2060.312] [ -1.60000000e-01   3.28400000e+02   1.08000000e+00]296.365451 281.334601 267.0488565 268.3401865 286.6982375 293.021488 296.5155495 281.5439165 
-35.523235 [ 2052.625     8.25  -2060.187] [  4.00000000e-02   3.28380000e+02   1.09000000e+00]297.4821795 282.538998 269.783333 265.645114 283.4525815 294.7915145 297.408555 282.484834 
-35.625361 [ 2052.312     9.313 -2060.125] [  2.30000000e-01   3.28360000e+02   1.10000000e+00]298.5330405 283.026983 272.835179 263.465447 280.133343 295.9654605 298.465784 283.01527 
-35.726691 [ 2052.187    10.    -2060.   ] [   1.62  328.35    1.11]299.4445465 283.0064575 276.038981 261.9224935 276.823596 296.3249165 299.3887515 283.0226055 
-35.828245 [ 2052.      10.5  -2059.75] [   1.71  328.3     1.12]300.1431595 282.6855005 279.229326 261.1375635 273.613274 295.7569135 300.103878 282.71508 
-35.929628 [ 2051.875    11.063 -2059.562] [   1.81  328.28    1.13]300.555343 282.272192 282.2408015 261.231966 270.606517 294.366873 300.5375845 282.3009315 
-36.031196 [ 2051.625    11.813 -2058.5  ] [   1.93  328.1     1.17]300.60756 281.974611 284.9180075 262.310084 267.909228 292.2873225 300.6162915 281.9884 
-36.132681 [ 2051.375    12.813 -2057.187] [   2.09  327.89    1.22]300.226274 282.000837 287.2277665 264.269701 265.6273115 289.650787 300.2664185 281.985724 
-36.234571 [ 2051.25     13.5   -2056.437] [   2.22  327.76    1.25]299.337948 282.558949 289.2186095 266.8704895 263.866671 286.5897935 299.4143865 282.5011425 
-36.33592 [ 2051.062    14.063 -2056.187] [   2.32  327.71    1.25]297.886826 283.8085145 290.940561 269.8695915 262.733209 283.236868 298.000659 283.704575 
-36.437396 [ 2051.062    14.313 -2056.25 ] [   2.35  327.72    1.25]295.9194035 285.6301295 292.4436475 273.02415 262.3328295 279.7245365 296.0651585 285.4945555 
-36.538853 [ 2051.062    14.313 -2056.25 ] [   2.36  327.72    1.25]293.518654 287.80487 293.7778945 276.0913075 262.7708115 276.185299 293.6907455 287.6524555 
-36.640273 [ 2051.125    14.188 -2056.25 ] [   2.33  327.72    1.25]290.7675955 290.1136865 294.993328 278.8282065 264.0687165 272.7481955 290.9604485 289.9591845 
-36.741915 [ 2051.312    13.5   -2055.937] [   2.22  327.68    1.27]287.749246 292.337532 296.139974 280.9919895 266.080982 269.5353555 287.957298 292.195651 
