-0.075575 [ 14.188  -1.312  -8.875] [-0.23  1.51  9.68]
-0.180361 [ 13.438  -8.187  -7.187] [-1.31  1.29  9.63]
-0.283379 [ 12.938  -9.75   -3.187] [-0.38  0.54  9.64]
-0.386536 [  4.688 -10.75   -0.25 ] [-1.83  0.05  9.63]
-0.490849 [ 12.375 -11.062   1.25 ] [-1.88 -0.21  9.62]
-0.594098 [ 12.375 -10.562   1.25 ] [-0.52 -0.21  9.63]
-0.696841 [ 12.375  -9.812   1.   ] [-0.4  -0.16  9.66]
-0.799279 [ 12.375  -8.937   0.563] [-0.24 -0.1   9.68]
-0.901987 [ 12.313  -8.312  -0.375] [-0.14  0.05  9.7 ]
-1.004462 [ 12.25   -7.5    -1.062] [-1.28  0.18  9.71]
-1.107073 [ 12.188  -7.     -2.187] [-1.2   0.37  9.72]
-1.209641 [ 12.125  -6.562  -3.437] [-1.12  0.58  9.72]
-1.312482 [ 12.     -6.062  -5.437] [-1.04  0.93  9.7 ]
-1.414822 [ 11.875  -5.812  -8.562] [-0.99  1.46  9.64]
-1.518233 [ 11.625  -5.625 -12.312] [-0.96  2.08  9.53]
-1.622693 [ 11.438  -5.437 -17.375] [-0.93  2.91  9.31]
-1.725153 [ 11.375  -5.312 -18.75 ] [-0.91  3.14  9.24]
-1.828145 [  3.313  -5.375 -19.25 ] [-0.92  3.22  9.21]
-1.932581 [ 11.25   -5.875 -19.312] [-0.99  3.23  9.2 ]
-2.03562 [ 11.25   -5.812 -19.   ] [-1.    3.18  9.22]
-2.138895 [ 11.563  -4.625 -18.25 ] [-0.79  3.06  9.28]
-2.243213 [ 12.     -2.25  -16.875] [-0.39  2.85  9.37]
-2.346056 [ 12.5     0.5   -15.937] [ 1.37  2.69  9.42]
-2.448505 [ 12.875   3.    -14.875] [ 1.79  2.52  9.46]
-2.55109 [ 13.188   4.625 -14.   ] [ 2.07  2.37  9.48]
-2.653811 [ 13.625   5.625 -11.812] [ 2.22  2.04  9.54]
-2.7567 [ 13.625   6.938 -10.062] [ 2.47  1.7   9.58]
-2.859296 [ 13.75    8.125  -9.625] [ 1.38  1.62  9.57]
-2.961878 [ 13.875   9.688  -9.125] [ 1.65  1.54  9.54]
-3.064891 [ 14.     12.063  -8.562] [ 2.05  1.43  9.48]
-3.167606 [ 14.     13.313  -8.437] [ 2.26  1.4   9.43]
-3.271178 [ 13.813  14.5    -9.187] [ 2.45  1.52  9.37]
-3.375059 [ 14.063  15.375  -8.062] [ 3.88  1.33  9.35]
-3.477498 [ 14.313  15.75   -7.125] [ 3.95  1.17  9.36]
-3.580938 [ 13.813  15.25   -7.437] [ 3.86  1.22  9.37]
-3.685015 [ 13.313  14.125  -7.125] [ 2.39  1.18  9.43]
-3.787804 [ 12.875  12.688  -6.75 ] [ 2.16  1.13  9.49]
-3.891296 [ 4.063  9.438 -5.812] [ 1.61  0.98  9.62]
-3.995454 [ 10.688   4.188  -4.687] [ 2.    0.8   9.74]
-4.098282 [ 10.063  -0.812  -3.625] [-0.14  0.62  9.78]
-4.20085 [ 9.438 -6.312 -2.562] [-1.08  0.43  9.73]
-4.303279 [  8.75  -11.312  -1.875] [-0.64  0.31  9.6 ]
-4.405764 [  8.875 -10.5    -0.812] [-0.51  0.15  9.63]
-4.508543 [  8.813 -10.625  -0.125] [-0.53  0.02  9.63]
-4.611207 [  8.813 -10.562   0.5  ] [-0.51 -0.08  9.64]
-4.713362 [  8.75  -10.      0.938] [-0.42 -0.16  9.65]
-4.816134 [ 8.75  -9.062  0.938] [-0.27 -0.16  9.68]
-4.91909 [ 8.688 -9.312  0.813] [-0.31 -0.14  9.67]
-5.02256 [ 8.563 -8.812 -0.125] [-0.22  0.02  9.68]
-5.12658 [ 8.438 -7.937 -1.375] [-0.08  0.24  9.7 ]
-5.229422 [ 8.375 -7.187 -2.375] [-1.23  0.4   9.71]
-5.333174 [ 8.313 -6.5   -3.562] [-1.11  0.6   9.72]
-5.437293 [ 8.188 -6.062 -6.062] [-1.04  1.03  9.69]
-5.539764 [    8.     2042.188    -9.125] [-0.99  1.55  9.63]
-5.642494 [  7.75   -5.5   -12.687] [-0.95  2.14  9.52]
-5.746807 [  7.563  -5.312 -17.375] [-0.91  2.86  9.33]
-5.849787 [  7.375  -5.687 -18.687] [-0.97  3.13  9.24]
-5.952266 [  7.25   -6.312 -19.   ] [-1.08  3.18  9.21]
-6.055135 [  7.188  -6.687 -19.   ] [-1.15  3.17  9.2 ]
-6.158125 [  7.375  -5.875 -18.562] [-1.    3.11  9.24]
-6.261 [  7.813  -4.062 -17.875] [-0.69  3.    9.3 ]
-6.363435 [  8.313  -1.375 -16.812] [-0.24  2.84  9.38]
-6.466025 [  8.75    1.25  -15.937] [ 1.45  2.7   9.42]
-6.569322 [  9.188   3.5   -15.187] [ 1.88  2.57  9.44]
-6.671772 [  9.563   5.063 -14.25 ] [ 2.15  2.4   9.46]
-6.775612 [  2.      5.938 -13.312] [ 2.29  2.24  9.49]
-6.879359 [ 10.313   7.188 -11.375] [ 2.51  1.92  9.53]
-6.981902 [  2.438   8.563 -10.75 ] [ 1.46  1.81  9.52]
-7.085672 [  2.5     9.813 -10.5  ] [ 1.67  1.77  9.49]
-7.189678 [ 10.563  11.625 -10.25 ] [ 1.97  1.71  9.45]
-7.292256 [  2.5    12.375 -10.625] [ 2.1   1.77  9.41]
-7.396005 [  2.313  13.25  -11.687] [ 2.25  1.93  9.34]
-7.500293 [ 10.438  13.938 -11.125] [ 2.37  1.83  9.33]
-7.602933 [ 10.5    13.938 -10.312] [ 2.37  1.7   9.36]
-7.705708 [ 10.625  13.688  -9.375] [ 2.32  1.56  9.39]
-7.808055 [ 10.688  13.     -8.375] [ 2.21  1.39  9.45]
-7.910634 [ 10.875  12.125  -6.125] [ 2.06  1.02  9.53]
-8.013212 [ 10.938  10.25   -4.562] [ 1.74  0.77  9.61]
-8.115665 [ 10.625   5.938  -3.812] [ 2.3   0.65  9.73]
-8.218397 [ 10.188   0.938  -2.562] [ 1.52  0.46  9.79]
-8.321128 [ 9.625 -3.875 -1.375] [-0.67  0.24  9.78]
-8.42355 [  0.438 -10.437  -0.625] [-0.5   0.11  9.64]
-8.527587 [  8.188 -11.437   0.188] [-0.67 -0.01  9.61]
-8.63135 [  8.25  -10.625   1.188] [-0.52 -0.2   9.63]
-8.733749 [  8.188 -10.75    1.375] [-0.55 -0.23  9.63]
-8.837597 [  0.125 -10.375   1.5  ] [-0.48 -0.25  9.64]
-8.941315 [ 8.063 -9.687  1.25 ] [-0.37 -0.21  9.66]
-9.044132 [ 8.063 -8.687  0.938] [-0.21 -0.16  9.69]
-9.147951 [ 0.    -7.812 -0.375] [-1.34  0.07  9.71]
-9.251919 [ 7.875 -7.062 -1.562] [-1.2   0.27  9.72]
-9.354478 [ 7.813 -6.375 -2.625] [-1.09  0.45  9.73]
-9.457109 [ 7.75  -5.875 -3.937] [-1.01  0.66  9.73]
-9.559829 [ 7.625 -5.437 -6.187] [-0.94  1.    9.7 ]
-9.662565 [ 7.438 -5.187 -9.5  ] [-0.89  1.61  9.63]
-9.765022 [  7.188  -5.    -13.562] [-0.85  2.29  9.49]
-9.867454 [  7.125  -4.75  -17.312] [-0.81  2.91  9.32]
-9.970024 [  7.063  -4.75  -17.937] [-0.81  3.01  9.29]
-10.073339 [  7.063  -4.562 -18.25 ] [-0.78  3.06  9.28]
-10.176063 [  1.     -4.687 -18.312] [-0.8   3.07  9.27]
-10.280483 [  6.938  -5.187 -18.   ] [-0.87  3.02  9.28]
-10.383503 [  7.125  -4.5   -17.562] [-0.77  2.95  9.31]
-10.485817 [  7.438  -2.75  -16.812] [-0.47  2.83  9.37]
-10.589822 [  0.062   0.    -15.875] [ 1.28  2.69  9.43]
-10.693689 [  8.438   3.    -15.187] [ 1.8   2.57  9.44]
-10.796202 [  8.875   4.938 -14.187] [ 2.12  2.4   9.47]
-10.900297 [  9.125   5.813 -13.25 ] [ 0.98  2.26  9.49]
-11.004174 [  9.375   7.188 -11.437] [ 2.51  1.93  9.53]
-11.106614 [  9.5     8.438 -10.687] [ 1.44  1.8   9.52]
-11.209179 [  9.563   9.625 -10.437] [ 1.64  1.75  9.5 ]
-11.311635 [  9.625  11.625 -10.312] [ 1.98  1.71  9.44]
-11.414094 [  9.688  12.5   -10.25 ] [ 2.12  1.7   9.41]
-11.516648 [  9.438  13.313 -11.312] [ 2.26  1.87  9.35]
-11.619235 [  9.438  14.063 -11.312] [ 2.39  1.87  9.32]
-11.721816 [  1.563  14.188 -10.375] [ 2.4   1.71  9.35]
-11.824675 [  9.688  13.875  -9.062] [ 2.36  1.5   9.39]
-11.927096 [  9.813  13.375  -7.875] [ 2.27  1.31  9.44]
-12.030772 [ 10.     12.688  -6.312] [ 2.15  1.05  9.5 ]
-12.134754 [ 10.063  10.75   -4.562] [ 1.83  0.76  9.6 ]
-12.237097 [ 9.5    6.688 -3.75 ] [ 2.42  0.64  9.71]
-12.3406 [ 8.813  2.125 -2.687] [ 1.64  0.46  9.78]
-12.444639 [ 8.    -3.062 -1.312] [-0.53  0.23  9.78]
-12.547207 [ 1.125 -9.125 -0.437] [-0.28  0.08  9.68]
-12.650511 [  6.25  -11.125   0.188] [-1.9  -0.03  9.62]
-12.75508 [  6.125 -10.437   1.188] [-0.49 -0.2   9.64]
-12.857805 [  6.063 -10.687   1.438] [-0.54 -0.24  9.63]
-12.960396 [  5.938 -10.375   1.625] [-0.48 -0.27  9.64]
-13.062994 [ 5.938 -9.625  1.438] [-0.36 -0.25  9.66]
-13.165733 [ 5.875 -9.062  1.   ] [-0.28 -0.18  9.67]
-13.268474 [ 5.813 -7.812  0.125] [-0.06 -0.02  9.71]
-13.37118 [ 5.75  -7.    -0.625] [-1.19  0.11  9.73]
-13.473909 [ 5.688 -6.375 -1.875] [-1.1   0.3   9.73]
-13.576911 [ 5.625 -5.687 -3.25 ] [-0.97  0.55  9.74]
-13.679355 [ 2.5   -5.375 -5.187] [-0.92  0.88  9.72]
-13.78308 [ 5.375 -5.125 -8.062] [-0.87  1.37  9.67]
-13.886784 [  5.188  -4.937 -11.625] [-0.84  1.97  9.56]
-13.989399 [  5.     -4.75  -16.187] [-0.82  2.72  9.38]
-14.092832 [  3.187  -5.062 -18.75 ] [-0.87  3.14  9.24]
-14.196992 [  4.688  -5.625 -19.125] [-0.97  3.2   9.21]
-14.299627 [  3.375  -6.25  -18.875] [-1.07  3.15  9.22]
-14.403157 [  3.25   -5.937 -18.187] [-1.02  3.05  9.26]
-14.507324 [  5.125  -3.937 -17.562] [-0.68  2.95  9.32]
-14.610181 [  5.625  -1.5   -16.625] [-0.25  2.8   9.39]
-14.712635 [  6.063   1.063 -15.75 ] [ 1.46  2.66  9.43]
-14.814938 [  6.375   3.25  -15.125] [ 1.83  2.55  9.45]
-14.917518 [  6.75    4.688 -14.062] [ 2.06  2.4   9.47]
-15.020402 [  7.125   5.688 -13.   ] [ 2.25  2.19  9.5 ]
-15.123235 [  7.313   6.938 -11.375] [ 2.47  1.92  9.54]
-15.225669 [  0.625   8.25  -10.75 ] [ 1.41  1.81  9.53]
-15.328716 [  7.5     9.75  -10.312] [ 1.66  1.73  9.5 ]
-15.431291 [  7.438  11.625 -10.562] [ 1.98  1.76  9.43]
-15.534881 [  7.313  12.813 -11.437] [ 2.18  1.89  9.37]
-15.638899 [  7.375  13.688 -11.   ] [ 2.32  1.82  9.35]
-15.74148 [  7.5    14.375 -10.25 ] [ 2.43  1.69  9.34]
-15.844333 [  7.625  14.563  -9.5  ] [ 2.47  1.56  9.35]
-15.948631 [  7.813  14.188  -8.25 ] [ 2.4   1.37  9.4 ]
-16.051483 [  8.     13.75   -7.125] [ 2.33  1.18  9.45]
-16.153962 [  0.     13.125  -6.25 ] [ 2.23  1.04  9.49]
-16.258269 [  7.5    10.125  -5.125] [ 1.78  0.88  9.6 ]
-16.36156 [ 6.375  5.75  -4.125] [ 2.26  0.7   9.73]
-16.464006 [ 5.563  0.813 -3.125] [ 1.42  0.54  9.79]
-16.56675 [ 4.75  -4.5   -1.875] [-0.77  0.32  9.77]
-16.669625 [  3.438 -11.625  -1.062] [-0.63  0.19  9.61]
-16.772307 [  3.625 -11.062  -0.187] [-0.61  0.03  9.62]
-16.874777 [  3.75  -10.625   0.563] [-0.53 -0.1   9.63]
-16.977329 [  3.688 -10.687   0.938] [-0.54 -0.16  9.63]
-17.079979 [  3.5   -10.375   1.313] [-1.77 -0.22  9.64]
-17.182506 [ 3.5   -9.625  1.125] [-0.36 -0.18  9.66]
-17.285685 [ 3.563 -9.312  0.75 ] [-0.31 -0.13  9.67]
-17.38994 [ 3.375 -8.875  0.   ] [-1.53  0.    9.68]
-17.492978 [ 4.75  -7.937 -1.25 ] [-0.07  0.21  9.7 ]
-17.596432 [ 3.188 -7.375 -2.312] [-1.25  0.4   9.71]
-17.700865 [ 3.125 -6.562 -3.75 ] [-1.12  0.64  9.71]
-17.803316 [ 3.    -6.125 -5.75 ] [-1.05  0.98  9.7 ]
-17.906321 [ 2.875 -5.937 -8.687] [-1.01  1.48  9.64]
-18.010603 [  2.625  -5.687 -12.437] [-0.98  2.03  9.54]
-18.114339 [  2.5    -5.625 -16.687] [-0.96  2.8   9.34]
-18.216793 [  2.375  -5.875 -18.125] [-1.01  3.04  9.26]
-18.319375 [  2.188  -6.75  -18.562] [-1.15  3.1   9.22]
-18.422065 [  2.063 -15.625 -18.312] [-0.02  3.05  9.22]
-18.524546 [  2.25   -6.812 -17.812] [-1.16  2.98  9.26]
-18.627048 [  2.688  -4.625 -17.375] [-0.79  2.92  9.32]
-18.729565 [  3.125  -2.    -16.812] [-0.34  2.84  9.37]
-18.832437 [  3.625   0.563 -16.187] [ 1.37  2.73  9.41]
-18.934871 [  4.063   3.063 -15.187] [ 1.81  2.57  9.44]
-19.037926 [  4.313   4.438 -14.187] [ 2.04  2.4   9.47]
-19.142478 [  4.625   5.5   -12.937] [ 2.22  2.19  9.51]
-19.245055 [  4.75    6.875 -11.25 ] [ 2.46  1.9   9.54]
-19.347925 [  4.813   8.188 -10.625] [ 1.4   1.79  9.53]
-19.452374 [  4.938   9.813 -10.187] [ 1.65  1.72  9.51]
-19.555527 [  3.125  11.25  -10.375] [ 1.91  1.73  9.45]
-19.658971 [  4.75   12.063 -11.062] [ 2.05  1.84  9.4 ]
-19.76356 [  4.688  13.25  -11.375] [ 2.25  1.89  9.35]
-19.866184 [  4.875  14.    -10.625] [ 2.37  1.75  9.35]
-19.969006 [ 5.    6.25 -9.75] [ 2.42  1.61  9.36]
-20.071585 [  5.063  13.875  -8.687] [ 2.35  1.44  9.4 ]
-20.174484 [  5.25   13.25   -7.437] [ 2.25  1.23  9.46]
-20.276894 [  5.438  12.688  -5.625] [ 2.15  0.94  9.52]
-20.379646 [  5.438  10.75   -4.562] [ 1.83  0.76  9.6 ]
-20.482214 [ 4.813  6.063 -3.562] [ 2.4   0.62  9.72]
-20.58523 [ 3.875  1.25  -2.5  ] [ 1.5   0.42  9.79]
-20.687859 [ 4.812 -3.687 -1.187] [-0.63  0.21  9.78]
-20.791833 [  1.75 -10.75  -0.25] [-0.44  0.05  9.65]
-20.895982 [  1.75  -11.437   0.375] [-0.66 -0.06  9.61]
-20.999122 [  2.    -10.5     1.313] [-0.5  -0.22  9.63]
-21.103735 [  1.938 -10.625   1.5  ] [-0.52 -0.25  9.63]
-21.207018 [  1.813 -10.375   1.5  ] [-0.48 -0.26  9.64]
-21.310612 [ 1.938 -9.625  1.188] [-0.36 -0.2   9.66]
-21.415432 [ 2.    -8.687  0.625] [-0.21 -0.11  9.69]
-21.518228 [ 2.    -7.812 -0.875] [-0.05  0.15  9.71]
-21.621314 [ 1.938 -7.062 -2.062] [-1.21  0.35  9.72]
-21.72437 [  1.87500000e+00   2.04125000e+03  -3.06200000e+00] [-1.15  0.5   9.72]
-21.82752 [ 1.75  -6.187 -4.75 ] [-1.06  0.8   9.71]
-21.930271 [ 1.625 -5.875 -7.312] [-1.01  1.24  9.67]
-22.032679 [  1.5    -5.687 -10.   ] [-0.97  1.69  9.6 ]
-22.135296 [  1.313 -13.5   -13.312] [-0.95  2.19  9.5 ]
-22.238302 [  1.188  -5.312 -15.75 ] [-0.91  2.65  9.39]
-22.341321 [  1.125  -5.437 -16.812] [-0.93  2.82  9.34]
-22.445777 [  1.063  -5.437 -17.375] [-0.92  2.9   9.31]
-22.548763 [  1.     -5.687 -18.   ] [-0.97  3.02  9.27]
-22.652058 [  0.938  -5.875 -18.375] [-1.01  3.08  9.25]
-22.756501 [  1.125  -5.062 -18.25 ] [-0.89  3.06  9.27]
-22.859198 [  1.5    -3.687 -17.687] [-0.63  2.98  9.32]
-22.962422 [  2.063  -1.125 -16.687] [-0.2   2.82  9.38]
-23.066539 [  2.75    2.563 -15.375] [ 0.4   2.61  9.44]
-23.169557 [  3.      4.188 -14.187] [ 1.99  2.4   9.47]
-23.271871 [  3.313   5.375 -13.187] [ 2.19  2.23  9.5 ]
-23.374144 [  3.438   7.    -11.5  ] [ 2.48  1.94  9.53]
-23.476437 [  3.563   8.563 -10.75 ] [ 1.44  1.82  9.52]
-23.57905 [  3.625   9.875 -10.375] [ 1.68  1.74  9.5 ]
-23.681839 [  3.625  11.063 -10.312] [ 1.88  1.73  9.46]
-23.784627 [  3.625  11.875 -10.625] [ 2.02  1.77  9.43]
-23.887338 [  3.5   12.75 -11.75] [ 2.15  1.93  9.36]
-23.990354 [  3.438  13.375 -11.875] [ 2.27  1.96  9.33]
-24.093236 [  3.563  13.75  -11.187] [ 2.33  1.84  9.34]
-24.197682 [  3.688  13.188 -10.125] [ 2.25  1.69  9.39]
-24.300819 [  3.813  12.563  -8.937] [ 2.13  1.48  9.45]
-24.403843 [  3.938  11.75   -7.25 ] [ 2.    1.22  9.52]
-24.508289 [ 4.125  9.625 -4.375] [ 1.68  0.78  9.62]
-24.611164 [ 3.938  6.313 -3.25 ] [ 2.36  0.56  9.72]
-24.714308 [ 3.563  1.688 -2.562] [ 1.57  0.43  9.79]
-24.81876 [ 2.938 -4.125 -1.312] [-0.6   0.24  9.78]
-24.921941 [  2.    -11.625  -0.687] [-0.69  0.11  9.6 ]
-25.024358 [  0.875 -12.312   0.063] [-0.81 -0.01  9.58]
-25.126807 [  0.    -10.812   1.188] [-0.56 -0.2   9.62]
-25.229544 [  8.062 -11.062   1.313] [-0.6  -0.21  9.62]
-25.332251 [  8.312 -10.75    1.5  ] [-0.55 -0.25  9.63]
-25.434841 [  8.687 -10.187   1.313] [-0.46 -0.22  9.64]
-25.537313 [ 8.687 -9.437  0.75 ] [-0.32 -0.12  9.67]
-25.640028 [ 8.687 -8.    -0.625] [-1.38  0.08  9.7 ]
-25.743006 [ 8.812 -6.937 -1.875] [-1.18  0.31  9.72]
-25.846224 [ 8.875 -6.562 -3.187] [-1.12  0.54  9.72]
-25.95061 [ 8.937 -6.125 -4.562] [-1.05  0.77  9.71]
-26.053187 [ 9.    -5.687 -6.187] [-0.97  1.05  9.7 ]
-26.156259 [ 9.125 -5.437 -9.187] [-0.93  1.56  9.63]
-26.260644 [  9.312  -5.187 -13.25 ] [-0.89  2.16  9.52]
-26.363659 [  9.375  -5.437 -16.312] [-0.93  2.75  9.36]
-26.466967 [  9.5    -5.75  -17.312] [-0.98  2.9   9.31]
-26.571306 [  9.562  -6.062 -17.75 ] [-1.04  2.97  9.28]
-26.674135 [  9.687  -6.625 -17.875] [-1.13  2.99  9.26]
-26.776584 [  9.687  -6.687 -17.875] [-1.14  2.99  9.26]
-26.87944 [  9.437  -5.437 -17.437] [-0.93  2.92  9.31]
-26.98214 [  9.     -3.062 -16.875] [-0.57  2.85  9.36]
-27.08476 [  8.437  -0.25  -16.187] [-0.04  2.73  9.41]
-27.187484 [  0.063   2.313 -15.125] [ 1.67  2.56  9.45]
-27.290095 [  7.375   4.5   -13.937] [ 2.05  2.36  9.48]
-27.393082 [  0.938   5.375 -13.   ] [ 2.2   2.2   9.51]
-27.495394 [  1.25   6.5  -11.25] [ 2.39  1.9   9.55]
-27.599083 [  6.687   7.688 -10.75 ] [ 1.31  1.81  9.54]
-27.703103 [  1.438   8.75  -10.437] [ 1.5   1.75  9.53]
-27.805149 [  1.438  10.75  -10.562] [ 1.83  1.77  9.46]
-27.908269 [  6.687  11.625 -11.   ] [ 1.98  1.83  9.42]
-28.012593 [  1.188  12.375 -12.   ] [ 2.1   1.97  9.37]
-28.115473 [  1.25   13.    -11.562] [ 2.21  1.92  9.35]
-28.218779 [  1.375  13.125 -10.687] [ 2.23  1.77  9.38]
-28.323315 [  1.5    12.625  -9.5  ] [ 2.15  1.58  9.43]
-28.426208 [  1.563  12.063  -8.437] [ 2.05  1.4   9.48]
-28.528889 [  1.688  11.125  -6.75 ] [ 1.89  1.13  9.55]
-28.631517 [ 1.875  9.063 -3.937] [ 1.54  0.67  9.65]
-28.734254 [ 1.5    5.    -3.312] [ 2.14  0.56  9.75]
-28.836562 [ 1.125  0.438 -2.312] [ 1.36  0.39  9.79]
-28.939101 [ 0.625 -4.625 -1.25 ] [-0.79  0.21  9.77]
-29.04187 [  8.562 -11.812  -0.562] [-0.73  0.1   9.59]
-29.144891 [  8.625 -12.625   0.313] [-0.87 -0.05  9.56]
-29.247443 [  8.187 -11.5     1.313] [-0.68 -0.22  9.6 ]
-29.351453 [  8.25  -11.687   1.563] [-0.7  -0.26  9.59]
-29.455345 [  8.437 -11.25    1.625] [-0.63 -0.28  9.61]
-29.558069 [  8.5   -10.562   1.313] [-0.51 -0.22  9.63]
-29.661935 [ 8.5   -9.562  0.813] [-0.34 -0.14  9.66]
-29.765602 [ 8.5   -8.25  -0.437] [-0.13  0.07  9.7 ]
-29.868101 [ 8.562 -7.5   -1.625] [-1.28  0.27  9.71]
-29.97185 [ 8.625 -6.687 -2.875] [-1.15  0.49  9.72]
-30.076001 [ 8.687 -6.    -4.187] [-1.03  0.71  9.72]
-30.178651 [ 8.75 -5.75 -6.  ] [-0.99  1.02  9.7 ]
-30.281337 [ 8.875 -5.562 -8.875] [-0.95  1.5   9.64]
-30.384325 [  9.062  -5.5   -12.5  ] [-0.93  2.06  9.54]
-30.487041 [  9.125  -5.812 -16.812] [-0.99  2.83  9.33]
-30.589482 [  9.312  -6.187 -18.312] [-1.06  3.06  9.25]
-30.692062 [  9.375  -6.562 -18.625] [-1.12  3.11  9.22]
-30.794744 [  9.5    -7.187 -18.5  ] [-1.22  3.09  9.22]
-30.897665 [  9.437  -7.062 -18.187] [-1.2   3.03  9.24]
-31.000373 [  9.187  -5.812 -17.75 ] [-0.99  2.98  9.28]
-31.104553 [  8.75   -3.312 -17.062] [-0.62  2.88  9.35]
-31.207695 [  8.25   -0.5   -16.375] [-0.08  2.77  9.4 ]
-31.310549 [  0.25    2.313 -15.5  ] [ 1.67  2.61  9.44]
-31.4149 [  0.625   4.125 -14.375] [ 1.98  2.45  9.46]
-31.518294 [  1.00000000e+00   5.00000000e+00   2.03531300e+03] [ 2.13  2.15  9.52]
-31.620619 [  1.063   6.25  -11.125] [ 2.35  1.88  9.56]
-31.724914 [  1.125   7.5   -10.812] [ 1.26  1.83  9.54]
-31.828343 [  1.188   8.75  -10.437] [ 1.49  1.75  9.53]
-31.930947 [  1.188  11.    -10.5  ] [ 1.87  1.75  9.46]
-32.03337 [  1.125  11.813 -10.937] [ 2.01  1.82  9.42]
-32.135817 [  1.063  12.438 -11.312] [ 2.12  1.88  9.38]
-32.23853 [  1.188  13.125 -10.625] [ 2.22  1.76  9.38]
-32.341128 [  1.25   13.125 -10.062] [ 2.22  1.66  9.4 ]
-32.443718 [  1.313  12.688  -9.125] [ 2.16  1.52  9.44]
-32.546299 [  1.438  12.     -8.   ] [ 2.05  1.36  9.49]
-32.649183 [  1.563  11.063  -6.125] [ 1.88  1.03  9.56]
-32.751458 [ 6.625  8.063 -5.437] [ 1.37  0.92  9.66]
-32.85518 [ 6.937  3.5   -4.5  ] [ 1.88  0.77  9.75]
-32.958907 [ 0.688 -1.812 -3.375] [-0.31  0.57  9.78]
-33.06165 [ 7.875 -7.437 -2.25 ] [-1.26  0.38  9.71]
-33.165642 [  8.625 -12.     -1.312] [-0.76  0.22  9.58]
-33.269399 [  9.    -11.937   0.188] [-0.75 -0.03  9.59]
-33.371956 [  8.937 -11.562   0.938] [-0.68 -0.15  9.6 ]
-33.47615 [  9.    -11.625   1.188] [-0.7  -0.19  9.6 ]
-33.580085 [  9.25  -11.312   1.5  ] [-0.64 -0.25  9.61]
-33.683178 [  9.25  -10.75    1.313] [-0.55 -0.23  9.63]
-33.785734 [ 9.25  -9.875  0.813] [-0.4  -0.13  9.66]
-33.888204 [ 9.312 -9.312 -0.312] [-0.32  0.04  9.67]
-33.990902 [ 9.375 -8.5   -1.312] [-0.17  0.22  9.69]
-34.093058 [ 9.437 -8.    -2.5  ] [-0.08  0.42  9.7 ]
-34.195374 [ 9.5   -7.437 -4.   ] [-1.27  0.68  9.69]
-34.297957 [ 9.687 -6.875 -6.687] [-1.18  1.09  9.67]
-34.401389 [ 9.75  -6.625 -9.562] [-1.13  1.61  9.6 ]
-34.504156 [  9.937  -6.437 -12.625] [-1.1   2.13  9.5 ]
-34.607668 [ 10.     -6.125 -16.812] [-1.05  2.77  9.34]
-34.711425 [ 10.062  -6.125 -18.062] [-1.05  3.02  9.26]
-34.813917 [ 10.125  -6.375 -18.312] [-1.09  3.07  9.24]
-34.917887 [ 10.25   -6.937 -18.312] [-1.17  3.07  9.23]
-35.021621 [ 10.312  -7.187 -18.25 ] [-1.22  3.04  9.23]
-35.124064 [ 10.125  -6.187 -17.937] [-1.05  3.    9.27]
-35.228216 [  9.687  -3.937 -17.062] [-0.71  2.88  9.34]
-35.331954 [  9.187  -1.    -16.312] [-0.18  2.76  9.4 ]
-35.434331 [  8.687   1.75  -15.437] [ 1.58  2.61  9.44]
-35.536816 [  8.25    3.688 -14.375] [ 1.91  2.43  9.47]
-35.639429 [  8.062   4.625 -13.562] [ 2.07  2.29  9.5 ]
-35.742132 [  0.25    5.938 -11.687] [ 2.3   1.97  9.55]
-35.844594 [  7.687   7.125 -11.125] [ 2.5   1.88  9.54]
-35.948604 [  0.375   8.438 -10.812] [ 1.41  1.82  9.52]
-36.052473 [  0.375  10.25  -10.687] [ 1.75  1.79  9.47]
-36.155187 [  0.313  11.438 -11.187] [ 1.95  1.86  9.42]
-36.258607 [  7.687  12.063 -11.437] [ 2.05  1.9   9.39]
-36.362501 [  0.375  12.75  -10.812] [ 2.16  1.8   9.39]
-36.465081 [  0.438  12.688 -10.25 ] [ 2.15  1.7   9.41]
-36.568939 [  7.5    12.25   -9.625] [ 2.08  1.6   9.44]
-36.672951 [  0.5    11.563  -8.75 ] [ 1.96  1.46  9.49]
-36.77558 [  0.625  10.625  -7.125] [ 1.81  1.19  9.56]
-36.879427 [ 0.75   8.75  -5.437] [ 1.49  0.92  9.64]
-36.983416 [ 0.625  4.313 -4.437] [ 2.02  0.76  9.74]
-37.08602 [ 0.188 -0.5   -3.437] [-0.08  0.58  9.78]
