0.074971 [ 0.562 -2.687 -9.062] [-0.46  1.54  9.67] 254.468829 348.01389875 326.258887 333.6342263 283.458652 285.61639605 282.607286 366.30383685 
0.17861 [ 1.75  -9.125 -7.875] [-1.55  1.33  9.58] 251.506528 340.62246235 325.681483 333.5073077 289.481603 285.8335218 276.043634 366.27113545 
0.281802 [  4.938 -11.     -2.062] [-0.59  0.34  9.61] 249.897424 332.70183735 324.119412 334.5080124 294.836015 288.3131932 269.760425 364.171876 
0.383745 [  4.5   -11.687   0.813] [-0.71 -0.14  9.6 ] 249.853332 324.55680365 321.442011 337.06343775 299.455533 292.8203123 263.969069 360.30385675 
0.485904 [  4.313 -11.812   1.688] [-2.009 -0.28   9.59 ] 251.554149 316.49063005 317.700422 341.0302581 303.437219 298.80212585 258.881373 354.9718875 
0.58952 [  4.375 -11.187   1.313] [-1.9  -0.22  9.61] 254.857854 308.791303 313.058971 345.9100278 306.881122 305.70006045 254.709143 348.4807769 
0.692501 [  4.375 -10.25    9.063] [-0.47 -0.18  9.64] 259.435902 301.7379551 307.683694 351.19893645 309.887295 312.955545 251.664188 341.13533705 
0.794665 [ 4.313 -9.187  0.313] [-0.28 -0.05  9.68] 264.957466 295.60960855 301.740629 356.3931725 312.555789 320.01000725 249.958313 333.24037775 
0.896401 [ 4.25  -7.687 -0.312] [ -3.00000000e-02   5.00000000e-02  -3.17970000e+02] 271.091716 290.68528785 295.395811 360.9889267 314.986656 326.30487495 249.803327 325.1007088 
0.997947 [ 4.25  -7.375 -1.   ] [-1.25  0.17  9.72] 277.507826 287.24401865 288.815277 364.48238635 317.279948 331.28157585 251.387327 317.020013 
1.099952 [ 4.188 -6.875 -1.937] [-1.17  0.33  9.72] 283.874966 285.56482315 282.165064 366.36974335 319.523512 334.43275755 254.594325 309.28751535 
1.201821 [ 4.125 -6.437 -3.125] [-1.1   0.53  9.72] 289.86231 285.92672585 275.613751 366.1921017 321.663328 335.84646865 259.097713 302.18242895 
1.303662 [ 4.    -6.375 -5.25 ] [-1.09  0.85  9.7 ] 295.165832 288.5566436 269.356789 363.9652463 323.553847 335.99488765 264.566666 295.9837622 
1.405397 [ 3.813 -6.25  -8.062] [-1.07  1.37  9.65] 299.739712 293.17955735 263.605773 359.99007235 325.047996 335.35659855 270.670358 290.9705281 
1.507374 [  3.688  -6.062 -11.   ] [-1.03  1.86  9.57] 303.682427 299.23993315 258.572515 354.5713632 325.998701 334.4101842 277.077962 287.42173505 
1.609116 [  3.438  -5.875 -14.187] [-1.01  2.39  9.45] 307.09403 306.17917575 254.468829 348.01389875 326.258887 333.6342263 283.458652 285.61639605 
1.710879 [  2.875  -6.312 -18.687] [-1.08  3.12  9.23] 310.074575 313.43868875 251.506528 340.62246235 325.681483 333.5073077 289.481603 285.8335218 
1.813084 [  2.5    -7.375 -20.75 ] [-1.26  3.45  9.08] 312.724114 320.45987575 249.897424 332.70183735 324.119412 334.5080124 294.836015 288.3131932 
1.915432 [  2.875  -6.437 -20.062] [-1.1   3.35  9.14] 315.142701 326.6841415 249.853332 324.55680365 321.442011 337.06343775 299.455533 292.8203123 
2.017435 [  4.875  -5.187 -19.5  ] [-0.89  3.26  9.2 ] 317.430389 331.5528873 251.554149 316.49063005 317.700422 341.0302581 303.437219 298.80212585 
2.120315 [  4.312  -2.687 -18.687] [-0.46  3.14  9.27] 319.670988 334.57569565 254.857854 308.791303 313.058971 345.9100278 306.881122 305.70006045 
2.223977 [  4.25    0.125 -17.437] [-0.01 -0.01 -0.01] 321.798784 335.88973165 259.435902 301.7379551 307.683694 351.19893645 309.887295 312.955545 
2.326121 [  4.625   2.188 -16.187] [ 1.65  2.74  9.4 ] 323.667479 335.97038345 264.957466 295.60960855 301.740629 356.3931725 312.555789 320.01000725 
2.428001 [  4.813   3.563 -15.062] [ 1.89  2.54  9.44] 325.129993 335.29632015 271.091716 290.68528785 295.395811 360.9889267 314.986656 326.30487495 
2.530827 [  4.938   4.313 -14.187] [ 2.02  2.4   9.47] 326.03925 334.34620625 277.507826 287.24401865 288.815277 364.48238635 317.279948 331.28157585 
2.634194 [  5.25    5.375 -13.312] [ 0.91  2.27  9.49] 326.248168 333.598712 283.874966 285.56482315 282.165064 366.36974335 319.523512 334.43275755 
2.736627 [  5.5     6.5   -11.375] [ 2.4   1.92  9.54] 325.609671 333.53250305 289.86231 285.92672585 275.613751 366.1921017 321.663328 335.84646865 
2.838533 [  5.375   7.688 -11.062] [ 1.32  1.86  9.53] 323.976678 334.6262485 295.165832 288.5566436 269.356789 363.9652463 323.553847 335.99488765 
2.941538 [  5.438   9.125 -10.812] [ 1.56  1.82  9.5 ] 321.223837 337.2904282 299.739712 293.17955735 263.605773 359.99007235 325.047996 335.35659855 
3.045193 [  5.375  11.5   -10.875] [ 1.94  1.8   9.44] 317.416997 341.3354152 303.682427 299.23993315 258.572515 354.5713632 325.998701 334.4101842 
3.147826 [  5.     13.063 -11.75 ] [ 2.22  1.95  9.34] 312.721366 346.25974625 307.09403 306.17917575 254.468829 348.01389875 326.258887 333.6342263 
3.249694 [  4.563  13.688 -10.875] [ 2.32  1.79  9.35] 307.302998 351.55929585 310.074575 313.43868875 251.506528 340.62246235 325.681483 333.5073077 
3.351567 [  4.063  15.063  -9.062] [ 2.55  0.21  9.34] 301.327947 356.72993735 312.724114 320.45987575 249.897424 332.70183735 324.119412 334.5080124 
3.453288 [  3.563  16.5    -7.187] [ 4.071  1.17   9.32 ] 294.962269 361.2675464 315.142701 326.6841415 249.853332 324.55680365 321.442011 337.06343775 
3.555439 [  0.438  15.063  -7.75 ] [ 3.85  1.27  9.37] 288.372017 364.66799635 317.430389 331.5528873 251.554149 316.49063005 317.700422 341.0302581 
3.657519 [  9.062  13.75   -7.625] [ 2.33  1.26  9.43] 281.723246 366.4271617 319.670988 334.57569565 254.857854 308.791303 313.058971 345.9100278 
3.759294 [  9.812  12.188  -6.875] [ 2.07  1.15  9.51] 275.185354 366.10018565 321.798784 335.88973165 259.435902 301.7379551 307.683694 351.19893645 
3.860993 [ 10.875   9.063  -5.812] [ 1.54  0.98  9.63] 268.955884 363.7412033 323.667479 335.97038345 264.957466 295.60960855 301.740629 356.3931725 
3.962573 [ 12.5     3.938  -4.437] [ 1.95  0.76  9.75] 263.246474 359.65430685 325.129993 335.29632015 271.091716 290.68528785 295.395811 360.9889267 
4.064301 [ 13.312  -1.562  -3.25 ] [-0.27  0.56  9.78] 258.268871 354.1454515 326.03925 334.34620625 277.507826 287.24401865 288.815277 364.48238635 
4.165879 [ 14.562  -8.625  -2.312] [-0.19  0.39  9.68] 254.234821 347.52059705 326.248168 333.598712 283.874966 285.56482315 282.165064 366.36974335 
4.267996 [ 14.    -10.375  -1.437] [-0.49  1.52  9.64] 251.356068 340.08569985 325.609671 333.53250305 289.86231 285.92672585 275.613751 366.1921017 
4.370063 [ 13.437  -9.875  -0.375] [-0.41  0.06  9.65] 249.844358 332.1467174 323.976678 334.6262485 295.165832 288.5566436 269.356789 363.9652463 
4.472277 [ 13.5   -10.25    0.125] [-0.47 -0.02  9.64] 249.911438 324.0096072 321.223837 337.2904282 299.739712 293.17955735 263.605773 359.99007235 
4.574535 [ 13.562 -10.25    0.813] [-1.74 -0.13  9.64] 251.727248 315.9779129 317.416997 341.3354152 303.682427 299.23993315 258.572515 354.5713632 
4.677911 [ 13.5    -9.687   1.25 ] [-1.66 -0.21  9.66] 255.124891 308.33572475 312.721366 346.25974625 307.09403 306.17917575 254.468829 348.01389875 
4.780306 [ 13.5    -8.937   1.   ] [-0.24 -0.17  9.68] 259.774844 301.35774095 307.302998 351.55929585 310.074575 313.43868875 251.506528 340.62246235 
4.882119 [ 13.562  -7.875   0.375] [-0.06 -0.07  9.71] 265.346531 295.3185999 301.327947 356.72993735 312.724114 320.45987575 249.897424 332.70183735 
4.985271 [ 13.625  -6.75   -0.187] [-1.16  0.03  9.73] 271.509377 290.49294 294.962269 361.2675464 315.142701 326.6841415 249.853332 324.55680365 
5.088883 [ 13.812  -5.937  -1.   ] [-1.03  0.16  9.75] 277.932806 287.1553985 288.372017 364.66799635 317.430389 331.5528873 251.554149 316.49063005 
5.191127 [ 13.875  -5.625  -1.937] [-0.96  0.33  9.75] 284.286242 285.58061495 281.723246 366.4271617 319.670988 334.57569565 254.857854 308.791303 
5.293209 [ 13.875  -5.     -3.187] [-0.86  0.54  9.75] 290.239112 286.04322545 275.185354 366.10018565 321.798784 335.88973165 259.435902 301.7379551 
5.396719 [ 14.     -4.937  -5.312] [-0.85  0.9   9.72] 295.495702 288.7515916 268.955884 363.7412033 323.667479 335.97038345 264.957466 295.60960855 
5.500148 [ 14.     -4.937  -8.5  ] [-0.84  1.45  9.66] 300.029288 293.40270565 263.246474 359.65430685 325.129993 335.29632015 271.091716 290.68528785 
5.602228 [ 13.687  -4.875  -9.875] [-0.84  1.68  9.62] 303.938287 299.45566165 258.268871 354.1454515 326.03925 334.34620625 277.507826 287.24401865 
5.704015 [ 13.437  -5.062 -11.625] [-0.86  1.97  9.56] 307.321807 306.36823115 254.234821 347.52059705 326.248168 333.598712 283.874966 285.56482315 
5.805958 [ 13.75   -6.    -14.187] [-1.03  2.39  9.45] 310.27896 313.59818685 251.356068 340.08569985 325.609671 333.53250305 289.86231 285.92672585 
5.907902 [ 13.75   -6.812 -17.75 ] [-1.16  2.97  9.27] 312.908856 320.6033003 249.844358 332.1467174 323.976678 334.6262485 295.165832 288.5566436 
6.009986 [ 13.437  -6.062 -19.312] [-1.05  3.23  9.19] 315.310606 326.8413442 249.911438 324.0096072 321.223837 337.2904282 299.739712 293.17955735 
6.111995 [ 13.187  -4.812 -18.625] [-0.82  3.12  9.25] 317.583319 331.7700901 251.727248 315.9779129 317.416997 341.3354152 303.682427 299.23993315 
6.213626 [ 12.625  -2.75  -17.875] [-0.47  3.01  9.31] 319.374946 334.284595 255.124891 308.33572475 312.721366 346.25974625 307.09403 306.17917575 
6.315445 [ 11.625  -0.312 -16.75 ] [-0.06  2.83  9.38] 321.525449 335.80269735 259.774844 301.35774095 307.302998 351.55929585 310.074575 313.43868875 
6.417454 [ 10.812   1.75  -15.937] [ 1.57  2.69  9.42] 323.436861 336.0218793 265.346531 295.3185999 301.327947 356.72993735 312.724114 320.45987575 
6.51952 [  9.937   3.75  -14.75 ] [ 1.92  2.49  9.46] 324.962024 335.42109055 271.509377 290.49294 294.962269 361.2675464 315.142701 326.6841415 
6.622011 [  9.312   4.688 -13.812] [ 2.09  2.33  9.49] 325.953778 334.47927965 277.932806 287.1553985 288.372017 364.66799635 317.430389 331.5528873 
6.723946 [  8.937   5.75  -12.875] [ 2.26  2.17  9.51] 326.264964 333.67539745 284.286242 285.58061495 281.723246 366.4271617 319.670988 334.57569565 
6.826289 [  8.687   6.75  -10.937] [ 2.44  1.85  9.55] 325.748422 333.4883925 290.239112 286.04322545 275.185354 366.10018565 321.798784 335.88973165 
6.930032 [  8.562   8.125 -10.375] [ 1.36  1.75  9.55] 324.256995 334.39721565 295.495702 288.7515916 268.955884 363.7412033 323.667479 335.97038345 
7.032924 [  8.5     9.438 -10.25 ] [ 1.61  1.72  9.51] 321.655566 336.84302185 300.029288 293.40270565 263.246474 359.65430685 325.129993 335.29632015 
7.134869 [  8.437  10.75  -10.25 ] [ 1.83  1.71  9.47] 317.980058 340.7302645 303.938287 299.45566165 258.268871 354.1454515 326.03925 334.34620625 
7.237738 [  8.5    11.75  -10.937] [ 2.    1.82  9.42] 313.393511 345.56450455 307.321807 306.36823115 254.234821 347.52059705 326.248168 333.598712 
7.341469 [  8.625  12.75  -11.687] [ 2.16  1.93  9.36] 308.061986 350.8418327 310.27896 313.59818685 251.356068 340.08569985 325.609671 333.53250305 
7.443976 [  8.625  12.75  -11.25 ] [ 2.17  1.87  9.37] 302.151542 356.0583385 312.908856 320.6033003 249.844358 332.1467174 323.976678 334.6262485 
7.545681 [  8.437  12.625  -9.75 ] [ 2.15  0.34  9.42] 295.828238 360.71011495 315.310606 326.8413442 249.911438 324.0096072 321.223837 337.2904282 
7.647767 [  8.375  12.188  -8.812] [ 2.08  1.46  9.47] 289.258133 364.29325045 317.583319 331.7700901 251.727248 315.9779129 317.416997 341.3354152 
7.751448 [  8.25   11.625  -7.437] [ 1.99  1.26  9.51] 282.607286 366.30383685 319.374946 334.284595 255.124891 308.33572475 312.721366 346.25974625 
7.854208 [  8.187  10.875  -6.25 ] [ 1.85  1.05  9.57] 276.043634 366.27113545 321.525449 335.80269735 259.774844 301.35774095 307.302998 351.55929585 
7.955994 [ 9.     8.5   -5.625] [ 1.45  0.95  9.65] 269.760425 364.171876 323.436861 336.0218793 265.346531 295.3185999 301.327947 356.72993735 
8.057981 [ 11.062   3.688  -4.5  ] [ 1.92  0.77  9.75] 263.969069 360.30385675 324.962024 335.42109055 271.509377 290.49294 294.962269 361.2675464 
8.159885 [ 12.312  -1.125  -3.312] [-0.19  0.56  9.78] 258.881373 354.9718875 325.953778 334.47927965 277.932806 287.1553985 288.372017 364.66799635 
8.261717 [ 13.187  -6.25   -2.187] [-1.07  0.37  9.74] 254.709143 348.4807769 326.264964 333.67539745 284.286242 285.58061495 281.723246 366.4271617 
8.36361 [ 13.75  -10.937  -1.562] [-0.59  0.27  9.62] 251.664188 341.13533705 325.748422 333.4883925 290.239112 286.04322545 275.185354 366.10018565 
8.46577 [ 12.937 -10.25   -0.5  ] [-0.47  0.09  9.64] 249.958313 333.24037775 324.256995 334.39721565 295.495702 288.7515916 268.955884 363.7412033 
8.567733 [ 13.    -10.625   0.   ] [-0.53  0.    9.63] 249.803327 325.1007088 321.655566 336.84302185 300.029288 293.40270565 263.246474 359.65430685 
8.66929 [ 12.937 -10.5     0.625] [-0.5  -0.11  9.64] 251.387327 317.020013 317.980058 340.7302645 303.938287 299.45566165 258.268871 354.1454515 
8.771151 [ 12.812 -10.25    1.   ] [-0.47 -0.17  9.64] 254.594325 309.28751535 313.393511 345.56450455 307.321807 306.36823115 254.234821 347.52059705 
8.872697 [ 12.437  -9.687   1.   ] [-0.37 -0.16  9.66] 259.097713 302.18242895 308.061986 350.8418327 310.27896 313.59818685 251.356068 340.08569985 
8.974909 [ 11.812  -9.375   0.375] [-1.6  -0.09  9.67] 264.566666 295.9837622 302.151542 356.0583385 312.908856 320.6033003 249.844358 332.1467174 
9.077227 [ 10.687  -8.437  -0.937] [-0.16  0.16  9.69] 270.670358 290.9705281 295.828238 360.71011495 315.310606 326.8413442 249.911438 324.0096072 
9.179017 [ 9.937 -7.875 -2.062] [-0.06  0.35  9.7 ] 277.077962 287.42173505 289.258133 364.29325045 317.583319 331.7700901 251.727248 315.9779129 
9.282023 [ 10.     -7.187  -2.625] [-1.23  0.44  9.71] 283.458652 285.61639605 282.607286 366.30383685 319.374946 334.284595 255.124891 308.33572475 
9.385462 [ 10.125  -6.875  -4.5  ] [-1.18  0.73  9.7 ] 289.481603 285.8335218 276.043634 366.27113545 321.525449 335.80269735 259.774844 301.35774095 
9.487761 [ 10.312  -6.687  -6.875] [-1.15  1.17  9.66] 294.836015 288.3131932 269.760425 364.171876 323.436861 336.0218793 265.346531 295.3185999 
9.589979 [ 10.5    -6.625  -9.375] [-1.13  1.58  9.61] 299.455533 292.8203123 263.969069 360.30385675 324.962024 335.42109055 271.509377 290.49294 
9.692373 [ 10.687  -6.5   -12.5  ] [-1.12  2.11  9.51] 303.437219 298.80212585 258.881373 354.9718875 325.953778 334.47927965 277.932806 287.1553985 
9.796027 [ 11.312  -6.875 -16.562] [-1.17  2.71  9.35] 306.881122 305.70006045 254.709143 348.4807769 326.264964 333.67539745 284.286242 285.58061495 
9.898372 [ 11.937  -6.812 -19.812] [-1.16  3.3   9.15] 309.887295 312.955545 251.664188 341.13533705 325.748422 333.4883925 290.239112 286.04322545 
10.000191 [ 11.937  -6.312 -20.562] [-1.07  3.42  9.12] 312.555789 320.01000725 249.958313 333.24037775 324.256995 334.39721565 295.495702 288.7515916 
10.102855 [ 11.875  -5.625 -20.812] [-0.96  3.47  9.11] 314.986656 326.30487495 249.803327 325.1007088 321.655566 336.84302185 300.029288 293.40270565 
10.206436 [ 11.562  -4.562 -20.562] [-0.8   3.43  9.14] 317.279948 331.28157585 251.387327 317.020013 317.980058 340.7302645 303.938287 299.45566165 
10.309452 [ 11.     -2.937 -19.562] [-0.5   3.28  9.22] 319.523512 334.43275755 254.594325 309.28751535 313.393511 345.56450455 307.321807 306.36823115 
10.411308 [ 10.562  -0.5   -17.875] [-0.09  3.01  9.33] 321.663328 335.84646865 259.097713 302.18242895 308.061986 350.8418327 310.27896 313.59818685 
10.513067 [ 10.125   1.688 -16.25 ] [ 1.56  2.75  9.4 ] 323.553847 335.99488765 264.566666 295.9837622 302.151542 356.0583385 312.908856 320.6033003 
10.614825 [  9.875   3.313 -15.   ] [ 1.85  2.54  9.45] 325.047996 335.35659855 270.670358 290.9705281 295.828238 360.71011495 315.310606 326.8413442 
10.716527 [  9.812   3.938 -14.437] [ 1.96  2.44  9.47] 325.998701 334.4101842 277.077962 287.42173505 289.258133 364.29325045 317.583319 331.7700901 
10.818503 [  9.5     4.938 -13.437] [ 2.13  2.27  9.5 ] 326.258887 333.6342263 283.458652 285.61639605 282.607286 366.30383685 319.374946 334.284595 
10.920353 [  9.25    6.188 -11.375] [ 2.34  1.93  9.55] 325.681483 333.5073077 289.481603 285.8335218 276.043634 366.27113545 321.525449 335.80269735 
11.022251 [  9.125   7.438 -10.75 ] [ 2.55  1.81  9.55] 324.119412 334.5080124 294.836015 288.3131932 269.760425 364.171876 323.436861 336.0218793 
11.124208 [  9.062   8.875 -10.437] [ 1.51  1.75  9.52] 321.442011 337.06343775 299.455533 292.8203123 263.969069 360.30385675 324.962024 335.42109055 
11.225725 [  9.     10.5   -10.375] [ 1.79  1.73  9.48] 317.700422 341.0302581 303.437219 298.80212585 258.881373 354.9718875 325.953778 334.47927965 
11.327958 [  9.062  11.5   -11.   ] [ 1.93  1.82  9.43] 313.058971 345.9100278 306.881122 305.70006045 254.709143 348.4807769 326.264964 333.67539745 
11.430531 [  9.25   12.188 -11.812] [ 2.07  1.96  9.38] 307.683694 351.19893645 309.887295 312.955545 251.664188 341.13533705 325.748422 333.4883925 
11.532258 [  9.187  12.25  -11.375] [ 2.08  1.89  9.39] 301.740629 356.3931725 312.555789 320.01000725 249.958313 333.24037775 324.256995 334.39721565 
11.634837 [  9.062  12.313 -10.187] [ 2.09  1.7   9.42] 295.395811 360.9889267 314.986656 326.30487495 249.803327 325.1007088 321.655566 336.84302185 
11.738618 [  8.937  12.313  -9.187] [ 2.09  1.54  9.45] 288.815277 364.48238635 317.279948 331.28157585 251.387327 317.020013 317.980058 340.7302645 
11.841193 [  8.812  11.813  -7.937] [ 2.01  1.32  9.5 ] 282.165064 366.36974335 319.523512 334.43275755 254.594325 309.28751535 313.393511 345.56450455 
11.942883 [  8.75  11.    -6.5 ] [ 1.87  1.09  9.56] 275.613751 366.1921017 321.663328 335.84646865 259.097713 302.18242895 308.061986 350.8418327 
12.045478 [ 8.812  9.25  -5.187] [ 1.58  0.87  9.63] 269.356789 363.9652463 323.553847 335.99488765 264.566666 295.9837622 302.151542 356.0583385 
12.149284 [ 10.937   4.25   -4.062] [ 2.09  0.72  9.74] 263.605773 359.99007235 325.047996 335.35659855 270.670358 290.9705281 295.828238 360.71011495 
12.251711 [ 11.875   1.     -3.125] [ 1.45  0.53  9.79] 258.572515 354.5713632 325.998701 334.4101842 277.077962 287.42173505 289.258133 364.29325045 
12.353524 [ 13.125  -2.625  -2.437] [-0.45  0.42  9.78] 254.468829 348.01389875 326.258887 333.6342263 283.458652 285.61639605 282.607286 366.30383685 
12.456026 [ 14.062  -5.75   -1.437] [-0.99  0.25  9.75] 251.506528 340.62246235 325.681483 333.5073077 289.481603 285.8335218 276.043634 366.27113545 
12.55981 [ 14.687  -7.625  -0.75 ] [-1.28  0.15  9.72] 249.897424 332.70183735 324.119412 334.5080124 294.836015 288.3131932 269.760425 364.171876 
12.662918 [ 15.     -8.875   0.   ] [-0.24  0.    9.68] 249.853332 324.55680365 321.442011 337.06343775 299.455533 292.8203123 263.969069 360.30385675 
12.764727 [ 9.25  -9.     0.313] [-0.25 -0.06  9.68] 251.554149 316.49063005 317.700422 341.0302581 303.437219 298.80212585 258.881373 354.9718875 
12.866694 [ 10.312  -9.062   1.375] [-0.27 -0.23  9.68] 254.857854 308.791303 313.058971 345.9100278 306.881122 305.70006045 254.709143 348.4807769 
12.968545 [ 10.5    -8.437   1.75 ] [-0.16 -0.29  9.69] 259.435902 301.7379551 307.683694 351.19893645 309.887295 312.955545 251.664188 341.13533705 
13.070561 [ 10.5   -7.5    1.75] [-1.28 -0.3   9.71] 264.957466 295.60960855 301.740629 356.3931725 312.555789 320.01000725 249.958313 333.24037775 
13.172497 [ 10.437  -6.25    0.25 ] [-1.06 -0.05  9.74] 271.091716 290.68528785 295.395811 360.9889267 314.986656 326.30487495 249.803327 325.1007088 
13.274344 [ 9.312 -5.5   -0.375] [-0.94  0.06  9.76] 277.507826 287.24401865 288.815277 364.48238635 317.279948 331.28157585 251.387327 317.020013 
13.376054 [ 13.625  -4.937   3.   ] [-0.84 -0.52  9.75] 283.874966 285.56482315 282.165064 366.36974335 319.523512 334.43275755 254.594325 309.28751535 
13.478015 [ 10.437  -4.812   2.375] [-0.82 -0.41  9.76] 289.86231 285.92672585 275.613751 366.1921017 321.663328 335.84646865 259.097713 302.18242895 
13.579662 [ 8.125 -4.687  1.25 ] [-0.8  -0.22  9.77] 295.165832 288.5566436 269.356789 363.9652463 323.553847 335.99488765 264.566666 295.9837622 
13.681564 [ 2.313 -4.312  0.063] [-0.73 -0.06  9.77] 299.739712 293.17955735 263.605773 359.99007235 325.047996 335.35659855 270.670358 290.9705281 
13.783727 [ 3.25  -4.437 -2.437] [-0.76  0.41  9.76] 303.682427 299.23993315 258.572515 354.5713632 325.998701 334.4101842 277.077962 287.42173505 
13.885481 [ 4.25  -4.375 -4.625] [-0.74  0.79  9.74] 307.09403 306.17917575 254.468829 348.01389875 326.258887 333.6342263 283.458652 285.61639605 
13.988427 [ 3.75  -4.437 -5.875] [-0.76  1.    9.72] 310.074575 313.43868875 251.506528 340.62246235 325.681483 333.5073077 289.481603 285.8335218 
14.092309 [ 3.375 -4.062 -7.375] [-0.73  1.23  9.7 ] 312.724114 320.45987575 249.897424 332.70183735 324.119412 334.5080124 294.836015 288.3131932 
14.194717 [ 3.5   -2.687 -8.375] [-0.46  1.43  9.68] 315.142701 326.6841415 249.853332 324.55680365 321.442011 337.06343775 299.455533 292.8203123 
14.296391 [ 3.438 -2.687 -9.812] [-0.46  1.66  9.65] 317.430389 331.5528873 251.554149 316.49063005 317.700422 341.0302581 303.437219 298.80212585 
14.399205 [  3.5    -1.937 -12.375] [-0.34  2.1   9.57] 319.670988 334.57569565 254.857854 308.791303 313.058971 345.9100278 306.881122 305.70006045 
14.502834 [  3.75   -0.437 -18.687] [-0.1   3.06  9.31] 321.798784 335.88973165 259.435902 301.7379551 307.683694 351.19893645 309.887295 312.955545 
14.605335 [  4.688   0.438 -16.5  ] [ 1.36  2.79  9.4 ] 323.667479 335.97038345 264.957466 295.60960855 301.740629 356.3931725 312.555789 320.01000725 
14.707339 [  4.875   1.5   -14.875] [ 1.53  2.52  9.47] 325.129993 335.29632015 271.091716 290.68528785 295.395811 360.9889267 314.986656 326.30487495 
14.810753 [  5.      2.688 -13.937] [ 1.74  2.36  9.5 ] 326.03925 334.34620625 277.507826 287.24401865 288.815277 364.48238635 317.279948 331.28157585 
14.914649 [  5.5     4.438 -11.937] [ 2.04  2.02  9.56] 326.248168 333.598712 283.874966 285.56482315 282.165064 366.36974335 319.523512 334.43275755 
15.016822 [  5.563   5.75  -10.625] [ 2.27  1.8   9.58] 325.609671 333.53250305 289.86231 285.92672585 275.613751 366.1921017 321.663328 335.84646865 
15.118742 [  5.625   6.875 -10.125] [ 2.46  1.71  9.58] 323.976678 334.6262485 295.165832 288.5566436 269.356789 363.9652463 323.553847 335.99488765 
15.220779 [ 5.688  7.813 -9.812] [ 1.33  1.66  9.57] 321.223837 337.2904282 299.739712 293.17955735 263.605773 359.99007235 325.047996 335.35659855 
15.322506 [ 5.688  9.75  -9.812] [ 1.66  1.65  9.52] 317.416997 341.3354152 303.682427 299.23993315 258.572515 354.5713632 325.998701 334.4101842 
15.424509 [  5.625  10.875 -10.437] [ 1.84  1.73  9.47] 312.721366 346.25974625 307.09403 306.17917575 254.468829 348.01389875 326.258887 333.6342263 
15.526568 [  5.563  11.563 -11.25 ] [ 1.97  1.87  9.42] 307.302998 351.55929585 310.074575 313.43868875 251.506528 340.62246235 325.681483 333.5073077 
15.628537 [  5.438  12.188 -11.625] [ 2.07  1.94  9.38] 301.327947 356.72993735 312.724114 320.45987575 249.897424 332.70183735 324.119412 334.5080124 
15.730694 [  5.563  12.438 -10.312] [ 2.12  1.72  9.41] 294.962269 361.2675464 315.142701 326.6841415 249.853332 324.55680365 321.442011 337.06343775 
15.832573 [  5.688  11.813  -9.125] [ 2.01  1.53  9.47] 288.372017 364.66799635 317.430389 331.5528873 251.554149 316.49063005 317.700422 341.0302581 
15.934874 [  5.75   10.688  -7.937] [ 1.84  1.35  9.53] 281.723246 366.4271617 319.670988 334.57569565 254.857854 308.791303 313.058971 345.9100278 
16.037416 [ 5.875  9.063 -6.25 ] [ 1.55  1.06  9.62] 275.185354 366.10018565 321.798784 335.88973165 259.435902 301.7379551 307.683694 351.19893645 
16.139444 [ 5.25   6.438 -4.812] [ 2.38  0.82  9.7 ] 268.955884 363.7412033 323.667479 335.97038345 264.957466 295.60960855 301.740629 356.3931725 
16.242509 [ 3.625  2.313 -3.937] [ 0.4   0.67  9.77] 263.246474 359.65430685 325.129993 335.29632015 271.091716 290.68528785 295.395811 360.9889267 
16.346018 [ 2.5   -2.437 -2.687] [-0.35  0.48  9.78] 258.268871 354.1454515 326.03925 334.34620625 277.507826 287.24401865 288.815277 364.48238635 
16.4483 [ 1.5   -7.625 -1.625] [-0.02  0.28  9.71] 254.234821 347.52059705 326.248168 333.598712 283.874966 285.56482315 282.165064 366.36974335 
16.550263 [  0.75  -12.125  -0.937] [-0.78  0.16  9.58] 251.356068 340.08569985 325.609671 333.53250305 289.86231 285.92672585 275.613751 366.1921017 
16.653423 [  6.625 -11.5     0.   ] [-1.95  0.    9.6 ] 249.844358 332.1467174 323.976678 334.6262485 295.165832 288.5566436 269.356789 363.9652463 
16.756844 [  1.313 -11.625   0.563] [-0.7  -0.08  9.6 ] 249.911438 324.0096072 321.223837 337.2904282 299.739712 293.17955735 263.605773 359.99007235 
16.858935 [  1.25  -11.437   1.188] [-0.66 -0.2   9.6 ] 251.727248 315.9779129 317.416997 341.3354152 303.682427 299.23993315 258.572515 354.5713632 
16.960914 [  1.25  -10.937   1.438] [ -5.90000000e-01  -2.40000000e-01  -3.18060000e+02] 255.124891 308.33572475 312.721366 346.25974625 307.09403 306.17917575 254.468829 348.01389875 
17.063516 [  1.188 -10.25    1.313] [-0.46 -0.22  9.64] 259.774844 301.35774095 307.302998 351.55929585 310.074575 313.43868875 251.506528 340.62246235 
17.167279 [ 1.063 -8.625  0.625] [-1.51 -0.12  9.68] 265.346531 295.3185999 301.327947 356.72993735 312.724114 320.45987575 249.897424 332.70183735 
17.269566 [ 1.063 -7.75   0.25 ] [-0.04 -0.04  9.71] 271.509377 290.49294 294.962269 361.2675464 315.142701 326.6841415 249.853332 324.55680365 
17.371318 [ 0.938 -7.25  -0.625] [-1.24  0.11  9.72] 277.932806 287.1553985 288.372017 364.66799635 317.430389 331.5528873 251.554149 316.49063005 
17.473098 [ 0.75  -6.562 -2.375] [-1.12  0.4   9.73] 284.286242 285.58061495 281.723246 366.4271617 319.670988 334.57569565 254.857854 308.791303 
17.574932 [ 1.125 -6.187 -5.25 ] [ 326.62    0.89    9.7 ] 290.239112 286.04322545 275.185354 366.10018565 321.798784 335.88973165 259.435902 301.7379551 
17.67659 [ 1.  -6.  -7.5] [-1.02  1.27  9.66] 295.495702 288.7515916 268.955884 363.7412033 323.667479 335.97038345 264.957466 295.60960855 
17.778537 [  0.813  -5.75  -10.5  ] [-0.98  1.78  9.59] 300.029288 293.40270565 263.246474 359.65430685 325.129993 335.29632015 271.091716 290.68528785 
17.881118 [  0.688  -5.562 -13.687] [-0.95  2.31  9.48] 303.938287 299.45566165 258.268871 354.1454515 326.03925 334.34620625 277.507826 287.24401865 
17.983944 [  0.5    -5.687 -15.25 ] [-0.98  2.56  9.41] 307.321807 306.36823115 254.234821 347.52059705 326.248168 333.598712 283.874966 285.56482315 
18.086009 [  0.188  -6.    -16.125] [-1.03  2.71  9.36] 310.27896 313.59818685 251.356068 340.08569985 325.609671 333.53250305 289.86231 285.92672585 
18.187988 [  8.125  -6.312 -17.375] [-1.08  2.89  9.3 ] 312.908856 320.6033003 249.844358 332.1467174 323.976678 334.6262485 295.165832 288.5566436 
18.290226 [  8.437  -6.875 -17.875] [-1.17  2.98  9.26] 315.310606 326.8413442 249.911438 324.0096072 321.223837 337.2904282 299.739712 293.17955735 
18.392289 [  8.625  -7.375 -18.   ] [-1.26  3.    9.24] 317.583319 331.7700901 251.727248 315.9779129 317.416997 341.3354152 303.682427 299.23993315 
18.49547 [  8.312  -6.625 -18.125] [-1.13  3.03  9.25] 319.374946 334.284595 255.124891 308.33572475 312.721366 346.25974625 307.09403 306.17917575 
18.599455 [  0.25   -5.    -16.937] [-0.86  2.85  9.34] 321.525449 335.80269735 259.774844 301.35774095 307.302998 351.55929585 310.074575 313.43868875 
18.701424 [  0.938  -2.375 -16.062] [-0.4   2.71  9.41] 323.436861 336.0218793 265.346531 295.3185999 301.327947 356.72993735 312.724114 320.45987575 
18.803147 [  2.313   1.438 -14.875] [ 1.53  2.52  9.47] 324.962024 335.42109055 271.509377 290.49294 294.962269 361.2675464 315.142701 326.6841415 
18.906287 [  3.813   4.5   -13.625] [ 2.05  2.3   9.5 ] 325.953778 334.47927965 277.932806 287.1553985 288.372017 364.66799635 317.430389 331.5528873 
19.009708 [  4.125   5.563 -12.562] [ 0.93  2.14  9.52] 326.264964 333.67539745 284.286242 285.58061495 281.723246 366.4271617 319.670988 334.57569565 
19.112125 [  4.375   6.688 -10.625] [ 2.42  1.8   9.57] 325.748422 333.4883925 290.239112 286.04322545 275.185354 366.10018565 321.798784 335.88973165 
19.213949 [  4.438   7.625 -10.062] [ 1.3   1.7   9.56] 324.256995 334.39721565 295.495702 288.7515916 268.955884 363.7412033 323.667479 335.97038345 
19.317159 [  3.5     8.5   -10.187] [ 1.45  1.71  9.54] 321.655566 336.84302185 300.029288 293.40270565 263.246474 359.65430685 325.129993 335.29632015 
19.420693 [  4.438  10.063 -10.375] [ 1.72  1.74  9.49] 317.980058 340.7302645 303.938287 299.45566165 258.268871 354.1454515 326.03925 334.34620625 
19.522901 [  4.438  10.938 -10.937] [ 1.86  1.82  9.45] 313.393511 345.56450455 307.321807 306.36823115 254.234821 347.52059705 326.248168 333.598712 
19.628152 [  4.5    11.75  -10.625] [ 1.99  1.77  9.43] 308.061986 350.8418327 310.27896 313.59818685 251.356068 340.08569985 325.609671 333.53250305 
19.730098 [  4.563  12.125  -9.875] [ 2.06  1.66  9.44] 302.151542 356.0583385 312.908856 320.6033003 249.844358 332.1467174 323.976678 334.6262485 
19.832449 [  4.625  12.25   -9.25 ] [ 2.08  1.54  9.45] 295.828238 360.71011495 315.310606 326.8413442 249.911438 324.0096072 321.223837 337.2904282 
19.934196 [ 4.688  3.938 -8.562] [ 2.03  1.43  9.48] 289.258133 364.29325045 317.583319 331.7700901 251.727248 315.9779129 317.416997 341.3354152 
20.036028 [  4.813  11.313  -7.312] [ 1.93  1.23  9.53] 282.607286 366.30383685 319.374946 334.284595 255.124891 308.33572475 312.721366 346.25974625 
20.138012 [  4.813  10.188  -5.875] [ 1.73  0.99  9.59] 276.043634 366.27113545 321.525449 335.80269735 259.774844 301.35774095 307.302998 351.55929585 
20.239935 [ 4.125  7.    -5.25 ] [ 2.54  0.91  9.68] 269.760425 364.171876 323.436861 336.0218793 265.346531 295.3185999 301.327947 356.72993735 
20.342235 [ 2.438  2.125 -4.25 ] [ 0.36  0.72  9.77] 263.969069 360.30385675 324.962024 335.42109055 271.509377 290.49294 294.962269 361.2675464 
20.443982 [ 1.625 -3.    -3.062] [-0.51  0.53  9.77] 258.881373 354.9718875 325.953778 334.47927965 277.932806 287.1553985 288.372017 364.66799635 
20.546053 [ 7.562 -9.812 -2.25 ] [-0.39  0.38  9.65] 254.709143 348.4807769 326.264964 333.67539745 284.286242 285.58061495 281.723246 366.4271617 
20.649828 [  0.75  -11.687  -1.562] [-0.73  0.28  9.59] 251.664188 341.13533705 325.748422 333.4883925 290.239112 286.04322545 275.185354 366.10018565 
20.752854 [  0.938 -10.812  -0.437] [-0.56  0.08  9.63] 249.958313 333.24037775 324.256995 334.39721565 295.495702 288.7515916 268.955884 363.7412033 
20.85461 [  0.813 -11.187   0.063] [-0.62 -0.01  9.61] 249.803327 325.1007088 321.655566 336.84302185 300.029288 293.40270565 263.246474 359.65430685 
20.956568 [  0.75  -11.25    0.625] [-0.63 -0.11  9.61] 251.387327 317.020013 317.980058 340.7302645 303.938287 299.45566165 258.268871 354.1454515 
21.060242 [  7.187 -10.812   0.938] [-1.84 -0.15  9.63] 254.594325 309.28751535 313.393511 345.56450455 307.321807 306.36823115 254.234821 347.52059705 
21.163033 [  1.063 -10.25    0.688] [-0.46 -0.12  9.64] 259.097713 302.18242895 308.061986 350.8418327 310.27896 313.59818685 251.356068 340.08569985 
21.265144 [ 1.063 -8.812 -0.062] [-0.22  0.02  9.69] 264.566666 295.9837622 302.151542 356.0583385 312.908856 320.6033003 249.844358 332.1467174 
21.367418 [ 7.437 -7.875 -0.625] [-1.34  0.1   9.71] 270.670358 290.9705281 295.828238 360.71011495 315.310606 326.8413442 249.911438 324.0096072 
21.470976 [ 0.313 -6.312 -2.437] [-1.1   0.37  9.73] 277.077962 287.42173505 289.258133 364.29325045 317.583319 331.7700901 251.727248 315.9779129 
21.574318 [ 0.188 -3.625 -6.437] [-0.62  1.1   9.72] 283.458652 285.61639605 282.607286 366.30383685 319.374946 334.284595 255.124891 308.33572475 
21.676117 [  9.187  -2.875 -13.062] [-0.49  2.21  9.53] 289.481603 285.8335218 276.043634 366.27113545 321.525449 335.80269735 259.774844 301.35774095 
21.778287 [ 10.562  -2.625 -16.187] [-0.45  2.74  9.4 ] 294.836015 288.3131932 269.760425 364.171876 323.436861 336.0218793 265.346531 295.3185999 
21.880313 [ 10.562  -2.25  -17.937] [-0.38  3.02  9.32] 299.455533 292.8203123 263.969069 360.30385675 324.962024 335.42109055 271.509377 290.49294 
21.982303 [ 10.5    -2.187 -20.875] [-0.37  3.5   9.15] 303.437219 298.80212585 258.881373 354.9718875 325.953778 334.47927965 277.932806 287.1553985 
22.084393 [ 10.75   -0.75  -22.812] [-0.13  3.8   9.03] 306.881122 305.70006045 254.709143 348.4807769 326.264964 333.67539745 284.286242 285.58061495 
22.186227 [ 11.625  -0.5   -23.687] [-0.09  3.94  8.97] 309.887295 312.955545 251.664188 341.13533705 325.748422 333.4883925 290.239112 286.04322545 
22.287941 [ 11.437  -0.875 -22.562] [-0.15  3.77  9.05] 312.555789 320.01000725 249.958313 333.24037775 324.256995 334.39721565 295.495702 288.7515916 
22.389944 [ 11.187  -1.25  -22.187] [-0.22  3.7   9.07] 314.986656 326.30487495 249.803327 325.1007088 321.655566 336.84302185 300.029288 293.40270565 
22.491961 [ 10.375  -1.5   -21.625] [-0.26  3.61  9.11] 317.279948 331.28157585 251.387327 317.020013 317.980058 340.7302645 303.938287 299.45566165 
22.593948 [  9.062  -9.375 -21.   ] [-0.25  4.8   9.14] 319.523512 334.43275755 254.594325 309.28751535 313.393511 345.56450455 307.321807 306.36823115 
22.695912 [  1.125   0.    -19.687] [ 1.28  3.31  9.23] 321.663328 335.84646865 259.097713 302.18242895 308.061986 350.8418327 310.27896 313.59818685 
22.797778 [  3.688   0.813 -17.375] [ 1.41  2.93  9.35] 323.553847 335.99488765 264.566666 295.9837622 302.151542 356.0583385 312.908856 320.6033003 
22.90054 [  5.063   1.75  -14.375] [ 1.58  2.43  9.49] 325.047996 335.35659855 270.670358 290.9705281 295.828238 360.71011495 315.310606 326.8413442 
23.004093 [  5.375   2.688 -13.687] [ 0.45  2.33  9.51] 325.998701 334.4101842 277.077962 287.42173505 289.258133 364.29325045 317.583319 331.7700901 
23.106831 [  5.938   4.    -13.062] [ 1.96  2.21  9.52] 326.258887 333.6342263 283.458652 285.61639605 282.607286 366.30383685 319.374946 334.284595 
23.208755 [  6.125   5.    -11.5  ] [ 2.14  1.94  9.57] 325.681483 333.5073077 289.481603 285.8335218 276.043634 366.27113545 321.525449 335.80269735 
23.311728 [  6.188   6.188 -11.125] [ 2.33  1.88  9.56] 324.119412 334.5080124 294.836015 288.3131932 269.760425 364.171876 323.436861 336.0218793 
23.415332 [  6.25    8.063 -10.562] [ 1.34  1.78  9.54] 321.442011 337.06343775 299.455533 292.8203123 263.969069 360.30385675 324.962024 335.42109055 
23.51753 [  6.25   9.5  -10.5 ] [ 1.62  1.77  9.5 ] 317.700422 341.0302581 303.437219 298.80212585 258.881373 354.9718875 325.953778 334.47927965 
23.619443 [  6.188  10.375 -11.125] [ 1.77  1.86  9.46] 313.058971 345.9100278 306.881122 305.70006045 254.709143 348.4807769 326.264964 333.67539745 
23.722234 [  1.875  10.688 -11.937] [ 1.82  1.99  9.42] 307.683694 351.19893645 309.887295 312.955545 251.664188 341.13533705 325.748422 333.4883925 
23.826296 [  6.125  10.75  -11.687] [ 1.83  1.97  9.43] 301.740629 356.3931725 312.555789 320.01000725 249.958313 333.24037775 324.256995 334.39721565 
23.928718 [  6.25   10.688 -10.625] [ 1.82  1.78  9.46] 295.395811 360.9889267 314.986656 326.30487495 249.803327 325.1007088 321.655566 336.84302185 
24.030569 [  6.313  10.438  -9.437] [ 1.78  1.58  9.51] 288.815277 364.48238635 317.279948 331.28157585 251.387327 317.020013 317.980058 340.7302645 
24.132272 [ 6.438  9.875 -8.187] [ 1.68  1.38  9.56] 282.165064 366.36974335 319.523512 334.43275755 254.594325 309.28751535 313.393511 345.56450455 
24.233857 [ 6.5    9.125 -6.562] [ 1.56  1.1   9.61] 275.613751 366.1921017 321.663328 335.84646865 259.097713 302.18242895 308.061986 350.8418327 
24.335541 [ 6.5    7.438 -4.687] [ 2.55  0.79  9.69] 269.356789 363.9652463 323.553847 335.99488765 264.566666 295.9837622 302.151542 356.0583385 
24.437809 [ 5.25   2.75  -3.812] [ 1.75  0.65  9.77] 263.605773 359.99007235 325.047996 335.35659855 270.670358 290.9705281 295.828238 360.71011495 
24.539731 [ 4.313 -2.375 -2.75 ] [-0.41  0.47  9.78] 258.572515 354.5713632 325.998701 334.4101842 277.077962 287.42173505 289.258133 364.29325045 
24.641809 [ 3.    -9.125 -1.687] [-0.27  0.29  9.67] 254.468829 348.01389875 326.258887 333.6342263 283.458652 285.61639605 282.607286 366.30383685 
24.743857 [  2.25  -13.437  -1.125] [-1.    0.19  9.53] 251.506528 340.62246235 325.681483 333.5073077 289.481603 285.8335218 276.043634 366.27113545 
24.84572 [  3.188 -12.687  -0.187] [-0.87  0.03  9.56] 249.897424 332.70183735 324.119412 334.5080124 294.836015 288.3131932 269.760425 364.171876 
24.948259 [  3.313 -12.125   0.875] [-0.78 -0.14  9.58] 249.853332 324.55680365 321.442011 337.06343775 299.455533 292.8203123 263.969069 360.30385675 
25.050245 [  3.25  -12.062   1.375] [-0.77 -0.23  9.58] 251.554149 316.49063005 317.700422 341.0302581 303.437219 298.80212585 258.881373 354.9718875 
25.15249 [  3.25  -11.625   1.688] [-0.7  -0.29  9.59] 254.857854 308.791303 313.058971 345.9100278 306.881122 305.70006045 254.709143 348.4807769 
25.255482 [  4.812 -10.75    1.438] [-0.55 -0.24  9.62] 259.435902 301.7379551 307.683694 351.19893645 309.887295 312.955545 251.664188 341.13533705 
25.358911 [ 3.188 -9.562  0.5  ] [-0.35 -0.09  9.66] 264.957466 295.60960855 301.740629 356.3931725 312.555789 320.01000725 249.958313 333.24037775 
25.460785 [ 3.125 -9.25  -0.25 ] [-0.29  0.05  9.67] 271.091716 290.68528785 295.395811 360.9889267 314.986656 326.30487495 249.803327 325.1007088 
25.562855 [ 3.125 -8.562 -0.812] [-1.46  0.14  9.69] 277.507826 287.24401865 288.815277 364.48238635 317.279948 331.28157585 251.387327 317.020013 
25.66631 [ 4.937 -7.75  -1.812] [-0.04  0.31  9.71] 283.874966 285.56482315 282.165064 366.36974335 319.523512 334.43275755 254.594325 309.28751535 
25.769435 [ 3.    -7.375 -3.   ] [-1.26  0.51  9.71] 289.86231 285.92672585 275.613751 366.1921017 321.663328 335.84646865 259.097713 302.18242895 
25.871418 [ 2.875 -7.062 -4.937] [-1.21  0.84  9.69] 295.165832 288.5566436 269.356789 363.9652463 323.553847 335.99488765 264.566666 295.9837622 
25.973166 [ 2.688 -6.812 -8.062] [-1.17  1.37  9.63] 299.739712 293.17955735 263.605773 359.99007235 325.047996 335.35659855 270.670358 290.9705281 
26.07676 [  5.5    -6.625 -11.5  ] [-1.14  1.94  9.54] 303.682427 299.23993315 258.572515 354.5713632 325.998701 334.4101842 277.077962 287.42173505 
26.180338 [  2.188  -6.687 -16.312] [-1.14  2.74  9.34] 307.09403 306.17917575 254.468829 348.01389875 326.258887 333.6342263 283.458652 285.61639605 
26.282226 [  1.75   -7.562 -19.625] [-0.01  3.27  9.15] 310.074575 313.43868875 251.506528 340.62246235 325.681483 333.5073077 289.481603 285.8335218 
26.383974 [  1.438  -8.625 -20.562] [-0.19  3.4   9.07] 312.724114 320.45987575 249.897424 332.70183735 324.119412 334.5080124 294.836015 288.3131932 
26.48578 [  1.625  -8.375 -20.25 ] [-0.15  3.36  9.09] 315.142701 326.6841415 249.853332 324.55680365 321.442011 337.06343775 299.455533 292.8203123 
26.587648 [  2.063  -6.562 -19.312] [-1.13  3.23  9.18] 317.430389 331.5528873 251.554149 316.49063005 317.700422 341.0302581 303.437219 298.80212585 
26.689539 [  2.688  -3.625 -18.312] [-0.67  3.09  9.28] 319.670988 334.57569565 254.857854 308.791303 313.058971 345.9100278 306.881122 305.70006045 
26.791662 [  3.125  -1.125 -17.   ] [-0.19  2.87  9.37] 321.798784 335.88973165 259.435902 301.7379551 307.683694 351.19893645 309.887295 312.955545 
26.89329 [  3.5     1.063 -15.562] [ 1.46  2.63  9.44] 323.667479 335.97038345 264.957466 295.60960855 301.740629 356.3931725 312.555789 320.01000725 
26.995098 [  3.688   2.75  -14.187] [ 1.75  2.41  9.49] 325.129993 335.29632015 271.091716 290.68528785 295.395811 360.9889267 314.986656 326.30487495 
27.097137 [  3.813   3.438 -13.687] [ 1.87  2.31  9.5 ] 326.03925 334.34620625 277.507826 287.24401865 288.815277 364.48238635 317.279948 331.28157585 
27.199074 [  3.687   4.75  -11.812] [ 2.09  2.    9.56] 326.248168 333.598712 283.874966 285.56482315 282.165064 366.36974335 319.523512 334.43275755 
27.30137 [  4.375   6.125 -10.437] [ 2.33  1.77  9.58] 325.609671 333.53250305 289.86231 285.92672585 275.613751 366.1921017 321.663328 335.84646865 
27.403441 [  4.438   7.125 -10.125] [ 2.5   1.71  9.57] 323.976678 334.6262485 295.165832 288.5566436 269.356789 363.9652463 323.553847 335.99488765 
27.505833 [ 4.5    8.563 -9.875] [ 1.46  1.66  9.55] 321.223837 337.2904282 299.739712 293.17955735 263.605773 359.99007235 325.047996 335.35659855 
27.609721 [  4.125  11.438 -10.375] [ 1.91  1.72  9.46] 317.416997 341.3354152 303.682427 299.23993315 258.572515 354.5713632 325.998701 334.4101842 
27.712557 [  3.5    12.813 -10.312] [ 2.18  1.71  9.4 ] 312.721366 346.25974625 307.09403 306.17917575 254.468829 348.01389875 326.258887 333.6342263 
27.814357 [  3.813  14.     -8.375] [ 2.37  1.39  9.41] 307.302998 351.55929585 310.074575 313.43868875 251.506528 340.62246235 325.681483 333.5073077 
27.916633 [  5.     15.125  -7.187] [ 3.84  1.19  9.39] 301.327947 356.72993735 312.724114 320.45987575 249.897424 332.70183735 324.119412 334.5080124 
28.020638 [  5.813  14.563  -7.75 ] [ 2.48  1.27  9.4 ] 294.962269 361.2675464 315.142701 326.6841415 249.853332 324.55680365 321.442011 337.06343775 
28.123501 [  6.5    13.625  -7.875] [ 2.31  1.31  9.43] 288.372017 364.66799635 317.430389 331.5528873 251.554149 316.49063005 317.700422 341.0302581 
28.225198 [  7.313  13.063  -7.   ] [ 2.22  1.17  9.47] 281.723246 366.4271617 319.670988 334.57569565 254.857854 308.791303 313.058971 345.9100278 
28.327239 [  7.188  11.875  -6.437] [ 2.02  1.08  9.53] 275.185354 366.10018565 321.798784 335.88973165 259.435902 301.7379551 307.683694 351.19893645 
28.430854 [ 6.063  7.875 -5.25 ] [ 1.43  0.91  9.65] 268.955884 363.7412033 323.667479 335.97038345 264.957466 295.60960855 301.740629 356.3931725 
28.53396 [ 4.5    2.563 -4.062] [ 1.72  0.69  9.77] 263.246474 359.65430685 325.129993 335.29632015 271.091716 290.68528785 295.395811 360.9889267 
28.635569 [ 3.625 -3.312 -2.937] [-0.57  0.5   9.77] 258.268871 354.1454515 326.03925 334.34620625 277.507826 287.24401865 288.815277 364.48238635 
28.73738 [  2.125 -11.125  -2.187] [-0.61  0.37  9.61] 254.234821 347.52059705 326.248168 333.598712 283.874966 285.56482315 282.165064 366.36974335 
28.839251 [  3.063 -11.625  -0.687] [-0.7   0.11  9.6 ] 251.356068 340.08569985 325.609671 333.53250305 289.86231 285.92672585 275.613751 366.1921017 
28.941083 [  2.938 -11.312   1.438] [-0.64 -0.24  9.61] 249.844358 332.1467174 323.976678 334.6262485 295.165832 288.5566436 269.356789 363.9652463 
29.043211 [  3.   -10.75   2.5 ] [-0.56 -0.42  9.62] 249.911438 324.0096072 321.223837 337.2904282 299.739712 293.17955735 263.605773 359.99007235 
29.145306 [  3.125 -10.75    2.375] [-0.55 -0.4   9.62] 251.727248 315.9779129 317.416997 341.3354152 303.682427 299.23993315 258.572515 354.5713632 
29.247024 [  3.125 -10.187   2.25 ] [-0.45 -0.38  9.64] 255.124891 308.33572475 312.721366 346.25974625 307.09403 306.17917575 254.468829 348.01389875 
29.34895 [ 3.125 -9.437  1.938] [-0.33 -0.33  9.66] 259.774844 301.35774095 307.302998 351.55929585 310.074575 313.43868875 251.506528 340.62246235 
29.450778 [ 3.063 -8.437  1.   ] [-0.16 -0.17  9.69] 265.346531 295.3185999 301.327947 356.72993735 312.724114 320.45987575 249.897424 332.70183735 
29.552492 [ 5.    -7.75  -0.062] [-0.04  0.01  9.71] 271.509377 290.49294 294.962269 361.2675464 315.142701 326.6841415 249.853332 324.55680365 
29.654727 [ 2.938 -7.5   -0.75 ] [-1.28  0.13  9.72] 277.932806 287.1553985 288.372017 364.66799635 317.430389 331.5528873 251.554149 316.49063005 
29.756866 [ 2.75  -6.437 -1.875] [-1.1   0.32  9.73] 284.286242 285.58061495 281.723246 366.4271617 319.670988 334.57569565 254.857854 308.791303 
29.859104 [ 5.312 -6.25  -2.937] [-1.07  0.5   9.73] 290.239112 286.04322545 275.185354 366.10018565 321.798784 335.88973165 259.435902 301.7379551 
29.962566 [ 2.563 -5.937 -4.875] [-1.02  0.79  9.72] 295.495702 288.7515916 268.955884 363.7412033 323.667479 335.97038345 264.957466 295.60960855 
30.065505 [ 2.375 -5.75  -7.812] [-0.98  1.32  9.66] 300.029288 293.40270565 263.246474 359.65430685 325.129993 335.29632015 271.091716 290.68528785 
30.167446 [  2.188  -5.5   -10.75 ] [-0.94  1.83  9.58] 303.938287 299.45566165 258.268871 354.1454515 326.03925 334.34620625 277.507826 287.24401865 
30.269162 [  6.     -5.312 -14.375] [-0.91  2.43  9.45] 307.321807 306.36823115 254.234821 347.52059705 326.248168 333.598712 283.874966 285.56482315 
30.372517 [  6.5    -6.187 -19.125] [-1.06  3.2   9.2 ] 310.27896 313.59818685 251.356068 340.08569985 325.609671 333.53250305 289.86231 285.92672585 
30.47579 [  1.375  -6.25  -19.937] [-1.06  3.32  9.16] 312.908856 320.6033003 249.844358 332.1467174 323.976678 334.6262485 295.165832 288.5566436 
30.578011 [  1.5    -5.562 -19.437] [-0.96  3.24  9.2 ] 315.310606 326.8413442 249.911438 324.0096072 321.223837 337.2904282 299.739712 293.17955735 
30.680544 [  1.75   -4.75  -18.687] [-0.81  3.13  9.25] 317.583319 331.7700901 251.727248 315.9779129 317.416997 341.3354152 303.682427 299.23993315 
30.784195 [  2.25   -2.375 -18.   ] [-0.45  3.04  9.31] 319.374946 334.284595 255.124891 308.33572475 312.721366 346.25974625 307.09403 306.17917575 
30.887164 [  2.75    0.5   -16.812] [ 1.36  2.84  9.38] 321.525449 335.80269735 259.774844 301.35774095 307.302998 351.55929585 310.074575 313.43868875 
30.989222 [  3.125   2.75  -15.687] [ 1.76  2.65  9.42] 323.436861 336.0218793 265.346531 295.3185999 301.327947 356.72993735 312.724114 320.45987575 
31.091188 [  3.188   3.5   -13.812] [ 1.88  2.34  9.5 ] 324.962024 335.42109055 271.509377 290.49294 294.962269 361.2675464 315.142701 326.6841415 
31.193135 [  3.313   4.313 -12.875] [ 0.74  2.17  9.53] 325.953778 334.47927965 277.932806 287.1553985 288.372017 364.66799635 317.430389 331.5528873 
31.294776 [  3.625   5.438 -11.687] [ 2.21  1.97  9.55] 326.264964 333.67539745 284.286242 285.58061495 281.723246 366.4271617 319.670988 334.57569565 
31.39679 [  3.75    6.813 -10.062] [ 1.14  1.71  9.58] 325.748422 333.4883925 290.239112 286.04322545 275.185354 366.10018565 321.798784 335.88973165 
31.498803 [ 3.813  8.25  -9.5  ] [ 1.41  1.6   9.56] 324.256995 334.39721565 295.495702 288.7515916 268.955884 363.7412033 323.667479 335.97038345 
31.600561 [ 3.875  9.25  -9.312] [ 1.57  1.56  9.55] 321.655566 336.84302185 300.029288 293.40270565 263.246474 359.65430685 325.129993 335.29632015 
31.702276 [  3.938  11.063  -9.25 ] [ 1.88  1.55  9.49] 317.980058 340.7302645 303.938287 299.45566165 258.268871 354.1454515 326.03925 334.34620625 
31.803979 [  3.875  11.625  -9.75 ] [ 1.97  1.63  9.46] 313.393511 345.56450455 307.321807 306.36823115 254.234821 347.52059705 326.248168 333.598712 
31.905606 [  3.75   12.375 -10.75 ] [ 2.1   1.79  9.4 ] 308.061986 350.8418327 310.27896 313.59818685 251.356068 340.08569985 325.609671 333.53250305 
32.007642 [  3.688  12.5   -10.625] [ 2.13  1.78  9.4 ] 302.151542 356.0583385 312.908856 320.6033003 249.844358 332.1467174 323.976678 334.6262485 
32.109661 [  3.813  12.438  -9.625] [ 2.12  1.6   9.43] 295.828238 360.71011495 315.310606 326.8413442 249.911438 324.0096072 321.223837 337.2904282 
32.211622 [  3.875  12.063  -8.687] [ 2.05  1.45  9.47] 289.258133 364.29325045 317.583319 331.7700901 251.727248 315.9779129 317.416997 341.3354152 
32.314395 [  4.     11.5    -7.437] [ 1.96  1.24  9.52] 282.607286 366.30383685 319.374946 334.284595 255.124891 308.33572475 312.721366 346.25974625 
32.417937 [  4.125  10.438  -5.25 ] [ 1.8   0.92  9.59] 276.043634 366.27113545 321.525449 335.80269735 259.774844 301.35774095 307.302998 351.55929585 
32.520226 [ 3.438  7.688 -4.375] [ 1.31  0.74  9.68] 269.760425 364.171876 323.436861 336.0218793 265.346531 295.3185999 301.327947 356.72993735 
32.621749 [ 2.188  3.    -3.5  ] [ 1.8   0.6   9.77] 263.969069 360.30385675 324.962024 335.42109055 271.509377 290.49294 294.962269 361.2675464 
32.724391 [ 1.563 -1.687 -2.312] [-0.29  0.4   9.79] 258.881373 354.9718875 325.953778 334.47927965 277.932806 287.1553985 288.372017 364.66799635 
32.828066 [ 0.125 -9.062 -1.25 ] [-0.12  0.22  9.7 ] 254.709143 348.4807769 326.264964 333.67539745 284.286242 285.58061495 281.723246 366.4271617 
32.930329 [  0.063 -11.437  -0.687] [-0.67  0.12  9.6 ] 251.664188 341.13533705 325.748422 333.4883925 290.239112 286.04322545 275.185354 366.10018565 
33.032347 [  0.75  -10.562   0.375] [-0.52 -0.06  9.63] 249.958313 333.24037775 324.256995 334.39721565 295.495702 288.7515916 268.955884 363.7412033 
33.135238 [  0.625 -10.687   1.188] [-0.54 -0.2   9.63] 249.803327 325.1007088 321.655566 336.84302185 300.029288 293.40270565 263.246474 359.65430685 
33.23928 [  0.563 -10.562   1.813] [-1.81 -0.3   9.63] 251.387327 317.020013 317.980058 340.7302645 303.938287 299.45566165 258.268871 354.1454515 
33.341525 [  0.438 -10.25    2.25 ] [-0.47 -0.38  9.64] 254.594325 309.28751535 313.393511 345.56450455 307.321807 306.36823115 254.234821 347.52059705 
33.443237 [ 0.438 -9.562  1.875] [-0.35 -0.31  9.66] 259.097713 302.18242895 308.061986 350.8418327 310.27896 313.59818685 251.356068 340.08569985 
33.545317 [ 0.563 -8.625  0.25 ] [-0.19 -0.05  9.69] 264.566666 295.9837622 302.151542 356.0583385 312.908856 320.6033003 249.844358 332.1467174 
33.647397 [ 1.938 -7.687 -1.5  ] [-0.03  0.25  9.71] 270.670358 290.9705281 295.828238 360.71011495 315.310606 326.8413442 249.911438 324.0096072 
33.749285 [ 4.75  -5.562 -1.562] [-0.99  0.28  9.75] 277.077962 287.42173505 289.258133 364.29325045 317.583319 331.7700901 251.727248 315.9779129 
33.851144 [ 7.938 -6.187  0.   ] [-1.06  0.    9.74] 283.458652 285.61639605 282.607286 366.30383685 319.374946 334.284595 255.124891 308.33572475 
33.952692 [ 9.563 -5.5   -0.187] [-0.94  0.03  9.76] 289.481603 285.8335218 276.043634 366.27113545 321.525449 335.80269735 259.774844 301.35774095 
34.054397 [ 9.563 -5.312 -0.562] [-0.91  0.1   9.76] 294.836015 288.3131932 269.760425 364.171876 323.436861 336.0218793 265.346531 295.3185999 
34.156522 [ 9.438 -4.625 -2.312] [-0.79  0.39  9.76] 299.455533 292.8203123 263.969069 360.30385675 324.962024 335.42109055 271.509377 290.49294 
34.258522 [ 9.375 -4.437 -4.687] [-0.76  0.8   9.74] 303.437219 298.80212585 258.881373 354.9718875 325.953778 334.47927965 277.932806 287.1553985 
34.36079 [ 9.375 -3.75  -6.687] [-0.65  1.12  9.71] 306.881122 305.70006045 254.709143 348.4807769 326.264964 333.67539745 284.286242 285.58061495 
34.462834 [ 9.375 -3.    -7.687] [-0.52  1.31  9.7 ] 309.887295 312.955545 251.664188 341.13533705 325.748422 333.4883925 290.239112 286.04322545 
34.564772 [ 9.438 -2.375 -8.562] [-0.41  1.45  9.68] 312.555789 320.01000725 249.958313 333.24037775 324.256995 334.39721565 295.495702 288.7515916 
34.667814 [ 1.5   -1.875 -9.562] [-0.32  1.63  9.66] 314.986656 326.30487495 249.803327 325.1007088 321.655566 336.84302185 300.029288 293.40270565 
34.771121 [  9.438  -1.937 -11.375] [-0.33  1.9   9.61] 317.279948 331.28157585 251.387327 317.020013 317.980058 340.7302645 303.938287 299.45566165 
34.873466 [  1.438  -1.812 -14.687] [-0.31  2.49  9.48] 319.523512 334.43275755 254.594325 309.28751535 313.393511 345.56450455 307.321807 306.36823115 
34.975427 [  1.625  -1.062 -19.187] [-0.18  3.22  9.26] 321.663328 335.84646865 259.097713 302.18242895 308.061986 350.8418327 310.27896 313.59818685 
35.079168 [  2.313   0.    -16.625] [ 1.28  2.81  9.39] 323.553847 335.99488765 264.566666 295.9837622 302.151542 356.0583385 312.908856 320.6033003 
35.182303 [ 10.438   1.313 -14.437] [ 1.5   2.44  9.49] 325.047996 335.35659855 270.670358 290.9705281 295.828238 360.71011495 315.310606 326.8413442 
35.284438 [ 10.625   2.375 -13.375] [ 1.68  2.27  9.53] 325.998701 334.4101842 277.077962 287.42173505 289.258133 364.29325045 317.583319 331.7700901 
35.386923 [ 10.75    4.125 -11.187] [ 1.98  1.9   9.59] 326.258887 333.6342263 283.458652 285.61639605 282.607286 366.30383685 319.374946 334.284595 
35.490619 [ 10.813   5.625  -9.812] [ 2.21  1.68  9.61] 325.681483 333.5073077 289.481603 285.8335218 276.043634 366.27113545 321.525449 335.80269735 
35.593364 [ 10.875   7.25   -9.375] [ 2.51  1.59  9.59] 324.119412 334.5080124 294.836015 288.3131932 269.760425 364.171876 323.436861 336.0218793 
35.695081 [ 10.938   8.313  -9.   ] [ 1.42  1.52  9.58] 321.442011 337.06343775 299.455533 292.8203123 263.969069 360.30385675 324.962024 335.42109055 
35.796908 [ 11.      9.75   -9.062] [ 1.66  1.52  9.54] 317.700422 341.0302581 303.437219 298.80212585 258.881373 354.9718875 325.953778 334.47927965 
35.898766 [ 11.063  10.5    -9.562] [ 1.78  1.6   9.5 ] 313.058971 345.9100278 306.881122 305.70006045 254.709143 348.4807769 326.264964 333.67539745 
36.00075 [ 10.938  11.063 -10.687] [ 1.88  1.78  9.45] 307.683694 351.19893645 309.887295 312.955545 251.664188 341.13533705 325.748422 333.4883925 
36.102916 [ 11.125  11.188 -10.625] [ 1.9   1.79  9.44] 301.740629 356.3931725 312.555789 320.01000725 249.958313 333.24037775 324.256995 334.39721565 
36.204893 [ 11.75   10.813  -9.937] [ 1.84  1.66  9.48] 295.395811 360.9889267 314.986656 326.30487495 249.803327 325.1007088 321.655566 336.84302185 
36.306776 [ 12.25   10.063  -9.312] [ 1.71  1.56  9.52] 288.815277 364.48238635 317.279948 331.28157585 251.387327 317.020013 317.980058 340.7302645 
36.408643 [ 12.5     9.563  -8.5  ] [ 1.63  1.43  9.56] 282.165064 366.36974335 319.523512 334.43275755 254.594325 309.28751535 313.393511 345.56450455 
36.510348 [ 12.625   9.438  -7.25 ] [ 1.61  1.22  9.59] 275.613751 366.1921017 321.663328 335.84646865 259.097713 302.18242895 308.061986 350.8418327 
36.6125 [ 12.438   7.313  -4.562] [ 1.29  0.8   9.68] 269.356789 363.9652463 323.553847 335.99488765 264.566666 295.9837622 302.151542 356.0583385 
36.714412 [ 11.25    3.375  -4.   ] [ 1.86  0.68  9.76] 263.605773 359.99007235 325.047996 335.35659855 270.670358 290.9705281 295.828238 360.71011495 
36.816557 [ 10.063  -0.937  -2.812] [-0.16  0.48  9.79] 258.572515 354.5713632 325.998701 334.4101842 277.077962 287.42173505 289.258133 364.29325045 
