-0.074771 [ 8.125 -2.625 -8.75 ] [-0.45  1.49  9.68]
-0.176866 [ 7.5   -7.75  -7.187] [-0.04  1.22  9.63]
-0.278317 [ 6.5   -9.312 -3.   ] [-0.31  0.5   9.66]
-0.379596 [  6.188 -10.25   -0.562] [-0.47  0.1   9.64]
-0.480784 [  6.125 -10.687   0.25 ] [-0.54 -0.04  9.63]
-0.582115 [  6.125 -10.187   0.813] [-0.45 -0.13  9.65]
-0.683786 [ 6.125 -9.562  0.688] [-0.36 -0.12  9.66]
-0.785671 [ 6.063 -8.625 -0.062] [-0.19  0.01  9.69]
-0.886956 [ 6.    -8.312 -1.125] [ -1.40000000e-01   1.90000000e-01  -3.17980000e+02]
-0.987944 [ 6.    -7.062 -1.125] [-1.2   0.19  9.73]
-1.089226 [ 6.    -6.125 -1.187] [-1.04  0.2   9.74]
-1.190425 [ 6.    -5.812 -2.   ] [-1.    0.34  9.74]
-1.291712 [ 5.875 -5.562 -4.187] [-0.95  0.71  9.73]
-1.393017 [ 5.75  -5.437 -6.75 ] [-0.93  1.14  9.69]
-1.494327 [ 5.625 -5.312 -9.062] [-0.91  1.54  9.64]
-1.595976 [  5.438  -5.312 -12.562] [-0.9   2.06  9.54]
-1.697618 [  5.125  -5.375 -17.75 ] [-0.92  2.98  9.29]
-1.798732 [  4.813  -5.437 -19.687] [-0.93  3.29  9.18]
-1.900191 [  3.125  -5.187 -20.   ] [-0.89  3.34  9.17]
-2.002691 [  5.     -4.562 -19.687] [-0.78  3.29  9.2 ]
-2.105829 [  5.313  -3.062 -19.125] [-0.55  3.22  9.24]
-2.208311 [  5.813  -0.562 -18.125] [-0.1   3.05  9.31]
-2.309655 [  6.125   1.25  -16.312] [ 1.49  2.76  9.4 ]
-2.411351 [  1.687   2.    -13.625] [ 1.62  2.31  9.52]
-2.514209 [  6.563   2.625 -12.437] [ 1.73  2.11  9.56]
-2.617071 [  6.75    3.625 -11.75 ] [ 1.88  2.    9.57]
-2.718704 [  6.813   4.688 -11.062] [ 2.08  1.88  9.59]
-2.820049 [ 6.938  5.875 -9.75 ] [ 2.28  1.65  9.61]
-2.921351 [ 7.     6.563 -9.187] [ 2.4   1.56  9.61]
-3.023624 [ 0.937  8.25  -9.062] [ 1.41  1.53  9.58]
-3.126682 [ 7.     9.688 -9.625] [ 1.64  1.61  9.53]
-3.228935 [  6.938  10.063 -10.437] [ 1.71  1.75  9.49]
-3.330412 [  6.938  10.563 -10.312] [ 1.8   1.73  9.48]
-3.431543 [  7.     10.813  -9.437] [ 1.83  1.58  9.5 ]
-3.532991 [  7.125  10.688  -8.5  ] [ 1.81  1.42  9.53]
-3.634362 [  7.25   10.25   -6.687] [ 1.75  1.12  9.58]
-3.735707 [ 7.313  9.625 -5.375] [ 1.64  0.9   9.62]
-3.836983 [ 7.188  7.875 -5.25 ] [ 1.34  0.88  9.67]
-3.938166 [ 6.625  3.75  -4.5  ] [ 1.93  0.77  9.75]
-4.039685 [ 5.875 -1.5   -2.937] [-0.18  0.53  9.79]
-4.141038 [ 5.188 -6.812 -2.   ] [-1.17  0.34  9.73]
-4.242279 [  4.625 -10.812  -1.562] [-0.56  0.26  9.62]
-4.343616 [  4.25  -10.062  -0.75 ] [-0.44  0.13  9.65]
-4.44511 [  4.188 -10.187  -0.25 ] [-0.46  0.04  9.65]
-4.546613 [  4.125 -10.375   0.063] [-0.49 -0.01  9.64]
-4.647877 [  4.063 -10.187   0.813] [-0.46 -0.14  9.64]
-4.749407 [ 4.063 -9.562  0.875] [-0.36 -0.15  9.66]
-4.851341 [ 4.063 -9.062  0.063] [-0.27 -0.01  9.68]
-4.952973 [ 4.    -8.75  -0.687] [-0.21  0.11  9.69]
-5.054372 [ 3.938 -8.125 -1.062] [-0.1   0.18  9.7 ]
-5.156669 [ 3.938 -7.875 -1.437] [-0.06  0.25  9.71]
-5.259818 [ 3.813 -7.375 -2.812] [-1.27  0.45  9.71]
-5.362077 [ 3.688 -7.125 -5.062] [-1.22  0.86  9.69]
-5.463639 [ 3.563 -6.937 -7.187] [-1.19  1.22  9.65]
-5.565122 [ 4.562 -6.812 -9.25 ] [-1.16  1.57  9.6 ]
-5.667394 [  3.188  -6.687 -12.437] [-1.14  2.1   9.5 ]
-5.770591 [  2.813  -6.625 -17.625] [-1.14  2.9   9.29]
-5.872932 [  2.5    -7.062 -18.625] [-1.21  3.11  9.21]
-5.974348 [  2.5    -7.125 -18.687] [-1.21  3.12  9.21]
-6.075731 [  2.813  -5.437 -18.375] [-0.93  3.08  9.26]
-6.177226 [  3.25   -3.187 -17.687] [-0.54  2.97  9.32]
-6.280245 [  3.688  -0.75  -16.562] [-0.13  2.8   9.39]
-6.383397 [  4.063   1.313 -14.687] [ 0.22  2.49  9.48]
-6.485291 [  4.25    2.813 -13.312] [ 1.76  2.25  9.53]
-6.586709 [  4.313   3.188 -12.5  ] [ 1.82  2.12  9.55]
-6.688097 [  4.313   4.125 -11.75 ] [ 1.99  1.99  9.57]
-6.789652 [    4.375 -2043.062   -11.25 ] [ 2.12  1.91  9.58]
-6.891129 [-1683.5       6.188    -9.937] [ 2.34  1.68  9.6 ]
-6.992706 [ 4.5    6.688 -9.75 ] [ 2.42  1.65  9.59]
-7.094299 [ 4.563  8.563 -9.25 ] [ 1.43  1.57  9.57]
-7.195678 [ 4.688  9.688 -8.937] [ 1.65  1.5   9.54]
-7.29701 [  4.625  10.125  -9.375] [ 1.72  1.58  9.52]
-7.398136 [ 4.563  2.75  -9.875] [ 1.83  1.65  9.48]
-7.499258 [  4.625  11.063  -9.312] [ 1.88  1.56  9.49]
-7.600545 [  4.75   10.938  -8.312] [ 1.86  1.39  9.52]
-7.701974 [  4.875  10.5    -6.5  ] [ 1.79  1.1   9.57]
-7.803284 [ 4.938  9.938 -5.25 ] [ 1.7   0.89  9.61]
-7.904977 [ 5.     7.813 -5.   ] [ 1.39  0.86  9.66]
-8.006815 [ 5.    3.25 -4.  ] [ 1.84  0.68  9.76]
-8.10809 [ 4.813 -1.812 -2.687] [-0.31  0.46  9.79]
-8.210062 [ 4.125 -7.187 -1.687] [-1.23  0.29  9.72]
-8.31304 [  3.875 -10.75   -1.437] [-0.55  0.24  9.62]
-8.416015 [ 3.5   -9.875 -0.562] [-1.7   0.11  9.65]
-8.517958 [  3.438 -10.187  -0.187] [-0.45  0.03  9.65]
-8.619212 [  3.375 -10.375   0.25 ] [-0.49 -0.04  9.64]
-8.721038 [  3.25 -10.25   0.75] [-0.47 -0.12  9.64]
-8.823451 [ 3.25  -9.812  0.875] [-0.39 -0.14  9.66]
-8.926367 [ 3.25 -9.    0.5 ] [-0.25 -0.1   9.68]
-9.028207 [ 3.188 -8.562 -0.312] [-0.18  0.05  9.69]
-9.129613 [ 3.125 -8.    -1.25 ] [-0.08  0.21  9.7 ]
-9.2315 [ 3.063 -7.437 -2.   ] [-1.27  0.34  9.71]
-9.33433 [ 3.    -7.187 -3.   ] [-1.22  0.5   9.71]
-9.437365 [ 2.875 -7.    -5.062] [-1.2   0.82  9.69]
-9.539281 [ 2.75  -6.812 -7.437] [-1.16  1.26  9.65]
-9.640757 [ 2.563 -6.687 -9.687] [-1.14  1.63  9.6 ]
-9.742206 [  2.375  -6.562 -12.687] [-1.12  2.14  9.5 ]
-9.843587 [  2.125  -6.562 -16.375] [-1.12  2.75  9.34]
-9.944931 [  1.938  -6.812 -17.437] [-1.16  2.92  9.28]
-10.046431 [  1.875  -7.25  -17.437] [-1.24  2.91  9.27]
-10.147794 [  2.     -6.687 -16.875] [-1.17  2.84  9.31]
-10.249111 [  2.375  -4.875 -16.312] [-0.86  2.76  9.37]
-10.350484 [  2.75   -2.437 -15.687] [-0.42  2.65  9.42]
-10.451733 [  3.125   0.    -14.437] [ 1.28  2.44  9.49]
-10.553081 [  3.438   2.313 -13.312] [ 1.68  2.25  9.53]
-10.654386 [  3.625   3.313 -12.625] [ 1.84  2.14  9.55]
-10.755796 [  3.688   4.063 -11.75 ] [ 1.97  1.99  9.57]
-10.857008 [  3.75    4.75  -10.937] [ 2.1   1.85  9.59]
-10.958659 [ 3.875  6.188 -9.562] [ 2.32  1.63  9.61]
-11.060616 [ 3.938  6.938 -9.125] [ 2.47  1.55  9.6 ]
-11.16243 [ 4.     8.625 -8.937] [ 1.48  1.51  9.57]
-11.264413 [ 4.063  9.813 -8.562] [ 1.67  1.43  9.55]
-11.367288 [ 3.938  9.25  -8.312] [ 1.58  1.4   9.57]
-11.470539 [ 4.063  9.313 -7.687] [ 1.56  1.3   9.59]
-11.572501 [  4.188  10.25   -7.25 ] [ 1.75  1.22  9.57]
-11.673833 [  3.812  10.063  -6.812] [ 1.71  1.14  9.58]
-11.775822 [ 4.313  9.813 -5.625] [ 1.68  0.95  9.61]
-11.879039 [ 3.687  9.375 -5.25 ] [ 1.6   0.88  9.63]
-11.981528 [ 4.25   8.063 -5.062] [ 1.41  0.87  9.66]
-12.083304 [ 3.688  4.063 -4.187] [ 1.98  0.72  9.75]
-12.184647 [ 5.    -1.    -2.937] [-0.17  0.5   9.79]
-12.286978 [ 2.313 -6.5   -1.812] [-1.11  0.31  9.73]
-12.390184 [  1.813 -10.875  -1.187] [-0.59  0.21  9.62]
-12.492852 [  1.375 -10.125  -0.437] [-0.45  0.08  9.65]
-12.594395 [  1.375 -10.312  -0.062] [-0.48  0.01  9.64]
-12.695889 [  1.313 -10.625   0.188] [-0.53 -0.03  9.63]
-12.797363 [  1.313 -10.375   1.063] [-0.49 -0.18  9.64]
-12.898561 [  1.313 -10.      1.188] [-0.42 -0.2   9.65]
-12.999829 [ 1.25  -9.375  0.875] [-0.32 -0.15  9.67]
-13.101139 [ 1.188 -8.062 -0.125] [-0.09  0.02  9.7 ]
-13.202681 [ 1.188 -6.875 -0.687] [-1.19  0.12  9.73]
-13.304173 [ 1.188 -6.25  -1.062] [-1.07  0.18  9.74]
-13.405528 [ 1.125 -5.687 -2.   ] [-0.98  0.34  9.75]
-13.506805 [ 1.063 -5.312 -4.062] [-0.91  0.69  9.73]
-13.608091 [ 0.938 -5.187 -6.562] [-0.88  1.11  9.7 ]
-13.709443 [ 0.813 -5.062 -8.687] [-0.86  1.48  9.65]
-13.810826 [  0.688  -4.937 -11.312] [-0.85  1.91  9.57]
-13.912275 [  0.438  -5.    -14.5  ] [-0.85  2.45  9.45]
-14.014135 [  7.75   -4.937 -18.187] [-0.84  3.02  9.28]
-14.11595 [  0.125  -5.    -18.125] [-0.86  3.04  9.28]
-14.21735 [  0.188  -4.75  -17.937] [-0.81  3.01  9.29]
-14.319666 [  7.75   -4.437 -17.5  ] [-0.76  2.94  9.32]
-14.422824 [  0.625  -2.625 -16.187] [-0.49  2.76  9.39]
-14.525346 [  1.125   0.25  -14.125] [ 1.33  2.39  9.5 ]
-14.626857 [  1.438   2.5   -13.   ] [ 1.71  2.2   9.54]
-14.728148 [  1.5     2.938 -12.   ] [ 1.79  2.04  9.57]
-14.830189 [  1.563   3.875 -11.375] [ 1.94  1.93  9.59]
-14.933264 [  6.312   5.    -10.437] [ 0.86  1.77  9.6 ]
-15.036038 [ 1.813  6.313 -9.   ] [ 1.07  1.53  9.62]
-15.13753 [ 1.875  6.875 -8.562] [ 2.45  1.45  9.62]
-15.238893 [ 1.938  9.063 -8.312] [ 1.54  1.4   9.58]
-15.340767 [  2.     10.125  -8.   ] [ 1.72  1.35  9.55]
-15.443852 [  6.125  10.563  -8.437] [ 1.8   1.42  9.53]
-15.546929 [  1.813  11.063  -9.   ] [ 1.88  1.51  9.5 ]
-15.648682 [  1.938  11.375  -8.437] [ 1.94  1.41  9.5 ]
-15.750049 [  2.     11.313  -7.75 ] [ 1.92  1.29  9.52]
-15.851322 [  2.125  10.875  -6.125] [ 1.85  1.03  9.57]
-15.952673 [  2.188  10.25   -5.   ] [ 1.75  0.84  9.61]
-16.054171 [ 2.125  8.688 -4.75 ] [ 1.48  0.81  9.65]
-16.155467 [ 1.75   4.438 -4.   ] [ 2.04  0.69  9.75]
-16.257023 [ 0.938 -0.75  -2.562] [-0.04  0.47  9.79]
-16.359301 [ 0.25 -6.25 -1.5 ] [-1.07  0.26  9.74]
-16.460703 [  8.375 -10.812  -0.875] [-0.56  0.14  9.63]
-16.561896 [ 8.937 -9.875 -0.187] [-0.4   0.03  9.66]
-16.663364 [  9.    -10.125   0.188] [-0.45 -0.03  9.65]
-16.764698 [  9.062 -10.375   0.625] [-0.49 -0.11  9.64]
-16.866071 [  9.125 -10.25    1.125] [-1.75 -0.18  9.64]
-16.969013 [  9.062 -10.      1.   ] [-0.42 -0.17  9.65]
-17.070599 [ 9.125 -9.25   0.563] [-0.3  -0.1   9.67]
-17.171933 [ 9.25  -8.5   -0.312] [-0.17  0.05  9.69]
-17.274211 [ 9.312 -8.062 -1.312] [-0.09  0.22  9.7 ]
-17.377234 [ 9.375 -7.562 -2.5  ] [-0.02  0.4   9.71]
-17.479624 [ 9.437 -7.187 -3.375] [-1.23  0.56  9.71]
-17.581298 [ 9.5   -7.125 -4.562] [-1.21  0.77  9.69]
-17.682665 [ 9.625 -7.    -6.5  ] [-1.19  1.1   9.67]
-17.784293 [-0.937 -0.062 -0.062] [-1.17  1.48  9.62]
-17.8868 [ 10.     -6.625 -12.125] [-1.14  2.05  9.52]
-17.989618 [ 10.375  -6.625 -16.75 ] [-1.13  2.76  9.33]
-18.091536 [ 10.5    -6.937 -17.562] [-1.19  2.94  9.27]
-18.193066 [ 10.562  -7.562 -16.75 ] [-0.01  2.81  9.3 ]
-18.295394 [ 10.312  -6.562 -16.375] [-1.12  2.75  9.34]
-18.398523 [ 10.062  -4.75  -16.062] [-0.81  2.7   9.38]
-18.501139 [  9.562  -2.    -15.375] [-0.4   2.62  9.44]
-18.602942 [  9.25    0.188 -14.312] [ 1.31  2.42  9.5 ]
-18.70435 [  8.937   2.438 -13.25 ] [ 1.69  2.25  9.53]
-18.805933 [  8.875   2.875 -12.75 ] [ 1.77  2.16  9.55]
-18.907228 [  8.937   3.875 -11.812] [ 1.94  2.01  9.57]
-19.008429 [ 8.75   5.125 -9.937] [ 2.15  1.68  9.62]
-19.109592 [ 8.75  6.25 -9.5 ] [ 2.35  1.61  9.61]
-19.210806 [ 8.625  7.125 -9.125] [ 2.5   1.54  9.6 ]
-19.312279 [ 8.687  8.813 -9.   ] [ 1.47  1.52  9.57]
-19.413822 [ 10.      9.688  -8.625] [ 1.65  1.45  9.55]
-19.515277 [ 11.062   9.875  -8.062] [ 1.68  1.36  9.56]
-19.616642 [ 12.375   9.938  -8.125] [ 1.69  1.37  9.56]
-19.7179 [ 12.75   11.688  -7.062] [ 1.99  1.18  9.52]
-19.819104 [ 11.375  12.75  -12.937] [ 2.17  0.83  9.52]
-19.92036 [ 11.625  12.063  -5.187] [ 2.05  0.87  9.54]
-20.022117 [ 11.875  10.375  -5.25 ] [ 1.79  0.88  9.59]
-20.12385 [ 12.437   7.563  -4.812] [ 1.3   0.82  9.68]
-20.225721 [ 13.25    3.063  -3.937] [ 1.81  0.68  9.76]
-20.327414 [ 13.937  -1.875  -2.687] [-0.32  0.46  9.79]
-20.430103 [ 14.812  -7.562  -1.687] [-0.01  0.29  9.71]
-20.533231 [ 14.812 -10.062  -1.125] [-0.44  0.2   9.65]
-20.635144 [ 14.812  -9.875  -0.312] [-0.4   0.05  9.66]
-20.736631 [ 14.875 -10.187   0.   ] [-0.46  0.    9.65]
-20.838324 [ 15.062 -10.375   0.563] [-0.48 -0.1   9.64]
-20.941 [ 15.062  -9.875   1.313] [-0.41 -0.22  9.65]
-21.044227 [ 15.062  -9.25    1.375] [-1.59 -0.24  9.67]
-21.146067 [ 15.125  -8.25    1.   ] [-0.12 -0.17  9.7 ]
-21.247586 [ 15.187  -7.125   0.188] [-1.21 -0.03  9.73]
-21.349399 [ 15.25   -6.687  -0.5  ] [-1.14  0.09  9.73]
-21.452373 [ 15.312  -6.25   -1.312] [-1.07  0.22  9.74]
-21.555304 [ 15.375  -6.     -2.437] [-1.02  0.39  9.74]
-21.657513 [ 15.437  -5.75   -4.187] [-0.98  0.71  9.73]
-21.758856 [ 15.562  -5.625  -6.187] [-0.96  1.06  9.7 ]
-21.860047 [ 15.75   -5.5    -8.375] [-0.94  1.42  9.65]
-21.961366 [ 15.937  -5.312 -11.625] [-0.9   1.97  9.56]
-22.062869 [  8.312  -5.375 -16.5  ] [-0.92  2.78  9.35]
-22.164115 [  8.562  -5.75  -18.062] [-0.99  3.02  9.27]
-22.265325 [  8.437  -5.312 -17.75 ] [-0.91  2.98  9.29]
-22.366787 [  8.312  -4.75  -17.375] [-0.83  2.92  9.32]
-22.468279 [  8.187  -4.062 -17.   ] [-0.69  2.86  9.35]
-22.569662 [ 15.937  -2.562 -16.125] [-0.44  2.72  9.4 ]
-22.670969 [ 15.437   0.    -13.812] [ 1.28  2.35  9.52]
-22.772306 [ 15.5     2.125 -12.812] [ 0.37  2.17  9.55]
-22.873658 [  8.125   2.938 -11.625] [ 1.79  1.98  9.59]
-22.975273 [ 16.687   4.625 -10.875] [ 2.07  1.84  9.59]
-23.077541 [ 15.375   5.875 -10.312] [ 0.99  1.75  9.59]
-23.17941 [ 13.437   6.938  -9.812] [ 2.46  1.66  9.59]
-23.280933 [ 10.812   9.     -7.875] [ 1.54  1.33  9.59]
-23.383037 [  0.25   10.313  -6.875] [ 1.75  1.15  9.57]
-23.486245 [  1.313  10.688  -7.25 ] [ 1.79  1.2   9.56]
-23.588556 [  1.125  11.313  -8.5  ] [ 1.91  1.41  9.51]
-23.690218 [  1.063  11.563  -8.625] [ 1.96  1.44  9.49]
-23.791559 [  1.063  11.625  -8.687] [ 1.98  1.45  9.49]
-23.893805 [  1.063  11.188  -8.562] [ 1.9   1.43  9.51]
-23.997019 [  1.063  10.563  -7.875] [ 1.81  1.33  9.54]
-24.099386 [  0.438   8.    -15.375] [ 1.41  1.26  9.62]
-24.200952 [ 0.     4.938 -5.812] [ 2.12  0.99  9.71]
-24.302283 [ 8.062  1.688 -3.125] [ 1.56  0.54  9.78]
-24.405149 [ 8.437 -0.937 -2.25 ] [-0.16  0.38  9.79]
-24.508562 [ 8.687 -5.187 -1.312] [-0.81  0.23  9.76]
-24.610831 [  9.125 -10.312  -0.75 ] [-0.47  0.12  9.64]
-24.712321 [  8.812 -10.687  -0.187] [-0.54  0.03  9.63]
-24.81384 [  8.875 -10.937   0.188] [-0.58 -0.03  9.62]
-24.915496 [  8.937 -11.125   0.625] [-0.62 -0.1   9.61]
-25.017041 [  8.937 -11.125   1.   ] [-0.62 -0.16  9.61]
-25.118348 [  8.937 -10.875   0.875] [-0.57 -0.15  9.62]
-25.219816 [ 9.    -9.75   0.438] [-0.38 -0.07  9.66]
-25.32094 [ 9.062 -8.937 -0.875] [-0.26  0.13  9.68]
-25.42239 [ 9.125 -8.125 -1.875] [-0.11  0.32  9.7 ]
-25.523593 [ 9.125 -7.5   -2.437] [-1.28  0.42  9.71]
-25.625154 [ 9.187 -7.25  -3.562] [-1.24  0.6   9.7 ]
-25.726646 [ 9.187 -7.25  -4.687] [-1.24  0.79  9.69]
-25.827883 [ 9.25  -7.312 -6.625] [-1.25  1.12  9.66]
-25.929069 [ 1.125 -8.062 -8.75 ] [-0.1   1.48  9.59]
-26.030539 [  6.063  -8.437 -15.5  ] [-0.15  2.45  9.38]
-26.132088 [ 10.813  -7.75  -18.937] [-1.35  3.14  9.19]
-26.233845 [ 13.563  -6.375 -20.125] [-1.09  3.36  9.14]
-26.335287 [ 15.438  -4.812 -20.562] [-0.82  3.44  9.14]
-26.437396 [  9.25   -4.062 -20.812] [-0.7   3.47  9.14]
-26.54041 [ 11.813  -4.125 -19.562] [-0.71  3.3   9.2 ]
-26.642997 [ 13.625  -3.187 -18.312] [-0.55  3.07  9.29]
-26.744541 [ 14.625  -2.437 -16.   ] [-0.42  2.7   9.41]
-26.845857 [ 15.313  -1.25  -13.375] [-0.22  2.27  9.53]
-26.947802 [ 15.438  -0.25  -12.625] [-0.04  2.14  9.56]
-27.050838 [ 15.5     0.813 -11.937] [ 1.42  2.03  9.59]
-27.153391 [ 15.688   2.063 -10.187] [ 0.33  1.77  9.63]
-27.255103 [-2032.25      3.125    -9.437] [ 1.82  1.6   9.65]
-27.356398 [ 15.813   3.938  -9.   ] [ 1.95  1.53  9.66]
-27.458523 [ 15.813   5.625  -8.812] [ 2.24  1.49  9.64]
-27.561571 [ 15.875   6.75   -8.937] [ 2.44  1.51  9.61]
-27.664503 [ 15.813   7.875  -9.75 ] [ 1.35  1.65  9.57]
-27.766446 [ 15.813   8.375  -9.687] [ 1.43  1.64  9.56]
-27.867584 [ 15.875   8.313  -8.937] [ 1.42  1.51  9.58]
-27.96871 [ 15.938   7.875  -8.187] [ 1.34  1.38  9.61]
-28.070138 [ 24.      7.625  -6.687] [ 1.3   1.13  9.65]
-28.171187 [ 24.125   7.25   -5.125] [ 2.51  0.87  9.68]
-28.272693 [ 15.938   5.875  -4.875] [ 2.29  0.83  9.71]
-28.374326 [ 15.25    1.375  -4.062] [ 1.6   0.72  9.77]
-28.475703 [ 14.875  -3.625  -2.812] [-0.62  0.48  9.77]
-28.577228 [ 14.25   -9.437  -1.75 ] [-0.33  0.29  9.66]
-28.678505 [ 13.75  -12.625  -1.187] [-0.87  0.2   9.56]
-28.779832 [ 13.    -12.062  -0.375] [-0.77  0.06  9.58]
-28.880957 [ 13.    -12.375  -0.125] [-0.82  0.02  9.57]
-28.982314 [ 12.938 -12.312   0.313] [-0.81 -0.05  9.57]
-29.083736 [ 12.875 -12.062   0.563] [-0.77 -0.09  9.58]
-29.185821 [ 12.813 -11.5     0.5  ] [-0.69 -0.09  9.6 ]
-29.287777 [ 12.875 -11.      0.188] [-0.59 -0.03  9.62]
-29.388907 [ 12.75  -10.375  -0.875] [-0.49  0.15  9.64]
-29.490558 [ 12.688  -9.75   -2.062] [-0.38  0.35  9.65]
-29.593383 [ 12.688  -9.5    -2.812] [-0.34  0.47  9.65]
-29.696281 [ 12.625  -9.375  -3.5  ] [-0.33  0.57  9.65]
-29.798261 [ 12.563  -9.187  -4.937] [-0.28  0.84  9.64]
-29.899794 [ 12.438  -9.     -7.187] [-0.25  1.21  9.6 ]
-30.001319 [ 12.313  -8.75   -9.625] [-0.21  1.62  9.55]
-30.103795 [ 12.063  -8.5   -13.437] [-1.45  2.25  9.43]
-30.206973 [ 11.688  -8.75  -17.812] [-0.2   2.94  9.23]
-30.308721 [ 11.563  -9.312 -18.375] [-0.3   3.05  9.18]
-30.409989 [ 11.688  -8.812 -18.125] [-0.22  3.02  9.2 ]
-30.51157 [ 11.875  -7.687 -17.812] [-0.03  2.97  9.25]
-30.61393 [ 12.25   -5.875 -17.187] [-1.    2.88  9.31]
-30.717206 [ 12.688  -3.125 -15.875] [-0.57  2.7   9.4 ]
-30.819491 [ 13.     -1.    -14.562] [-0.17  2.46  9.48]
-30.920934 [ 13.25    0.563 -13.437] [ 1.38  2.28  9.53]
-31.022543 [ 13.313   1.063 -12.812] [ 1.47  2.17  9.56]
-31.123639 [ 13.5     2.063 -11.937] [ 1.63  2.03  9.58]
-31.22538 [ 13.625   3.25  -10.25 ] [ 1.84  1.74  9.63]
-31.326774 [ 13.688   4.313  -9.625] [ 2.02  1.64  9.64]
-31.428108 [ 13.75    5.063  -9.312] [ 2.15  1.58  9.63]
-31.529474 [ 13.75    6.875  -9.312] [ 2.43  1.57  9.61]
-31.630969 [ 13.75    7.938  -9.812] [ 1.35  1.65  9.56]
-31.73212 [ 13.688   8.75  -10.437] [ 1.49  1.76  9.53]
-31.833544 [ 13.688   9.188 -10.125] [ 1.56  1.7   9.52]
-31.934915 [ 13.75    9.125  -9.312] [ 1.55  1.57  9.55]
-32.036395 [ 13.875   8.75   -8.25 ] [ 1.5   1.39  9.58]
-32.137619 [ 13.938   8.5    -6.687] [ 1.45  1.13  9.63]
-32.238925 [ 14.063   7.938  -5.062] [ 1.36  0.86  9.67]
-32.341003 [ 13.938   6.75   -4.875] [ 1.19  0.83  9.69]
-32.442492 [ 14.188   2.563  -4.125] [ 1.72  0.7   9.77]
-32.543784 [ 14.188  -2.437  -2.875] [-0.41  0.49  9.78]
-32.64589 [ 13.625  -8.187  -1.562] [-0.12  0.26  9.7 ]
-32.749065 [ 12.938 -11.937  -1.125] [-0.75  0.19  9.59]
-32.851516 [ 12.125 -11.437  -0.375] [-1.95  0.06  9.61]
-32.953451 [ 12.063 -11.812  -0.062] [-0.73  0.02  9.59]
-33.055129 [-2.    -0.062 -0.062] [-0.74 -0.08  9.59]
-33.156948 [ 11.875 -11.625   0.813] [-1.98 -0.14  9.6 ]
-33.260721 [ 11.938 -11.062   0.625] [-0.61 -0.12  9.62]
-33.363454 [ 11.938 -10.5     0.313] [-0.51 -0.05  9.64]
-33.465751 [ 11.875 -10.25   -0.375] [-0.46  0.07  9.64]
-33.568477 [ 11.688  -9.187  -2.25 ] [-1.56  0.38  9.67]
-33.671848 [ 11.625  -8.812  -3.812] [-0.22  0.63  9.66]
-33.774221 [ 11.625  -8.812  -4.25 ] [-0.22  0.72  9.66]
-33.875541 [ 11.5    -8.437  -6.062] [-0.16  1.02  9.64]
-33.976779 [ 11.313  -8.062  -9.25 ] [-0.09  1.56  9.58]
-34.078153 [ 11.063  -7.812 -13.5  ] [-0.05  2.26  9.44]
-34.179404 [ 10.813  -7.937 -16.562] [-0.07  2.77  9.3 ]
-34.280697 [ 10.688  -8.437 -17.   ] [-0.16  2.83  9.27]
-34.382082 [ 10.688  -8.25  -17.625] [-0.13  2.94  9.24]
-34.483677 [ 10.75   -7.625 -18.125] [-0.04  3.02  9.23]
-34.585289 [ 10.875  -7.    -18.125] [-1.19  3.03  9.24]
-34.686768 [ 11.063  -6.    -17.437] [-1.03  2.92  9.3 ]
-34.78806 [ 11.375  -4.375 -16.312] [-0.75  2.75  9.38]
-34.889426 [ 11.875  -1.562 -14.937] [-0.27  2.52  9.47]
-34.990879 [ 12.188   0.875 -13.687] [ 1.43  2.32  9.52]
-35.09221 [ 12.438   2.75  -12.812] [ 1.75  2.17  9.55]
-35.19457 [ 12.5     3.375 -12.125] [ 1.85  2.07  9.56]
-35.296986 [ 12.563   4.063 -11.25 ] [ 1.98  1.91  9.59]
-35.398285 [ 12.688   5.063  -9.75 ] [ 2.14  1.65  9.62]
-35.500232 [ 12.75    5.625  -9.312] [ 2.24  1.58  9.62]
-35.603459 [ 12.813   7.5    -9.   ] [ 1.28  1.52  9.6 ]
-35.706064 [ 12.875   8.813  -8.625] [ 1.5   1.46  9.57]
-35.807826 [ 12.938   9.063  -8.062] [ 1.54  1.36  9.58]
-35.90901 [ 13.      9.688  -7.562] [ 1.65  1.27  9.58]
-36.011376 [ 13.      9.938  -7.125] [ 1.69  1.2   9.58]
-36.114725 [ 13.063   9.5    -6.75 ] [ 1.62  1.15  9.6 ]
-36.217217 [ 13.125   9.313  -5.625] [ 1.58  0.94  9.63]
-36.318673 [ 13.063   8.688  -5.437] [ 1.48  0.92  9.64]
-36.420168 [ 13.      7.063  -5.25 ] [ 2.49  0.89  9.68]
-36.522461 [ 12.813   2.938  -4.375] [ 1.78  0.75  9.76]
-36.625534 [ 12.375  -2.5    -3.   ] [-0.34  0.53  9.78]
