The flat matrix is [[  0.00000000e+00  -8.87500000e+00   2.04162500e+03]
 [ -1.50000000e-01  -3.25240000e+02   8.21000000e+00]] 
-0.079936 [    8.688     7.813 -2056.   ] [ -3.00000000e-02   3.27670000e+02   1.28000000e+00]
-0.183955 [  6.88000000e-01   7.81300000e+00  -2.05600000e+03] [ -3.00000000e-02   3.27670000e+02   1.28000000e+00]
-0.286393 [    8.688     7.875 -2056.   ] [ -3.00000000e-02   3.27670000e+02   1.28000000e+00]
-0.38998 [  6.88000000e-01   7.87500000e+00  -2.05600000e+03] [ -3.00000000e-02   3.27670000e+02   1.28000000e+00]
-0.493879 [    8.688     7.875 -2056.   ] [ -3.00000000e-02   3.27670000e+02   1.28000000e+00]
-0.59675 [    8.688     7.875 -2056.   ] [ -3.00000000e-02   3.27670000e+02   1.28000000e+00]
-0.700792 [    8.688     7.875 -2056.   ] [ -3.00000000e-02   3.27670000e+02   1.28000000e+00]
-0.804366 [    8.688     7.875 -2056.   ] [ -3.00000000e-02   3.27670000e+02   1.28000000e+00]
-0.907179 [    8.688     7.875 -2056.   ] [ -3.00000000e-02   3.27670000e+02   1.28000000e+00]
-1.00921 [    8.688     7.875 -2056.   ] [ -3.00000000e-02   3.27670000e+02   1.28000000e+00]
-1.111765 [    8.688     7.875 -2056.   ] [ -3.00000000e-02   3.27670000e+02   1.28000000e+00]
-1.214469 [    8.688     7.875 -2056.   ] [ -3.00000000e-02   3.27670000e+02   1.28000000e+00]
-1.316264 [    8.625     7.875 -2056.   ] [ -2.00000000e-02   3.27670000e+02   1.28000000e+00]
-1.418403 [    8.563     7.313 -2055.937] [ -1.20000000e-01   3.27660000e+02   1.28000000e+00]
-1.52005 [    8.063     4.313 -2056.   ] [  -0.63  327.66    1.25]
-1.622247 [  6.30000000e-02   3.31300000e+00  -2.05593700e+03] [  -0.81  327.65    1.24]
-1.724525 [    8.        3.875 -2056.   ] [  -0.71  327.67    1.25]
-1.826783 [  3.13000000e-01   3.43800000e+00  -2.05600000e+03] [  -0.78  327.66    1.24]
-1.928881 [    8.125     2.625 -2056.   ] [  -0.92  327.66    1.23]
-2.032636 [    8.75      2.625 -2056.   ] [  -0.91  327.66    1.23]
-2.138312 [  1.31300000e+00   3.81300000e+00  -2.05606200e+03] [  -0.72  327.67    1.24]
-2.241252 [    9.313     4.    -2056.062] [  -0.68  327.68    1.25]
-2.345149 [    9.563     6.063 -2056.312] [  -0.33  327.73    1.26]
-2.44828 [   10.125     7.938 -2056.375] [ -1.00000000e-02   3.27740000e+02   1.27000000e+00]
-2.550803 [   10.063     7.375 -2056.437] [ -1.10000000e-01   3.27750000e+02   1.26000000e+00]
-2.654251 [    9.938     6.938 -2056.312] [ -1.60000000e-01   3.27730000e+02   1.26000000e+00]
-2.756867 [   10.375     3.375 -2056.   ] [  -0.79  327.66    1.24]
-2.858789 [   11.438     2.938 -2055.937] [  -0.87  327.65    1.23]
-2.960532 [   11.875     2.813 -2055.937] [  -0.89  327.65    1.23]
-3.062826 [  1.21250000e+01   1.25000000e+00  -2.05600000e+03] [  1.30000000e-01   3.27650000e+02   1.20000000e+00]
-3.164274 [  1.26250000e+01  -1.25000000e-01  -2.05687500e+03] [ -1.00000000e-01   3.27790000e+02   1.13000000e+00]
-3.265904 [  1.26250000e+01  -1.93700000e+00  -2.05837500e+03] [  -0.39  328.      1.02]
-3.367946 [  1.27500000e+01  -1.06200000e+00  -2.05850000e+03] [ -2.60000000e-01   3.28040000e+02   1.03000000e+00]
-3.46919 [  1.30630000e+01  -1.87000000e-01  -2.06131200e+03] [ -1.20000000e-01   3.28500000e+02   9.00000000e-01]
-3.572862 [  1.25630000e+01  -1.43700000e+00  -2.06300000e+03] [  -0.33  328.75    0.77]
-3.674781 [    3.813    -4.625 -2066.187] [  -0.86  329.2     0.46]
-3.776885 [   11.5      -4.312 -2066.187] [  -0.81  329.21    0.46]
-3.8788 [  1.20630000e+01  -1.68700000e+00  -2.06468700e+03] [  -0.37  329.02    0.65]
-3.981152 [   11.438    -3.062 -2064.25 ] [  -1.879  328.93     0.64 ]
-4.084942 [    9.938    -3.062 -2064.125] [  -0.61  328.9     0.65]
-4.188369 [  9.00000000e+00  -1.50000000e+00  -2.06537500e+03] [  -0.34  329.12    0.61]
-4.289951 [    8.313     2.25  -2065.562] [  -0.98  329.19    0.68]
-4.392785 [    7.188     6.    -2064.25 ] [  -0.34  329.01    0.82]
-4.496827 [    7.188     8.438 -2061.875] [  6.00000000e-02   3.28660000e+02   9.70000000e-01]
-4.599849 [    8.125     8.    -2061.375] [   0.    328.56    1.01]
-4.70183 [   10.063     6.188 -2062.937] [ -3.10000000e-01   3.28800000e+02   9.10000000e-01]
-4.804688 [    3.188     5.    -2064.25 ] [  -0.52  329.      0.81]
-4.908239 [    9.813     5.938 -2061.75 ] [  -0.38  328.67    0.95]
-5.01029 [    7.25      6.625 -2058.437] [ -2.30000000e-01   3.28070000e+02   1.16000000e+00]
-5.111711 [    6.813     6.063 -2057.687] [  -0.33  327.95    1.2 ]
-5.213651 [    7.563     5.313 -2057.937] [  -0.45  327.99    1.18]
-5.315385 [    7.5       4.563 -2058.5  ] [  -0.59  328.08    1.14]
-5.417043 [    7.625     4.063 -2058.312] [  -0.67  328.05    1.14]
-5.518797 [    8.25      5.438 -2057.625] [  -0.47  327.94    1.19]
-5.620535 [    7.938     5.813 -2057.812] [  -0.38  327.97    1.19]
-5.722243 [    7.        5.313 -2056.187] [  -0.46  327.7     1.26]
-5.825407 [    7.875     5.438 -2056.687] [  -0.44  327.78    1.24]
-5.928217 [    8.938     8.188 -2057.937] [   0.    327.98    1.2 ]
-6.03258 [    9.375     7.5   -2056.312] [ -8.00000000e-02   3.27730000e+02   1.27000000e+00]
-6.136029 [    2.375     5.438 -2056.75 ] [  -0.44  327.79    1.23]
-6.240788 [   11.25      5.125 -2055.875] [  -0.49  327.64    1.27]
-6.343662 [   12.938     5.125 -2055.125] [  -0.49  327.53    1.3 ]
-6.447889 [   13.938     6.375 -2055.187] [ -3.10000000e-01   3.27530000e+02   1.31000000e+00]
-6.551597 [   14.063     7.938 -2055.687] [ -1.00000000e-02   3.27630000e+02   1.29000000e+00]
-6.654791 [   14.188     8.75  -2056.5  ] [  1.30000000e-01   3.27750000e+02   1.26000000e+00]
-6.758783 [   14.375     8.125 -2056.062] [  2.00000000e-02   3.27690000e+02   1.28000000e+00]
-6.862274 [   14.563     7.875 -2056.   ] [ -2.00000000e-02   3.27670000e+02   1.28000000e+00]
-6.965326 [   14.313     7.563 -2055.937] [ -8.00000000e-02   3.27660000e+02   1.28000000e+00]
-7.068505 [   14.438     7.313 -2055.812] [ -1.20000000e-01   3.27640000e+02   1.29000000e+00]
-7.171172 [   14.688     6.938 -2055.687] [ -1.80000000e-01   3.27620000e+02   1.29000000e+00]
-7.273666 [   14.5       6.25  -2055.937] [ -3.00000000e-01   3.27670000e+02   1.27000000e+00]
-7.376214 [   13.875     5.125 -2056.125] [  -0.5   327.69    1.26]
-7.478998 [   13.563     4.188 -2056.25 ] [  -0.65  327.71    1.24]
-7.582207 [   13.563     3.813 -2056.812] [  -0.71  327.79    1.21]
-7.685144 [   13.313     3.688 -2057.437] [  -0.74  327.9     1.18]
-7.788 [   13.188     3.688 -2058.125] [  -0.73  328.01    1.15]
-7.892747 [   12.75      3.188 -2058.75 ] [  -0.82  328.11    1.11]
-7.997124 [   12.5       2.813 -2058.937] [  -0.89  328.14    1.09]
-8.102006 [   12.813     3.25  -2058.812] [  -0.82  328.13    1.1 ]
-8.205322 [   13.438     4.125 -2058.75 ] [  -0.66  328.11    1.12]
-8.308912 [    5.688     4.75  -2058.875] [  -0.56  328.14    1.12]
-8.413699 [   13.813     5.625 -2059.125] [  -0.4   328.19    1.12]
-8.516294 [   14.063     6.438 -2059.375] [ -2.70000000e-01   3.28220000e+02   1.12000000e+00]
-8.619249 [   14.25      7.125 -2059.312] [ -1.50000000e-01   3.28210000e+02   1.12000000e+00]
-8.722604 [   14.5       7.813 -2058.937] [ -5.00000000e-02   3.28170000e+02   1.14000000e+00]
-8.825686 [   14.75      8.688 -2058.625] [  1.10000000e-01   3.28110000e+02   1.16000000e+00]
-8.929509 [   14.813     9.25  -2058.437] [   1.5   328.08    1.17]
-9.033688 [   14.938     9.813 -2058.125] [   1.58  328.03    1.18]
-9.152178 [   15.       10.25  -2057.625] [   1.66  327.94    1.21]
-9.254901 [   14.938    10.5   -2057.437] [   1.71  327.91    1.21]
-9.356905 [   14.938    10.688 -2056.437] [   1.74  327.75    1.26]
-9.459933 [   15.25     10.438 -2055.375] [   1.7   327.57    1.31]
-9.566589 [   15.438    10.25  -2054.75 ] [   1.66  327.47    1.33]
-9.66836 [   15.438    10.25  -2054.312] [   1.67  327.39    1.35]
-9.770646 [   15.313    10.188 -2053.75 ] [   1.66  327.3     1.37]
-9.872596 [   15.25      9.688 -2053.187] [   1.57  327.21    1.39]
-9.97462 [   15.188     9.    -2052.937] [   1.45  327.17    1.4 ]
-10.07692 [   15.188     8.813 -2053.062] [  1.40000000e-01   3.27190000e+02   1.40000000e+00]
-10.178506 [   15.25      8.625 -2053.437] [  1.00000000e-01   3.27250000e+02   1.38000000e+00]
-10.286924 [   15.25      8.375 -2053.812] [  6.00000000e-02   3.27310000e+02   1.37000000e+00]
-10.388609 [   15.188     8.188 -2053.875] [  4.00000000e-02   3.27320000e+02   1.37000000e+00]
-10.491434 [   15.25      7.938 -2054.   ] [ -1.00000000e-02   3.27340000e+02   1.36000000e+00]
-10.594781 [   15.188     7.813 -2054.062] [ -3.00000000e-02   3.27350000e+02   1.36000000e+00]
-10.696865 [   15.125     7.5   -2053.937] [ -9.00000000e-02   3.27330000e+02   1.36000000e+00]
-10.798591 [   14.938     7.    -2053.687] [ -1.70000000e-01   3.27290000e+02   1.37000000e+00]
-10.901074 [   14.75      6.438 -2053.062] [ -2.70000000e-01   3.27180000e+02   1.39000000e+00]
-11.004803 [   14.5       5.875 -2052.812] [  -0.35  327.14    1.39]
-11.110074 [    6.313     5.313 -2052.812] [  -0.46  327.14    1.38]
-11.213422 [   14.188     4.688 -2052.437] [  -0.55  327.08    1.39]
-11.316756 [   14.125     4.25  -2051.937] [  -0.64  326.99    1.4 ]
-11.418836 [   13.938    -4.375 -2051.937] [  -0.75  326.98    1.39]
-11.520796 [   13.875     3.    -2052.375] [  -0.85  327.06    1.37]
-11.62262 [   13.938     2.688 -2053.125] [  -0.9   327.18    1.34]
-11.724873 [   14.        2.5   -2053.937] [  -0.94  327.32    1.3 ]
-11.827122 [   14.063     2.25  -2054.812] [  -0.98  327.47    1.27]
-11.929015 [   14.125     2.063 -2055.375] [  -1.01  327.56    1.24]
-12.032041 [   13.813     2.125 -2056.375] [  -1.    327.72    1.2 ]
-12.135051 [    5.438     2.438 -2057.375] [  -0.95  327.88    1.16]
-12.238498 [   13.625     3.313 -2057.625] [  -0.8   327.93    1.17]
-12.341141 [   14.        4.125 -2057.687] [  -0.66  327.94    1.18]
-12.446495 [   14.188     4.875 -2058.187] [  -0.55  328.02    1.16]
-12.549882 [   14.25      5.625 -2058.562] [  -0.41  328.1     1.15]
-12.654155 [   14.375     6.375 -2058.75 ] [ -2.80000000e-01   3.28120000e+02   1.15000000e+00]
-12.758266 [   14.688     7.438 -2058.812] [ -1.00000000e-01   3.29410000e+02   1.15000000e+00]
-12.860661 [   14.938     8.188 -2058.5  ] [  3.00000000e-02   3.28090000e+02   1.17000000e+00]
-12.963661 [   15.       8.75 -2058.25] [  1.30000000e-01   3.28040000e+02   1.18000000e+00]
-13.069929 [   15.125     9.25  -2058.062] [   1.49  328.01    1.19]
-13.172928 [   15.188     9.75  -2057.875] [  1.58000000e+00   3.27980000e+02  -7.90000000e-02]
-13.275584 [   15.313    10.188 -2057.687] [   1.66  327.95    1.21]
-13.378526 [   15.313    10.625 -2056.75 ] [   1.73  327.8     1.25]
-13.481481 [   15.125    10.75  -2055.937] [   1.75  327.67    1.28]
-13.584432 [   15.188    10.625 -2055.125] [   1.73  327.53    1.31]
-13.687408 [   15.25     10.5   -2054.625] [   1.71  327.45    1.33]
-13.790465 [   15.25    10.5  -2054.25] [   1.71  327.38    1.35]
-13.893379 [   15.125    10.375 -2053.687] [   1.69  327.29    1.37]
-13.998962 [   15.063     9.938 -2053.25 ] [   0.34  327.22    1.39]
-14.101979 [   15.        9.438 -2053.25 ] [   1.53  327.21    1.39]
-14.205374 [    6.938     9.063 -2053.187] [  1.80000000e-01   3.27210000e+02   1.39000000e+00]
-14.309447 [   14.875     8.75  -2053.375] [  1.30000000e-01   3.27240000e+02   1.38000000e+00]
-14.412006 [   14.813     8.563 -2053.812] [  1.00000000e-01   3.27310000e+02   1.37000000e+00]
-14.514886 [   14.75      8.313 -2054.187] [  5.00000000e-02   3.27370000e+02   1.36000000e+00]
-14.619769 [   14.688     8.    -2054.437] [   0.    327.41    1.35]
-14.72281 [   14.625     7.813 -2054.562] [ -4.00000000e-02   3.27430000e+02   1.34000000e+00]
-14.825432 [   14.625     7.5   -2054.437] [ -8.00000000e-02   3.27410000e+02   1.34000000e+00]
-14.928197 [   15.        7.    -2054.812] [ -1.70000000e-01   3.27480000e+02   1.33000000e+00]
-15.0317 [   14.938     6.563 -2054.875] [ -2.50000000e-01   3.27490000e+02   1.32000000e+00]
-15.134104 [   14.75      6.063 -2054.625] [  -0.33  327.44    1.33]
-15.237146 [   14.313     5.563 -2054.437] [  -0.41  327.41    1.33]
-15.338895 [   13.688     5.125 -2054.375] [  -0.49  327.4     1.33]
-15.441987 [   13.063     4.438 -2054.25 ] [  -0.61  327.38    1.32]
-15.545001 [    4.625     4.125 -2054.375] [  -0.66  327.4     1.31]
-15.649599 [   12.063     3.75  -2055.062] [  -0.72  327.5     1.29]
-15.752786 [   11.625     3.313 -2055.625] [  -0.8   327.6     1.25]
-15.855707 [   11.125     3.188 -2056.562] [  -0.82  327.76    1.21]
-15.959856 [   11.25      3.    -2056.937] [  -0.85  327.82    1.19]
-16.064211 [   11.563     3.    -2056.812] [  -0.85  327.8     1.2 ]
-16.168169 [   11.813     2.938 -2057.437] [  -0.86  327.9     1.17]
-16.273247 [   11.875     3.188 -2058.375] [  -0.83  328.05    1.13]
-16.376169 [   12.        3.813 -2058.812] [  -0.71  328.12    1.12]
-16.479435 [   12.313     4.688 -2058.937] [  -0.57  328.15    1.12]
-16.582429 [   12.625     5.438 -2059.312] [  -0.44  328.22    1.11]
-16.685388 [   12.875     6.188 -2059.562] [ -3.10000000e-01   3.28250000e+02   1.10000000e+00]
-16.787839 [   13.125     6.875 -2059.75 ] [ -1.90000000e-01   3.28290000e+02   1.10000000e+00]
-16.890293 [   13.375     7.625 -2059.625] [ -7.00000000e-02   3.28270000e+02   1.11000000e+00]
-16.99378 [   13.625     8.313 -2059.5  ] [  5.00000000e-02   3.28250000e+02   1.12000000e+00]
-17.09661 [   13.875     9.063 -2059.125] [   1.46  328.19    1.14]
-17.199698 [   14.063     9.688 -2058.875] [  2.90000000e-01   3.28150000e+02   1.15000000e+00]
-17.303757 [   14.188    10.188 -2058.562] [   1.66  328.1     1.16]
-17.406495 [   14.313    10.5   -2058.312] [   1.71  328.05    1.17]
-17.510077 [   14.625    10.75  -2057.125] [   0.47  327.86    1.23]
-17.614772 [   15.063    10.75  -2056.375] [   1.75  327.74    1.26]
-17.717745 [    7.25     10.625 -2055.437] [   0.45  327.58    1.3 ]
-17.822354 [   15.25     10.5   -2054.937] [   0.43  327.51    1.32]
-17.926239 [   15.125    10.563 -2054.5  ] [   1.71  327.42    1.34]
-18.029913 [   15.063    10.5   -2053.875] [   1.7   327.32    1.36]
-18.133057 [   14.813     9.875 -2053.562] [   1.61  327.27    1.38]
-18.235965 [-2033.187     9.25  -2053.625] [   1.5   327.28    1.38]
-18.338894 [   14.813     8.938 -2053.625] [   1.45  327.28    1.38]
-18.441909 [   14.75      8.875 -2053.937] [   1.43  327.33    1.37]
-18.544827 [   14.75      8.688 -2054.125] [  1.20000000e-01   3.27370000e+02   1.36000000e+00]
-18.647741 [   14.688     8.375 -2054.375] [  7.00000000e-02   3.27410000e+02   1.35000000e+00]
-18.750477 [   14.625     8.125 -2054.5  ] [  2.00000000e-02   3.27430000e+02   1.34000000e+00]
-18.854495 [   14.625     7.813 -2054.562] [ -2.00000000e-02   3.27440000e+02   1.34000000e+00]
-18.957599 [   14.563     7.563 -2054.5  ] [ -8.00000000e-02   3.27420000e+02   1.34000000e+00]
-19.06138 [   14.438     7.    -2054.312] [ -1.70000000e-01   3.27400000e+02   1.34000000e+00]
-19.16537 [   14.25      6.688 -2054.062] [ -2.20000000e-01   3.27350000e+02   1.35000000e+00]
-19.268486 [   14.188     6.188 -2053.812] [ -3.10000000e-01   3.27300000e+02   1.36000000e+00]
-19.371643 [   14.063     5.5   -2053.562] [  -0.42  327.26    1.36]
-19.476697 [   13.938     4.938 -2053.437] [  -0.52  327.24    1.36]
-19.57933 [   13.813  2052.375 -2053.437] [  -0.62  327.24    1.35]
-19.682491 [   14.125    -4.187 -2053.187] [  -0.72  327.19    1.35]
-19.78537 [   14.188     3.    -2053.687] [ 326.84  327.27    1.33]
-19.88826 [   14.        2.625 -2054.562] [  -0.92  327.42    1.29]
-19.992217 [   13.938     2.438 -2055.437] [  -0.95  327.56    1.25]
-20.095772 [   13.688     2.5   -2056.125] [  -0.94  327.68    1.22]
-20.199254 [    5.438     2.5   -2056.875] [  -0.93  327.8     1.19]
-20.302276 [   13.25      2.563 -2057.875] [  -0.93  327.97    1.14]
-20.406702 [   13.125     2.875 -2058.812] [  -0.88  328.12    1.1 ]
-20.509669 [   13.5       3.563 -2059.062] [  -0.76  328.17    1.1 ]
-20.61265 [   13.875     4.25  -2059.125] [  -0.64  328.18    1.11]
-20.717236 [   14.375     4.938 -2059.5  ] [  -0.53  328.24    1.1 ]
-20.820322 [    6.75      5.938 -2059.625] [  -0.35  328.27    1.1 ]
-20.923708 [   14.938     6.563 -2059.812] [ -2.40000000e-01   3.28300000e+02   1.09000000e+00]
-21.02969 [   15.125     7.313 -2059.687] [ -1.20000000e-01   3.28280000e+02   1.10000000e+00]
-21.132163 [   15.375     8.    -2059.437] [   0.    328.24    1.12]
-21.23521 [   15.625     8.875 -2059.062] [   1.43  328.18    1.14]
-21.338243 [   15.813     9.563 -2058.937] [   1.54  328.16    1.14]
-21.441178 [-2032.062    10.    -2058.75 ] [   1.62  328.13    1.15]
-21.544014 [    8.       10.313 -2058.25 ] [   1.68  328.05    1.18]
-21.647083 [    8.063    10.688 -2057.312] [   1.74  327.91    1.21]
-21.750551 [    8.063    10.688 -2056.5  ] [   1.74  327.75    1.26]
-21.853897 [   15.875    10.563 -2055.562] [   1.71  327.6     1.3 ]
-21.958544 [    8.938    10.25  -2055.062] [   0.39  327.53    1.32]
-22.063051 [    9.375    10.188 -2054.562] [   1.66  327.44    1.34]
-22.167109 [    9.313    10.    -2054.25 ] [   1.62  327.39    1.35]
-22.270579 [    9.375     9.438 -2053.937] [   1.52  327.33    1.36]
-22.373369 [    9.5       8.75  -2053.437] [  1.30000000e-01   3.27250000e+02   1.38000000e+00]
-22.478001 [    9.313     8.625 -2053.75 ] [  1.00000000e-01   3.27280000e+02   1.37000000e+00]
-22.581644 [    9.188     8.563 -2054.375] [  1.00000000e-01   3.27410000e+02   1.35000000e+00]
-22.684045 [    8.813     8.438 -2054.625] [  7.00000000e-02   3.27450000e+02   1.34000000e+00]
-22.787029 [    8.188     8.188 -2055.   ] [  3.00000000e-02   3.27500000e+02   1.32000000e+00]
-22.889412 [   15.938     8.    -2055.   ] [   0.    327.51    1.32]
-22.993378 [   15.813     7.875 -2055.187] [ -2.00000000e-02   3.27540000e+02   1.32000000e+00]
-23.096051 [   15.875     7.75  -2055.125] [ -5.00000000e-02   3.27530000e+02   1.32000000e+00]
-23.198734 [    8.063     7.25  -2055.312] [ -1.30000000e-01   3.27560000e+02   1.31000000e+00]
-23.301033 [   15.938     6.813 -2055.437] [ -2.00000000e-01   3.27570000e+02   1.30000000e+00]
-23.40331 [    7.875     6.188 -2055.   ] [ -3.10000000e-01   3.27510000e+02   1.31000000e+00]
-23.506824 [   15.625     5.563 -2054.812] [  -0.42  327.47    1.32]
-23.611093 [   15.625     5.313 -2054.875] [  -0.46  327.48    1.31]
-23.714032 [   15.75      5.25  -2055.062] [  -0.47  327.52    1.3 ]
-23.815986 [   15.438     4.563 -2054.687] [  -0.58  327.45    1.31]
-23.919204 [   15.313     3.313 -2054.625] [  -0.8   327.43    1.3 ]
-24.022045 [   15.125     2.75  -2055.125] [  -0.9   327.52    1.26]
-24.123933 [   15.25      2.438 -2055.687] [  -0.95  327.61    1.24]
-24.225594 [    7.5       2.375 -2056.062] [  -0.96  327.67    1.22]
-24.328247 [    7.625     2.25  -2056.5  ] [  -0.98  327.74    1.2 ]
-24.431552 [   15.688     2.125 -2057.437] [  -1.01  327.88    1.16]
-24.533938 [   15.375     2.375 -2058.375] [  -0.96  328.05    1.11]
-24.635675 [   15.5       3.063 -2058.75 ] [  -0.84  328.11    1.11]
-24.737147 [   15.813     3.813 -2058.937] [  -0.72  328.15    1.11]
-24.838809 [   15.875     4.688 -2059.25 ] [  -0.56  328.2     1.11]
-24.9404 [    8.        5.625 -2059.5  ] [  -0.41  328.24    1.1 ]
-25.042267 [    8.125     6.625 -2059.812] [ -2.50000000e-01   3.28290000e+02   1.09000000e+00]
-25.143964 [    8.25      7.25  -2059.937] [ -1.20000000e-01   3.28320000e+02   1.09000000e+00]
-25.245355 [    8.375     7.875 -2059.812] [ -2.00000000e-02   3.28300000e+02   1.10000000e+00]
-25.346752 [    8.563     8.875 -2059.562] [   1.43  328.26    1.11]
-25.448241 [    8.813     9.438 -2059.562] [   1.53  328.26    1.11]
-25.549898 [    9.063     9.813 -2059.062] [   1.6   328.18    1.14]
-25.651468 [    9.125    10.188 -2058.312] [   1.65  328.05    1.17]
-25.753142 [    9.125    10.5   -2057.5  ] [   1.7   327.94    1.21]
-25.85502 [    9.188    10.375 -2056.562] [   1.69  327.76    1.26]
-25.956751 [    9.313    10.375 -2055.75 ] [   1.69  327.63    1.29]
-26.058291 [    9.375    10.313 -2055.187] [   1.67  327.54    1.31]
-26.161063 [    9.438    10.313 -2054.875] [   1.68  327.49    1.33]
-26.264109 [    9.438    10.25  -2054.312] [   0.39  327.4     1.35]
-26.366249 [    9.375     9.938 -2054.062] [   1.61  327.35    1.36]
-26.467947 [    9.188     8.875 -2054.   ] [   1.43  327.34    1.36]
-26.570296 [    9.188     8.75  -2054.062] [  1.30000000e-01   3.27350000e+02   1.36000000e+00]
-26.673348 [    9.188     8.625 -2053.875] [  1.10000000e-01   3.27320000e+02   1.37000000e+00]
-26.779911 [    9.25      8.438 -2054.   ] [  8.00000000e-02   3.27340000e+02   1.36000000e+00]
-26.883067 [    9.188     8.125 -2054.375] [  3.00000000e-02   3.27400000e+02   1.35000000e+00]
-26.985766 [    9.188     7.813 -2054.625] [ -3.00000000e-02   3.27440000e+02   1.34000000e+00]
-27.087938 [    9.188     7.688 -2054.75 ] [ -6.00000000e-02   3.27460000e+02   1.33000000e+00]
-27.189251 [    9.25      7.563 -2054.687] [ -7.00000000e-02   3.27450000e+02   1.33000000e+00]
-27.290496 [    9.125     7.125 -2055.   ] [ -1.50000000e-01   3.27510000e+02   1.32000000e+00]
-27.391628 [    8.938     6.625 -2055.25 ] [ -2.40000000e-01   3.27550000e+02   1.31000000e+00]
-27.493143 [    8.813     6.25  -2055.562] [ -3.00000000e-01   3.27600000e+02   1.29000000e+00]
-27.594514 [    8.75      5.438 -2055.875] [  -0.44  327.65    1.27]
-27.696243 [    8.563     4.813 -2056.125] [  -0.54  327.68    1.26]
-27.798173 [    8.25   2052.25  -2056.562] [  -0.64  327.76    1.23]
-27.899956 [    8.        3.625 -2056.875] [  -0.75  327.81    1.21]
-28.001422 [   15.75      3.125 -2057.125] [  -0.84  327.84    1.19]
-28.10309 [   15.563     2.75  -2057.625] [  -0.89  327.93    1.16]
-28.204597 [   15.438     2.5   -2058.062] [  -0.94  328.      1.13]
-28.306775 [   15.375     2.375 -2058.75 ] [  -0.97  328.09    1.1 ]
-28.408941 [   15.313     2.625 -2059.5  ] [  -0.92  328.24    1.06]
-28.51055 [   15.375     2.438 -2060.25 ] [  -0.95  328.35    1.02]
-28.61224 [   15.313     2.375 -2060.812] [  -0.96  328.44    0.98]
-28.714388 [   15.375     2.938 -2061.437] [  -0.87  328.55    0.96]
-28.817355 [   15.625     3.938 -2062.   ] [  -0.71  328.64    0.94]
-28.919373 [   15.813     4.813 -2062.312] [  -0.54  328.7     0.93]
-29.022176 [    8.125     5.625 -2062.562] [  -0.41  328.74    0.93]
-29.127032 [    8.563     6.438 -2062.562] [ -2.80000000e-01   3.28740000e+02   9.30000000e-01]
-29.229963 [    8.75      7.188 -2062.437] [ -1.40000000e-01   3.28720000e+02   9.50000000e-01]
-29.332207 [    8.875     7.813 -2062.25 ] [ -3.00000000e-02   3.28690000e+02   9.60000000e-01]
-29.43568 [    8.938     8.625 -2061.875] [  1.10000000e-01   3.28630000e+02   9.80000000e-01]
-29.539696 [    9.063     9.625 -2061.187] [   1.56  328.52    1.02]
-29.642495 [    9.063    10.063 -2060.562] [   1.63  328.43    1.06]
-29.745192 [    9.188    10.5   -2060.   ] [   1.7   328.33    1.08]
-29.848075 [    9.125    10.625 -2059.375] [   1.73  328.23    1.12]
-29.951008 [    9.       10.688 -2058.187] [   1.74  328.04    1.18]
-30.055445 [    8.813    10.625 -2057.062] [   1.74  327.85    1.23]
-30.1584 [    8.5      10.625 -2056.062] [   1.73  327.7     1.27]
-30.261737 [    8.125    10.563 -2055.187] [   1.72  326.26    1.31]
-30.364563 [   15.813    10.563 -2054.625] [   1.72  327.45    1.33]
-30.468536 [   15.688    10.438 -2054.437] [   1.71  327.42    1.34]
-30.571941 [   15.438    10.125 -2054.375] [   1.64  327.4     1.35]
-30.674834 [   15.125     9.563 -2054.125] [  2.70000000e-01   3.27370000e+02   1.36000000e+00]
-30.778808 [   15.125     9.313 -2054.   ] [   1.51  327.35    1.36]
-30.882269 [   15.063     9.063 -2054.062] [   1.46  327.35    1.36]
-30.98539 [   14.688     7.313 -2054.125] [ -1.20000000e-01   3.27360000e+02   1.36000000e+00]
-31.091028 [   14.625     7.375 -2054.062] [ -1.10000000e-01   3.27360000e+02   1.36000000e+00]
-31.19394 [   14.625     7.375 -2054.187] [ -1.10000000e-01   3.27370000e+02   1.35000000e+00]
-31.296148 [   14.688     7.313 -2054.375] [ -1.20000000e-01   3.27400000e+02   1.35000000e+00]
-31.398488 [   14.688     7.125 -2054.625] [ -1.50000000e-01   3.27440000e+02   1.33000000e+00]
-31.50118 [   14.625     6.813 -2055.   ] [ -2.00000000e-01   3.27510000e+02   1.32000000e+00]
-31.604053 [   14.5       6.375 -2055.25 ] [ -2.80000000e-01   3.27550000e+02   1.30000000e+00]
-31.706774 [   14.438     5.875 -2055.562] [  -0.36  327.6     1.29]
-31.809448 [   14.313     5.438 -2055.875] [  -0.44  327.65    1.27]
-31.912378 [   14.25      4.875 -2056.5  ] [  -0.53  327.75    1.24]
-32.016521 [   13.938     3.938 -2057.25 ] [  -0.7   327.87    1.19]
-32.121263 [   13.813     3.313 -2057.625] [  -0.79  327.92    1.17]
-32.224793 [   13.813     2.875 -2058.125] [  -0.88  328.01    1.13]
-32.328104 [   13.813     2.688 -2058.687] [  -0.91  328.1     1.1 ]
-32.432515 [   13.813     2.688 -2059.375] [  -0.9   328.21    1.07]
-32.535357 [   13.875     2.688 -2060.062] [  -0.91  328.32    1.03]
-32.638767 [   13.875     2.688 -2060.687] [  -0.9   328.42    1.  ]
-32.743286 [   13.938     2.75  -2061.25 ] [  -0.89  328.51    0.97]
-32.845424 [   14.063     3.438 -2061.75 ] [  -0.78  328.6     0.95]
-32.946893 [   14.375     4.313 -2062.312] [  -0.63  328.69    0.93]
-33.048516 [   14.688     5.188 -2062.625] [  -0.48  328.74    0.92]
-33.150122 [   15.        5.938 -2062.812] [  -0.35  328.78    0.91]
-33.251611 [   15.313     6.688 -2062.875] [ -2.20000000e-01   3.28790000e+02   9.20000000e-01]
-33.353292 [   15.625     7.438 -2062.75 ] [ -1.00000000e-01   3.28780000e+02   9.30000000e-01]
-33.454638 [   15.75      8.188 -2062.312] [  3.00000000e-02   3.28710000e+02   9.60000000e-01]
-33.555954 [    8.063     9.    -2061.937] [   1.46  328.65    0.98]
-33.657633 [    8.25     10.    -2061.312] [   1.62  328.54    1.02]
-33.75919 [    8.25    10.25 -2060.75] [   1.66  328.45    1.05]
-33.860644 [    8.313    10.688 -2060.062] [   1.74  328.34    1.08]
-33.962243 [    8.125    10.875 -2059.375] [   1.77  328.23    1.12]
-34.064111 [    8.125    10.938 -2058.187] [   1.78  328.06    1.17]
-34.166127 [   15.938    10.875 -2057.125] [   1.78  327.86    1.23]
-34.267592 [   15.688    10.75  -2056.25 ] [   1.75  327.72    1.27]
-34.369019 [   15.375    10.75  -2055.437] [   1.75  327.58    1.3 ]
-34.472405 [    7.       10.688 -2054.75 ] [   1.74  327.47    1.33]
-34.575543 [   14.813    10.563 -2054.5  ] [   1.71  327.43    1.34]
-34.677478 [   14.5      10.188 -2054.187] [   1.65  327.38    1.35]
-34.778963 [    6.25      9.813 -2053.875] [   1.59  327.32    1.37]
-34.881257 [   14.125     9.563 -2053.562] [  2.70000000e-01   3.27270000e+02   1.38000000e+00]
-34.984467 [   13.625     7.938 -2053.312] [ -2.00000000e-02   3.27230000e+02   1.38000000e+00]
-35.086758 [   13.625     8.    -2053.312] [   0.    327.23    1.39]
-35.188191 [   13.625     8.    -2053.25 ] [   0.    327.22    1.39]
-35.289693 [   13.625     7.875 -2053.437] [ -3.00000000e-02   3.27250000e+02   1.38000000e+00]
-35.392556 [   13.75      7.625 -2053.687] [ -6.00000000e-02   3.27290000e+02   1.37000000e+00]
-35.495644 [   13.75      7.375 -2054.   ] [ -1.00000000e-01   3.27330000e+02   1.36000000e+00]
-35.5979 [   13.688     7.125 -2054.312] [ -1.50000000e-01   3.27390000e+02   1.35000000e+00]
-35.699128 [   13.563     6.563 -2054.562] [ -2.50000000e-01   3.27440000e+02   1.33000000e+00]
-35.800461 [   13.313    -2.062 -2054.875] [  -0.35  327.49    1.32]
-35.902045 [   13.25      5.5   -2055.125] [  -0.43  327.53    1.3 ]
-36.003646 [   13.188     4.813 -2055.625] [  -0.54  327.6     1.28]
-36.105241 [   13.125     4.125 -2056.062] [  -0.66  327.67    1.25]
-36.206946 [   13.063     3.625 -2056.562] [  -0.74  327.75    1.22]
-36.308636 [   12.938     2.938 -2057.187] [  -0.86  327.86    1.18]
-36.410339 [   12.938     2.688 -2057.75 ] [  -0.91  327.95    1.15]
-36.51319 [   13.        2.563 -2058.312] [  -0.92  328.04    1.12]
-36.615986 [   13.        2.375 -2059.125] [  -0.96  328.17    1.07]
-36.718782 [   13.        2.25  -2059.812] [  -0.98  328.28    1.04]
-36.82169 [   13.063     2.438 -2060.437] [  -0.95  328.38    1.01]
-36.925103 [   13.188     3.    -2061.   ] [  -0.85  328.47    0.99]
-37.030345 [   13.5     4.  -2061.5] [  -0.69  328.57    0.97]
-37.132847 [    5.688     4.75  -2061.875] [  -0.55  328.63    0.96]
-37.237174 [   14.        5.688 -2062.062] [  -0.41  328.66    0.96]
-37.34057 [   14.313     6.5   -2062.187] [ -2.50000000e-01   3.28680000e+02   9.60000000e-01]
-37.442772 [   14.563     7.313 -2062.125] [ -1.20000000e-01   3.28680000e+02   9.60000000e-01]
-37.546792 [   14.813     7.938 -2062.062] [ -1.00000000e-02   3.28660000e+02   9.70000000e-01]
-37.651078 [   15.063     8.813 -2061.812] [  1.40000000e-01   3.28620000e+02   9.90000000e-01]
-37.752658 [   15.125     9.5   -2061.312] [   1.53  328.54    1.02]
-37.854797 [   15.       10.125 -2060.687] [   1.64  328.44    1.05]
-37.956942 [   15.063    10.688 -2060.187] [   1.74  328.36    1.08]
-38.058944 [   14.938    10.875 -2059.562] [   1.77  328.26    1.11]
-38.164068 [   14.938    10.938 -2058.812] [   1.78  328.13    1.15]
-38.266191 [   14.75     10.813 -2057.437] [   1.76  327.91    1.21]
-38.368277 [   14.688    10.625 -2056.5  ] [   1.73  327.75    1.26]
-38.470635 [   14.5      10.563 -2055.437] [   1.72  327.59    1.3 ]
-38.573214 [   14.188    10.5   -2054.812] [   1.71  327.47    1.33]
-38.676048 [   14.063    10.5   -2054.5  ] [   1.71  327.43    1.34]
-38.779778 [   13.813    10.188 -2054.25 ] [   1.67  327.38    1.35]
-38.882515 [   13.563     9.938 -2053.875] [   1.61  327.32    1.37]
-38.984661 [    5.        8.125 -2053.437] [  3.00000000e-02   3.27250000e+02   1.38000000e+00]
-39.088036 [    4.875     8.313 -2053.312] [  5.00000000e-02   3.27220000e+02   1.39000000e+00]
-39.191117 [   12.875     8.313 -2053.062] [  5.00000000e-02   3.27190000e+02   1.39000000e+00]
-39.29335 [   12.875     8.25  -2053.062] [  4.00000000e-02   3.27180000e+02   1.40000000e+00]
-39.395369 [   12.938     8.063 -2053.25 ] [  1.00000000e-02   3.27220000e+02   1.39000000e+00]
-39.498536 [    4.938     7.813 -2053.562] [ -3.00000000e-02   3.27270000e+02   1.38000000e+00]
-39.6017 [   12.938     7.5   -2053.937] [ -8.00000000e-02   3.27330000e+02   1.36000000e+00]
-39.707087 [   12.875     7.188 -2054.25 ] [ -1.40000000e-01   3.27390000e+02   1.35000000e+00]
-39.808853 [   12.688     6.625 -2054.562] [ -2.40000000e-01   3.27440000e+02   1.33000000e+00]
-39.910502 [   12.5       6.063 -2054.812] [  -0.33  327.48    1.32]
-40.013176 [   12.438     5.563 -2055.187] [  -0.41  327.53    1.3 ]
-40.115498 [   12.313     4.938 -2055.562] [  -0.53  327.6     1.28]
-40.217627 [   12.188     4.313 -2048.062] [  -0.63  327.67    1.25]
-40.319441 [   12.125     3.813 -2056.5  ] [  -0.72  327.74    1.22]
-40.421268 [    3.938     3.125 -2057.125] [  -0.84  327.85    1.18]
-40.523791 [   12.        2.875 -2057.687] [  -0.88  327.94    1.16]
-40.626016 [   12.063     2.688 -2058.375] [  -0.91  328.05    1.12]
-40.728304 [   12.063     2.5   -2059.125] [  -0.94  328.17    1.08]
-40.832237 [   12.063     2.375 -2059.875] [  -0.96  328.29    1.04]
-40.935212 [   12.125     2.563 -2060.437] [  -0.93  328.39    1.01]
-41.03742 [   12.375     3.188 -2061.   ] [  -0.83  328.47    0.99]
-41.141226 [    4.75      4.    -2061.437] [  -0.68  328.55    0.98]
-41.244519 [   13.        5.    -2061.875] [  -0.52  328.62    0.96]
-41.346728 [   13.25     5.75 -2062.  ] [  -0.39  328.65    0.96]
-41.449497 [   13.688     6.75  -2062.062] [ -2.20000000e-01   3.28670000e+02   9.60000000e-01]
-41.553057 [   13.938     7.5   -2062.   ] [ -9.00000000e-02   3.28660000e+02   9.70000000e-01]
-41.655926 [   14.125     8.    -2061.875] [   0.    328.63    0.98]
-41.757986 [   14.375     8.813 -2061.562] [  1.40000000e-01   3.28580000e+02   1.00000000e+00]
-41.859677 [   14.375     9.438 -2061.   ] [   1.53  328.49    1.04]
-41.96163 [   14.375    10.125 -2060.312] [   1.65  328.39    1.07]
-42.063941 [   14.5      10.563 -2059.687] [   1.72  328.3     1.1 ]
-42.166104 [   14.375    10.75  -2059.062] [   1.75  328.17    1.14]
-42.268207 [   14.313    10.813 -2057.062] [   1.76  327.85    1.23]
-42.370071 [   14.313    11.    -2055.25 ] [   1.79  327.55    1.31]
-42.471966 [   14.25    11.   -2055.  ] [   1.79  327.51    1.32]
-42.573962 [   14.       10.938 -2054.625] [   1.78  327.45    1.33]
-42.676596 [   13.688    10.75  -2054.187] [   1.76  327.38    1.35]
-42.778791 [   13.438    10.688 -2054.062] [   1.74  327.35    1.36]
-42.880593 [   13.125    10.313 -2053.812] [   1.68  327.31    1.37]
-42.984576 [   12.75      9.813 -2053.437] [   1.6   327.25    1.38]
-43.088417 [   12.375     8.375 -2053.125] [  7.00000000e-02   3.27200000e+02   1.39000000e+00]
-43.190365 [   12.25     8.25 -2053.  ] [  4.00000000e-02   3.27170000e+02   1.40000000e+00]
-43.293868 [    4.25      8.25  -2052.937] [  4.00000000e-02   3.27170000e+02   1.40000000e+00]
-43.397108 [   12.25      8.188 -2052.875] [  4.00000000e-02   3.27150000e+02   1.40000000e+00]
-43.499053 [   12.25      8.125 -2053.062] [  2.00000000e-02   3.27180000e+02   1.40000000e+00]
-43.60062 [   12.25      7.813 -2053.375] [ -3.00000000e-02   3.27240000e+02   1.38000000e+00]
-43.70397 [   12.25     7.5  -2045.75] [ -9.00000000e-02   3.27300000e+02   1.37000000e+00]
-43.807208 [   12.188     7.188 -2054.125] [ -1.40000000e-01   3.27350000e+02   1.36000000e+00]
-43.909198 [   12.        6.625 -2054.437] [ -2.40000000e-01   3.27410000e+02   1.34000000e+00]
-44.010842 [   11.875     6.    -2054.625] [  -0.34  327.45    1.33]
-44.113164 [   11.813     5.5   -2054.937] [  -0.42  327.49    1.31]
-44.216047 [   11.75      4.813 -2055.375] [  -0.54  327.56    1.29]
-44.318316 [   11.688     4.25  -2055.937] [  -0.64  327.66    1.25]
-44.420589 [   11.563     3.625 -2056.437] [  -0.75  327.73    1.23]
-44.522533 [   11.438     3.063 -2056.937] [  -0.84  327.82    1.19]
-44.624793 [   11.438     2.813 -2057.5  ] [  -0.89  327.91    1.16]
-44.726781 [   11.438     2.5   -2058.125] [  -0.94  328.01    1.13]
-44.829442 [   11.5       2.313 -2059.062] [  -0.98  328.16    1.08]
-44.931749 [   11.5       2.25  -2059.687] [  -0.99  328.26    1.04]
-45.034661 [   11.625     2.438 -2060.25 ] [  -0.95  328.35    1.02]
-45.138201 [   11.938     3.188 -2060.812] [  -0.84  328.44    1.  ]
-45.240892 [   12.313     3.875 -2061.25 ] [  -0.7   328.53    0.98]
-45.343052 [   12.75      4.75  -2061.625] [  -0.55  328.59    0.97]
-45.446393 [   13.125     5.625 -2061.812] [  -0.4   328.62    0.97]
-45.54972 [   13.375     6.313 -2061.875] [ -2.90000000e-01   3.28630000e+02   9.70000000e-01]
-45.654521 [   13.813     7.188 -2061.812] [ -1.40000000e-01   3.28620000e+02   9.80000000e-01]
-45.757663 [   14.125     7.938 -2061.687] [ -2.00000000e-02   3.28600000e+02   9.90000000e-01]
-45.860679 [   14.438     8.688 -2061.312] [  1.20000000e-01   3.28540000e+02   1.02000000e+00]
-45.96298 [   14.375     9.313 -2060.812] [   1.51  328.46    1.05]
-46.065232 [   14.438    10.125 -2060.125] [   0.36  328.36    1.08]
-46.167325 [   14.438    10.5   -2059.625] [   1.71  328.27    1.11]
-46.269459 [   14.25     10.688 -2058.812] [   1.74  328.16    1.14]
-46.37147 [   14.188    10.688 -2057.875] [   1.74  327.98    1.19]
-46.473617 [   14.       10.563 -2056.75 ] [   1.72  327.79    1.25]
-46.575705 [   13.875    10.438 -2055.812] [   1.7   327.64    1.29]
-46.678234 [   13.75     10.375 -2055.   ] [   1.69  327.51    1.32]
-46.780098 [   13.375    10.25  -2054.375] [   1.67  327.41    1.35]
-46.882891 [   13.188    10.188 -2054.125] [   1.66  327.36    1.36]
-46.985128 [   12.875     9.938 -2053.812] [   1.61  327.31    1.37]
-47.087524 [   12.688     9.625 -2053.437] [   1.56  327.25    1.38]
-47.193104 [   12.25      8.125 -2053.062] [  2.00000000e-02   3.27190000e+02   1.39000000e+00]
-47.295471 [   12.        8.    -2052.875] [   0.    327.15    1.4 ]
-47.400104 [   12.        7.938 -2052.875] [ -1.00000000e-02   3.27150000e+02   1.40000000e+00]
-47.503355 [   12.        7.938 -2052.875] [ -1.00000000e-02   3.27150000e+02   1.40000000e+00]
-47.605631 [   12.063     7.875 -2053.062] [ -2.00000000e-02   3.27180000e+02   1.39000000e+00]
-47.708867 [   12.063     7.563 -2053.437] [ -7.00000000e-02   3.27240000e+02   1.38000000e+00]
-47.812793 [   12.063     7.313 -2053.687] [ -1.10000000e-01   3.27290000e+02   1.37000000e+00]
-47.915598 [   12.        7.125 -2054.   ] [ -1.50000000e-01   3.27340000e+02   1.36000000e+00]
-48.019175 [   11.875     6.563 -2054.437] [ -2.50000000e-01   3.27410000e+02   1.34000000e+00]
-48.121366 [   11.625     5.938 -2054.687] [  -0.36  327.45    1.32]
-48.224173 [   11.563     5.5   -2055.   ] [  -0.43  327.5     1.31]
-48.32684 [   11.438     4.875 -2055.375] [  -0.53  327.57    1.29]
-48.435954 [    3.375     4.25  -2055.937] [  -0.64  327.65    1.26]
-48.539264 [   11.25      3.625 -2056.312] [  -0.74  327.72    1.23]
-48.643869 [   11.188     3.063 -2056.937] [  -0.84  327.81    1.19]
-48.747119 [   11.188     2.813 -2057.5  ] [  -0.89  327.9     1.16]
-48.850801 [   11.188     2.625 -2058.062] [  -0.92  328.      1.13]
-48.955324 [   11.188     2.375 -2059.   ] [  -0.96  328.15    1.08]
-49.058825 [    3.25      2.25  -2059.625] [  -0.99  328.25    1.05]
-49.163461 [   11.313     2.438 -2060.312] [  -0.96  328.35    1.02]
-49.266952 [   11.5       3.063 -2060.875] [  -0.84  328.45    0.99]
-49.369754 [   11.938     3.938 -2061.5  ] [  -0.69  328.56    0.97]
-49.472593 [   12.188     4.688 -2061.812] [  -0.57  328.62    0.96]
-49.575414 [   12.625     5.438 -2061.937] [  -0.43  328.64    0.96]
-49.678228 [   13.063     6.25  -2062.   ] [ -3.00000000e-01   3.28650000e+02   9.60000000e-01]
-49.780572 [   13.438     7.125 -2061.875] [ -1.50000000e-01   3.28640000e+02   9.80000000e-01]
-49.883167 [   13.688     7.75  -2061.812] [ -4.00000000e-02   3.28620000e+02   9.90000000e-01]
-49.985972 [   14.063     8.625 -2061.5  ] [  1.10000000e-01   3.28570000e+02   1.01000000e+00]
-50.089162 [    6.063     9.313 -2060.875] [   1.5   328.47    1.04]
-50.193864 [   14.125    10.125 -2060.187] [   1.63  328.37    1.08]
-50.297255 [   14.125    10.5   -2059.625] [   1.71  328.27    1.1 ]
-50.399999 [   14.       10.563 -2058.937] [   1.72  328.15    1.14]
-50.503715 [   13.938    10.563 -2057.937] [   1.72  328.01    1.19]
-50.607674 [   13.813    10.438 -2056.812] [   1.7   327.81    1.24]
-50.710414 [   13.625    10.438 -2055.875] [   1.69  327.65    1.28]
-50.814451 [   13.25     10.438 -2054.875] [   1.69  327.5     1.32]
-50.918545 [   12.938    10.438 -2054.25 ] [   1.7   327.38    1.35]
-51.022224 [   12.813    10.438 -2054.062] [   1.7   327.35    1.36]
-51.125764 [   12.438     9.625 -2053.812] [   0.33  327.32    1.37]
-51.228576 [   11.688     8.563 -2053.187] [  1.00000000e-01   3.27200000e+02   1.39000000e+00]
-51.33055 [   11.5       8.625 -2052.687] [  1.00000000e-01   3.27130000e+02   1.41000000e+00]
-51.431942 [   11.688     9.688 -2052.187] [   1.57  327.04    1.42]
-51.533952 [   11.688     9.563 -2052.25 ] [   1.55  327.05    1.42]
-51.639373 [   11.625     9.125 -2052.437] [   1.47  327.08    1.42]
-51.741584 [    3.5       7.688 -2052.687] [ -5.00000000e-02   3.27120000e+02   1.41000000e+00]
-51.845064 [    3.5       7.625 -2053.125] [ -6.00000000e-02   3.27190000e+02   1.39000000e+00]
-51.948009 [   11.5       7.438 -2053.562] [ -9.00000000e-02   3.27260000e+02   1.38000000e+00]
-52.050047 [   11.5       7.063 -2054.25 ] [ -1.60000000e-01   3.27380000e+02   1.35000000e+00]
-52.152279 [    3.375     6.5   -2054.375] [ -2.60000000e-01   3.27400000e+02   1.34000000e+00]
-52.255349 [    3.313     5.938 -2054.625] [  -0.36  327.44    1.33]
-52.358622 [   11.188     5.375 -2054.875] [  -0.45  327.49    1.31]
-52.460824 [   11.063     4.813 -2055.25 ] [  -0.55  327.55    1.29]
-52.5628 [    3.        4.25  -2055.687] [  -0.64  327.62    1.26]
-52.66599 [   10.938     3.625 -2056.125] [  -0.75  327.69    1.24]
-52.769332 [   10.875     3.    -2056.75 ] [  -0.86  327.79    1.2 ]
-52.87136 [   10.875     2.75  -2057.312] [  -0.9   327.88    1.17]
-52.973836 [   10.875     2.5   -2057.937] [  -0.94  327.98    1.14]
-53.076249 [   10.938     2.25  -2058.812] [  -0.98  328.12    1.09]
-53.181119 [   11.        2.125 -2059.5  ] [  -1.    328.23    1.05]
-53.283462 [   11.188     2.375 -2060.062] [  -0.96  328.33    1.02]
-53.385425 [   11.625     3.    -2060.625] [  -0.85  328.42    1.01]
-53.488211 [   12.188     3.875 -2061.125] [  -0.72  328.5     0.99]
-53.590856 [   12.688     4.563 -2061.5  ] [  -0.58  328.57    0.98]
-53.693954 [   13.188     5.313 -2061.687] [  -0.46  328.59    0.98]
-53.797164 [    5.625     6.063 -2061.75 ] [  -0.33  328.61    0.98]
-53.900536 [   14.063     7.    -2061.562] [ -1.70000000e-01   3.28590000e+02   1.00000000e+00]
-54.002092 [   14.313     7.75  -2061.375] [ -4.00000000e-02   3.28550000e+02   1.01000000e+00]
-54.105076 [   14.5       8.5   -2061.062] [  9.00000000e-02   3.28500000e+02   1.03000000e+00]
-54.208398 [   14.563     9.25  -2060.437] [  2.10000000e-01   3.28410000e+02   1.06000000e+00]
-54.311173 [   14.5       9.938 -2059.875] [   1.61  328.31    1.09]
-54.413279 [   14.5      10.375 -2059.312] [   1.68  328.22    1.12]
-54.515515 [   14.375    10.563 -2058.687] [   1.72  328.12    1.15]
-54.619183 [   14.188    10.625 -2057.625] [   0.45  327.96    1.2 ]
-54.725934 [   14.       10.563 -2056.5  ] [   1.72  327.76    1.26]
-54.828537 [   13.813    10.5   -2055.625] [   1.7   327.61    1.3 ]
-54.931483 [   13.625    10.375 -2054.625] [   1.69  327.46    1.33]
-55.034577 [   13.5      10.375 -2054.125] [   1.68  327.37    1.35]
-55.136812 [   13.313    10.25  -2054.   ] [   1.67  327.34    1.36]
-55.238971 [   13.      10.   -2053.75] [   1.62  327.3     1.37]
-55.341114 [   12.75      9.438 -2053.375] [   1.56  327.24    1.38]
-55.443479 [   12.125     8.25  -2052.937] [  5.00000000e-02   3.27160000e+02   1.40000000e+00]
-55.545376 [   12.25      9.313 -2052.25 ] [   1.51  327.05    1.42]
-55.648547 [   -5.875     8.813 -2041.687] [   1.5   327.04    1.42]
-55.752195 [   12.188     9.125 -2052.312] [  2.00000000e-01   3.27050000e+02   1.42000000e+00]
-55.854275 [   12.188     9.    -2052.437] [   1.45  327.08    1.42]
-55.956735 [   12.188     8.813 -2053.375] [  1.30000000e-01   3.27230000e+02   1.39000000e+00]
-56.060272 [   12.125     8.25  -2053.687] [  5.00000000e-02   3.27290000e+02   1.37000000e+00]
-56.164068 [   11.813     7.188 -2054.   ] [ -1.40000000e-01   3.27340000e+02   1.36000000e+00]
-56.266497 [    3.5       6.5   -2054.312] [ -2.60000000e-01   3.27390000e+02   1.34000000e+00]
-56.369946 [   11.25      5.938 -2054.562] [  -0.36  327.43    1.33]
-56.473934 [   11.125     5.375 -2054.812] [  -0.45  327.47    1.32]
-56.576583 [   11.        4.875 -2055.125] [-0.54 -0.16  1.3 ]
-56.679378 [    2.938     4.313 -2055.562] [  -0.63  327.59    1.27]
-56.782171 [   10.813     3.625 -2056.062] [  -0.74  327.67    1.24]
-56.885023 [   10.75      3.063 -2056.687] [  -0.84  327.77    1.21]
-56.987908 [   10.688     2.813 -2057.187] [  -0.89  327.85    1.18]
-57.091947 [   10.688     2.5   -2057.812] [  -0.94  327.96    1.14]
-57.194493 [   10.75      2.313 -2058.75 ] [  -0.97  328.1     1.09]
-57.296823 [   10.75      2.188 -2059.437] [  -0.99  328.22    1.06]
-57.399025 [    2.875     2.438 -2060.   ] [  -0.94  328.31    1.03]
-57.503139 [   11.25      3.25  -2060.625] [  -0.82  328.41    1.01]
-57.6061 [   11.75     4.   -2061.  ] [  -0.69  328.49    1.  ]
-57.710653 [   12.188     4.688 -2061.375] [  -0.57  328.54    0.99]
-57.814367 [   12.688     5.5   -2061.625] [  -0.44  328.58    0.98]
-57.916857 [   13.125     6.125 -2061.687] [ -3.20000000e-01   3.28600000e+02   9.80000000e-01]
-58.018927 [   13.625     7.125 -2061.562] [ -1.50000000e-01   3.28580000e+02   1.00000000e+00]
-58.122348 [    5.938     8.    -2061.437] [   0.    328.56    1.01]
-58.226214 [   14.063     8.75  -2061.062] [  1.20000000e-01   3.28500000e+02   1.03000000e+00]
-58.328257 [   14.188     9.313 -2060.5  ] [   1.51  328.41    1.06]
-58.430048 [   14.188    10.    -2059.875] [   1.62  328.31    1.1 ]
-58.532111 [   14.188    10.313 -2059.375] [   1.68  328.23    1.12]
-58.634318 [   14.063    10.5   -2058.687] [   1.71  328.11    1.15]
-58.736296 [   13.875    10.563 -2057.625] [   1.72  327.94    1.21]
-58.838193 [   13.5      10.5   -2056.437] [   1.71  327.74    1.26]
-58.94064 [   13.125    10.375 -2055.5  ] [   1.69  327.6     1.3 ]
-59.044002 [   12.875    10.375 -2054.625] [   1.69  327.45    1.33]
-59.147147 [   12.563    10.313 -2054.   ] [   1.68  327.35    1.36]
-59.249916 [   12.438    10.25  -2053.875] [   1.67  327.32    1.36]
-59.353161 [   12.188    10.063 -2053.625] [   1.63  327.28    1.37]
-59.457636 [   12.063     9.813 -2053.25 ] [   1.59  327.22    1.39]
-59.560543 [   11.438     7.938 -2052.875] [ -1.00000000e-02   3.27160000e+02   1.40000000e+00]
-59.668008 [   11.25      8.063 -2052.562] [  1.00000000e-02   3.27100000e+02   1.41000000e+00]
-59.770239 [   11.25      8.063 -2052.562] [  1.00000000e-02   3.27100000e+02   1.41000000e+00]
-59.872822 [    3.25      8.    -2052.562] [   0.    327.1     1.41]
-59.977362 [   11.313     7.938 -2052.75 ] [ -1.00000000e-02   3.27130000e+02   1.41000000e+00]
-60.081607 [   11.375     7.813 -2053.062] [ -3.00000000e-02   3.27180000e+02   1.39000000e+00]
-60.18393 [   11.313     7.5   -2053.375] [ -8.00000000e-02   3.27230000e+02   1.38000000e+00]
-60.286149 [   11.313     7.125 -2053.812] [ -1.50000000e-01   3.27300000e+02   1.37000000e+00]
-60.388965 [   11.125     6.563 -2054.125] [ -2.50000000e-01   3.27360000e+02   1.35000000e+00]
-60.49126 [   10.875     5.938 -2054.437] [  -0.35  327.41    1.33]
-60.594397 [   10.75      5.438 -2054.625] [  -0.44  327.45    1.32]
-60.697293 [   10.625     4.875 -2055.125] [  -0.52  327.52    1.3 ]
-60.800318 [   10.625     4.313 -2055.625] [  -0.63  327.61    1.27]
-60.903647 [   10.5       3.688 -2056.062] [  -0.74  327.67    1.24]
-61.007612 [   10.438     3.    -2056.625] [  -0.84  327.76    1.21]
-61.112032 [   10.438     2.688 -2057.187] [  -0.91  327.86    1.17]
-61.21546 [    2.438     2.438 -2057.75 ] [  -0.95  327.95    1.14]
-61.320235 [   10.438     2.25  -2058.687] [  -0.99  328.1     1.09]
-61.422969 [   10.5       2.125 -2059.437] [  -1.    328.22    1.05]
-61.527376 [   10.688     2.438 -2060.125] [  -0.96  328.32    1.03]
-61.631962 [   11.063     3.063 -2060.625] [  -0.85  328.41    1.01]
-61.734654 [   11.625     3.813 -2061.   ] [  -0.72  328.48    1.  ]
-61.83765 [    4.125     4.438 -2061.437] [  -0.61  328.56    0.98]
-61.940558 [   12.625     5.188 -2061.625] [  -0.48  328.59    0.98]
-62.044296 [   13.063     5.875 -2061.687] [  -0.36  328.6     0.98]
-62.147359 [   13.438     6.625 -2061.562] [ -2.30000000e-01   3.28580000e+02   1.00000000e+00]
-62.249906 [   13.75      7.5   -2061.375] [ -9.00000000e-02   3.28550000e+02   1.01000000e+00]
-62.352752 [   14.063     8.313 -2061.   ] [  6.00000000e-02   3.28490000e+02   1.03000000e+00]
-62.45496 [   14.125     9.    -2060.437] [   1.45  328.4     1.07]
-62.559545 [   14.25      9.813 -2059.625] [   1.58  328.28    1.11]
-62.663145 [   14.188    10.188 -2059.187] [   1.66  328.19    1.13]
-62.766301 [    6.063    10.375 -2058.562] [   1.68  328.1     1.16]
-62.870771 [   14.       10.438 -2057.5  ] [   0.42  327.93    1.21]
-62.974101 [ 13.625  10.375  -8.437] [   1.68  327.75    1.26]
-63.077867 [   13.125    10.313 -2055.5  ] [   1.68  327.59    1.3 ]
-63.182396 [   12.625    10.313 -2054.562] [   1.67  327.44    1.34]
-63.28533 [   12.313    10.25  -2053.875] [   1.67  327.32    1.36]
-63.388053 [   12.188    10.25  -2053.687] [   1.67  327.29    1.37]
-63.490685 [   12.063    10.188 -2053.437] [   1.66  327.25    1.38]
-63.593671 [   11.938     9.75  -2053.187] [   1.58  327.2     1.39]
-63.696549 [   11.313     7.875 -2052.437] [ -2.00000000e-02   3.27080000e+02   1.41000000e+00]
-63.798823 [   11.25      9.063 -2052.   ] [   1.46  327.      1.43]
-63.901637 [   11.125     9.125 -2051.5  ] [   1.48  326.92    1.44]
-64.004829 [   11.063     8.875 -2051.875] [   1.43  326.99    1.43]
-64.108643 [   11.063     8.813 -2052.625] [  1.30000000e-01   3.27110000e+02   1.41000000e+00]
-64.212731 [   11.063     8.625 -2052.75 ] [  1.10000000e-01   3.27130000e+02   1.41000000e+00]
-64.315402 [   10.938     8.313 -2053.375] [  5.00000000e-02   3.27230000e+02   1.39000000e+00]
-64.418261 [   10.688     7.313 -2053.625] [ -1.20000000e-01   3.27280000e+02   1.37000000e+00]
-64.522122 [   10.438     6.563 -2053.875] [ -2.40000000e-01   3.27320000e+02   1.36000000e+00]
-64.625352 [   10.25      5.938 -2054.125] [  -0.35  327.36    1.35]
-64.728554 [   10.063     5.375 -2054.437] [  -0.45  327.41    1.33]
-64.83285 [   10.        4.75  -2054.937] [  -0.54  327.48    1.31]
-64.93654 [   10.        4.25  -2055.375] [  -0.64  327.56    1.28]
-65.040544 [    9.938     3.625 -2055.812] [  -0.75  327.64    1.25]
-65.143409 [    9.813     2.938 -2056.5  ] [  -0.85  327.74    1.21]
-65.246503 [    9.813     2.563 -2057.062] [  -0.93  327.83    1.18]
-65.349338 [    9.875     2.313 -2057.687] [  -0.97  327.93    1.15]
-65.452173 [    9.938     2.188 -2058.562] [  -1.    328.07    1.1 ]
-65.555044 [   10.        2.313 -2059.375] [  -0.97  328.21    1.06]
-65.657914 [   10.125     2.688 -2059.812] [  -0.91  328.28    1.05]
-65.760795 [   10.563     3.313 -2060.312] [  -0.8   328.37    1.03]
-65.864346 [   11.125     3.938 -2060.875] [  -0.7   328.45    1.01]
-65.966595 [   11.688     4.563 -2061.187] [  -0.59  328.52    1.  ]
-66.068335 [   12.188     5.125 -2061.375] [  -0.49  328.55    0.99]
-66.170365 [    4.625     5.875 -2061.437] [  -0.36  328.56    1.  ]
-66.273632 [   13.125     6.938 -2061.312] [ -2.00000000e-01   3.28540000e+02   1.01000000e+00]
-66.375911 [   13.438     7.875 -2061.187] [ -2.00000000e-02   3.28520000e+02   1.02000000e+00]
-66.477432 [   13.5       8.625 -2060.75 ] [  1.00000000e-01   3.28450000e+02   1.05000000e+00]
-66.578813 [   13.563     9.125 -2060.25 ] [   1.48  328.37    1.08]
-66.681207 [    5.625     9.813 -2059.625] [   1.59  328.27    1.11]
-66.784816 [   13.563    10.25  -2059.   ] [   1.67  328.18    1.14]
-66.887423 [   13.313    10.5   -2058.375] [   1.71  328.07    1.17]
-66.988864 [   13.188    10.563 -2057.312] [   1.71  327.9     1.22]
-67.090537 [   12.875    10.5   -2056.187] [   1.7   327.71    1.27]
-67.19213 [   12.5      10.438 -2055.25 ] [   1.69  327.55    1.31]
-67.293866 [   12.25     10.313 -2054.312] [   1.68  327.39    1.35]
-67.395586 [   12.       10.25  -2053.687] [   1.66  327.29    1.37]
-67.497432 [   11.875    10.188 -2053.562] [   1.66  327.27    1.38]
-67.599016 [   11.688    10.    -2053.25 ] [   1.62  327.22    1.39]
-67.700479 [   11.688     9.875 -2052.875] [   1.6   327.15    1.4 ]
-67.802044 [   11.063     8.    -2052.375] [   0.    327.07    1.42]
-67.903725 [    2.688     7.688 -2052.125] [ -5.00000000e-02   3.27020000e+02   1.43000000e+00]
-68.006765 [   10.688     7.688 -2052.125] [ -6.00000000e-02   3.27030000e+02   1.42000000e+00]
-68.108783 [   10.688     7.688 -2052.187] [ -6.00000000e-02   3.27040000e+02   1.42000000e+00]
-68.210107 [   10.688     7.563 -2052.312] [ -7.00000000e-02   3.27060000e+02   1.42000000e+00]
-68.311952 [    2.75      7.313 -2053.   ] [ -1.20000000e-01   3.27180000e+02   1.39000000e+00]
-68.415187 [    2.75      7.188 -2053.312] [ -1.40000000e-01   3.27220000e+02   1.38000000e+00]
-68.519074 [   10.688     7.    -2053.562] [ -1.70000000e-01   3.27270000e+02   1.37000000e+00]
-68.621498 [   10.5       6.625 -2053.875] [ -2.40000000e-01   3.27320000e+02   1.36000000e+00]
-68.724813 [    2.313     5.938 -2054.062] [  -0.36  327.35    1.35]
-68.829442 [   10.125     5.188 -2054.375] [  -0.48  327.4     1.33]
-68.932245 [   10.063     4.688 -2054.875] [  -0.57  327.48    1.3 ]
-69.038248 [   10.        4.25  -2055.437] [  -0.63  327.56    1.28]
-69.142533 [    9.938     3.563 -2055.937] [  -0.76  327.65    1.25]
-69.245602 [    9.813     3.    -2056.437] [  -0.86  327.74    1.21]
-69.348222 [    9.813     2.625 -2057.   ] [  -0.92  327.83    1.18]
-69.450779 [    9.938     2.375 -2057.75 ] [  -0.96  327.94    1.14]
-69.553459 [   10.        2.25  -2058.562] [  -0.98  328.08    1.1 ]
-69.656257 [   10.        2.188 -2059.25 ] [  -0.99  328.19    1.06]
-69.759056 [   10.188     2.5   -2059.937] [  -0.95  328.3     1.04]
-69.862368 [   10.563     3.25  -2060.437] [  -0.82  328.39    1.02]
-69.966153 [   11.125     3.875 -2060.875] [  -0.7   328.46    1.01]
-70.072158 [   11.875     4.625 -2061.25 ] [  -0.58  328.52    1.  ]
-70.17505 [   12.438     5.25  -2061.437] [  -0.47  328.56    0.99]
-70.278993 [   12.938     6.063 -2061.5  ] [  -0.35  328.57    0.99]
-70.382359 [   13.375     7.    -2061.375] [ -1.70000000e-01   3.28550000e+02   1.01000000e+00]
-70.484609 [    5.75      7.875 -2061.25 ] [ -2.00000000e-02   3.28530000e+02   1.02000000e+00]
-70.587914 [   13.875     8.563 -2060.812] [  9.00000000e-02   3.28470000e+02   1.04000000e+00]
-70.691788 [   13.875     9.063 -2060.25 ] [   1.46  328.37    1.08]
-70.800236 [   13.875     9.625 -2059.562] [   1.55  328.27    1.11]
-70.90318 [   13.875    10.063 -2059.   ] [   1.63  328.17    1.14]
-71.005918 [   13.625    10.313 -2058.312] [   1.68  328.06    1.17]
-71.10905 [   13.5     10.25 -2057.25] [   1.67  327.88    1.22]
-71.212545 [-2034.75    10.25 -2056.  ] [   1.67  327.68    1.28]
-71.315128 [   12.875    10.188 -2055.   ] [   1.66  327.51    1.32]
-71.419117 [    4.625    10.188 -2054.25 ] [   1.66  327.38    1.35]
-71.523123 [   12.313    10.125 -2053.625] [   1.65  327.28    1.37]
-71.625906 [    4.125    10.125 -2053.437] [   1.64  327.25    1.38]
-71.729871 [   12.       10.    -2053.187] [   1.63  327.21    1.39]
-71.833921 [   11.875     9.563 -2052.937] [   1.55  327.16    1.4 ]
-71.936592 [   11.063     7.75  -2052.375] [ -5.00000000e-02   3.27070000e+02   1.42000000e+00]
-72.04146 [   10.875     7.875 -2052.125] [ -2.00000000e-02   3.27020000e+02   1.43000000e+00]
-72.145009 [   10.875     7.875 -2052.125] [ -3.00000000e-02   3.27030000e+02   1.42000000e+00]
-72.247293 [   10.875     7.813 -2052.125] [ -3.00000000e-02   3.27030000e+02   1.42000000e+00]
-72.349421 [   10.938     7.813 -2052.437] [ -3.00000000e-02   3.27080000e+02   1.42000000e+00]
-72.451696 [   10.938     7.75  -2053.062] [ -4.00000000e-02   3.27180000e+02   1.39000000e+00]
-72.555252 [   10.938     7.688 -2053.125] [ -6.00000000e-02   3.27200000e+02   1.39000000e+00]
-72.657444 [   10.813     6.75  -2053.562] [ -2.20000000e-01   3.27270000e+02   1.37000000e+00]
-72.76002 [   10.75      6.25  -2054.062] [ -3.00000000e-01   3.27350000e+02   1.35000000e+00]
-72.862501 [ 10.563   5.688  -6.25 ] [  -0.38  327.38    1.34]
-72.965233 [   10.375     5.188 -2054.375] [  -0.48  327.41    1.33]
-73.069378 [    2.25     4.75 -2054.75] [  -0.56  327.46    1.31]
-73.17339 [   10.188     4.25  -2055.25 ] [  -0.63  327.54    1.29]
-73.275948 [   10.        3.563 -2055.687] [  -0.76  327.61    1.26]
-73.378071 [    9.875     3.    -2056.25 ] [  -0.86  327.71    1.22]
-73.481107 [    9.813     2.5   -2056.875] [  -0.94  327.8     1.19]
-73.585225 [    9.875     2.25  -2057.437] [  -0.98  327.89    1.16]
-73.687618 [    9.938     2.188 -2058.312] [  -0.99  328.03    1.11]
-73.790283 [  2.00000000e+00   2.37500000e+00  -2.05906200e+03] [  -0.96  328.16    1.08]
-73.893957 [   10.188     2.75  -2059.562] [  -0.91  328.24    1.06]
-73.997164 [   10.438     3.375 -2060.062] [  -0.8   328.32    1.04]
-74.099095 [   10.813     3.875 -2060.5  ] [  -0.7   328.4     1.03]
-74.203844 [   11.313     4.563 -2061.   ] [  -0.59  328.48    1.01]
-74.306069 [   11.875     5.25  -2061.25 ] [  -0.47  328.53    1.  ]
-74.408288 [   12.313     5.938 -2061.312] [  -0.35  328.54    1.01]
-74.510262 [   12.813     6.938 -2061.125] [ -1.80000000e-01   3.28520000e+02   1.02000000e+00]
-74.611688 [   13.188     7.875 -2061.   ] [ -3.00000000e-02   3.28490000e+02   1.03000000e+00]
-74.713518 [   13.375     8.563 -2060.75 ] [  9.00000000e-02   3.28450000e+02   1.05000000e+00]
-74.815927 [   13.25      9.125 -2060.062] [  1.80000000e-01   3.28360000e+02   1.08000000e+00]
-74.917933 [   13.188     9.75  -2059.5  ] [   1.58  328.25    1.11]
-75.02002 [   13.188    10.188 -2058.937] [   1.65  328.15    1.14]
-75.122935 [   13.063    10.313 -2058.25 ] [   1.68  328.05    1.18]
-75.226803 [   12.938    10.313 -2057.187] [   1.68  327.87    1.23]
-75.328987 [   12.75     10.313 -2056.062] [   1.67  327.69    1.28]
-75.431732 [   12.5      10.25  -2055.062] [   1.66  327.52    1.32]
-75.535548 [   12.25     10.188 -2054.062] [   1.65  327.36    1.36]
-75.638333 [   12.125    10.125 -2053.562] [   1.65  327.27    1.38]
-75.742623 [   11.938    10.063 -2053.187] [   1.64  327.21    1.39]
-75.846309 [   11.75     10.    -2052.937] [   1.62  327.16    1.4 ]
-75.949583 [   11.688     9.813 -2052.625] [   1.59  327.12    1.41]
-76.05173 [   11.188     8.188 -2052.312] [  3.00000000e-02   3.27060000e+02   1.42000000e+00]
-76.153652 [   11.063     8.25  -2052.25 ] [  4.00000000e-02   3.27050000e+02   1.42000000e+00]
-76.25661 [   11.063     8.25  -2052.187] [  4.00000000e-02   3.27030000e+02   1.42000000e+00]
-76.35912 [   11.063     8.25  -2052.062] [  4.00000000e-02   3.27020000e+02   1.43000000e+00]
-76.460876 [   10.938     7.125 -2052.375] [ -1.50000000e-01   3.27060000e+02   1.41000000e+00]
-76.562733 [   10.75      6.75  -2052.687] [ -2.20000000e-01   3.27120000e+02   1.40000000e+00]
-76.664374 [   10.75      6.688 -2052.812] [ -2.20000000e-01   3.27140000e+02   1.40000000e+00]
-76.766065 [   10.938     6.625 -2053.875] [ -2.30000000e-01   3.27320000e+02   1.36000000e+00]
-76.868236 [   10.75      6.313 -2054.125] [ -2.80000000e-01   3.27360000e+02   1.35000000e+00]
-76.970498 [   10.563     5.688 -2054.25 ] [  -0.4   327.38    1.34]
-77.072593 [    2.438     5.063 -2054.437] [  -0.5   327.41    1.32]
-77.178274 [   10.313     4.563 -2054.75 ] [  -0.58  327.46    1.31]
-77.280643 [   10.25      4.188 -2055.187] [  -0.65  327.53    1.28]
-77.38278 [   10.063     3.563 -2055.625] [  -0.76  327.6     1.26]
-77.485768 [    9.938     2.875 -2056.25 ] [  -0.88  327.71    1.22]
-77.589333 [    9.938     2.5   -2056.812] [  -0.94  327.78    1.19]
-77.691486 [   10.        2.188 -2057.437] [  -0.99  327.9     1.15]
-77.793433 [    2.063     2.125 -2058.312] [  -1.01  328.04    1.11]
-77.896746 [   10.063     2.063 -2059.125] [  -1.01  328.17    1.07]
-78.000296 [   10.125     2.5   -2059.75 ] [  -0.94  328.27    1.04]
-78.102843 [   10.375     3.188 -2060.25 ] [  -0.83  328.35    1.03]
-78.204876 [    2.688     3.938 -2060.75 ] [  -0.69  328.44    1.02]
-78.307372 [   11.063     4.625 -2061.125] [  -0.57  328.51    1.  ]
-78.410011 [   11.5       5.188 -2061.312] [  -0.49  328.54    1.  ]
-78.512604 [   12.        5.938 -2061.375] [  -0.36  328.55    1.  ]
-78.614568 [   12.25      6.813 -2061.25 ] [ -2.00000000e-01   3.28530000e+02   1.01000000e+00]
-78.717929 [   12.625     7.938 -2061.125] [ -2.00000000e-02   3.28510000e+02   1.03000000e+00]
-78.820949 [   12.875     8.75  -2060.687] [  1.20000000e-01   3.28450000e+02   1.05000000e+00]
-78.923618 [   12.875     9.125 -2060.187] [   1.48  328.36    1.08]
-79.027453 [   12.875     9.875 -2059.562] [  3.20000000e-01   3.28260000e+02   1.11000000e+00]
-79.131498 [   12.813    10.25  -2058.937] [   1.66  328.16    1.14]
-79.234338 [    4.625    10.5   -2058.25 ] [   1.71  328.04    1.18]
-79.337806 [    4.5      10.438 -2057.187] [   1.7   327.87    1.23]
-79.442234 [   12.313    10.438 -2056.   ] [   1.69  327.68    1.28]
-79.54432 [   12.       10.313 -2055.   ] [   1.68  327.51    1.32]
-79.646365 [   11.75     10.25  -2054.125] [   0.39  327.37    1.35]
-79.750364 [   11.563    10.188 -2053.5  ] [   1.66  327.27    1.38]
-79.853363 [   11.5      10.125 -2053.187] [   1.65  327.21    1.39]
-79.955458 [   11.375     9.813 -2052.937] [   1.59  327.17    1.4 ]
-80.057626 [   11.25      9.625 -2052.625] [   1.56  327.11    1.41]
-80.159493 [   10.75      8.125 -2052.312] [  2.00000000e-02   3.27060000e+02   1.42000000e+00]
-80.262949 [   10.625     8.    -2052.062] [   0.    327.02    1.43]
-80.36536 [   10.625     8.    -2052.062] [   0.    327.02    1.43]
-80.467629 [   10.625     8.    -2052.062] [   0.    327.02    1.43]
-80.571162 [    2.625     7.938 -2052.25 ] [ -1.00000000e-02   3.27050000e+02   1.42000000e+00]
-80.673116 [   10.688     7.938 -2053.   ] [ -1.00000000e-02   3.27170000e+02   1.40000000e+00]
-80.775397 [   10.688     7.813 -2053.125] [ -3.00000000e-02   3.27190000e+02   1.39000000e+00]
-80.877512 [   10.563     7.5   -2053.375] [ -9.00000000e-02   3.27240000e+02   1.38000000e+00]
-80.979331 [   10.313     6.813 -2053.875] [ -2.00000000e-01   3.27320000e+02   1.36000000e+00]
-81.082519 [   10.        6.063 -2054.125] [  -0.33  327.36    1.35]
-81.185607 [    9.813     5.438 -2054.375] [  -0.44  327.4     1.33]
-81.28763 [  1.62500000e+00   4.87500000e+00  -2.05475000e+03] [  -0.53  327.46    1.31]
-81.390837 [    9.625     4.375 -2055.312] [  -0.61  327.55    1.28]
-81.494345 [    9.5       3.625 -2055.812] [  -0.74  327.63    1.25]
-81.596821 [    9.438     3.    -2056.375] [  -0.86  327.72    1.22]
-81.701608 [    9.438     2.75  -2056.875] [  -0.9   327.8     1.19]
-81.805063 [    9.563     2.5   -2057.562] [  -0.94  327.92    1.15]
-81.907341 [    9.625     2.25  -2058.437] [  -0.98  328.05    1.11]
-82.009397 [    9.625     2.375 -2059.125] [  -0.96  328.17    1.08]
-82.111516 [    9.75      2.875 -2059.625] [  -0.88  328.26    1.06]
-82.213681 [   10.063     3.5   -2060.125] [  -0.77  328.34    1.04]
-82.316015 [   10.625     4.125 -2060.562] [  -0.66  328.41    1.03]
-82.418304 [   11.125     4.625 -2061.   ] [  -0.57  328.48    1.01]
-82.52014 [   11.688     5.188 -2061.25 ] [  -0.48  328.53    1.  ]
-82.62276 [   12.063     5.813 -2061.312] [  -0.37  328.54    1.  ]
-82.725619 [   12.5       6.875 -2061.187] [ -2.10000000e-01   3.28530000e+02   1.01000000e+00]
-82.828501 [   12.938     7.875 -2061.062] [ -2.00000000e-02   3.28500000e+02   1.03000000e+00]
-82.931837 [   13.063     8.563 -2060.75 ] [  9.00000000e-02   3.28460000e+02   1.05000000e+00]
-83.037606 [   13.125     9.    -2060.187] [   1.46  328.36    1.08]
-83.140887 [   13.125     9.688 -2059.5  ] [   1.57  328.25    1.11]
-83.245355 [   13.063    10.063 -2058.875] [   1.63  328.16    1.14]
-83.348772 [   12.875    10.375 -2058.187] [   1.69  328.04    1.18]
-83.451592 [   12.813    10.375 -2057.125] [   0.41  327.86    1.23]
-83.556141 [   12.688    10.25  -2055.937] [   1.67  327.68    1.28]
-83.659514 [   12.375    10.188 -2054.937] [   1.65  327.5     1.32]
-83.762794 [   12.125    10.125 -2054.125] [   1.65  327.36    1.36]
-83.865683 [   11.938    10.    -2053.5  ] [   1.63  327.26    1.38]
-83.968483 [   11.813    10.    -2053.187] [   1.62  327.2     1.39]
-84.072232 [   11.563     9.75  -2052.875] [   1.58  327.16    1.4 ]
-84.175166 [   11.5       9.563 -2052.625] [   1.55  327.11    1.41]
-84.278465 [   11.       8.   -2052.25] [   0.    327.05    1.42]
-84.38122 [    3.        8.063 -2052.187] [  1.00000000e-02   3.27040000e+02   1.42000000e+00]
-84.485544 [   11.        8.    -2052.187] [  1.00000000e-02   3.27040000e+02   1.42000000e+00]
-84.588979 [   11.        8.    -2052.187] [   0.    327.04    1.42]
-84.691543 [   11.063     8.    -2052.375] [   0.    327.07    1.42]
-84.795241 [   10.938     6.75  -2052.75 ] [ -2.10000000e-01   3.27130000e+02   1.40000000e+00]
-84.898597 [   10.75      6.375 -2053.125] [ -2.70000000e-01   3.27190000e+02   1.39000000e+00]
-85.00167 [   10.875     6.375 -2053.937] [ -2.80000000e-01   3.27330000e+02   1.36000000e+00]
-85.106193 [   10.875     6.375 -2054.125] [ -2.80000000e-01   3.27360000e+02   1.35000000e+00]
-85.209754 [   10.75      5.813 -2054.312] [  -0.37  327.39    1.34]
-85.312593 [   10.563     5.188 -2054.5  ] [  -0.48  327.43    1.32]
-85.41544 [   10.438     4.688 -2054.75 ] [  -0.56  327.46    1.31]
-85.51821 [   10.375     4.188 -2055.25 ] [  -0.64  327.54    1.28]
-85.621037 [   10.188     3.5   -2055.687] [  -0.76  327.61    1.25]
-85.72388 [   10.125     2.938 -2056.312] [  -0.86  327.72    1.22]
-85.826775 [   10.125     2.5   -2056.937] [  -0.94  327.81    1.18]
-85.929888 [   10.125     2.25  -2057.562] [  -0.99  327.92    1.15]
-86.033748 [   10.188     2.125 -2058.437] [  -1.    328.06    1.1 ]
-86.137903 [   10.188     2.125 -2059.312] [  -1.01  328.19    1.06]
-86.241772 [   10.313     2.438 -2059.937] [  -0.95  328.3     1.03]
-86.344472 [    2.5       3.188 -2060.375] [  -0.82  328.38    1.02]
-86.449128 [   10.813     3.938 -2060.875] [  -0.71  328.45    1.01]
-86.55306 [    3.25      4.625 -2061.25 ] [  -0.58  328.52    0.99]
-86.656665 [   11.688     5.125 -2061.5  ] [  -0.49  328.56    0.99]
-86.761713 [   12.25      5.875 -2061.562] [  -0.36  328.58    0.99]
-86.864473 [   12.75      6.875 -2061.437] [ -1.90000000e-01   3.28560000e+02   1.00000000e+00]
-86.96671 [   13.125     7.875 -2061.25 ] [ -2.00000000e-02   3.28530000e+02   1.02000000e+00]
-87.069921 [   13.313     8.625 -2060.937] [  9.00000000e-02   3.28490000e+02   1.03000000e+00]
-87.172219 [   13.313     8.813 -2060.375] [  1.40000000e-01   3.28390000e+02   1.07000000e+00]
-87.275028 [   13.375     9.438 -2059.687] [   1.52  328.28    1.11]
-87.377888 [   13.438     9.875 -2059.062] [   1.6   328.18    1.14]
-87.480812 [   13.25     10.25  -2058.312] [   1.66  328.07    1.17]
-87.583992 [   13.188    10.313 -2057.187] [   1.68  327.87    1.23]
-87.68736 [    5.       10.25  -2056.125] [   1.66  327.69    1.28]
-87.791467 [   12.688    10.188 -2055.125] [   1.65  327.54    1.31]
-87.894851 [   12.438    10.063 -2054.25 ] [   1.64  327.38    1.35]
-87.997742 [   12.313    10.    -2053.687] [   1.62  327.29    1.37]
-88.103124 [   12.125    10.    -2053.375] [   1.62  327.24    1.38]
-88.205875 [   11.938     9.75  -2053.125] [   1.58  327.19 -326.29]
-88.30974 [    3.813     9.375 -2052.812] [   1.51  327.14    1.4 ]
-88.413789 [   11.375     7.938 -2052.25 ] [ -2.00000000e-02   3.27040000e+02   1.42000000e+00]
-88.516582 [   11.313     7.938 -2052.062] [ -1.00000000e-02   3.27020000e+02   1.43000000e+00]
-88.619063 [    3.313     7.938 -2052.062] [ -1.00000000e-02   3.27020000e+02   1.43000000e+00]
-88.722295 [   11.313     7.938 -2052.062] [ -1.00000000e-02   3.27020000e+02   1.43000000e+00]
-88.825524 [   11.375     7.938 -2052.437] [ -1.00000000e-02   3.27080000e+02   1.42000000e+00]
-88.928261 [    3.375     7.875 -2052.687] [ -2.00000000e-02   3.27130000e+02   1.41000000e+00]
-89.032694 [   11.313     7.688 -2052.937] [ -5.00000000e-02   3.27160000e+02   1.40000000e+00]
-89.135464 [   11.25      7.25  -2053.312] [ -1.20000000e-01   3.27220000e+02   1.38000000e+00]
-89.237848 [    3.063     6.625 -2053.75 ] [ -2.40000000e-01   3.27300000e+02   1.36000000e+00]
-89.340581 [   10.75      5.938 -2054.062] [  -0.36  327.35    1.35]
-89.445158 [   10.5       5.188 -2054.375] [  -0.48  327.4     1.33]
-89.547995 [   10.375     4.688 -2054.75 ] [  -0.57  327.46    1.31]
-89.652294 [   10.313     4.25  -2055.25 ] [  -0.64  327.53    1.29]
-89.756147 [   10.25      3.563 -2055.687] [  -0.75  327.61    1.26]
-89.859038 [   10.063     2.813 -2056.312] [  -0.88  327.71    1.22]
-89.963076 [   10.063     2.438 -2056.812] [  -0.94  327.78    1.19]
-90.068235 [   10.125     2.188 -2057.5  ] [  -0.99  327.9     1.15]
-90.171338 [   10.188     2.063 -2058.375] [  -1.01  328.04    1.11]
-90.274447 [   10.188     2.188 -2059.25 ] [  -0.99  328.18    1.07]
-90.377632 [   10.313     2.688 -2059.687] [  -0.91  328.27    1.05]
-90.480704 [   10.438     3.313 -2060.187] [  -0.8   328.34    1.04]
-90.583547 [   10.813     3.938 -2060.625] [  -0.69  328.42    1.02]
-90.686429 [   11.313     4.625 -2061.062] [  -0.58  328.5     1.  ]
-90.789235 [   11.813     5.125 -2061.25 ] [  -0.49  328.53    1.  ]
-90.892639 [    4.25      5.75  -2061.375] [  -0.38  328.55    1.  ]
-90.996612 [   12.75      6.813 -2061.187] [ -2.00000000e-01   3.28520000e+02   1.02000000e+00]
-91.100379 [   13.188     7.813 -2061.062] [ -3.00000000e-02   3.28510000e+02   1.03000000e+00]
-91.20482 [   13.375     8.563 -2060.687] [  9.00000000e-02   3.28450000e+02   1.05000000e+00]
-91.30834 [   13.438     9.063 -2060.187] [   1.47  328.36    1.08]
-91.411109 [    5.5       9.688 -2059.562] [   1.57  328.26    1.11]
-91.51559 [   13.5      10.063 -2058.937] [   0.34  328.17    1.14]
-91.619121 [   13.313    10.313 -2058.25 ] [   1.68  328.04    1.18]
-91.721975 [   13.25     10.25  -2057.125] [   1.67  327.86    1.23]
-91.824549 [   13.       10.188 -2056.062] [   1.66  327.69    1.28]
-91.927337 [   12.625    10.188 -2055.062] [   1.65  327.53    1.32]
-92.03104 [   12.313    10.125 -2054.187] [   1.65  327.37    1.35]
-92.134014 [   12.125    10.063 -2053.625] [   1.63  327.28    1.37]
-92.237483 [   12.       10.    -2053.312] [   1.63  327.23    1.38]
-92.340514 [   11.875     9.875 -2052.937] [   1.6   327.16    1.4 ]
-92.44257 [   11.813     9.688 -2052.625] [   1.56  327.11    1.41]
-92.546844 [   11.25      7.938 -2052.25 ] [ -2.00000000e-02   3.27060000e+02   1.42000000e+00]
-92.649438 [   11.188     7.938 -2052.25 ] [ -1.00000000e-02   3.27050000e+02   1.40000000e-01]
-92.751138 [   11.188     7.938 -2052.25 ] [ -1.00000000e-02   3.27050000e+02   1.42000000e+00]
-92.853727 [    3.188     7.938 -2052.25 ] [ -1.00000000e-02   3.27040000e+02   1.42000000e+00]
-92.957259 [   11.188     7.875 -2052.437] [ -2.00000000e-02   3.27070000e+02   1.42000000e+00]
-93.060111 [   11.063     6.375 -2052.875] [ -2.80000000e-01   3.27150000e+02   1.39000000e+00]
-93.161728 [   11.        6.25  -2053.125] [ -3.00000000e-01   3.27200000e+02   1.38000000e+00]
-93.264258 [   11.188     6.25  -2054.   ] [ -3.00000000e-01   3.27340000e+02   1.35000000e+00]
-93.367634 [   11.188     6.188 -2054.312] [ -3.10000000e-01   3.27390000e+02   1.34000000e+00]
-93.470806 [   11.        5.688 -2054.5  ] [  -0.4   327.42    1.33]
-93.572793 [   10.813     5.063 -2054.687] [  -0.5   327.45    1.32]
-93.67478 [   10.75      4.625 -2054.937] [  -0.58  327.5     1.3 ]
-93.78001 [   10.688     4.125 -2055.375] [  -0.66  327.56    1.28]
-93.882035 [   10.563     3.438 -2055.875] [  -0.78  327.65    1.24]
-93.98422 [   10.438     2.813 -2056.5  ] [  -0.89  327.74    1.21]
-94.08652 [   10.5       2.438 -2056.937] [  -0.95  327.82    1.18]
-94.188771 [   10.563     2.125 -2057.562] [  -1.    327.92    1.15]
-94.290883 [   10.625     2.063 -2058.5  ] [  -1.01  328.06    1.1 ]
-94.393139 [   10.563     2.25  -2059.187] [  -0.98  328.18    1.07]
-94.495393 [   10.563     2.688 -2059.687] [  -0.91  328.27    1.05]
-94.599386 [   10.688     3.313 -2060.25 ] [  -0.81  328.35    1.03]
-94.702253 [   10.938     4.    -2060.687] [  -0.69  328.43    1.02]
-94.804584 [    3.313     4.625 -2061.125] [  -0.58  328.5     1.  ]
-94.907639 [   11.688     5.125 -2061.312] [  -0.49  328.54    1.  ]
-95.011222 [   12.188     5.875 -2061.375] [  -0.38  328.55    1.  ]
-95.113554 [   12.688     6.875 -2061.25 ] [ -1.90000000e-01   3.28530000e+02   1.02000000e+00]
-95.218005 [    5.063     7.938 -2061.062] [ -1.00000000e-02   3.28510000e+02   1.03000000e+00]
-95.321477 [   13.188     8.625 -2060.75 ] [  1.00000000e-01   3.28460000e+02   1.05000000e+00]
-95.424001 [   13.125     9.063 -2060.25 ] [   1.47  328.37    1.08]
-95.526013 [   13.125     9.688 -2059.562] [   1.57  328.26    1.11]
-95.628386 [   13.188    10.063 -2059.062] [   1.63  328.17    1.14]
-95.730123 [   13.       10.25  -2058.375] [   1.67  328.07    1.17]
-95.832061 [   12.875    10.313 -2057.187] [   1.68  327.89    1.22]
-95.934431 [   12.625    10.313 -2056.062] [   1.67  327.68    1.28]
-96.036528 [   12.313    10.188 -2055.062] [   1.66  327.52    1.32]
-96.138365 [   12.125    10.25  -2054.187] [   1.66  327.38    1.35]
-96.24058 [   11.938    10.188 -2053.562] [   1.65  327.27    1.38]
-96.343196 [   11.813    10.125 -2053.312] [   1.64  327.22    1.39]
-96.445617 [   11.688    10.063 -2053.062] [   1.63  327.18    1.39]
-96.547591 [    3.625     9.938 -2052.687] [   1.61  327.12    1.41]
-96.651394 [   10.938     7.813 -2052.187] [   0.    327.05    1.42]
-96.757065 [   10.75      7.813 -2052.062] [ -4.00000000e-02   3.27020000e+02   1.43000000e+00]
-96.860019 [   10.813     7.75  -2052.062] [ -4.00000000e-02   3.27020000e+02   1.43000000e+00]
-96.963649 [   10.813     7.75  -2052.125] [ -4.00000000e-02   3.27020000e+02   1.43000000e+00]
-97.065981 [   10.813     7.688 -2052.375] [ -5.00000000e-02   3.27070000e+02   1.42000000e+00]
-97.167886 [   10.875     7.688 -2052.937] [ -5.00000000e-02   3.27170000e+02   1.40000000e+00]
-97.271051 [   10.875     7.563 -2053.062] [ -7.00000000e-02   3.27180000e+02   1.39000000e+00]
-97.37458 [   10.75      7.25  -2053.375] [ -1.30000000e-01   3.27240000e+02   1.38000000e+00]
-97.476818 [   10.563     6.688 -2053.875] [ -2.30000000e-01   3.27320000e+02   1.36000000e+00]
-97.578492 [   10.313     6.063 -2054.125] [  -0.34  327.36    1.35]
-97.680487 [   10.063     5.438 -2054.312] [  -0.44  327.39    1.33]
-97.782592 [    9.938     4.875 -2054.687] [  -0.53  327.45    1.31]
-97.884773 [    9.875     4.313 -2055.187] [  -0.62  327.53    1.29]
-97.98705 [    9.75      3.688 -2055.687] [  -0.74  327.61    1.26]
-98.089262 [  1.68800000e+00   3.00000000e+00  -2.05631200e+03] [  -0.85  327.71    1.22]
-98.191615 [    9.688     2.563 -2056.812] [  -0.93  327.79    1.19]
-98.293376 [    9.75      2.313 -2057.312] [  -0.98  327.88    1.16]
-98.395391 [    9.813     2.125 -2058.312] [  -1.    329.3     1.12]
-98.497077 [    9.875     2.25  -2059.125] [  -0.98  328.17    1.07]
-98.598596 [    9.938     2.688 -2059.625] [ -9.00000000e-01   3.28250000e+02  -2.20000000e-01]
-98.699697 [    2.313     3.313 -2060.062] [  -0.8   328.33    1.04]
-98.802359 [   10.75      3.875 -2060.5  ] [  -0.71  328.4     1.03]
-98.905641 [   11.375     4.563 -2061.   ] [ -6.00000000e-01   3.28480000e+02  -2.70000000e-01]
-99.007522 [   11.875     5.125 -2061.25 ] [  -0.49  328.52    1.  ]
-99.109027 [   12.313     5.75  -2061.312] [  -0.38  328.54    1.  ]
-99.210604 [    4.75      6.625 -2061.187] [ -2.30000000e-01   3.28520000e+02   1.02000000e+00]
-99.313378 [   13.063     7.688 -2061.125] [ -6.00000000e-02   3.28510000e+02   1.03000000e+00]
-99.416467 [   13.375     8.563 -2060.812] [  8.00000000e-02   3.28470000e+02   1.04000000e+00]
-99.518205 [   13.375     8.938 -2060.25 ] [   1.44  328.38    1.08]
-99.619764 [   13.438     9.688 -2059.625] [   1.56  328.27    1.11]
-99.721405 [   13.5      10.063 -2059.125] [   1.63  328.19    1.13]
-99.824555 [   13.375    10.25  -2058.437] [   1.67  328.07    1.17]
-99.927943 [   13.313    10.25  -2057.25 ] [   0.38  327.9     1.22]
-100.030018 [   13.188    10.125 -2056.125] [   1.65  327.7     1.27]
-100.131988 [   12.813    10.063 -2055.125] [   1.64  327.53    1.32]
-100.233665 [   12.5      10.063 -2054.187] [   1.64  327.37    1.35]
-100.335399 [    4.313    10.    -2053.562] [   1.63  327.26    1.38]
-100.438121 [   12.25     10.    -2053.375] [   1.62  327.24    1.38]
-100.539793 [   12.125     9.938 -2053.125] [   1.61  327.2     1.39]
-100.641406 [   11.938     9.313 -2052.875] [   1.51  327.16    1.4 ]
-100.742965 [   11.375     8.    -2052.312] [   0.    327.06    1.42]
-100.844458 [   11.313     8.    -2052.125] [   0.    327.02    1.43]
-100.947744 [   11.313     8.    -2052.062] [   0.    327.02    1.43]
-101.050111 [   11.313     8.    -2052.062] [   0.    327.02    1.43]
-101.151683 [   11.313     7.875 -2052.25 ] [ -2.00000000e-02   3.27050000e+02   1.42000000e+00]
-101.253628 [    3.188     6.938 -2052.687] [ -1.80000000e-01   3.27120000e+02   1.40000000e+00]
-101.356893 [    3.188     6.938 -2053.   ] [ -1.80000000e-01   3.27170000e+02   1.39000000e+00]
-101.460461 [   11.125     6.813 -2045.25 ] [ -2.00000000e-01   3.27220000e+02   1.38000000e+00]
-101.562656 [   11.063     6.563 -2053.5  ] [ -2.50000000e-01   3.27260000e+02   1.37000000e+00]
-101.664936 [   10.75      5.875 -2053.75 ] [  -0.36  327.3     1.36]
-101.768841 [   10.5       5.125 -2054.187] [  -0.49  327.36    1.34]
-101.872243 [   10.375     4.5   -2054.687] [  -0.59  327.45    1.31]
-101.975079 [   10.375     4.188 -2055.187] [  -0.66  327.53    1.28]
-102.079705 [   10.313     3.5   -2055.687] [  -0.76  327.6     1.26]
-102.18311 [   10.25      2.813 -2056.312] [  -0.89  327.71    1.22]
-102.285953 [   10.313     2.625 -2056.75 ] [  -0.92  327.79    1.19]
-102.388774 [   10.438     2.313 -2057.437] [  -0.97  327.9     1.16]
-102.491683 [   10.5       2.125 -2058.375] [  -1.01   329.311    1.11 ]
-102.59446 [   10.563     2.25  -2059.062] [  -0.99  328.16    1.08]
-102.697262 [   10.688     2.688 -2059.562] [  -0.91  328.25    1.06]
-102.799939 [   10.938     3.313 -2060.062] [  -0.8   328.33    1.04]
-102.902782 [   11.375     3.938 -2060.562] [  -0.69  328.41    1.03]
-103.005546 [   11.875     4.563 -2060.937] [  -0.59  328.48    1.01]
-103.11004 [   12.313     5.125 -2061.187] [  -0.5   328.51    1.  ]
-103.213907 [   12.688     5.75  -2061.187] [  -0.38  328.52    1.01]
-103.316757 [   13.188     6.75  -2061.062] [ -2.10000000e-01   3.28500000e+02   1.03000000e+00]
-103.420801 [   13.625     7.938 -2060.875] [ -3.00000000e-02   3.28480000e+02   1.04000000e+00]
-103.523935 [   13.75      8.625 -2060.562] [  1.00000000e-01   3.28430000e+02   1.06000000e+00]
-103.626813 [    5.813     9.    -2060.062] [   1.46  328.35    1.09]
-103.731332 [   13.938     9.75  -2059.437] [  2.90000000e-01   3.28240000e+02   1.12000000e+00]
-103.834744 [   13.938    10.063 -2058.812] [   1.64  328.14    1.15]
-103.937698 [   13.75     10.25  -2058.125] [   1.66  328.03    1.18]
-104.041245 [   13.625    10.25  -2057.062] [   1.67  327.85    1.23]
-104.144479 [   13.375    10.25  -2055.875] [   1.66  327.66    1.29]
-104.247955 [   13.       10.188 -2054.937] [   1.65  327.5     1.32]
-104.350703 [   12.75     10.125 -2054.   ] [   1.64  327.34    1.36]
-104.454094 [   12.625    10.063 -2053.437] [   0.36  327.25    1.38]
-104.556963 [   12.563    10.063 -2053.312] [   1.63  327.23    1.38]
-104.660331 [   12.375     9.875 -2053.062] [   1.61  327.18    1.39]
-104.764803 [   12.375     9.75  -2052.812] [   1.58  327.14    1.4 ]
-104.867642 [    3.938     8.    -2052.437] [   0.    327.08    1.42]
-104.971105 [   11.5       7.688 -2051.937] [ -6.00000000e-02   3.26990000e+02   1.43000000e+00]
-105.076388 [   11.5       7.625 -2052.   ] [ -7.00000000e-02   3.27010000e+02   1.43000000e+00]
-105.178692 [   11.5       7.625 -2052.062] [ -7.00000000e-02   3.27010000e+02   1.43000000e+00]
-105.281502 [   11.5       7.625 -2052.125] [ -7.00000000e-02   3.27020000e+02   1.42000000e+00]
-105.386013 [   11.625     7.563 -2052.812] [ -7.00000000e-02   3.27140000e+02   1.40000000e+00]
-105.488856 [   11.625     7.563 -2052.937] [ -8.00000000e-02   3.27170000e+02   1.40000000e+00]
-105.591111 [   11.563     7.188 -2053.25 ] [ -1.40000000e-01   3.27210000e+02   1.39000000e+00]
-105.693838 [   11.375     6.563 -2053.687] [ -2.40000000e-01   3.27290000e+02   1.37000000e+00]
-105.798055 [   11.063     5.75  -2054.   ] [  -0.38  327.34    1.35]
-105.900055 [   10.875     5.188 -2054.25 ] [  -0.48  327.38    1.33]
-106.00221 [   10.75      4.625 -2054.625] [  -0.57  327.44    1.31]
-106.104297 [   10.688     4.25  -2055.062] [  -0.64  327.51    1.29]
-106.206795 [   10.563     3.5   -2055.625] [  -0.77  327.6     1.26]
-106.30924 [   10.5       2.875 -2056.25 ] [  -0.87  327.7     1.22]
-106.411421 [   10.5       2.5   -2056.812] [  -0.94  327.79    1.19]
-106.514622 [    2.625     2.188 -2057.375] [  -0.99  327.89    1.16]
-106.618175 [   10.688     2.063 -2058.312] [  -1.02  328.03    1.11]
-106.719957 [   10.75      2.188 -2059.125] [  -0.99  328.16    1.07]
-106.82195 [    2.813     2.688 -2059.625] [  -0.91  328.25    1.06]
-106.925902 [   11.063     3.375 -2060.125] [  -0.8   328.33    1.04]
-107.028619 [   11.438     4.    -2060.562] [  -0.69  328.41    1.03]
-107.130822 [   11.875     4.563 -2060.937] [  -0.59  328.48    1.01]
-107.235922 [   12.313     5.063 -2061.25 ] [  -0.51  328.52    1.  ]
-107.339168 [   12.75      5.75  -2061.312] [  -0.38  328.54    1.  ]
-107.441121 [   13.188     6.688 -2061.187] [ -2.20000000e-01   3.28520000e+02   1.02000000e+00]
-107.542946 [   13.688     7.813 -2061.062] [ -4.00000000e-02   3.28500000e+02   1.03000000e+00]
-107.644636 [   13.875     8.5   -2060.75 ] [  9.00000000e-02   3.28450000e+02   1.05000000e+00]
-107.746325 [   13.813     8.875 -2060.125] [   1.43  328.36    1.08]
-107.848358 [   13.875     9.625 -2059.5  ] [   1.55  328.26    1.11]
-107.950467 [   13.875     9.938 -2058.875] [   1.62  328.14    1.15]
-108.052524 [   13.75     10.188 -2058.187] [   1.66  328.03    1.18]
-108.154507 [   13.625    10.125 -2057.062] [   1.65  327.85    1.23]
-108.256755 [   13.438    10.125 -2056.   ] [   1.64  327.68    1.28]
-108.358965 [   13.       10.063 -2055.   ] [   1.63  327.52    1.32]
-108.461082 [   12.688    10.063 -2054.062] [   1.64  327.35    1.36]
-108.563778 [    4.563    10.    -2053.5  ] [   1.62  327.26    1.38]
-108.666732 [   12.438     9.938 -2053.312] [   0.33  327.23    1.38]
-108.773754 [   12.313     9.875 -2053.125] [   1.6   327.2     1.39]
-108.877122 [   12.313     9.688 -2052.875] [   1.57  327.15    1.4 ]
-108.980815 [   11.688     7.688 -2052.437] [ -5.00000000e-02   3.27080000e+02   1.41000000e+00]
-109.082969 [   11.625     7.875 -2052.187] [ -2.00000000e-02   3.27040000e+02   1.42000000e+00]
-109.185499 [   11.813     8.938 -2051.75 ] [   1.44  326.96    1.44]
-109.289225 [   11.75      8.813 -2051.875] [  1.40000000e-01   3.26980000e+02   1.44000000e+00]
-109.391742 [   11.75      8.813 -2052.562] [  1.30000000e-01   3.27100000e+02   1.41000000e+00]
-109.493945 [   11.75      8.688 -2052.625] [  1.20000000e-01   3.27110000e+02   1.41000000e+00]
-109.595996 [   11.75      8.25  -2053.375] [  4.00000000e-02   3.27230000e+02   1.39000000e+00]
-109.697714 [   11.438     7.188 -2053.75 ] [ -1.40000000e-01   3.27300000e+02   1.37000000e+00]
-109.799537 [   11.188     6.438 -2054.   ] [ -2.70000000e-01   3.27340000e+02   1.35000000e+00]
-109.901464 [   10.938     5.813 -2054.25 ] [  -0.37  327.38    1.34]
-110.00376 [   10.688     5.125 -2054.437] [  -0.49  327.41    1.32]
-110.115847 [   10.625     4.563 -2054.812] [  -0.58  327.47    1.3 ]
-110.222124 [   10.625     4.188 -2055.312] [  -0.64  327.54    1.28]
-110.324599 [   10.563     3.563 -2055.687] [  -0.76  327.61    1.25]
-110.426836 [   10.5       3.    -2056.312] [  -0.86  327.71    1.22]
-110.530659 [   10.438     2.5   -2056.937] [  -0.93  327.8     1.19]
-110.633789 [   10.5      2.25 -2057.5 ] [  -0.99  327.9     1.15]
-110.735746 [   10.563     2.125 -2058.312] [  -1.01  328.03    1.11]
-110.838009 [    2.625     2.125 -2059.187] [  -1.    328.18    1.07]
-110.941814 [   10.75      2.625 -2059.75 ] [  -0.92  328.27    1.05]
-111.044959 [   10.938     3.25  -2060.25 ] [  -0.81  328.35    1.03]
-111.147181 [   11.25      3.875 -2060.687] [  -0.71  328.43    1.02]
-111.249191 [   11.75      4.5   -2061.125] [  -0.6  328.5    1. ]
-111.351173 [   12.063     5.063 -2061.312] [  -0.5   328.53    1.  ]
-111.453121 [   12.563     5.813 -2061.5  ] [  -0.39  328.57    0.99]
-111.555797 [   12.875     6.563 -2061.437] [ -2.40000000e-01   3.28560000e+02   1.00000000e+00]
-111.657651 [   13.313     7.625 -2061.312] [ -6.00000000e-02   3.28540000e+02   1.01000000e+00]
-111.76225 [   13.625     8.5   -2061.062] [  8.00000000e-02   3.28500000e+02   1.03000000e+00]
-111.86395 [   13.688     9.    -2060.437] [   1.44  328.41    1.06]
-111.966004 [   13.75      9.625 -2059.812] [   1.56  328.31    1.1 ]
-112.068229 [   13.75    10.   -2059.25] [   1.63  328.21    1.13]
-112.170558 [   13.563    10.313 -2058.562] [   1.67  328.1     1.16]
-112.27449 [   13.375    10.375 -2057.437] [   1.69  327.93    1.21]
-112.376903 [   13.125    10.375 -2056.312] [   1.68  327.73    1.27]
-112.478893 [   12.875    10.25  -2055.312] [   1.67  327.56    1.31]
-112.581642 [   12.563    10.25  -2054.375] [   1.67  327.4     1.35]
-112.685404 [   12.375    10.188 -2053.75 ] [   0.37  327.31    1.37]
-112.7887 [    4.188    10.188 -2053.562] [   1.65  327.27    1.38]
-112.893138 [    4.063    10.    -2053.312] [   1.63  327.23    1.39]
-112.997787 [   12.        9.875 -2053.   ] [   1.6   327.17    1.4 ]
-113.101016 [   11.313     8.125 -2052.562] [  2.00000000e-02   3.27100000e+02   1.41000000e+00]
-113.203335 [   10.938     7.625 -2052.25 ] [ -6.00000000e-02   3.27050000e+02   1.42000000e+00]
-113.307299 [   11.        7.875 -2052.25 ] [ -2.00000000e-02   3.27050000e+02   1.42000000e+00]
-113.40968 [   11.        8.875 -2052.062] [  1.50000000e-01   3.27020000e+02   1.43000000e+00]
-113.511954 [   10.813     8.875 -2052.187] [   1.43  327.04    1.42]
-113.6149 [    2.75      8.688 -2053.   ] [  1.10000000e-01   3.27170000e+02   1.40000000e+00]
-113.717589 [   10.75      8.375 -2053.25 ] [  7.00000000e-02   3.27220000e+02   1.39000000e+00]
-113.819927 [   10.563     7.5   -2053.625] [ -8.00000000e-02   3.27280000e+02   1.37000000e+00]
-113.923672 [   10.25      6.75  -2053.937] [ -2.10000000e-01   3.27330000e+02   1.36000000e+00]
-114.027616 [   10.        6.188 -2054.25 ] [ -3.20000000e-01   3.27380000e+02   1.34000000e+00]
-114.13136 [    9.75      5.563 -2054.5  ] [  -0.42  327.42    1.33]
-114.235409 [    9.688     4.938 -2054.937] [  -0.52  327.48    1.31]
-114.339423 [    9.688     4.438 -2055.312] [  -0.61  327.56    1.28]
-114.442526 [    9.688     3.813 -2055.812] [  -0.71  327.63    1.25]
-114.547042 [    9.625     3.188 -2056.437] [  -0.82  327.73    1.22]
-114.650341 [    9.688     2.75  -2056.937] [  -0.9   327.82    1.19]
-114.752854 [    9.813     2.375 -2057.562] [  -0.96  327.92    1.15]
-114.855377 [    9.875     2.25  -2058.375] [  -0.99  328.05    1.11]
-114.958305 [    9.938     2.313 -2059.25 ] [  -0.98  328.17    1.07]
-115.061923 [   10.        2.625 -2059.687] [  -0.92  328.26    1.05]
-115.164868 [   10.313     3.188 -2060.187] [  -0.82  328.35    1.03]
-115.267717 [   10.813     3.938 -2060.687] [  -0.71  328.42    1.02]
-115.371143 [   11.375     4.563 -2061.062] [  -0.58  328.5     1.  ]
-115.474545 [    3.813     5.063 -2061.25 ] [  -0.5   328.53    1.  ]
-115.57902 [   12.313     5.875 -2061.375] [  -0.38  328.55    1.  ]
-115.681971 [   12.688     6.813 -2061.312] [ -2.10000000e-01   3.28540000e+02   1.01000000e+00]
-115.784744 [   13.125     7.875 -2061.187] [ -3.00000000e-02   3.28520000e+02   1.02000000e+00]
-115.889071 [   13.313     8.563 -2060.812] [  9.00000000e-02   3.28470000e+02   1.04000000e+00]
-115.991996 [   13.313     9.    -2060.25 ] [   1.46  328.38    1.07]
-116.095612 [   13.438     9.563 -2059.625] [   1.55  328.28    1.11]
-116.199891 [   13.438    10.    -2059.   ] [   1.61  328.18    1.14]
-116.303311 [   13.313    10.188 -2058.312] [   1.66  328.05    1.18]
-116.40615 [   13.25    10.25 -2057.25] [   1.67  327.88    1.22]
-116.50904 [-2035.062    10.313 -2056.125] [   1.67  327.69    1.28]
-116.612524 [   12.625    10.188 -2055.   ] [   1.66  327.51    1.32]
-116.715526 [   12.313    10.125 -2054.062] [   1.65  327.35    1.36]
-116.819212 [   12.188    10.063 -2053.437] [   1.64  327.25    1.38]
-116.922059 [   12.125    10.    -2053.312] [   1.63  327.23    1.38]
-117.02512 [    4.        9.938 -2053.062] [   0.33  327.18    1.39]
-117.12899 [   11.938     9.75  -2052.812] [  3.10000000e-01   3.27140000e+02   1.40000000e+00]
-117.231709 [   11.438     7.938 -2052.375] [ -1.00000000e-02   3.27070000e+02   1.42000000e+00]
-117.333786 [    3.188     7.875 -2051.937] [ -3.00000000e-02   3.27000000e+02   1.43000000e+00]
-117.436334 [   11.188     7.813 -2051.937] [ -3.00000000e-02   3.27000000e+02   1.43000000e+00]
-117.539581 [   11.188     7.813 -2052.   ] [ -3.00000000e-02   3.27000000e+02   1.43000000e+00]
-117.648266 [    3.188     7.813 -2052.062] [ -4.00000000e-02   3.27020000e+02   1.43000000e+00]
-117.753646 [   11.313     7.75  -2052.937] [ -4.00000000e-02   3.27160000e+02   1.20000000e-01]
-117.859748 [   11.313     7.625 -2053.062] [ -6.00000000e-02   3.27180000e+02   1.39000000e+00]
-117.96851 [   11.25      7.25  -2053.312] [ -1.30000000e-01   3.27230000e+02   1.38000000e+00]
-118.073904 [   11.125     6.563 -2053.812] [ -2.50000000e-01   3.27310000e+02   1.36000000e+00]
-118.182004 [   10.813     5.813 -2054.062] [  -0.36  327.35    1.35]
-118.285369 [   10.625     5.188 -2054.25 ] [  -0.49  327.38    1.33]
-118.38852 [   10.5       4.688 -2054.625] [  -0.57  327.44    1.31]
-118.499244 [   10.5       4.25  -2055.125] [  -0.64  327.53    1.29]
-118.610223 [   10.438     3.5   -2055.687] [  -0.76  327.61    1.26]
-118.714537 [   10.438     2.875 -2056.25 ] [  -0.88  327.7     1.22]
-118.816864 [   10.438     2.438 -2056.875] [  -0.95  327.8     1.19]
-118.919136 [   10.5       2.188 -2057.5  ] [  -1.    327.9     1.15]
-119.020691 [  1.06250000e+01   2.00000000e+00  -2.05831200e+03] [  -1.03  328.03    1.11]
-119.121998 [    2.688     2.063 -2059.062] [  -1.01  328.16    1.07]
-119.223923 [   10.813     2.563 -2059.625] [  -0.93  328.26    1.05]
-119.326547 [   11.125     3.313 -2060.187] [  -0.8   328.34    1.04]
-119.429444 [    3.625     3.875 -2060.562] [  -0.7   328.41    1.02]
-119.533185 [   12.188     4.563 -2061.   ] [  -0.59  328.48    1.01]
-119.635387 [   12.688     5.125 -2061.187] [  -0.49  328.51    1.  ]
-119.737399 [   13.188     5.938 -2061.25 ] [  -0.36  328.53    1.01]
-119.840294 [   13.625     6.813 -2061.187] [ -2.00000000e-01   3.28520000e+02   1.02000000e+00]
-119.943542 [   14.063     7.875 -2061.   ] [ -3.00000000e-02   3.28500000e+02   1.03000000e+00]
-120.047219 [   14.188     8.5   -2060.687] [  8.00000000e-02   3.28440000e+02   1.05000000e+00]
-120.148672 [   14.313     8.938 -2060.125] [   1.44  328.35    1.08]
-120.255806 [   14.313     9.563 -2059.437] [   1.55  328.24    1.12]
-120.359777 [   14.313     9.938 -2058.812] [   1.62  328.14    1.15]
-120.462533 [   14.125    10.25  -2058.187] [   1.67  328.04    1.18]
-120.564899 [   14.       10.313 -2057.   ] [   1.68  327.86    1.23]
-120.667467 [   13.625    10.25  -2056.   ] [   1.67  327.67    1.28]
-120.76993 [   13.313    10.188 -2055.   ] [   1.65  327.51    1.32]
-120.87425 [   13.063    10.063 -2054.062] [   1.64  327.36    1.36]
-120.977949 [    4.875    10.063 -2053.562] [   1.63  327.26    1.38]
-121.081445 [   12.813    10.    -2053.437] [   1.62  327.25    1.38]
-121.187139 [   12.5       9.438 -2053.062] [   1.53  327.19    1.39]
-121.291695 [   12.        8.875 -2052.375] [   1.43  327.07    1.42]
-121.397153 [   12.        8.875 -2052.25 ] [   1.43  327.04    1.42]
-121.501258 [    4.        8.813 -2052.125] [  1.30000000e-01   3.27030000e+02   1.43000000e+00]
-121.606719 [   11.563     7.125 -2051.937] [ -1.50000000e-01   3.27000000e+02   1.43000000e+00]
-121.713657 [    3.5       7.25  -2051.937] [ -1.30000000e-01   3.27000000e+02   1.43000000e+00]
-121.818919 [   11.5       7.25  -2052.187] [ -1.30000000e-01   3.27030000e+02   1.42000000e+00]
-121.921672 [   11.5       7.25  -2052.625] [ -1.30000000e-01   3.27110000e+02   1.41000000e+00]
-122.024223 [   11.5       7.188 -2053.5  ] [ -1.40000000e-01   3.27260000e+02   1.38000000e+00]
-122.12843 [    3.438     7.    -2053.75 ] [ -1.80000000e-01   3.27300000e+02   1.37000000e+00]
-122.232687 [    3.375     6.688 -2054.   ] [ -2.30000000e-01   3.27340000e+02   1.36000000e+00]
-122.336974 [   11.        5.875 -2054.25 ] [  -0.35  327.38    1.34]
-122.440519 [   10.813     5.25  -2054.437] [  -0.47  327.41    1.33]
-122.543514 [    2.75     4.75 -2054.75] [  -0.55  327.46    1.31]
-122.64906 [   10.688     4.313 -2055.187] [  -0.63  327.53    1.29]
-122.751954 [   10.625     3.688 -2055.625] [  -0.74  327.6     1.26]
-122.856516 [   10.563     2.938 -2056.312] [  -0.85  327.7     1.22]
-122.960513 [   10.563     2.5   -2056.75 ] [  -0.94  327.78    1.19]
-123.064845 [   10.625     2.25  -2057.312] [  -0.98  327.88    1.16]
-123.169018 [   10.75      2.063 -2058.312] [  -1.01  328.02    1.12]
-123.271916 [   10.75      2.125 -2059.062] [  -1.    328.15    1.08]
-123.374315 [   10.875     2.5   -2059.562] [  -0.94  328.24    1.06]
-123.47712 [   11.        3.063 -2060.062] [  -0.84  328.33    1.04]
