-0.0758 [ 1.938 -1.5   -9.   ] [-0.26  1.53  9.68]
-0.180385 [ 9.063 -7.75  -7.125] [-0.04  1.21  9.64]
-0.283092 [ 8.313 -9.625 -2.5  ] [-1.64  0.42  9.65]
-0.387404 [  7.938 -10.875   0.875] [-0.57 -0.11  9.62]
-0.490835 [  7.75  -11.062   1.813] [-0.61 -0.3   9.61]
-0.593608 [  7.563 -10.562   1.625] [-0.52 -0.27  9.63]
-0.697872 [ 7.563 -9.812  1.438] [-0.4  -0.24  9.65]
-0.801746 [ 7.5   -8.812  0.813] [-0.22 -0.14  9.68]
-0.904037 [ 7.438 -8.125 -0.25 ] [-0.11  0.05  9.7 ]
-1.006621 [ 7.375 -7.312 -0.812] [-1.25  0.14  9.72]
-1.109925 [ 7.313 -6.375 -1.5  ] [-1.09  0.24  9.74]
-1.212644 [ 7.25  -5.937 -2.687] [-1.01  0.46  9.74]
-1.315214 [ 7.125 -5.5   -4.812] [-0.94  0.82  9.72]
-1.417816 [ 7.   -5.25 -7.75] [-0.9   1.32  9.67]
-1.520683 [  6.813  -5.062 -11.187] [-0.87  1.84  9.59]
-1.623594 [  6.5    -5.    -15.812] [-0.85  2.66  9.39]
-1.727441 [  6.563  -5.187 -19.062] [-0.89  3.19  9.22]
-1.831719 [  6.313  -5.562 -20.25 ] [-0.95  3.38  9.15]
-1.934193 [  1.625  -5.312 -19.937] [-0.91  3.33  9.17]
-2.038036 [  1.375  -4.25  -19.25 ] [-0.73  3.22  9.23]
-2.142053 [  7.125  -2.062 -18.312] [-0.35  3.08  9.3 ]
-2.24436 [  0.5     0.063 -17.5  ] [ 1.3   2.95  9.35]
-2.348081 [  7.875   2.313 -16.437] [ 1.68  2.77  9.39]
-2.452261 [  8.125   3.625 -14.375] [ 1.9   2.43  9.47]
-2.554812 [  8.313   4.438 -13.562] [ 2.03  2.3   9.5 ]
-2.657523 [  8.688   5.438 -12.75 ] [ 2.21  2.15  9.52]
-2.760263 [  0.875   6.75  -10.937] [ 2.43  1.85  9.56]
-2.862963 [ 9.125  8.625 -9.562] [ 1.47  1.61  9.55]
-2.965725 [  1.25   10.188  -8.687] [ 1.74  1.46  9.53]
-3.068876 [  9.313  12.563  -7.937] [ 2.13  1.32  9.47]
-3.171736 [  9.188  14.688  -8.875] [ 2.45  1.43  9.38]
-3.274913 [  9.063  15.75   -9.187] [ 3.94  1.5   9.31]
-3.378517 [  9.125  16.125  -9.   ] [ 4.    1.47  9.3 ]
-3.482925 [  9.313  16.     -8.75 ] [ 3.98  1.43  9.31]
-3.585806 [  9.625  15.125  -8.437] [ 3.84  1.39  9.36]
-3.689371 [  2.25  13.75  -8.  ] [ 2.33  1.32  9.43]
-3.793424 [ 11.313  11.313  -7.625] [ 1.93  1.27  9.52]
-3.895966 [ 12.875   7.438  -6.187] [ 2.55  1.05  9.66]
-3.999412 [ 5.25   4.    -3.625] [ 1.96  0.62  9.76]
-4.104115 [ 13.063  -0.125  -2.687] [-0.02  0.46  9.79]
-4.207029 [ 12.75   -4.562  -1.437] [-0.78  0.25  9.77]
-4.309733 [ 12.313 -11.125  -0.562] [-0.62  0.09  9.62]
-4.412212 [ 11.938 -11.937   0.375] [-0.74 -0.06  9.59]
-4.515078 [ 11.875 -11.312   1.188] [-0.64 -0.2   9.61]
-4.617929 [ 11.875 -11.437   1.563] [-0.67 -0.26  9.6 ]
-4.720513 [ 11.688 -10.875   1.938] [-0.57 -0.33  9.62]
-4.823263 [ 11.625 -10.125   1.75 ] [-0.46 -0.31  9.64]
-4.926025 [ 11.563 -10.25    1.25 ] [-0.46 -0.21  9.64]
-5.028603 [ 3.5   -8.875  0.563] [-0.23 -0.09  9.68]
-5.133145 [ 11.375  -7.625  -0.312] [-1.32  0.04  9.71]
-5.23663 [ 11.375  -6.875  -0.937] [-1.17  0.16  9.73]
-5.339573 [ 11.313  -6.312  -2.   ] [-1.08  0.34  9.74]
-5.443881 [ 11.188  -6.     -4.375] [-1.03  0.7   9.72]
-5.547359 [ 11.063  -5.812  -7.187] [-1.    1.22  9.67]
-5.650357 [ 2.938 -5.687 -9.875] [-0.97  1.67  9.61]
-5.754512 [ 10.688  -5.625 -13.812] [-0.95  2.25  9.49]
-5.85806 [ 10.438  -5.625 -18.687] [-0.96  3.13  9.24]
-5.96082 [ 10.125  -6.    -20.125] [-1.03  3.36  9.15]
-6.063435 [ 10.125  -5.812 -20.375] [-0.99  3.4   9.14]
-6.165982 [ 10.375  -4.687 -19.75 ] [-0.83  3.31  9.19]
-6.268987 [ 10.813  -2.875 -18.812] [-0.49  3.16  9.26]
-6.371851 [ 11.25   -0.312 -17.437] [-0.06  2.94  9.35]
-6.474576 [ 11.625   1.813 -15.875] [ 1.59  2.68  9.42]
-6.577816 [ 11.875   3.313 -14.062] [ 1.85  2.38  9.49]
-6.680764 [ 12.063   4.125 -13.375] [ 1.98  2.26  9.51]
-6.784916 [ 12.375   5.125 -12.625] [ 0.86  2.15  9.52]
-6.888656 [ 12.688   6.438 -10.687] [ 2.38  1.8   9.57]
-6.991091 [ 12.875   7.875  -9.687] [ 1.34  1.64  9.57]
-7.095115 [ 12.938   9.5    -9.25 ] [ 1.58  1.56  9.55]
-7.19882 [ 13.     11.5    -9.062] [ 1.96  1.51  9.48]
-7.301404 [ 12.938  12.75   -9.437] [ 2.16  1.57  9.43]
-7.405384 [ 13.188  14.     -8.562] [ 2.38  1.42  9.4 ]
-7.509158 [ 13.563  15.063  -7.25 ] [ 2.55  1.19  9.39]
-7.61174 [ 13.5    15.625  -6.875] [ 3.92  1.13  9.37]
-7.71435 [  5.375  15.125  -7.062] [ 3.84  1.16  9.39]
-7.817911 [ 12.875  13.688  -6.875] [ 2.35  1.14  9.45]
-7.920595 [ 12.25   11.813  -6.5  ] [ 2.01  1.08  9.53]
-8.023116 [ 11.313   8.625  -5.625] [ 1.47  0.95  9.64]
-8.125658 [ 10.125   3.875  -4.5  ] [ 1.94  0.76  9.75]
-8.228099 [ 9.5   -1.375 -3.375] [-0.15  0.59  8.5 ]
-8.330821 [ 8.75  -6.75  -1.875] [-1.15  0.32  9.73]
-8.433136 [  7.813 -12.062  -0.5  ] [-0.76  0.08  9.58]
-8.537296 [  7.563 -12.125   1.125] [-2.08 -0.18  9.58]
-8.640871 [  7.875 -10.687   1.688] [-0.54 -0.29  9.63]
-8.743704 [  7.813 -10.687   1.938] [-0.54 -0.32  9.62]
-8.848206 [  7.688 -10.437   1.938] [-0.5  -0.32  9.63]
-8.951783 [ 0.25  -9.75   1.688] [-0.38 -0.29  9.66]
-9.05463 [ 0.312 -9.812  1.438] [-1.67 -0.24  9.65]
-9.159225 [ 7.563 -8.     0.5  ] [-1.39 -0.1   9.7 ]
-9.262654 [ 7.5   -6.937 -0.25 ] [-1.18  0.04  9.73]
-9.365101 [ 7.438 -6.062 -0.937] [-1.03  0.16  9.75]
-9.467851 [ 7.375 -5.625 -2.125] [-0.96  0.36  9.75]
-9.570552 [ 7.25  -5.187 -4.375] [-0.9   0.7   9.73]
-9.673194 [ 7.125 -5.    -7.25 ] [-0.85  1.23  9.69]
-9.775579 [  6.938  -4.875 -10.375] [-0.83  1.76  9.61]
-9.878195 [  6.688  -4.812 -14.5  ] [-0.82  2.45  9.45]
-9.981177 [  6.563  -5.375 -18.687] [-0.92  3.12  9.24]
-10.08405 [  1.687  -5.687 -19.687] [-0.98  3.29  9.18]
-10.187949 [  6.375  -5.75  -19.75 ] [-0.98  3.29  9.18]
-10.292214 [  6.625  -4.625 -19.125] [-0.79  3.2   9.23]
-10.394814 [  7.063  -2.625 -18.125] [-0.45  3.05  9.3 ]
-10.498547 [  7.5    -0.375 -16.812] [-0.06  2.83  9.38]
-10.602435 [  7.875   2.063 -15.062] [ 1.63  2.55  9.46]
-10.704989 [  0.188   3.938 -13.812] [ 1.96  2.34  9.49]
-10.808586 [  8.313   4.625 -13.125] [ 2.08  2.22  9.51]
-10.913013 [  8.688   5.688 -12.312] [ 2.26  2.08  9.53]
-11.015889 [  9.063   6.938 -10.437] [ 2.47  1.76  9.57]
-11.118584 [ 9.25   8.375 -9.437] [ 1.42  1.59  9.56]
-11.221197 [  9.563  10.563  -9.937] [ 1.75  1.67  9.5 ]
-11.323922 [  9.875  12.813  -8.937] [ 2.18  1.49  9.44]
-11.426554 [ 10.25   14.313  -7.687] [ 2.42  1.27  9.41]
-11.529247 [ 10.688  15.438  -6.5  ] [ 3.89  1.07  9.39]
-11.63181 [ 10.625  16.125  -6.75 ] [ 4.    1.11  9.35]
-11.735019 [ 10.625  16.188  -7.   ] [ 4.01  1.15  9.34]
-11.838129 [ 11.063  15.188  -7.25 ] [ 3.85  1.2   9.38]
-11.942286 [ 11.313  13.938  -7.25 ] [ 2.38  1.21  9.43]
-12.045733 [ 11.813  12.688  -5.125] [ 2.15  0.86  9.52]
-12.149149 [ 12.25   10.125  -3.812] [ 1.72  0.64  9.63]
-12.253995 [ 12.813   5.313  -2.75 ] [ 2.19  0.47  9.75]
-12.35719 [ 12.75    1.125  -1.812] [ 1.48  0.31  9.79]
-12.46092 [ 12.563  -2.937  -0.625] [-0.5   0.11  9.79]
-12.565073 [ 12.    -9.5    0.25] [-0.34 -0.04  9.67]
-12.667813 [ 11.875 -11.687   0.875] [-0.71 -0.15  9.6 ]
-12.770588 [ 12.063 -11.312   9.875] [-0.65 -0.31  9.6 ]
-12.872975 [ 12.    -11.5     2.125] [-0.67 -0.36  9.6 ]
-12.975984 [ 11.875 -11.125   2.188] [-0.61 -0.37  9.61]
-13.081448 [ 11.875 -10.437   2.063] [-0.5  -0.35  9.63]
-13.184573 [ 11.813  -9.437   1.375] [-1.62 -0.26  9.66]
-13.288209 [ 11.75   -8.625   0.5  ] [-0.19 -0.09  9.69]
-13.392314 [ 3.688 -8.187 -0.125] [-0.12  0.02  9.7 ]
-13.496931 [ 11.625  -7.75   -1.125] [-0.04  0.2   9.71]
-13.600031 [ 11.563  -7.     -2.187] [-1.19  0.37  9.72]
-13.70519 [ 11.438  -6.5    -4.625] [-1.11  0.74  9.71]
-13.817166 [ 11.25   -6.187  -8.062] [-1.06  1.37  9.65]
-13.919958 [ 11.063  -6.    -11.5  ] [-1.03  1.94  9.55]
-14.022402 [ 10.813  -5.75  -16.187] [-0.98  2.72  9.36]
-14.124992 [ 10.688  -6.    -18.25 ] [-1.03  3.05  9.26]
-14.228008 [ 10.563  -6.687 -18.937] [-1.15  3.16  9.21]
-14.330733 [ 10.563  -6.937 -18.812] [-1.19  4.42  9.21]
-14.433452 [ 10.688  -6.187 -18.312] [-1.06  3.07  9.25]
-14.536311 [ 11.125  -4.125 -17.187] [-0.75  2.91  9.33]
-14.639189 [ 11.563  -1.875 -16.187] [-0.32  2.73  9.41]
-14.742631 [ 11.938   0.688 -15.312] [ 0.12  2.59  9.45]
-14.847209 [ 12.313   3.    -14.187] [ 1.8   2.4   9.49]
-14.949712 [  4.5     4.125 -13.437] [ 1.99  2.27  9.51]
-15.052553 [ 12.938   5.125 -12.562] [ 2.16  2.12  9.53]
-15.156245 [ 13.25    6.438 -10.625] [ 2.36  1.82  9.57]
-15.261744 [ 5.438  7.75  -9.687] [ 1.32  1.63  9.57]
-15.365987 [ 13.5     9.25   -9.437] [ 1.55  1.59  9.55]
-15.469125 [ 13.563  11.188  -9.25 ] [ 1.9   1.54  9.49]
-15.571281 [ 13.625  11.875  -8.937] [ 2.01  1.49  9.47]
-15.673176 [ 13.5    12.875  -9.5  ] [ 2.19  1.57  9.42]
-15.775144 [ 13.625  13.813  -8.875] [ 2.34  1.47  9.4 ]
-15.877186 [ 13.938  14.688  -7.375] [ 2.48  1.24  9.4 ]
-15.979699 [ 14.063  14.875  -6.812] [ 2.51  1.12  9.41]
-16.081776 [ 14.25   13.813  -6.687] [ 2.34  1.11  9.45]
-16.183539 [ 14.375  12.063  -6.375] [ 2.05  1.07  9.52]
-16.285566 [ 14.438   8.438  -5.5  ] [ 1.44  0.93  9.65]
-16.388955 [ 14.25    3.188  -4.125] [ 1.82  0.71  9.76]
-16.491841 [ 13.75   -1.812  -3.125] [-0.31  0.54  9.78]
-16.595439 [ 13.125  -7.187  -2.125] [-1.23  0.37  9.72]
-16.699588 [ 12.375 -12.125  -1.312] [-0.78  0.22  9.58]
-16.802464 [ 12.813 -11.437  -0.312] [-0.66  0.05  9.61]
-16.906192 [ 12.75  -11.5     0.313] [-0.67 -0.05  9.6 ]
-17.010204 [ 12.688 -11.437   0.938] [-0.67 -0.16  9.6 ]
-17.112776 [  4.625 -11.      1.375] [-0.6  -0.23  9.62]
-17.216379 [ 12.563 -10.25    1.375] [-0.47 -0.23  9.64]
-17.32039 [ 12.5    -9.937   1.125] [-0.42 -0.19  9.65]
-17.422787 [ 12.438  -8.437   0.375] [-0.16 -0.07  9.69]
-17.525293 [ 12.313  -7.5    -0.5  ] [-1.28  0.08  9.72]
-17.627847 [ 12.313  -6.937  -1.312] [-1.18  0.22  9.73]
-17.730578 [ 12.25   -6.5    -2.812] [-1.11  0.48  9.73]
-17.833166 [-6.    -0.062 -0.062] [-1.07  0.88  9.7 ]
-17.935616 [ 11.938  -6.062  -8.062] [-1.03  1.36  9.65]
-18.038323 [ 11.813  -5.875 -11.   ] [-1.    1.86  9.57]
-18.141514 [ 11.563  -5.625 -15.875] [-0.96  2.66  9.38]
-18.244373 [ 11.563  -5.687 -18.875] [-0.97  3.15  9.23]
-18.348632 [ 11.438  -6.125 -19.5  ] [-1.04  3.25  9.19]
-18.452394 [ 11.375  -6.625 -18.875] [-1.13  3.15  9.21]
-18.554982 [ 11.563  -5.937 -18.187] [-1.01  3.04  9.26]
-18.659131 [ 11.875  -4.312 -17.437] [-0.77  2.93  9.32]
-18.762734 [ 12.313  -1.875 -16.687] [-0.32  2.82  9.38]
-18.865551 [  4.813   0.75  -15.687] [ 0.12  2.65  9.43]
-18.970185 [ 13.125   3.063 -14.5  ] [ 1.77  2.47  9.47]
-19.073904 [ 13.438   3.875 -13.75 ] [ 0.66  2.32  9.5 ]
-19.176365 [ 13.938   4.875 -12.812] [ 2.11  2.17  9.52]
-19.279213 [ 14.125   6.375 -10.875] [ 2.36  1.84  9.56]
-19.381918 [ 14.313   7.813  -9.937] [ 1.31  1.69  9.56]
-19.48465 [ 14.375   9.375 -10.187] [ 1.6   1.72  9.52]
-19.587402 [ 14.313  11.938 -10.687] [ 2.03  1.78  9.42]
-19.690123 [ 14.375  13.    -10.312] [ 2.21  1.71  9.39]
-19.79329 [ 14.563  13.875  -9.375] [ 2.36  1.55  9.39]
-19.895875 [ 14.75   14.75   -8.437] [ 2.5   1.39  9.37]
-19.999854 [ 15.      7.313  -7.25 ] [ 3.87  1.2   9.37]
-20.103471 [ 15.063  15.438  -6.812] [ 3.89  1.12  9.38]
-20.206198 [ 15.     14.313  -6.75 ] [ 2.42  1.12  9.43]
-20.310042 [ 14.875  12.563  -6.375] [ 2.13  1.06  9.51]
-20.414065 [ 14.688   8.5    -5.375] [ 1.45  0.91  9.65]
-20.516676 [ 14.25    3.625  -4.312] [ 1.9   0.74  9.75]
-20.620504 [ 5.75  -1.25  -3.312] [-0.22  0.57  9.78]
-20.724592 [ 13.063  -7.125  -2.25 ] [-1.22  0.38  9.72]
-20.827409 [ 12.25  -11.937  -1.375] [-0.74  0.23  9.59]
-20.929862 [ 12.75  -11.187  -0.5  ] [-0.62  0.08  9.61]
-21.032281 [ 12.688 -11.437   0.063] [-0.66 -0.01  9.61]
-21.135586 [ 12.625 -11.312   0.688] [-1.93 -0.11  9.61]
-21.238539 [ 12.563 -10.875   1.063] [-0.57 -0.18  9.62]
-21.341474 [ 12.563 -10.125   1.125] [-0.45 -0.19  9.65]
-21.444058 [ 12.563  -9.375   0.813] [-1.59 -0.15  9.67]
-21.547356 [ 12.438  -9.125  -0.062] [-0.28  0.01  9.68]
-21.65093 [ 12.438  -8.187  -0.937] [-0.12  0.16  9.7 ]
-21.7551 [ 12.375  -7.5    -1.937] [-1.28  0.33  9.71]
-21.857946 [ 4.25  -6.75  -3.437] [-1.15  0.58  9.72]
-21.961679 [ 4.125 -6.375 -5.687] [-1.09  0.96  9.69]
-22.065708 [ 12.     -6.062  -8.875] [-1.04  1.51  8.35]
-22.168566 [ 11.813  -5.875 -12.25 ] [-1.01  2.07  9.53]
-22.272008 [  3.625  -5.625 -16.625] [-0.96  2.8   9.34]
-22.376318 [ 11.5    -5.687 -18.375] [-0.97  3.07  9.25]
-22.479025 [ 11.375  -6.125 -18.875] [-1.05  3.15  9.22]
-22.581759 [ 11.25   -6.812 -19.   ] [-1.16  3.17  9.2 ]
-22.684206 [ 11.313  -6.437 -18.75 ] [-1.1   3.13  9.22]
-22.787504 [ 11.688  -4.812 -17.875] [-0.83  3.    9.29]
-22.8901 [ 12.125  -2.562 -16.937] [-0.44  2.85  9.37]
-22.992371 [ 12.563   0.    -15.937] [ 1.28  2.7   9.42]
-23.094684 [ 13.063   2.563 -15.125] [ 1.68  2.57  9.45]
-23.197687 [ 13.5     4.563 -14.062] [ 2.06  2.38  9.48]
-23.300278 [  5.813   5.563 -13.125] [ 2.23  2.22  9.5 ]
-23.404012 [  6.125   6.688 -11.375] [ 2.42  1.92  9.54]
-23.507737 [ 14.313   7.938 -10.312] [ 1.35  1.74  9.55]
-23.610447 [  6.375   9.375 -10.312] [ 1.6   1.73  9.51]
-23.714801 [ 14.375  11.938 -10.75 ] [ 2.    1.77  9.43]
-23.819036 [ 14.563  13.188 -10.187] [ 2.24  1.69  9.39]
-23.921701 [ 14.75   14.063  -9.25 ] [ 2.38  1.53  9.38]
-24.025934 [ 15.063  15.     -8.062] [ 2.53  1.35  9.37]
-24.129681 [ 15.313  15.813  -7.25 ] [ 3.95  1.19  9.35]
-24.231912 [ 14.938  15.375  -7.5  ] [ 3.88  1.23  9.37]
-24.335138 [ 14.813  14.188  -7.312] [ 2.41  1.21  9.42]
-24.43803 [ 14.75   12.438  -6.937] [ 2.15  1.17  9.49]
-24.541016 [ 14.813   8.875  -6.125] [ 1.52  1.04  9.63]
-24.643745 [ 14.625   4.125  -5.   ] [ 1.99  0.85  9.74]
-24.746467 [ 14.188  -0.625  -3.875] [-0.11  0.67  9.78]
-24.849476 [ 13.5    -6.562  -2.   ] [-1.12  0.34  9.73]
-24.951918 [ 12.563 -12.937  -1.062] [-0.91  0.18  9.55]
-25.055648 [ 12.25  -13.125   1.063] [-0.95 -0.18  9.54]
-25.159804 [ 12.438 -11.812   1.75 ] [-0.73 -0.29  9.59]
-25.26253 [ 12.5   -11.562   1.75 ] [-0.68 -0.3   9.6 ]
-25.367121 [ 12.375 -11.187   1.625] [-1.91 -0.28  9.61]
-25.470701 [ 12.438 -10.562   1.5  ] [-0.52 -0.25  9.63]
-25.573438 [ 12.438  -9.625   0.938] [-0.36 -0.15  9.66]
-25.678016 [ 12.438  -8.812  -0.312] [-0.23  0.04  9.68]
-25.781893 [ 12.375  -8.125  -1.125] [-0.11  0.19  9.7 ]
-25.884482 [ 12.313  -7.375  -1.875] [-1.26  0.32  9.71]
-25.987194 [ 12.313  -6.812  -2.812] [-1.17  0.48  9.72]
-26.090203 [ 12.188  -6.562  -5.187] [-1.12  0.88  9.7 ]
-26.192641 [ 12.     -6.312  -8.375] [-1.08  1.42  9.64]
-26.295225 [ 11.813  -6.125 -11.687] [-1.05  1.98  9.54]
-26.397806 [  3.625  -5.812 -16.25 ] [-1.    2.73  9.36]
-26.501112 [ 11.5    -6.312 -18.625] [-1.08  3.11  9.23]
-26.603718 [ 11.313  -7.187 -18.875] [-1.22  3.15  9.2 ]
-26.708006 [  3.25   -7.937 -18.5  ] [-0.07  3.09  9.2 ]
-26.812578 [ 11.438  -7.125 -17.75 ] [-1.22  2.97  9.26]
-26.915177 [ 11.875  -5.062 -17.312] [-0.87  2.91  9.32]
-27.019615 [ 12.313  -2.437 -16.437] [-0.45  2.79  9.38]
-27.122764 [ 12.75    0.063 -15.687] [ 1.3   2.65  9.44]
-27.225348 [ 13.188   2.563 -14.937] [ 1.72  2.52  9.46]
-27.329937 [ 13.625   4.438 -13.687] [ 2.02  2.33  9.49]
-27.433542 [ 13.813   5.313 -12.812] [ 2.18  2.16  9.52]
-27.535954 [ 14.125   6.688 -11.   ] [ 2.42  1.86  9.56]
-27.638372 [ 14.25    7.938 -10.062] [ 1.36  1.7   9.56]
-27.740975 [ 14.375   9.125  -9.812] [ 1.53  1.65  9.54]
-27.843869 [ 14.375  11.125 -10.   ] [ 1.9   1.67  9.47]
-27.946453 [ 14.25   12.438 -10.75 ] [ 2.11  1.79  9.4 ]
-28.049445 [ 14.438  13.25   -9.937] [ 2.25  1.65  9.39]
-28.152328 [ 14.625  14.063  -9.062] [ 2.38  1.5   8.11]
-28.255204 [ 14.75   14.563  -8.125] [ 2.46  1.34  9.39]
-28.358922 [  7.     14.438  -6.812] [ 2.44  1.13  9.42]
-28.462928 [ 15.     13.875  -6.437] [ 2.36  1.07  9.45]
-28.565686 [ 14.688  12.375  -6.187] [ 2.1   1.03  9.52]
-28.669521 [ 14.313   9.     -5.312] [ 1.54  0.9   9.64]
-28.773548 [ 13.625   3.688  -4.   ] [ 1.91  0.68  9.76]
-28.876289 [ 13.    -1.25  -3.  ] [-0.22  0.52  9.79]
-28.980003 [ 12.438  -6.687  -1.937] [-1.14  0.33  9.73]
-29.084195 [ 11.313 -12.875  -0.937] [-0.91  0.15  9.55]
-29.186972 [ 10.75  -12.937   1.   ] [-0.91 -0.17  9.55]
-29.2896 [ 10.813 -11.437   1.688] [-0.67 -0.29  9.6 ]
-29.392199 [ 10.875 -11.437   1.813] [-0.66 -0.31  9.6 ]
-29.494861 [ 10.75  -11.062   1.875] [-0.6  -0.31  9.61]
-29.597509 [ 10.813 -10.312   1.563] [-1.76 -0.26  9.64]
-29.700372 [ 10.75   -9.5     0.938] [-0.34 -0.16  9.66]
-29.802965 [ 10.688  -9.125  -0.062] [-1.56  0.    9.68]
-29.905952 [ 10.625  -8.375  -0.75 ] [-0.15  0.12  9.69]
-30.008849 [ 10.625  -7.625  -1.687] [-0.02  0.28  9.71]
-30.113429 [ 10.5    -6.937  -3.   ] [-1.2   0.48  9.72]
-30.217147 [ 10.438  -6.5    -5.25 ] [-1.11  0.89  9.7 ]
-30.320731 [ 10.25   -6.312  -8.187] [-1.08  1.39  9.64]
-30.425181 [ 10.063  -6.125 -11.562] [-1.05  1.95  9.55]
-30.528056 [  9.875  -5.937 -15.812] [-1.01  2.66  9.38]
-30.631861 [  1.813  -5.875 -18.437] [-1.01  3.08  9.25]
-30.735946 [  9.688  -6.375 -18.937] [-1.08  3.16  9.21]
-30.838663 [  9.5    -7.062 -19.   ] [-1.21  3.17  9.19]
-30.941379 [  9.688  -6.5   -18.562] [-1.11  3.1   9.23]
-31.043967 [ 10.     -4.875 -17.687] [-0.86  2.98  9.3 ]
-31.146931 [ 10.438  -2.437 -16.625] [-0.42  2.8   9.38]
-31.249413 [ 10.875   0.125 -15.812] [ 1.31  2.67  9.43]
-31.351859 [ 11.375   2.5   -15.   ] [ 1.71  2.54  9.46]
-31.454037 [  3.813   4.438 -13.937] [ 2.04  2.35  9.48]
-31.556751 [ 12.      5.375 -12.937] [ 2.2   2.19  9.51]
-31.658979 [ 12.375   6.563 -11.187] [ 2.4   1.89  9.55]
-31.762354 [  4.5     7.75  -10.312] [ 1.32  1.74  9.55]
-31.866629 [ 12.688   9.375  -9.187] [ 1.6   1.55  9.54]
-31.969102 [ 12.688  11.313  -9.25 ] [ 1.93  1.54  9.48]
-32.07252 [ 12.688  12.438  -9.75 ] [ 2.11  1.63  9.43]
-32.176689 [ 12.813  13.563  -9.937] [ 2.3   1.65  9.38]
-32.279423 [  5.     14.313  -8.625] [ 2.42  1.43  9.39]
-32.382544 [ 13.25   14.688  -7.562] [ 2.48  1.24  9.4 ]
-32.486852 [ 13.5    14.625  -6.437] [ 2.48  1.06  9.42]
-32.589882 [ 13.438  13.75   -6.562] [ 2.33  1.08  9.46]
-32.692035 [ 13.375  12.063  -6.312] [ 2.05  1.05  9.52]
-32.794478 [ 13.25    8.875  -5.437] [ 1.51  0.92  9.64]
-32.896772 [ 13.      3.375  -4.187] [ 1.94  0.74  9.75]
-32.999639 [ 12.688  -1.562  -3.   ] [-0.27  0.51  9.78]
-33.101947 [ 12.063  -7.062  -1.812] [-1.21  0.31  9.72]
-33.204093 [ 11.063 -13.187  -0.875] [-0.96  0.15  9.54]
-33.306666 [ 10.688 -13.062   1.313] [-0.94 -0.19  9.54]
-33.409959 [ 10.813 -11.875   1.875] [-0.74 -0.31  9.59]
-33.512704 [  2.813 -11.812   1.813] [-0.72 -0.31  9.59]
-33.616862 [ 10.75  -11.375   9.813] [-0.66 -0.3   9.6 ]
-33.720163 [ 10.813 -10.625   1.5  ] [-0.53 -0.25  9.63]
-33.822739 [ 10.813  -9.375   0.938] [-0.32 -0.16  9.67]
-33.926769 [ 10.688  -7.812   0.   ] [-1.35 -0.01  9.71]
-34.029933 [ 10.688  -7.125  -0.75 ] [-1.22  0.13  9.72]
-34.132654 [ 10.688  -6.687  -1.625] [-1.15  0.27  9.73]
-34.2368 [ 10.563  -6.562  -3.312] [-1.13  0.53  9.72]
-34.340659 [ 10.438  -6.312  -5.812] [-1.08  0.99  9.69]
-34.442991 [ 10.313  -6.125  -8.687] [-1.04  1.47  9.63]
-34.54543 [ 10.188  -6.    -11.437] [-1.02  1.93  9.55]
-34.648006 [ 10.     -5.875 -15.125] [-1.01  2.55  9.41]
-34.750874 [  9.938  -5.812 -18.375] [-0.99  3.08  9.25]
-34.853463 [  9.875  -5.875 -18.875] [-1.    3.15  9.22]
-34.955751 [  9.813  -6.312 -18.562] [-1.08  3.1   9.23]
-35.058203 [  1.813  -6.812 -18.125] [-1.16  3.03  9.25]
-35.161208 [ 10.063  -5.562 -17.5  ] [-0.96  2.93  9.3 ]
-35.263792 [ 10.375  -3.937 -16.75 ] [-0.67  2.82  9.36]
-35.367507 [  2.813  -1.062 -15.812] [-0.18  2.68  9.43]
-35.471378 [ 11.313   1.938 -15.   ] [ 1.61  2.54  9.46]
-35.573973 [ 11.75    3.875 -14.   ] [ 1.94  2.37  9.49]
-35.677669 [  3.938   4.75  -12.937] [ 2.1   2.19  9.52]
-35.781582 [ 12.313   6.125 -11.187] [ 2.33  1.89  9.56]
-35.883819 [ 12.438   7.313 -10.375] [ 2.53  1.75  9.56]
-35.987315 [ 12.5     8.563 -10.25 ] [ 1.46  1.72  9.54]
-36.091772 [ 12.5    10.813 -10.312] [ 1.84  1.73  9.47]
-36.194341 [ 12.438  12.063 -10.875] [ 2.05  1.81  9.41]
-36.296935 [ 12.438  12.625 -10.625] [ 2.14  1.77  9.4 ]
-36.399492 [ 12.563  13.25   -9.937] [ 2.25  1.65  9.39]
-36.502369 [ 12.688  13.563  -9.125] [ 2.3   1.51  9.41]
-36.60497 [ 12.813  13.25   -8.312] [ 2.25  1.38  9.44]
-36.707536 [ 13.     12.75   -7.062] [ 2.16  1.18  9.49]
-36.810131 [  5.188  12.     -5.25 ] [ 2.03  0.88  9.55]
-36.913129 [ 12.938   9.438  -4.437] [ 1.61  0.74  9.64]
-37.015523 [ 4.5    5.25  -3.562] [ 2.18  0.6   9.74]
-37.119142 [ 11.938   0.5    -2.437] [ 1.37  0.41  9.79]
