The flat matrix is [[  8.     -0.625 -13.625]
 [ -0.11    2.31    9.52 ]] 
-0.0792 [-7.875 -0.187 -1.75 ] [-0.03  0.29 -0.07]274.493101 269.49310095 268.9438875 263.9438874 255.814709 250.81470905 261.798602 256.79860195 
-0.182514 [ 0.25  1.5  -0.25] [ 1.53  0.04 -0.01]274.8798395 269.87983975 267.529996 262.5299959 255.2960635 250.296063419 263.2426755 258.24267555 
-0.284601 [ 0.     1.375 -0.75 ] [ 1.52  0.12 -0.03]274.99901 269.99900985 266.0658185 261.06581865 255.029741 250.029740863 264.721438 259.721438 
-0.386665 [-0.062  1.375 -0.875] [ 1.52  0.14 -0.03]274.833728 269.833728 264.580559 259.5805592 255.0433625 250.043362546 266.2056675 261.2056677 
-0.488369 [-0.062  1.313 -0.937] [ 1.51  0.16 -0.04]274.405555 269.4055551 263.1034445 258.1034447 255.334854 250.334854105 267.666146 262.66614625 
-0.590118 [-0.062  1.25  -1.125] [ 1.5   0.19 -0.04]273.743654 268.74365405 261.663744 256.663744 255.8758995 250.87589956 269.0736565 264.07365665 
-0.691835 [-0.062  1.25  -1.437] [ 1.49  0.24 -0.06]272.877188 267.87718785 260.2907305 255.29073025 256.63728 251.63727976 270.398982 265.39898195 
-0.793875 [-0.125  1.063 -1.75 ] [ 1.47  0.29 -0.07]271.8353195 266.83531945 259.013677 254.013676775 257.5897755 252.589775535 271.612905 266.6129051 
-0.895761 [-0.187  0.813 -1.937] [ 1.42  0.32 -0.08]270.647212 265.6472118 257.8618565 252.8618567 258.7041675 253.704167735 272.686209 267.68620915 
-0.998759 [-0.25   0.625 -2.187] [ 1.39  0.36 -0.09]269.342028 264.3420278 256.8645435 251.86454326 259.951237 254.95123719 273.589677 268.58967705 
-1.100648 [-0.25   0.438 -2.437] [ 0.08  0.41 -0.1 ]267.9489305 262.94893045 256.0510095 251.05100965 261.301765 256.30176475 274.294092 269.29409185 
-1.202652 [ -1.68831200e+03   1.88000000e-01  -2.68700000e+00] [ 0.04  0.44 -0.11]266.4970825 261.4970827 255.450529 250.450529086 262.726531 257.72653125 274.7702365 269.7702365 
-1.30438 [-0.375 -0.125 -2.812] [-0.02  0.47 -0.12]265.0156475 260.01564745 255.092375 250.092374773 264.1963175 259.19631755 274.988894 269.98889405 
-1.406642 [-0.437 -0.5   -2.937] [-0.08  0.49 -0.13]263.533799 258.53379905 255.005749 250.005748838 265.6819045 260.6819045 274.9245465 269.92454675 
-1.508668 [-0.5   -0.875 -3.062] [-0.15  0.51 -0.14]262.080758 257.0807582 255.2034985 250.2034985 267.1540755 262.1540754 274.5868015 269.58680165 
-1.611218 [-0.562 -1.187 -3.125] [-0.2   0.52 -0.14]260.685758 255.6857578 255.6613285 250.66132832 268.583616 263.58361595 274.004672 269.0046722 
-1.715162 [-0.625 -1.5   -3.125] [-0.25  0.52 -0.14]259.3780305 254.37803073 256.3498145 251.34981448 269.941312 264.94131205 273.207376 268.20737605 
-1.817288 [-0.625 -1.812 -3.125] [-0.31  0.52 -0.15]258.18681 253.186809815 257.239533 252.23953316 271.1979495 266.1979496 272.224131 267.22413105 
-1.919233 [-0.687 -2.062 -3.125] [-0.35  0.52 -0.15]257.141328 252.141327915 258.3010605 253.301060535 272.3243145 267.32431445 271.084155 266.0841548 
-2.023285 [-7.313 -2.187 -3.187] [-0.37  0.52 -0.15]256.270818 251.270817875 259.504973 254.504972795 273.2911925 268.2911925 269.816665 264.8166651 
-2.126649 [-0.75  -2.312 -3.187] [-0.39  0.52 -0.15]255.6045125 250.604512555 260.821846 255.8218461 274.0693695 269.06936965 268.4508795 263.4508796 
-2.228383 [-0.75  -2.437 -3.125] [-0.41  0.51 -0.15]255.171645 250.171644799 262.2222565 257.22225665 274.6296315 269.62963175 267.016016 262.01601605 
-2.330347 [-7.25  -2.437 -2.937] [-0.42  0.48 -0.14]255.0014475 250.001447463 263.6767805 258.67678065 274.9427645 269.9427647 265.541292 260.5412922 
-2.43333 [-0.812 -2.437 -2.562] [-0.41  0.42 -0.12]255.116026 250.116026178 265.1559945 260.15599445 274.9800495 269.98004965 264.055926 259.05592575 
-2.537212 [-0.812 -2.437 -2.125] [-0.41  0.35 -0.1 ]255.4990605 250.499060641 266.6306925 261.6306927 274.735851 269.7358509 262.589135 257.5891349 
-2.639532 [-0.875 -2.437 -1.812] [-0.41  0.29 -0.09]256.121338 251.12133825 268.072309 263.072309 274.236943 269.2369432 261.170138 256.170138 
-2.741296 [-0.875 -2.437 -1.562] [-0.42  0.25 -0.08]256.953637 251.95363696 269.452393 264.45239305 273.51253 268.51252995 259.8281535 254.82815357 
-2.843525 [-0.875 -2.437 -1.437] [-0.42  0.24 -0.07]257.9667345 252.96673473 270.7424945 265.74249465 272.5918145 267.59181445 258.5924 253.59240002 
-2.946605 [-0.875 -2.437 -1.375] [-0.42  0.23 -0.07]259.1314095 254.131409515 271.9141635 266.9141635 271.504 266.504 257.492096 252.492095795 
-3.049148 [-0.875 -2.437 -1.062] [-0.42  0.17 -0.05]260.4184395 255.4184393 272.9389495 267.93894945 270.27829 265.2782899 256.5564595 251.556459325 
-3.15101 [-0.875 -2.437 -0.875] [-0.42  0.14 -0.04]261.798602 256.79860195 274.493101 269.49310095 268.9438875 263.9438874 255.814709 250.81470905 
-3.253729 [-12.437   0.563  13.563] [-0.41  0.12 -0.04]263.2426755 258.24267555 274.8798395 269.87983975 267.529996 262.5299959 255.2960635 250.296063419 
-3.356855 [-0.812 -2.312 -0.75 ] [-0.39  0.12 -0.04]264.721438 259.721438 274.99901 269.99900985 266.0658185 261.06581865 255.029741 250.029740863 
-3.458882 [-0.75  -1.812 -0.687] [-0.32  0.12 -0.03]266.2056675 261.2056677 274.833728 269.833728 264.580559 259.5805592 255.0433625 250.043362546 
-3.560884 [-0.687 -1.25  -0.687] [-0.21  0.11 -0.03]267.666146 262.66614625 274.405555 269.4055551 263.1034445 258.1034447 255.334854 250.334854105 
-3.662991 [-0.625 -0.75  -0.437] [-0.13  0.07 -0.02]269.0736565 264.07365665 273.743654 268.74365405 261.663744 256.663744 255.8758995 250.87589956 
-3.76633 [-0.625 -0.562 -0.312] [-0.09  0.05 -0.01]270.398982 265.39898195 272.877188 267.87718785 260.2907305 255.29073025 256.63728 251.63727976 
-3.86971 [-0.562 -0.312 -0.312] [-0.06  0.05 -0.01]271.612905 266.6129051 271.8353195 266.83531945 259.013677 254.013676775 257.5897755 252.589775535 
-3.972605 [-7.438 -0.25  -0.312] [-0.04  0.05 -0.01]272.686209 267.68620915 270.647212 265.6472118 257.8618565 252.8618567 258.7041675 253.704167735 
-4.075451 [-0.5    0.188 -0.312] [ 0.03  0.05 -0.01]273.589677 268.58967705 269.342028 264.3420278 256.8645435 251.86454326 259.951237 254.95123719 
-4.179126 [-0.5    0.375 -0.312] [ 0.06  0.05 -0.01]274.294092 269.29409185 267.9489305 262.94893045 256.0510095 251.05100965 261.301765 256.30176475 
-4.281856 [-0.5    0.438 -0.437] [ 0.08  0.07 -0.01]274.7702365 269.7702365 266.4970825 261.4970827 255.450529 250.450529086 262.726531 257.72653125 
-4.383781 [-0.5    0.5   -0.625] [ 0.08  0.1  -0.02]274.988894 269.98889405 265.0156475 260.01564745 255.092375 250.092374773 264.1963175 259.19631755 
-4.486053 [-0.5    0.5   -0.812] [ 0.09  0.13 -0.03]274.9245465 269.92454675 263.533799 258.53379905 255.005749 250.005748838 265.6819045 260.6819045 
-4.589483 [-0.5    0.5   -1.062] [ 0.09  0.17 -0.04]274.5868015 269.58680165 262.080758 257.0807582 255.2034985 250.2034985 267.1540755 262.1540754 
-4.692382 [-0.5    0.5   -1.375] [ 0.09  0.23 -0.05]274.004672 269.0046722 260.685758 255.6857578 255.6613285 250.66132832 268.583616 263.58361595 
-4.794392 [-0.5    0.5   -1.687] [ 0.09  0.28 -0.07]273.207376 268.20737605 259.3780305 254.37803073 256.3498145 251.34981448 269.941312 264.94131205 
-4.89645 [-0.5    0.5   -1.812] [ 0.09  0.3  -0.07]272.224131 267.22413105 258.18681 253.186809815 257.239533 252.23953316 271.1979495 266.1979496 
-4.998142 [-0.5  0.5 -2. ] [ 0.09  0.34 -0.08]271.084155 266.0841548 257.141328 252.141327915 258.3010605 253.301060535 272.3243145 267.32431445 
-5.100058 [-0.5    0.438 -2.312] [ 0.08  0.38 -0.1 ]269.816665 264.8166651 256.270818 251.270817875 259.504973 254.504972795 273.2911925 268.2911925 
-5.20211 [-0.5    0.438 -2.5  ] [ 0.08  0.41 -0.1 ]268.4508795 263.4508796 255.6045125 250.604512555 260.821846 255.8218461 274.0693695 269.06936965 
-5.3044 [-0.5    0.375 -2.687] [ 0.07  0.44 -0.11]267.016016 262.01601605 255.171645 250.171644799 262.2222565 257.22225665 274.6296315 269.62963175 
-5.408885 [-0.562  0.    -2.812] [ 0.    0.47 -0.12]265.541292 260.5412922 255.0014475 250.001447463 263.6767805 258.67678065 274.9427645 269.9427647 
-5.51091 [-0.625 -0.5   -2.937] [-0.08  0.48 -0.13]264.055926 259.05592575 255.116026 250.116026178 265.1559945 260.15599445 274.9800495 269.98004965 
-5.613374 [-0.687 -0.875 -3.   ] [-0.14  0.5  -0.13]262.589135 257.5891349 255.4990605 250.499060641 266.6306925 261.6306927 274.735851 269.7358509 
-5.715702 [-0.75  -1.25  -3.062] [-0.21  0.51 -0.14]261.170138 256.170138 256.121338 251.12133825 268.072309 263.072309 274.236943 269.2369432 
-5.81802 [-0.812 -1.5   -3.062] [-0.26  0.51 -0.14]259.8281535 254.82815357 256.953637 251.95363696 269.452393 264.45239305 273.51253 268.51252995 
-5.920935 [-0.812 -1.812 -3.062] [-0.31  0.51 -0.14]258.5924 253.59240002 257.9667345 252.96673473 270.7424945 265.74249465 272.5918145 267.59181445 
-6.024318 [-0.875 -2.062 -3.062] [-0.34  0.51 -0.14]257.492096 252.492095795 259.1314095 254.131409515 271.9141635 266.9141635 271.504 266.504 
-6.126707 [-0.875 -2.25  -3.062] [-0.38  0.51 -0.15]256.5564595 251.556459325 260.4184395 255.4184393 272.9389495 267.93894945 270.27829 265.2782899 
-6.22889 [-0.937 -2.375 -3.062] [-0.15 -2.32 -9.53]255.814709 250.81470905 261.798602 256.79860195 274.493101 269.49310095 268.9438875 263.9438874 
-6.331796 [-0.875 -2.375 -3.   ] [-0.4   0.5  -0.14]255.2960635 250.296063419 263.2426755 258.24267555 274.8798395 269.87983975 267.529996 262.5299959 
-6.43518 [-0.875 -2.625 -2.812] [-0.44  0.46 -0.14]255.029741 250.029740863 264.721438 259.721438 274.99901 269.99900985 266.0658185 261.06581865 
-6.537465 [-0.937 -2.625 -2.437] [-0.45  0.4  -0.12]255.0433625 250.043362546 266.2056675 261.2056677 274.833728 269.833728 264.580559 259.5805592 
-6.639762 [-7.063 -2.625 -2.125] [-0.45  0.34 -0.1 ]255.334854 250.334854105 267.666146 262.66614625 274.405555 269.4055551 263.1034445 258.1034447 
-6.74287 [-0.937 -2.625 -1.75 ] [-0.45  0.29 -0.09]255.8758995 250.87589956 269.0736565 264.07365665 273.743654 268.74365405 261.663744 256.663744 
-6.84636 [-0.937 -2.625 -1.562] [-0.45  0.26 -0.08]256.63728 251.63727976 270.398982 265.39898195 272.877188 267.87718785 260.2907305 255.29073025 
-6.950937 [-0.937 -2.625 -1.5  ] [-0.45  0.24 -0.07]257.5897755 252.589775535 271.612905 266.6129051 271.8353195 266.83531945 259.013677 254.013676775 
-7.053256 [-0.937 -2.625 -1.375] [-0.45  0.22 -0.07]258.7041675 253.704167735 272.686209 267.68620915 270.647212 265.6472118 257.8618565 252.8618567 
-7.155283 [-0.937 -2.625 -1.125] [-0.45  0.19 -0.06]259.951237 254.95123719 273.589677 268.58967705 269.342028 264.3420278 256.8645435 251.86454326 
-7.257254 [-0.937 -2.625 -0.75 ] [-0.45  0.12 -0.04]261.301765 256.30176475 274.294092 269.29409185 267.9489305 262.94893045 256.0510095 251.05100965 
-7.359278 [-0.937 -2.437 -0.5  ] [-0.42  0.08 -0.03]262.726531 257.72653125 274.7702365 269.7702365 266.4970825 261.4970827 255.450529 250.450529086 
-7.461007 [-7.125 -2.    -0.437] [-0.34  0.07 -0.02]264.1963175 259.19631755 274.988894 269.98889405 265.0156475 260.01564745 255.092375 250.092374773 
-7.562975 [-0.812 -1.312 -0.25 ] [-0.23  0.04 -0.01]265.6819045 260.6819045 274.9245465 269.92454675 263.533799 258.53379905 255.005749 250.005748838 
-7.665019 [-0.75  -0.812 -0.125] [-0.14  0.02  0.  ]267.1540755 262.1540754 274.5868015 269.58680165 262.080758 257.0807582 255.2034985 250.2034985 
-7.766874 [-0.75  -0.625 -0.125] [-0.11  0.02  0.  ]268.583616 263.58361595 274.004672 269.0046722 260.685758 255.6857578 255.6613285 250.66132832 
-7.869413 [-0.687 -0.5   -0.125] [-0.08  0.02  0.  ]269.941312 264.94131205 273.207376 268.20737605 259.3780305 254.37803073 256.3498145 251.34981448 
-7.971477 [-7.313 -0.187 -0.125] [-0.03  0.02  0.  ]271.1979495 266.1979496 272.224131 267.22413105 258.18681 253.186809815 257.239533 252.23953316 
-8.074546 [-0.625  0.188 -0.125] [ 0.04  0.02  0.  ]272.3243145 267.32431445 271.084155 266.0841548 257.141328 252.141327915 258.3010605 253.301060535 
-8.178293 [-0.562  0.375 -0.125] [ 0.07  0.02  0.  ]273.2911925 268.2911925 269.816665 264.8166651 256.270818 251.270817875 259.504973 254.504972795 
-8.280846 [-0.562  0.5   -0.125] [ 0.09  0.02  0.  ]274.0693695 269.06936965 268.4508795 263.4508796 255.6045125 250.604512555 260.821846 255.8218461 
-8.382898 [-0.562  0.563 -0.25 ] [ 0.1   0.04  0.  ]274.6296315 269.62963175 267.016016 262.01601605 255.171645 250.171644799 262.2222565 257.22225665 
-8.487326 [-7.438  0.563 -0.375] [ 0.1   0.06 -0.01]274.9427645 269.9427647 265.541292 260.5412922 255.0014475 250.001447463 263.6767805 258.67678065 
-8.590716 [-0.562  0.563 -0.687] [ 0.1   0.12 -1.3 ]274.9800495 269.98004965 264.055926 259.05592575 255.116026 250.116026178 265.1559945 260.15599445 
-8.69263 [-0.562  0.563 -0.937] [ 0.1   0.15 -0.03]274.735851 269.7358509 262.589135 257.5891349 255.4990605 250.499060641 266.6306925 261.6306927 
-8.794623 [-0.562  0.563 -1.125] [ 0.1   0.19 -0.04]274.236943 269.2369432 261.170138 256.170138 256.121338 251.12133825 268.072309 263.072309 
-8.898405 [-7.438  0.563 -1.562] [ 0.1   0.25 -0.06]273.51253 268.51252995 259.8281535 254.82815357 256.953637 251.95363696 269.452393 264.45239305 
-9.001546 [-0.562  0.563 -1.75 ] [ 0.1   0.29 -0.07]272.5918145 267.59181445 258.5924 253.59240002 257.9667345 252.96673473 270.7424945 265.74249465 
-9.104075 [-0.562  0.563 -1.875] [ 0.1   0.31 -0.08]271.504 266.504 257.492096 252.492095795 259.1314095 254.131409515 271.9141635 266.9141635 
-9.205964 [-0.562  0.563 -2.125] [ 0.1   0.35 -0.09]270.27829 265.2782899 256.5564595 251.556459325 260.4184395 255.4184393 272.9389495 267.93894945 
-9.307996 [-0.562  0.5   -2.375] [ 0.08  0.4  -0.1 ]268.9438875 263.9438874 255.814709 250.81470905 261.798602 256.79860195 274.493101 269.49310095 
-9.409855 [-0.625  0.125 -2.625] [ 0.02  0.43 -0.11]267.529996 262.5299959 255.2960635 250.296063419 263.2426755 258.24267555 274.8798395 269.87983975 
-9.512359 [-0.687 -0.187 -2.75 ] [-0.02  0.45 -0.12]266.0658185 261.06581865 255.029741 250.029740863 264.721438 259.721438 274.99901 269.99900985 
-9.614917 [-0.75  -0.5   -2.875] [-0.09  0.47 -0.13]264.580559 259.5805592 255.0433625 250.043362546 266.2056675 261.2056677 274.833728 269.833728 
-9.716888 [-0.812 -0.875 -2.937] [-0.15  0.49 -0.13]263.1034445 258.1034447 255.334854 250.334854105 267.666146 262.66614625 274.405555 269.4055551 
-9.818679 [-0.812 -1.125 -2.937] [-0.19  0.49 -0.13]261.663744 256.663744 255.8758995 250.87589956 269.0736565 264.07365665 273.743654 268.74365405 
-9.923058 [-0.875 -1.437 -3.   ] [-0.24  0.49 -0.13]260.2907305 255.29073025 256.63728 251.63727976 270.398982 265.39898195 272.877188 267.87718785 
-10.025171 [-0.937 -1.75  -3.   ] [-0.3   0.49 -0.14]259.013677 254.013676775 257.5897755 252.589775535 271.612905 266.6129051 271.8353195 266.83531945 
-10.127511 [-1. -2. -3.] [-0.34  0.49 -0.14]257.8618565 252.8618567 258.7041675 253.704167735 272.686209 267.68620915 270.647212 265.6472118 
-10.231617 [-1.   -2.25 -3.  ] [-0.38  0.49 -0.14]256.8645435 251.86454326 259.951237 254.95123719 273.589677 268.58967705 269.342028 264.3420278 
-10.334998 [-1.    -2.375 -3.   ] [-0.41  0.49 -0.14]256.0510095 251.05100965 261.301765 256.30176475 274.294092 269.29409185 267.9489305 262.94893045 
-10.437113 [-1.062 -2.562 -2.937] [-0.43  0.48 -0.14]255.450529 250.450529086 262.726531 257.72653125 274.7702365 269.7702365 266.4970825 261.4970827 
-10.54005 [-1.062 -2.625 -2.687] [-0.45  0.44 -0.13]255.092375 250.092374773 264.1963175 259.19631755 274.988894 269.98889405 265.0156475 260.01564745 
-10.643757 [-1.062 -2.625 -2.312] [-0.45  0.38 -0.11]255.005749 250.005748838 265.6819045 260.6819045 274.9245465 269.92454675 263.533799 258.53379905 
-10.746341 [-1.125 -2.687 -2.   ] [-0.45  0.32 -0.1 ]255.2034985 250.2034985 267.1540755 262.1540754 274.5868015 269.58680165 262.080758 257.0807582 
-10.848357 [-6.875 -2.687 -1.687] [-0.45  0.27 -0.08]255.6613285 250.66132832 268.583616 263.58361595 274.004672 269.0046722 260.685758 255.6857578 
-10.950886 [-6.875 -2.687 -1.437] [-0.46  0.23 -0.07]256.3498145 251.34981448 269.941312 264.94131205 273.207376 268.20737605 259.3780305 254.37803073 
-11.054675 [-1.125 -2.687 -1.375] [-0.46  0.22 -0.07]257.239533 252.23953316 271.1979495 266.1979496 272.224131 267.22413105 258.18681 253.186809815 
-11.157497 [-1.125 -2.687 -1.25 ] [-0.46  0.21 -0.07]258.3010605 253.301060535 272.3243145 267.32431445 271.084155 266.0841548 257.141328 252.141327915 
-11.259463 [-1.125 -2.687 -0.937] [-0.46  0.15 -0.05]259.504973 254.504972795 273.2911925 268.2911925 269.816665 264.8166651 256.270818 251.270817875 
-11.361258 [-1.125 -2.687 -0.625] [-0.46  0.1  -0.04]260.821846 255.8218461 274.0693695 269.06936965 268.4508795 263.4508796 255.6045125 250.604512555 
-11.465685 [-1.125 -2.625 -0.562] [-0.45  0.09 -0.03]262.2222565 257.22225665 274.6296315 269.62963175 267.016016 262.01601605 255.171645 250.171644799 
-11.56767 [-1.062 -2.25  -0.437] [-0.39  0.07 -0.02]263.6767805 258.67678065 274.9427645 269.9427647 265.541292 260.5412922 255.0014475 250.001447463 
-11.669137 [-1.    -1.625 -0.312] [-0.27  0.05 -0.02]265.1559945 260.15599445 274.9800495 269.98004965 264.055926 259.05592575 255.116026 250.116026178 
-11.770862 [-0.937 -0.937 -0.187] [-0.16  0.03 -0.01]266.6306925 261.6306927 274.735851 269.7358509 262.589135 257.5891349 255.4990605 250.499060641 
-11.874246 [-0.875 -0.75  -0.187] [-0.12  0.03 -0.01]268.072309 263.072309 274.236943 269.2369432 261.170138 256.170138 256.121338 251.12133825 
-11.977424 [-0.875 -0.5   -0.187] [-0.09  0.03 -0.01]269.452393 264.45239305 273.51253 268.51252995 259.8281535 254.82815357 256.953637 251.95363696 
-12.079165 [-0.812 -0.25  -0.187] [-0.04  0.03  0.  ]270.7424945 265.74249465 272.5918145 267.59181445 258.5924 253.59240002 257.9667345 252.96673473 
-12.180946 [-0.812  0.063 -0.187] [ 0.01  0.03  0.  ]271.9141635 266.9141635 271.504 266.504 257.492096 252.492095795 259.1314095 254.131409515 
-12.282975 [-0.75   0.375 -0.187] [ 0.06  0.03  0.  ]272.9389495 267.93894945 270.27829 265.2782899 256.5564595 251.556459325 260.4184395 255.4184393 
-12.386499 [-0.75   0.5   -0.187] [ 0.08  0.03  0.  ]274.493101 269.49310095 268.9438875 263.9438874 255.814709 250.81470905 261.798602 256.79860195 
-12.488992 [-0.75   0.625 -0.25 ] [ 1.39  0.04 -0.01]274.8798395 269.87983975 267.529996 262.5299959 255.2960635 250.296063419 263.2426755 258.24267555 
-12.59083 [-0.75   0.625 -0.437] [ 1.39  0.07 -0.01]274.99901 269.99900985 266.0658185 261.06581865 255.029741 250.029740863 264.721438 259.721438 
-12.692581 [-7.25   0.625 -0.687] [ 1.39  0.12 -0.03]274.833728 269.833728 264.580559 259.5805592 255.0433625 250.043362546 266.2056675 261.2056677 
-12.795036 [-7.25   0.625 -0.937] [ 0.11  0.16 -0.04]274.405555 269.4055551 263.1034445 258.1034447 255.334854 250.334854105 267.666146 262.66614625 
-12.898437 [-0.75   0.625 -1.25 ] [ 0.11  0.2  -0.05]273.743654 268.74365405 261.663744 256.663744 255.8758995 250.87589956 269.0736565 264.07365665 
-13.000826 [-0.75   0.625 -1.562] [ 1.39  0.26 -0.06]272.877188 267.87718785 260.2907305 255.29073025 256.63728 251.63727976 270.398982 265.39898195 
-13.102609 [-0.75   0.625 -1.75 ] [ 1.39  0.29 -0.07]271.8353195 266.83531945 259.013677 254.013676775 257.5897755 252.589775535 271.612905 266.6129051 
-13.205029 [-0.75   0.625 -1.875] [ 1.39  0.31 -0.08]270.647212 265.6472118 257.8618565 252.8618567 258.7041675 253.704167735 272.686209 267.68620915 
-13.308444 [-0.75   0.625 -2.062] [ 0.11  0.34 -0.08]269.342028 264.3420278 256.8645435 251.86454326 259.951237 254.95123719 273.589677 268.58967705 
-13.411182 [-0.75   0.563 -2.375] [ 0.1   0.39 -0.1 ]267.9489305 262.94893045 256.0510095 251.05100965 261.301765 256.30176475 274.294092 269.29409185 
-13.512885 [-0.812  0.063 -2.562] [ 0.02  0.42 -0.11]266.4970825 261.4970827 255.450529 250.450529086 262.726531 257.72653125 274.7702365 269.7702365 
-13.614462 [-0.875 -0.187 -2.687] [-0.02  0.44 -0.12]265.0156475 260.01564745 255.092375 250.092374773 264.1963175 259.19631755 274.988894 269.98889405 
-13.716286 [-0.875 -0.5   -2.75 ] [-0.08  0.46 -0.12]263.533799 258.53379905 255.005749 250.005748838 265.6819045 260.6819045 274.9245465 269.92454675 
-13.817947 [-0.937 -0.937 -2.875] [-0.15  0.47 -0.13]262.080758 257.0807582 255.2034985 250.2034985 267.1540755 262.1540754 274.5868015 269.58680165 
-13.91955 [-1.    -1.187 -2.875] [-0.21  0.48 -0.13]260.685758 255.6857578 255.6613285 250.66132832 268.583616 263.58361595 274.004672 269.0046722 
-14.021241 [-1.125 -1.875 -2.937] [-0.31  0.48 -0.14]259.3780305 254.37803073 256.3498145 251.34981448 269.941312 264.94131205 273.207376 268.20737605 
-14.12318 [-1.125 -2.125 -2.937] [-0.36  0.48 -0.14]258.18681 253.186809815 257.239533 252.23953316 271.1979495 266.1979496 272.224131 267.22413105 
-14.225144 [-1.187 -2.25  -2.937] [-0.38  0.49 -0.14]257.141328 252.141327915 258.3010605 253.301060535 272.3243145 267.32431445 271.084155 266.0841548 
-14.326744 [-1.187 -2.437 -2.937] [-0.41  0.49 -0.14]256.270818 251.270817875 259.504973 254.504972795 273.2911925 268.2911925 269.816665 264.8166651 
-14.429762 [-6.813 -2.562 -3.   ] [-0.43  0.49 -0.14]255.6045125 250.604512555 260.821846 255.8218461 274.0693695 269.06936965 268.4508795 263.4508796 
-14.533175 [-1.25  -2.687 -3.   ] [-0.46  0.49 -0.14]255.171645 250.171644799 262.2222565 257.22225665 274.6296315 269.62963175 267.016016 262.01601605 
-14.635436 [-1.25  -2.75  -2.875] [-0.47  0.47 -0.14]255.0014475 250.001447463 263.6767805 258.67678065 274.9427645 269.9427647 265.541292 260.5412922 
-14.737354 [-1.25  -2.75  -2.437] [-0.47  0.39 -0.12]255.116026 250.116026178 265.1559945 260.15599445 274.9800495 269.98004965 264.055926 259.05592575 
-14.840071 [-1.25  -2.75  -2.062] [-0.47  0.34 -0.1 ]255.4990605 250.499060641 266.6306925 261.6306927 274.735851 269.7358509 262.589135 257.5891349 
-14.943734 [-1.25  -2.812 -1.625] [-0.47  0.27 -0.08]256.121338 251.12133825 268.072309 263.072309 274.236943 269.2369432 261.170138 256.170138 
-15.046001 [-1.25  -2.812 -1.5  ] [-0.47  0.24 -0.08]256.953637 251.95363696 269.452393 264.45239305 273.51253 268.51252995 259.8281535 254.82815357 
-15.148101 [-1.25  -2.812 -1.25 ] [-0.47  0.21 -0.07]257.9667345 252.96673473 270.7424945 265.74249465 272.5918145 267.59181445 258.5924 253.59240002 
-15.25143 [-1.312 -2.812 -1.062] [-0.47  0.18 -0.06]259.1314095 254.131409515 271.9141635 266.9141635 271.504 266.504 257.492096 252.492095795 
-15.354565 [-1.312 -2.812 -0.937] [-0.47  0.16 -0.05]260.4184395 255.4184393 272.9389495 267.93894945 270.27829 265.2782899 256.5564595 251.556459325 
-15.456892 [-1.312 -2.75  -0.812] [-0.46  0.13 -0.04]261.798602 256.79860195 274.493101 269.49310095 268.9438875 263.9438874 255.814709 250.81470905 
-15.558873 [-6.688 -2.625 -0.375] [-0.45  0.06 -0.03]263.2426755 258.24267555 274.8798395 269.87983975 267.529996 262.5299959 255.2960635 250.296063419 
-15.661534 [-1.25  -2.375 -0.25 ] [-0.4   0.04 -0.02]264.721438 259.721438 274.99901 269.99900985 266.0658185 261.06581865 255.029741 250.029740863 
-15.765153 [-1.187 -1.687 -0.187] [-0.3   0.03 -0.01]266.2056675 261.2056677 274.833728 269.833728 264.580559 259.5805592 255.0433625 250.043362546 
-15.867439 [-1.062 -1.062  0.   ] [-0.18  0.    0.  ]267.666146 262.66614625 274.405555 269.4055551 263.1034445 258.1034447 255.334854 250.334854105 
-15.970095 [-1.062 -0.812  0.063] [-0.13 -0.01  0.  ]269.0736565 264.07365665 273.743654 268.74365405 261.663744 256.663744 255.8758995 250.87589956 
-16.07211 [-1.    -0.5    0.063] [-0.09 -0.01  0.  ]270.398982 265.39898195 272.877188 267.87718785 260.2907305 255.29073025 256.63728 251.63727976 
-16.174029 [-1.    -0.375  0.063] [-0.06 -0.01  0.  ]271.612905 266.6129051 271.8353195 266.83531945 259.013677 254.013676775 257.5897755 252.589775535 
-16.276015 [-0.937  0.     0.063] [-0.01 -0.01  0.01]272.686209 267.68620915 270.647212 265.6472118 257.8618565 252.8618567 258.7041675 253.704167735 
-16.378024 [-0.937  0.188  0.063] [ 0.04 -0.01  0.01]273.589677 268.58967705 269.342028 264.3420278 256.8645435 251.86454326 259.951237 254.95123719 
-16.47974 [-0.937  0.375  0.   ] [ 0.07  0.    0.  ]274.294092 269.29409185 267.9489305 262.94893045 256.0510095 251.05100965 261.301765 256.30176475 
-16.581452 [-0.937  0.438 -0.187] [ 0.08  0.03  0.  ]274.7702365 269.7702365 266.4970825 261.4970827 255.450529 250.450529086 262.726531 257.72653125 
-16.683474 [-0.937  0.5   -0.375] [ 0.09  0.07 -0.01]274.988894 269.98889405 265.0156475 260.01564745 255.092375 250.092374773 264.1963175 259.19631755 
-16.785384 [-0.937  0.5   -0.625] [ 0.09  0.11 -0.02]274.9245465 269.92454675 263.533799 258.53379905 255.005749 250.005748838 265.6819045 260.6819045 
-16.887821 [-0.937  0.563 -0.875] [ 0.09  0.14 -0.03]274.5868015 269.58680165 262.080758 257.0807582 255.2034985 250.2034985 267.1540755 262.1540754 
-16.990056 [-0.937  0.563 -1.187] [ 0.09  0.2  -0.05]274.004672 269.0046722 260.685758 255.6857578 255.6613285 250.66132832 268.583616 263.58361595 
-17.092032 [-0.937  0.563 -1.437] [ 0.09  0.24 -0.06]273.207376 268.20737605 259.3780305 254.37803073 256.3498145 251.34981448 269.941312 264.94131205 
-17.195247 [-0.937  0.563 -1.687] [ 0.09  0.28 -0.07]272.224131 267.22413105 258.18681 253.186809815 257.239533 252.23953316 271.1979495 266.1979496 
-17.298724 [-0.937  0.563 -1.875] [ 0.09  0.31 -0.08]271.084155 266.0841548 257.141328 252.141327915 258.3010605 253.301060535 272.3243145 267.32431445 
-17.400852 [-0.937  0.563 -2.125] [ 0.09  0.35 -0.09]269.816665 264.8166651 256.270818 251.270817875 259.504973 254.504972795 273.2911925 268.2911925 
-17.502892 [-0.937  0.438 -2.312] [ 0.08  0.38 -0.1 ]268.4508795 263.4508796 255.6045125 250.604512555 260.821846 255.8218461 274.0693695 269.06936965 
-17.605883 [-1.     0.125 -2.437] [ 0.03  0.41 -0.1 ]267.016016 262.01601605 255.171645 250.171644799 262.2222565 257.22225665 274.6296315 269.62963175 
-17.709295 [-1.    -0.125 -2.625] [-0.01  0.43 -0.11]265.541292 260.5412922 255.0014475 250.001447463 263.6767805 258.67678065 274.9427645 269.9427647 
-17.811766 [-1.062 -0.437 -2.687] [-0.07  0.44 -0.12]264.055926 259.05592575 255.116026 250.116026178 265.1559945 260.15599445 274.9800495 269.98004965 
-17.913784 [-1.125 -0.812 -2.812] [-0.14  0.46 -0.12]262.589135 257.5891349 255.4990605 250.499060641 266.6306925 261.6306927 274.735851 269.7358509 
-18.017236 [-1.187 -1.187 -2.812] [-0.2   0.47 -0.13]261.170138 256.170138 256.121338 251.12133825 268.072309 263.072309 274.236943 269.2369432 
-18.120945 [-1.25  -1.562 -2.812] [-0.26  0.47 -0.13]259.8281535 254.82815357 256.953637 251.95363696 269.452393 264.45239305 273.51253 268.51252995 
-18.223167 [-1.312 -1.812 -2.812] [-0.31  0.47 -0.13]258.5924 253.59240002 257.9667345 252.96673473 270.7424945 265.74249465 272.5918145 267.59181445 
-18.325156 [-1.312 -2.062 -2.812] [-0.35  0.47 -0.13]257.492096 252.492095795 259.1314095 254.131409515 271.9141635 266.9141635 271.504 266.504 
-18.427226 [-1.375 -2.25  -2.875] [-0.39  1.75 -0.14]256.5564595 251.556459325 260.4184395 255.4184393 272.9389495 267.93894945 270.27829 265.2782899 
-18.529311 [-1.375 -2.437 -2.875] [-0.42  0.47 -0.14]255.814709 250.81470905 261.798602 256.79860195 274.493101 269.49310095 268.9438875 263.9438874 
-18.632443 [-1.437 -2.625 -2.875] [-0.44  0.47 -0.14]255.2960635 250.296063419 263.2426755 258.24267555 274.8798395 269.87983975 267.529996 262.5299959 
-18.734394 [-1.437 -2.75  -2.687] [-0.47  0.44 -0.13]255.029741 250.029740863 264.721438 259.721438 274.99901 269.99900985 266.0658185 261.06581865 
-18.83655 [-1.437 -2.75  -2.25 ] [-0.47   0.37  -1.389]255.0433625 250.043362546 266.2056675 261.2056677 274.833728 269.833728 264.580559 259.5805592 
-18.939115 [-1.5   -2.812 -1.812] [-0.47  0.3  -0.09]255.334854 250.334854105 267.666146 262.66614625 274.405555 269.4055551 263.1034445 258.1034447 
-19.041197 [-1.5   -2.812 -1.562] [-0.47  0.25 -0.08]255.8758995 250.87589956 269.0736565 264.07365665 273.743654 268.74365405 261.663744 256.663744 
-19.143751 [-1.5   -2.812 -1.375] [-0.47  0.22 -0.07]256.63728 251.63727976 270.398982 265.39898195 272.877188 267.87718785 260.2907305 255.29073025 
-19.245548 [-1.5   -2.812 -1.312] [-0.47  0.21 -0.07]257.5897755 252.589775535 271.612905 266.6129051 271.8353195 266.83531945 259.013677 254.013676775 
-19.347545 [-6.5   -2.75  -1.187] [-0.47  0.19 -0.06]258.7041675 253.704167735 272.686209 267.68620915 270.647212 265.6472118 257.8618565 252.8618567 
-19.450637 [-6.5   -2.75  -0.937] [-0.47  0.15 -0.05]259.951237 254.95123719 273.589677 268.58967705 269.342028 264.3420278 256.8645435 251.86454326 
-19.554007 [-1.5   -2.75  -0.562] [-0.47  0.09 -0.04]261.301765 256.30176475 274.294092 269.29409185 267.9489305 262.94893045 256.0510095 251.05100965 
-19.656335 [-1.5   -2.562 -0.437] [-0.44  0.07 -0.03]262.726531 257.72653125 274.7702365 269.7702365 266.4970825 261.4970827 255.450529 250.450529086 
-19.758745 [-1.437 -2.125 -0.25 ] [-0.36  0.04 -0.02]264.1963175 259.19631755 274.988894 269.98889405 265.0156475 260.01564745 255.092375 250.092374773 
-19.861794 [-1.375 -1.437 -0.125] [-0.24  0.02 -0.01]265.6819045 260.6819045 274.9245465 269.92454675 263.533799 258.53379905 255.005749 250.005748838 
-19.965124 [-1.312 -0.875  0.   ] [-0.14  0.    0.  ]267.1540755 262.1540754 274.5868015 269.58680165 262.080758 257.0807582 255.2034985 250.2034985 
-20.066891 [-1.25  -0.687  0.   ] [-0.12  0.    0.  ]268.583616 263.58361595 274.004672 269.0046722 260.685758 255.6857578 255.6613285 250.66132832 
-20.168588 [-1.25  -0.625  0.   ] [-0.1  0.   0. ]269.941312 264.94131205 273.207376 268.20737605 259.3780305 254.37803073 256.3498145 251.34981448 
-20.270917 [-1.25  -0.312  0.   ] [-0.05  0.    0.  ]271.1979495 266.1979496 272.224131 267.22413105 258.18681 253.186809815 257.239533 252.23953316 
-20.374631 [-1.187  0.063  0.   ] [ 0.01  0.    0.  ]272.3243145 267.32431445 271.084155 266.0841548 257.141328 252.141327915 258.3010605 253.301060535 
-20.479382 [-1.187  0.25   0.   ] [ 0.05  0.    0.  ]273.2911925 268.2911925 269.816665 264.8166651 256.270818 251.270817875 259.504973 254.504972795 
-20.581229 [-1.125  0.375 -0.062] [ 0.07  0.01  0.  ]274.0693695 269.06936965 268.4508795 263.4508796 255.6045125 250.604512555 260.821846 255.8218461 
-20.683063 [-1.125  0.5   -0.125] [ 0.09  0.02  0.  ]274.6296315 269.62963175 267.016016 262.01601605 255.171645 250.171644799 262.2222565 257.22225665 
-20.784959 [-6.875  0.5   -0.312] [ 0.09  0.05 -0.01]274.9427645 269.9427647 265.541292 260.5412922 255.0014475 250.001447463 263.6767805 258.67678065 
-20.886952 [-1.125  0.563 -0.625] [ 0.09  0.1  -0.02]274.9800495 269.98004965 264.055926 259.05592575 255.116026 250.116026178 265.1559945 260.15599445 
-20.988978 [-1.125  0.563 -0.812] [ 0.09  0.14 -0.03]274.735851 269.7358509 262.589135 257.5891349 255.4990605 250.499060641 266.6306925 261.6306927 
-21.090955 [-1.125  0.563 -1.062] [ 0.09  0.17 -0.04]274.236943 269.2369432 261.170138 256.170138 256.121338 251.12133825 268.072309 263.072309 
-21.192772 [-1.125  0.563 -1.375] [ 0.1   0.23 -0.05]273.51253 268.51252995 259.8281535 254.82815357 256.953637 251.95363696 269.452393 264.45239305 
-21.294608 [-1.125  0.563 -1.625] [ 0.1   0.27 -0.06]272.5918145 267.59181445 258.5924 253.59240002 257.9667345 252.96673473 270.7424945 265.74249465 
-21.397871 [-1.125  0.563 -1.812] [ 0.1   0.3  -0.07]271.504 266.504 257.492096 252.492095795 259.1314095 254.131409515 271.9141635 266.9141635 
-21.499865 [-1.125  0.563 -2.   ] [ 0.1   0.34 -0.08]270.27829 265.2782899 256.5564595 251.556459325 260.4184395 255.4184393 272.9389495 267.93894945 
-21.601739 [-1.125  0.5   -2.25 ] [ 0.09  0.38 -0.09]268.9438875 263.9438874 255.814709 250.81470905 261.798602 256.79860195 274.493101 269.49310095 
-21.705097 [-1.187  0.125 -2.5  ] [ 0.03  0.41 -0.11]267.529996 262.5299959 255.2960635 250.296063419 263.2426755 258.24267555 274.8798395 269.87983975 
-21.808577 [-1.25  -0.187 -2.625] [-0.02  0.43 -0.11]266.0658185 261.06581865 255.029741 250.029740863 264.721438 259.721438 274.99901 269.99900985 
-21.910637 [-1.312 -0.562 -2.75 ] [-0.09  0.45 -0.12]264.580559 259.5805592 255.0433625 250.043362546 266.2056675 261.2056677 274.833728 269.833728 
-22.015554 [-1.375 -0.937 -2.812] [-0.16  0.46 -0.12]263.1034445 258.1034447 255.334854 250.334854105 267.666146 262.66614625 274.405555 269.4055551 
-22.119267 [-1.437 -1.25  -2.875] [-0.21  0.47 -0.13]261.663744 256.663744 255.8758995 250.87589956 269.0736565 264.07365665 273.743654 268.74365405 
-22.222056 [-1.437 -1.562 -2.875] [-0.27  0.47 -0.13]260.2907305 255.29073025 256.63728 251.63727976 270.398982 265.39898195 272.877188 267.87718785 
-22.325682 [-1.5   -1.812 -2.875] [-0.31  0.47 -0.13]259.013677 254.013676775 257.5897755 252.589775535 271.612905 266.6129051 271.8353195 266.83531945 
-22.43002 [-1.562 -2.125 -2.875] [-0.35  0.47 -0.13]257.8618565 252.8618567 258.7041675 253.704167735 272.686209 267.68620915 270.647212 265.6472118 
-22.532707 [-1.562 -2.312 -2.875] [-0.4   0.47 -0.14]256.8645435 251.86454326 259.951237 254.95123719 273.589677 268.58967705 269.342028 264.3420278 
-22.634996 [-1.625 -2.5   -2.875] [-0.42  0.47 -0.14]256.0510095 251.05100965 261.301765 256.30176475 274.294092 269.29409185 267.9489305 262.94893045 
-22.737741 [-1.625 -2.625 -2.812] [-0.45  0.46 -0.14]255.450529 250.450529086 262.726531 257.72653125 274.7702365 269.7702365 266.4970825 261.4970827 
-22.840344 [-1.625 -2.687 -2.5  ] [-0.46  0.42 -0.12]255.092375 250.092374773 264.1963175 259.19631755 274.988894 269.98889405 265.0156475 260.01564745 
-22.94291 [ -1.625 -10.687  -2.187] [-0.46  0.36 -0.11]255.005749 250.005748838 265.6819045 260.6819045 274.9245465 269.92454675 263.533799 258.53379905 
-23.046845 [-1.687 -2.75  -1.812] [-0.47  0.29 -0.09]255.2034985 250.2034985 267.1540755 262.1540754 274.5868015 269.58680165 262.080758 257.0807582 
-23.151981 [-1.687 -2.75  -1.5  ] [-0.47  0.25 -0.08]255.6613285 250.66132832 268.583616 263.58361595 274.004672 269.0046722 260.685758 255.6857578 
-23.254147 [-1.687 -2.75  -1.437] [-0.47  0.23 -0.07]256.3498145 251.34981448 269.941312 264.94131205 273.207376 268.20737605 259.3780305 254.37803073 
-23.356138 [-1.687 -2.75  -1.375] [-0.47  0.22 -0.07]257.239533 252.23953316 271.1979495 266.1979496 272.224131 267.22413105 258.18681 253.186809815 
-23.462312 [-1.687 -2.75  -1.   ] [-0.47  0.16 -0.05]258.3010605 253.301060535 272.3243145 267.32431445 271.084155 266.0841548 257.141328 252.141327915 
-23.56468 [-1.687 -2.75  -0.812] [-0.47  0.13 -0.05]259.504973 254.504972795 273.2911925 268.2911925 269.816665 264.8166651 256.270818 251.270817875 
-23.667286 [-6.313 -2.75  -0.5  ] [-0.47  0.08 -0.03]260.821846 255.8218461 274.0693695 269.06936965 268.4508795 263.4508796 255.6045125 250.604512555 
-23.77064 [-6.313 -2.687 -0.437] [-0.46  0.07 -0.03]262.2222565 257.22225665 274.6296315 269.62963175 267.016016 262.01601605 255.171645 250.171644799 
-23.874131 [-1.687 -2.375 -0.375] [-0.41  0.06 -0.03]263.6767805 258.67678065 274.9427645 269.9427647 265.541292 260.5412922 255.0014475 250.001447463 
-23.976397 [-1.562 -1.812 -0.25 ] [-0.3   0.04 -0.01]265.1559945 260.15599445 274.9800495 269.98004965 264.055926 259.05592575 255.116026 250.116026178 
-24.078602 [-6.5   -1.125 -0.062] [-0.19  0.01  0.  ]266.6306925 261.6306927 274.735851 269.7358509 262.589135 257.5891349 255.4990605 250.499060641 
-24.181803 [-1.5   -0.75  -0.062] [-0.13  0.01  0.  ]268.072309 263.072309 274.236943 269.2369432 261.170138 256.170138 256.121338 251.12133825 
-24.285205 [-1.437 -0.687 -0.062] [-0.11  0.01  0.  ]269.452393 264.45239305 273.51253 268.51252995 259.8281535 254.82815357 256.953637 251.95363696 
-24.387311 [-1.437 -0.562 -0.062] [-0.1   0.01  0.  ]270.7424945 265.74249465 272.5918145 267.59181445 258.5924 253.59240002 257.9667345 252.96673473 
-24.489268 [-1.375 -0.187 -0.062] [-0.03  0.01  0.  ]271.9141635 266.9141635 271.504 266.504 257.492096 252.492095795 259.1314095 254.131409515 
-24.591174 [-1.375  0.188 -0.062] [ 0.03  0.01  0.  ]272.9389495 267.93894945 270.27829 265.2782899 256.5564595 251.556459325 260.4184395 255.4184393 
-24.693258 [-1.312  0.313 -0.125] [ 0.06  0.02  0.  ]274.493101 269.49310095 268.9438875 263.9438874 255.814709 250.81470905 261.798602 256.79860195 
-24.79547 [-1.312  0.5   -0.187] [ 0.09  0.03  0.  ]274.8798395 269.87983975 267.529996 262.5299959 255.2960635 250.296063419 263.2426755 258.24267555 
-24.897741 [-1.312  0.563 -0.437] [ 0.1   0.07 -0.01]274.99901 269.99900985 266.0658185 261.06581865 255.029741 250.029740863 264.721438 259.721438 
-25.000439 [-1.312  0.563 -0.687] [ 0.1   0.12 -0.03]274.833728 269.833728 264.580559 259.5805592 255.0433625 250.043362546 266.2056675 261.2056677 
-25.102586 [-1.312  0.563 -0.937] [ 0.1   0.16 -0.04]274.405555 269.4055551 263.1034445 258.1034447 255.334854 250.334854105 267.666146 262.66614625 
-25.204681 [-1.312  0.563 -1.187] [ 0.1   0.2  -0.05]273.743654 268.74365405 261.663744 256.663744 255.8758995 250.87589956 269.0736565 264.07365665 
-25.306955 [-1.312  0.563 -1.5  ] [ 0.1   0.25 -0.06]272.877188 267.87718785 260.2907305 255.29073025 256.63728 251.63727976 270.398982 265.39898195 
-25.40892 [-1.312  0.563 -1.687] [ 0.1   0.28 -0.07]271.8353195 266.83531945 259.013677 254.013676775 257.5897755 252.589775535 271.612905 266.6129051 
-25.510709 [-1.312  0.563 -1.812] [ 0.1   0.3  -0.07]270.647212 265.6472118 257.8618565 252.8618567 258.7041675 253.704167735 272.686209 267.68620915 
-25.614465 [-1.312  0.563 -2.062] [ 0.1   0.34 -0.08]269.342028 264.3420278 256.8645435 251.86454326 259.951237 254.95123719 273.589677 268.58967705 
-25.717838 [-1.312  0.5   -2.312] [ 0.09  0.38 -0.1 ]267.9489305 262.94893045 256.0510095 251.05100965 261.301765 256.30176475 274.294092 269.29409185 
-25.819834 [-1.375  0.    -2.5  ] [ 0.    0.41 -0.11]266.4970825 261.4970827 255.450529 250.450529086 262.726531 257.72653125 274.7702365 269.7702365 
-25.921886 [-6.563 -0.25  -2.625] [-0.04  0.43 -0.11]265.0156475 260.01564745 255.092375 250.092374773 264.1963175 259.19631755 274.988894 269.98889405 
-26.025035 [-1.5   -0.625 -2.75 ] [-0.1   0.45 -0.12]263.533799 258.53379905 255.005749 250.005748838 265.6819045 260.6819045 274.9245465 269.92454675 
-26.128324 [-1.562 -1.062 -2.875] [-0.18  0.47 -0.13]262.080758 257.0807582 255.2034985 250.2034985 267.1540755 262.1540754 274.5868015 269.58680165 
-26.230302 [-1.625 -1.312 -2.875] [-0.23  0.47 -0.13]260.685758 255.6857578 255.6613285 250.66132832 268.583616 263.58361595 274.004672 269.0046722 
-26.332281 [-6.313 -1.687 -2.875] [-0.28  0.47 -0.13]259.3780305 254.37803073 256.3498145 251.34981448 269.941312 264.94131205 273.207376 268.20737605 
-26.436263 [-1.687 -1.875 -2.875] [-0.32  0.47 -0.13]258.18681 253.186809815 257.239533 252.23953316 271.1979495 266.1979496 272.224131 267.22413105 
-26.539751 [-1.75  -2.187 -2.875] [-0.37  0.47 -0.14]257.141328 252.141327915 258.3010605 253.301060535 272.3243145 267.32431445 271.084155 266.0841548 
-26.641998 [-1.75  -2.375 -2.875] [-0.4   0.47 -0.14]256.270818 251.270817875 259.504973 254.504972795 273.2911925 268.2911925 269.816665 264.8166651 
-26.743794 [-1.812 -2.5   -2.875] [-0.42  0.47 -0.14]255.6045125 250.604512555 260.821846 255.8218461 274.0693695 269.06936965 268.4508795 263.4508796 
-26.845717 [-6.188 -2.625 -2.875] [-0.45  0.47 -0.14]255.171645 250.171644799 262.2222565 257.22225665 274.6296315 269.62963175 267.016016 262.01601605 
-26.948188 [-1.812 -2.687 -2.812] [-0.46  0.46 -0.14]255.0014475 250.001447463 263.6767805 258.67678065 274.9427645 269.9427647 265.541292 260.5412922 
-27.050295 [-1.875 -2.687 -2.375] [-0.46  0.39 -0.12]255.116026 250.116026178 265.1559945 260.15599445 274.9800495 269.98004965 264.055926 259.05592575 
-27.152338 [-1.875 -2.687 -2.   ] [-0.46  0.33 -0.1 ]255.4990605 250.499060641 266.6306925 261.6306927 274.735851 269.7358509 262.589135 257.5891349 
-27.254308 [-1.875 -2.687 -1.687] [-0.46  0.27 -0.08]256.121338 251.12133825 268.072309 263.072309 274.236943 269.2369432 261.170138 256.170138 
-27.356359 [-1.875 -2.687 -1.5  ] [-0.46  0.25 -0.08]256.953637 251.95363696 269.452393 264.45239305 273.51253 268.51252995 259.8281535 254.82815357 
-27.458127 [-6.125 -2.687 -1.437] [-0.46  0.24 -0.07]257.9667345 252.96673473 270.7424945 265.74249465 272.5918145 267.59181445 258.5924 253.59240002 
-27.56153 [-1.875 -2.687 -1.25 ] [-0.46  0.21 -0.07]259.1314095 254.131409515 271.9141635 266.9141635 271.504 266.504 257.492096 252.492095795 
-27.663663 [-1.937 -2.687 -0.937] [-0.46  0.15 -0.05]260.4184395 255.4184393 272.9389495 267.93894945 270.27829 265.2782899 256.5564595 251.556459325 
-27.765431 [-1.937 -2.687 -0.75 ] [-0.46  0.12 -0.04]261.798602 256.79860195 274.493101 269.49310095 268.9438875 263.9438874 255.814709 250.81470905 
-27.867819 [-1.875 -2.625 -0.5  ] [-0.44  0.08 -0.03]263.2426755 258.24267555 274.8798395 269.87983975 267.529996 262.5299959 255.2960635 250.296063419 
-27.97388 [ -1.87500000e+00  -2.25000000e+00   2.04762500e+03] [-0.38  0.06 -0.02]264.721438 259.721438 274.99901 269.99900985 266.0658185 261.06581865 255.029741 250.029740863 
-28.117339 [-1.812 -1.562 -0.25 ] [-0.26  0.04 -0.01]266.2056675 261.2056677 274.833728 269.833728 264.580559 259.5805592 255.0433625 250.043362546 
-28.221284 [-1.75  -1.062 -0.125] [-0.18  0.02 -0.01]267.666146 262.66614625 274.405555 269.4055551 263.1034445 258.1034447 255.334854 250.334854105 
-28.32433 [-1.687 -0.812 -0.125] [-0.14  0.02  0.  ]269.0736565 264.07365665 273.743654 268.74365405 261.663744 256.663744 255.8758995 250.87589956 
-28.426664 [-1.687 -0.687 -0.125] [-0.12  0.02  0.  ]270.398982 265.39898195 272.877188 267.87718785 260.2907305 255.29073025 256.63728 251.63727976 
-28.529031 [-1.687 -0.5   -0.125] [-0.09  0.02  0.  ]271.612905 266.6129051 271.8353195 266.83531945 259.013677 254.013676775 257.5897755 252.589775535 
-28.632726 [-1.625 -0.125 -0.125] [-0.02  0.02  0.  ]272.686209 267.68620915 270.647212 265.6472118 257.8618565 252.8618567 258.7041675 253.704167735 
-28.735534 [-1.562  0.188 -0.125] [ 0.04  0.02  0.  ]273.589677 268.58967705 269.342028 264.3420278 256.8645435 251.86454326 259.951237 254.95123719 
-28.837763 [-1.562  0.375 -0.125] [ 0.06  0.02  0.  ]274.294092 269.29409185 267.9489305 262.94893045 256.0510095 251.05100965 261.301765 256.30176475 
-28.940421 [-1.562  0.438 -0.25 ] [ 0.08  0.05 -0.01]274.7702365 269.7702365 266.4970825 261.4970827 255.450529 250.450529086 262.726531 257.72653125 
-29.044026 [-1.562  0.5   -0.5  ] [ 0.09  0.08 -0.02]274.988894 269.98889405 265.0156475 260.01564745 255.092375 250.092374773 264.1963175 259.19631755 
-29.146916 [-1.562  0.5   -0.687] [ 0.09  0.11 -0.02]274.9245465 269.92454675 263.533799 258.53379905 255.005749 250.005748838 265.6819045 260.6819045 
-29.24862 [-1.562  0.563 -0.937] [ 0.1   0.16 -0.03]274.5868015 269.58680165 262.080758 257.0807582 255.2034985 250.2034985 267.1540755 262.1540754 
-29.350314 [-1.562  0.563 -1.25 ] [ 0.1   0.2  -0.05]274.004672 269.0046722 260.685758 255.6857578 255.6613285 250.66132832 268.583616 263.58361595 
-29.452084 [-1.562  0.563 -1.5  ] [ 0.1   0.25 -0.06]273.207376 268.20737605 259.3780305 254.37803073 256.3498145 251.34981448 269.941312 264.94131205 
-29.554299 [-1.562  0.563 -1.687] [ 0.1   0.28 -0.07]272.224131 267.22413105 258.18681 253.186809815 257.239533 252.23953316 271.1979495 266.1979496 
-29.656417 [-1.562  0.563 -1.937] [ 0.1   0.31 -0.08]271.084155 266.0841548 257.141328 252.141327915 258.3010605 253.301060535 272.3243145 267.32431445 
-29.75834 [-1.562  0.563 -2.125] [ 0.1   0.35 -0.09]269.816665 264.8166651 256.270818 251.270817875 259.504973 254.504972795 273.2911925 268.2911925 
-29.860105 [-1.562  0.563 -2.375] [ 0.1  0.4 -0.1]268.4508795 263.4508796 255.6045125 250.604512555 260.821846 255.8218461 274.0693695 269.06936965 
-29.961976 [-1.625  0.188 -2.562] [ 0.04  0.43 -0.11]267.016016 262.01601605 255.171645 250.171644799 262.2222565 257.22225665 274.6296315 269.62963175 
-30.063828 [-1.625 -0.125 -2.687] [-0.01  0.45 -0.12]265.541292 260.5412922 255.0014475 250.001447463 263.6767805 258.67678065 274.9427645 269.9427647 
-30.16577 [-1.687 -0.437 -2.812] [-0.07  0.46 -0.12]264.055926 259.05592575 255.116026 250.116026178 265.1559945 260.15599445 274.9800495 269.98004965 
-30.26774 [-1.75  -0.812 -2.875] [-0.14  0.47 -0.13]262.589135 257.5891349 255.4990605 250.499060641 266.6306925 261.6306927 274.735851 269.7358509 
-30.369793 [-1.812 -1.187 -2.937] [-0.2   0.48 -0.13]261.170138 256.170138 256.121338 251.12133825 268.072309 263.072309 274.236943 269.2369432 
-30.471608 [-1.875 -1.5   -2.937] [-0.26  0.48 -0.13]259.8281535 254.82815357 256.953637 251.95363696 269.452393 264.45239305 273.51253 268.51252995 
-30.57476 [-1.875 -1.75  -2.937] [-0.3   0.48 -0.14]258.5924 253.59240002 257.9667345 252.96673473 270.7424945 265.74249465 272.5918145 267.59181445 
-30.678255 [-1.937 -2.062 -2.937] [-0.35  0.48 -0.14]257.492096 252.492095795 259.1314095 254.131409515 271.9141635 266.9141635 271.504 266.504 
-30.780506 [-2.    -2.25  -2.937] [-0.38  0.48 -0.14]256.5564595 251.556459325 260.4184395 255.4184393 272.9389495 267.93894945 270.27829 265.2782899 
-30.882583 [-6.    -2.375 -2.937] [-0.41  0.48 -0.14]255.814709 250.81470905 261.798602 256.79860195 274.493101 269.49310095 268.9438875 263.9438874 
-30.985785 [-2.    -2.562 -2.937] [-0.44  0.48 -0.14]255.2960635 250.296063419 263.2426755 258.24267555 274.8798395 269.87983975 267.529996 262.5299959 
-31.08939 [-2.062 -2.75  -2.75 ] [-0.46  0.46 -0.14]255.029741 250.029740863 264.721438 259.721438 274.99901 269.99900985 266.0658185 261.06581865 
-31.191507 [-2.062 -2.75  -2.312] [-0.46  0.38 -0.11]255.0433625 250.043362546 266.2056675 261.2056677 274.833728 269.833728 264.580559 259.5805592 
-31.293493 [-2.062 -2.687 -1.937] [-0.46  0.31 -0.1 ]255.334854 250.334854105 267.666146 262.66614625 274.405555 269.4055551 263.1034445 258.1034447 
-31.396637 [-2.125 -2.687 -1.625] [-0.46  0.27 -0.08]255.8758995 250.87589956 269.0736565 264.07365665 273.743654 268.74365405 261.663744 256.663744 
-31.500049 [-2.125 -2.687 -1.437] [-0.46  0.24 -0.07]256.63728 251.63727976 270.398982 265.39898195 272.877188 267.87718785 260.2907305 255.29073025 
-31.602602 [-2.125 -2.75  -1.375] [-0.46  0.22 -0.07]257.5897755 252.589775535 271.612905 266.6129051 271.8353195 266.83531945 259.013677 254.013676775 
-31.704614 [-2.125 -2.75  -1.312] [-0.46  0.21 -0.07]258.7041675 253.704167735 272.686209 267.68620915 270.647212 265.6472118 257.8618565 252.8618567 
-31.806587 [-2.125 -2.75  -1.062] [-0.46  0.17 -0.06]259.951237 254.95123719 273.589677 268.58967705 269.342028 264.3420278 256.8645435 251.86454326 
-31.908357 [-2.125 -2.75  -0.75 ] [-0.46  0.12 -0.04]261.301765 256.30176475 274.294092 269.29409185 267.9489305 262.94893045 256.0510095 251.05100965 
-32.010092 [-2.125 -2.562  7.5  ] [-0.44  0.08 -0.03]262.726531 257.72653125 274.7702365 269.7702365 266.4970825 261.4970827 255.450529 250.450529086 
-32.111799 [-5.938 -2.062 -0.312] [-0.37  0.06 -0.02]264.1963175 259.19631755 274.988894 269.98889405 265.0156475 260.01564745 255.092375 250.092374773 
-32.213706 [-1.937 -1.375 -0.187] [-0.23  0.03 -0.01]265.6819045 260.6819045 274.9245465 269.92454675 263.533799 258.53379905 255.005749 250.005748838 
-32.315557 [-1.875 -0.875 -0.062] [-0.15  0.01  0.  ]267.1540755 262.1540754 274.5868015 269.58680165 262.080758 257.0807582 255.2034985 250.2034985 
-32.417468 [-1.875 -0.687 -0.062] [-0.12  0.01  0.  ]268.583616 263.58361595 274.004672 269.0046722 260.685758 255.6857578 255.6613285 250.66132832 
-32.519511 [-1.875 -0.562 -0.062] [-0.1   0.01  0.  ]269.941312 264.94131205 273.207376 268.20737605 259.3780305 254.37803073 256.3498145 251.34981448 
-32.621514 [-1.812 -0.25  -0.062] [-0.04  0.01  0.  ]271.1979495 266.1979496 272.224131 267.22413105 258.18681 253.186809815 257.239533 252.23953316 
-32.72368 [-1.812  0.063 -0.062] [ 0.01  0.01  0.  ]272.3243145 267.32431445 271.084155 266.0841548 257.141328 252.141327915 258.3010605 253.301060535 
-32.825406 [-1.75   0.25  -0.062] [ 0.05  0.01  0.  ]273.2911925 268.2911925 269.816665 264.8166651 256.270818 251.270817875 259.504973 254.504972795 
-32.927435 [-1.75   0.375 -0.062] [ 0.07  0.01  0.  ]274.0693695 269.06936965 268.4508795 263.4508796 255.6045125 250.604512555 260.821846 255.8218461 
-33.031162 [-6.25   0.5   -0.187] [ 0.09  0.03  0.  ]274.6296315 269.62963175 267.016016 262.01601605 255.171645 250.171644799 262.2222565 257.22225665 
-33.134326 [-1.75   0.563 -0.375] [ 0.1   0.06 -0.01]274.9427645 269.9427647 265.541292 260.5412922 255.0014475 250.001447463 263.6767805 258.67678065 
-33.236523 [-1.687  0.563 -0.625] [ 0.1   0.11 -0.02]274.9800495 269.98004965 264.055926 259.05592575 255.116026 250.116026178 265.1559945 260.15599445 
-33.338881 [-1.687  0.563 -0.875] [ 0.1   0.14 -0.03]274.735851 269.7358509 262.589135 257.5891349 255.4990605 250.499060641 266.6306925 261.6306927 
-33.442659 [-1.687  0.563 -1.125] [ 0.1   0.19 -0.04]274.236943 269.2369432 261.170138 256.170138 256.121338 251.12133825 268.072309 263.072309 
-33.545457 [-1.687  0.563 -1.5  ] [ 0.1   0.25 -0.06]273.51253 268.51252995 259.8281535 254.82815357 256.953637 251.95363696 269.452393 264.45239305 
-33.647494 [-1.687  0.563 -1.687] [ 0.1   0.28 -0.07]272.5918145 267.59181445 258.5924 253.59240002 257.9667345 252.96673473 270.7424945 265.74249465 
-33.749518 [-6.313  0.563 -1.875] [ 0.1   0.31 -0.08]271.504 266.504 257.492096 252.492095795 259.1314095 254.131409515 271.9141635 266.9141635 
-33.852883 [-6.313  0.563 -2.125] [ 0.1   0.35 -0.09]270.27829 265.2782899 256.5564595 251.556459325 260.4184395 255.4184393 272.9389495 267.93894945 
-33.956485 [-1.75   0.5   -2.375] [ 0.09  0.39 -0.1 ]268.9438875 263.9438874 255.814709 250.81470905 261.798602 256.79860195 274.493101 269.49310095 
-34.058536 [-1.75   0.313 -2.562] [ 0.06  0.42 -0.11]267.529996 262.5299959 255.2960635 250.296063419 263.2426755 258.24267555 274.8798395 269.87983975 
-34.160348 [-1.812 -0.062 -2.687] [ 0.    0.45 -0.12]266.0658185 261.06581865 255.029741 250.029740863 264.721438 259.721438 274.99901 269.99900985 
-34.262008 [-1.875 -0.437 -2.812] [-0.07  0.47 -0.12]264.580559 259.5805592 255.0433625 250.043362546 266.2056675 261.2056677 274.833728 269.833728 
-34.364085 [-1.937 -0.812 -2.937] [-0.14  0.48 -0.13]263.1034445 258.1034447 255.334854 250.334854105 267.666146 262.66614625 274.405555 269.4055551 
-34.4661 [-2.    -1.187 -3.   ] [-0.19  0.49 -0.13]261.663744 256.663744 255.8758995 250.87589956 269.0736565 264.07365665 273.743654 268.74365405 
-34.568115 [-2.  -1.5 -3. ] [-0.26  0.49 -0.14]260.2907305 255.29073025 256.63728 251.63727976 270.398982 265.39898195 272.877188 267.87718785 
-34.669811 [-2.062 -1.812 -3.   ] [-0.3   0.49 -0.14]259.013677 254.013676775 257.5897755 252.589775535 271.612905 266.6129051 271.8353195 266.83531945 
-34.771756 [-2.125 -2.    -3.   ] [-0.34  0.49 -0.14]257.8618565 252.8618567 258.7041675 253.704167735 272.686209 267.68620915 270.647212 265.6472118 
-34.873858 [-2.125 -2.25  -3.   ] [-0.38  0.49 -0.14]256.8645435 251.86454326 259.951237 254.95123719 273.589677 268.58967705 269.342028 264.3420278 
-34.975911 [-5.813 -2.437 -3.   ] [-0.41  0.49 -0.14]256.0510095 251.05100965 261.301765 256.30176475 274.294092 269.29409185 267.9489305 262.94893045 
-35.078231 [-2.187 -2.562 -2.875] [-0.43  0.47 -1.42]255.450529 250.450529086 262.726531 257.72653125 274.7702365 269.7702365 266.4970825 261.4970827 
-35.180252 [-2.25  -2.625 -2.562] [-0.44  0.42 -0.12]255.092375 250.092374773 264.1963175 259.19631755 274.988894 269.98889405 265.0156475 260.01564745 
-35.282226 [-2.25  -2.625 -2.25 ] [-0.44  0.37 -0.11]255.005749 250.005748838 265.6819045 260.6819045 274.9245465 269.92454675 263.533799 258.53379905 
-35.38538 [-2.25  -2.625 -2.   ] [-0.44  0.33 -0.1 ]255.2034985 250.2034985 267.1540755 262.1540754 274.5868015 269.58680165 262.080758 257.0807582 
-35.488911 [-2.25  -2.625 -1.687] [-0.44  0.28 -0.08]255.6613285 250.66132832 268.583616 263.58361595 274.004672 269.0046722 260.685758 255.6857578 
-35.591236 [-2.25  -2.625 -1.562] [-0.44  0.26 -0.08]256.3498145 251.34981448 269.941312 264.94131205 273.207376 268.20737605 259.3780305 254.37803073 
-35.693137 [-2.25  -2.625 -1.375] [-0.44  0.23 -0.07]257.239533 252.23953316 271.1979495 266.1979496 272.224131 267.22413105 258.18681 253.186809815 
-35.796922 [-5.75  -2.625 -1.125] [-0.44  0.18 -0.06]258.3010605 253.301060535 272.3243145 267.32431445 271.084155 266.0841548 257.141328 252.141327915 
-35.900104 [-2.25  -2.625 -0.937] [-0.45  0.15 -0.05]259.504973 254.504972795 273.2911925 268.2911925 269.816665 264.8166651 256.270818 251.270817875 
-36.00212 [-2.25  -2.625 -0.687] [-0.45  0.11 -0.04]260.821846 255.8218461 274.0693695 269.06936965 268.4508795 263.4508796 255.6045125 250.604512555 
-36.104063 [-2.25  -2.562 -0.437] [-0.44  0.07 -0.03]262.2222565 257.22225665 274.6296315 269.62963175 267.016016 262.01601605 255.171645 250.171644799 
-36.207447 [-5.75  -2.375 -0.375] [-0.4   0.06 -0.02]263.6767805 258.67678065 274.9427645 269.9427647 265.541292 260.5412922 255.0014475 250.001447463 
-36.310953 [-2.187 -1.687 -0.312] [-0.29  0.05 -0.02]265.1559945 260.15599445 274.9800495 269.98004965 264.055926 259.05592575 255.116026 250.116026178 
-36.413247 [-2.062 -1.    -0.187] [ -1.70000000e-01  -3.27650000e+02  -1.00000000e-02]266.6306925 261.6306927 274.735851 269.7358509 262.589135 257.5891349 255.4990605 250.499060641 
-36.514965 [-2.062 -0.687 -0.187] [-0.11  0.03 -0.01]268.072309 263.072309 274.236943 269.2369432 261.170138 256.170138 256.121338 251.12133825 
-36.616927 [-2.    -0.562 -0.187] [-0.09  0.03 -0.01]269.452393 264.45239305 273.51253 268.51252995 259.8281535 254.82815357 256.953637 251.95363696 
-36.719218 [-2.    -0.437 -0.187] [-0.08  0.03  0.  ]270.7424945 265.74249465 272.5918145 267.59181445 258.5924 253.59240002 257.9667345 252.96673473 
-36.821269 [-1.937  0.    -0.187] [ 0.    0.03  0.  ]271.9141635 266.9141635 271.504 266.504 257.492096 252.492095795 259.1314095 254.131409515 
-36.923271 [-1.937  0.188 -0.187] [ 0.04  0.03  0.  ]272.9389495 267.93894945 270.27829 265.2782899 256.5564595 251.556459325 260.4184395 255.4184393 
