0.045176 [ 1.125 -1.812 -9.25 ] [-0.31  1.58  9.67] 254.468829 348.01389875 326.258887 333.6342263 283.458652 285.61639605 282.607286 366.30383685 
0.108657 [ -1.68962500e+03   2.03575000e+03  -1.06200000e+00] [  -0.62    1.53 -319.3 ] 251.506528 340.62246235 325.681483 333.5073077 289.481603 285.8335218 276.043634 366.27113545 
0.16969 [-1690.187  2032.375  2041.063] [  -1.3  -325.22 -319.32] 249.897424 332.70183735 324.119412 334.5080124 294.836015 288.3131932 269.760425 364.171876 
0.230604 [-1690.875    -8.687    -3.937] [  -1.49 -325.73 -319.3 ] 249.853332 324.55680365 321.442011 337.06343775 299.455533 292.8203123 263.969069 360.30385675 
0.310771 [ 4.813 -9.562 -1.   ] [-0.35  0.17  9.66] 251.554149 316.49063005 317.700422 341.0302581 303.437219 298.80212585 258.881373 354.9718875 
0.411768 [ 4.688 -9.687 -0.125] [-0.37  0.02  9.66] 254.857854 308.791303 313.058971 345.9100278 306.881122 305.70006045 254.709143 348.4807769 
0.513195 [ 4.688 -9.062 -0.125] [-0.27  0.02  9.68] 259.435902 301.7379551 307.683694 351.19893645 309.887295 312.955545 251.664188 341.13533705 
0.616609 [ 4.625 -8.75  -0.625] [-0.21  0.11  9.69] 264.957466 295.60960855 301.740629 356.3931725 312.555789 320.01000725 249.958313 333.24037775 
0.718407 [ 4.563 -8.75  -1.375] [-0.23  0.23  9.68] 271.091716 290.68528785 295.395811 360.9889267 314.986656 326.30487495 249.803327 325.1007088 
0.820258 [ 4.563 -7.312 -1.625] [-1.25  0.28  9.72] 277.507826 287.24401865 288.815277 364.48238635 317.279948 331.28157585 251.387327 317.020013 
0.921793 [ 4.5   -6.25  -2.062] [-1.07  0.35  9.74] 283.874966 285.56482315 282.165064 366.36974335 319.523512 334.43275755 254.594325 309.28751535 
1.023886 [ 4.375 -5.625 -2.875] [-0.96  0.49  9.74] 289.86231 285.92672585 275.613751 366.1921017 321.663328 335.84646865 259.097713 302.18242895 
1.127336 [ 3.687 -4.75  -4.375] [-0.82  0.75  9.74] 295.165832 288.5566436 269.356789 363.9652463 323.553847 335.99488765 264.566666 295.9837622 
1.23044 [ 4.188 -4.5   -7.187] [-0.77  1.22  9.69] 299.739712 293.17955735 263.605773 359.99007235 325.047996 335.35659855 270.670358 290.9705281 
1.332507 [ 4.063 -4.5   -9.75 ] [-0.77  1.66  9.63] 303.682427 299.23993315 258.572515 354.5713632 325.998701 334.4101842 277.077962 287.42173505 
1.434419 [  3.813  -4.5   -13.375] [-0.77  2.26  9.5 ] 307.09403 306.17917575 254.468829 348.01389875 326.258887 333.6342263 283.458652 285.61639605 
1.537604 [  4.437  -3.812 -19.187] [-0.65  3.22  9.23] 310.074575 313.43868875 251.506528 340.62246235 325.681483 333.5073077 289.481603 285.8335218 
1.640713 [  3.313  -3.437 -21.5  ] [-0.59  3.57  9.11] 312.724114 320.45987575 249.897424 332.70183735 324.119412 334.5080124 294.836015 288.3131932 
1.742711 [  3.375  -2.75  -22.312] [-0.47  3.72  9.05] 315.142701 326.6841415 249.853332 324.55680365 321.442011 337.06343775 299.455533 292.8203123 
1.844574 [  3.813  -1.125 -22.25 ] [-0.19  3.71  9.07] 317.430389 331.5528873 251.554149 316.49063005 317.700422 341.0302581 303.437219 298.80212585 
1.94725 [  4.188   0.313 -21.687] [ 0.05  3.62  9.11] 319.670988 334.57569565 254.857854 308.791303 313.058971 345.9100278 306.881122 305.70006045 
2.050904 [  4.25    0.625 -20.437] [ 0.1   3.44  9.18] 321.798784 335.88973165 259.435902 301.7379551 307.683694 351.19893645 309.887295 312.955545 
2.153495 [  4.875   1.438 -17.75 ] [ 1.53  2.99  9.33] 323.667479 335.97038345 264.957466 295.60960855 301.740629 356.3931725 312.555789 320.01000725 
2.255402 [  5.188   2.375 -14.375] [ 1.69  2.44  9.48] 325.129993 335.29632015 271.091716 290.68528785 295.395811 360.9889267 314.986656 326.30487495 
2.357279 [  5.438   3.188 -13.25 ] [ 1.82  2.24  9.52] 326.03925 334.34620625 277.507826 287.24401865 288.815277 364.48238635 317.279948 331.28157585 
2.458987 [  5.625   4.188 -12.625] [ 1.99  2.14  9.54] 326.248168 333.598712 283.874966 285.56482315 282.165064 366.36974335 319.523512 334.43275755 
2.560706 [  5.875   5.438 -10.875] [ 2.21  1.84  9.58] 325.609671 333.53250305 289.86231 285.92672585 275.613751 366.1921017 321.663328 335.84646865 
2.662592 [  5.938   6.688 -10.25 ] [ 2.41  1.74  9.58] 323.976678 334.6262485 295.165832 288.5566436 269.356789 363.9652463 323.553847 335.99488765 
2.764775 [ 6.     7.313 -9.875] [ 2.53  1.67  9.58] 321.223837 337.2904282 299.739712 293.17955735 263.605773 359.99007235 325.047996 335.35659855 
2.866526 [ 6.063  9.375 -9.875] [ 1.6   1.66  9.53] 317.416997 341.3354152 303.682427 299.23993315 258.572515 354.5713632 325.998701 334.4101842 
2.968513 [  5.938  10.5   -10.375] [ 1.78  1.74  9.48] 312.721366 346.25974625 307.09403 306.17917575 254.468829 348.01389875 326.258887 333.6342263 
3.070232 [  2.187   9.938 -10.875] [ 1.69  1.82  9.48] 307.302998 351.55929585 310.074575 313.43868875 251.506528 340.62246235 325.681483 333.5073077 
3.173729 [  5.813  10.813 -11.062] [ 1.84  1.85  9.45] 301.327947 356.72993735 312.724114 320.45987575 249.897424 332.70183735 324.119412 334.5080124 
3.275614 [  2.062  11.438 -10.125] [ 1.95  1.69  9.46] 294.962269 361.2675464 315.142701 326.6841415 249.853332 324.55680365 321.442011 337.06343775 
3.378416 [  6.    11.25  -9.25] [ 1.92  1.55  9.49] 288.372017 364.66799635 317.430389 331.5528873 251.554149 316.49063005 317.700422 341.0302581 
3.481661 [  6.125  10.563  -7.687] [ 1.81  1.32  9.54] 281.723246 366.4271617 319.670988 334.57569565 254.857854 308.791303 313.058971 345.9100278 
3.584216 [  6.25   10.     -6.125] [ 1.7   1.03  9.6 ] 275.185354 366.10018565 321.798784 335.88973165 259.435902 301.7379551 307.683694 351.19893645 
3.68731 [ 2.687  7.563 -5.75 ] [ 1.29  0.97  9.67] 268.955884 363.7412033 323.667479 335.97038345 264.957466 295.60960855 301.740629 356.3931725 
3.790953 [ 4.125  3.125 -4.812] [ 1.88  0.84  9.75] 263.246474 359.65430685 325.129993 335.29632015 271.091716 290.68528785 295.395811 360.9889267 
3.893926 [ 2.938 -1.187 -3.562] [-0.21  0.6   9.78] 258.268871 354.1454515 326.03925 334.34620625 277.507826 287.24401865 288.815277 364.48238635 
3.995674 [ 2.188 -5.812 -2.625] [-1.    0.45  9.74] 254.234821 347.52059705 326.248168 333.598712 283.874966 285.56482315 282.165064 366.36974335 
4.097607 [  1.563 -10.25   -2.187] [-0.47  0.37  9.64] 251.356068 340.08569985 325.609671 333.53250305 289.86231 285.92672585 275.613751 366.1921017 
4.200958 [ 5.875 -9.562 -1.437] [-1.63  0.24  9.66] 249.844358 332.1467174 323.976678 334.6262485 295.165832 288.5566436 269.356789 363.9652463 
4.304294 [ 2.063 -9.75  -1.062] [-0.38  0.18  9.66] 249.911438 324.0096072 321.223837 337.2904282 299.739712 293.17955735 263.605773 359.99007235 
4.406486 [ 2.063 -9.75  -0.437] [-0.38  0.07  9.66] 251.727248 315.9779129 317.416997 341.3354152 303.682427 299.23993315 258.572515 354.5713632 
4.50842 [ 2.063 -9.25   0.   ] [-0.3   0.    9.67] 255.124891 308.33572475 312.721366 346.25974625 307.09403 306.17917575 254.468829 348.01389875 
4.610155 [ 2.063 -8.562  0.   ] [-0.18  0.    9.69] 259.774844 301.35774095 307.302998 351.55929585 310.074575 313.43868875 251.506528 340.62246235 
4.711904 [ 2.    -8.437 -0.875] [-0.16  0.15  9.69] 265.346531 295.3185999 301.327947 356.72993735 312.724114 320.45987575 249.897424 332.70183735 
4.814132 [ 1.938 -7.812 -1.75 ] [-0.07  0.29  9.7 ] 271.509377 290.49294 294.962269 361.2675464 315.142701 326.6841415 249.853332 324.55680365 
4.916211 [ 1.875 -7.125 -1.937] [-1.22  0.33  9.72] 277.932806 287.1553985 288.372017 364.66799635 317.430389 331.5528873 251.554149 316.49063005 
5.017804 [ 1.813 -6.25  -2.562] [-1.07  0.43  9.73] 284.286242 285.58061495 281.723246 366.4271617 319.670988 334.57569565 254.857854 308.791303 
5.119827 [ 1.688 -6.187 -3.562] [-1.06  0.61  9.72] 290.239112 286.04322545 275.185354 366.10018565 321.798784 335.88973165 259.435902 301.7379551 
5.221622 [ 1.625 -5.687 -5.25 ] [-0.98  0.89  9.71] 295.495702 288.7515916 268.955884 363.7412033 323.667479 335.97038345 264.957466 295.60960855 
5.323171 [ 6.5   -5.562 -7.062] [-0.95  1.2   9.68] 300.029288 293.40270565 263.246474 359.65430685 325.129993 335.29632015 271.091716 290.68528785 
5.425308 [ 1.313 -5.5   -9.5  ] [-0.94  1.61  8.34] 303.938287 299.45566165 258.268871 354.1454515 326.03925 334.34620625 277.507826 287.24401865 
5.527641 [  1.063  -5.312 -13.   ] [-0.91  2.2   9.51] 307.321807 306.36823115 254.234821 347.52059705 326.248168 333.598712 283.874966 285.56482315 
5.629853 [  0.688  -5.062 -18.562] [-0.87  3.11  9.25] 310.27896 313.59818685 251.356068 340.08569985 325.609671 333.53250305 289.86231 285.92672585 
5.733335 [  0.563  -4.375 -21.062] [-0.77  3.5   9.12] 312.908856 320.6033003 249.844358 332.1467174 323.976678 334.6262485 295.165832 288.5566436 
5.835954 [  0.813  -3.    -21.687] [-0.52  3.62  9.09] 315.310606 326.8413442 249.911438 324.0096072 321.223837 337.2904282 299.739712 293.17955735 
5.937755 [  1.125  -1.5   -21.437] [-0.26  3.58  9.12] 317.583319 331.7700901 251.727248 315.9779129 317.416997 341.3354152 303.682427 299.23993315 
6.039614 [  6.437   0.438 -20.625] [ 1.36  3.45  9.17] 319.374946 334.284595 255.124891 308.33572475 312.721366 346.25974625 307.09403 306.17917575 
6.142746 [  1.75    1.188 -19.812] [ 1.49  3.32  9.22] 321.525449 335.80269735 259.774844 301.35774095 307.302998 351.55929585 310.074575 313.43868875 
6.246166 [  2.25    1.688 -17.562] [ 1.57  2.96  9.34] 323.436861 336.0218793 265.346531 295.3185999 301.327947 356.72993735 312.724114 320.45987575 
6.348085 [  2.813   2.813 -14.25 ] [ 1.76  2.41  9.49] 324.962024 335.42109055 271.509377 290.49294 294.962269 361.2675464 315.142701 326.6841415 
6.450039 [  3.063   3.563 -13.25 ] [ 1.89  2.24  9.52] 325.953778 334.47927965 277.932806 287.1553985 288.372017 364.66799635 317.430389 331.5528873 
6.553032 [  3.438   4.438 -12.5  ] [ 2.04  2.12  9.54] 326.264964 333.67539745 284.286242 285.58061495 281.723246 366.4271617 319.670988 334.57569565 
6.656785 [  3.75    5.875 -10.812] [ 2.29  1.83  9.58] 325.748422 333.4883925 290.239112 286.04322545 275.185354 366.10018565 321.798784 335.88973165 
6.758981 [  3.875   7.063 -10.062] [ 2.49  1.7   9.58] 324.256995 334.39721565 295.495702 288.7515916 268.955884 363.7412033 323.667479 335.97038345 
6.860616 [ 3.875  7.563 -9.687] [ 1.29  1.64  9.57] 321.655566 336.84302185 300.029288 293.40270565 263.246474 359.65430685 325.129993 335.29632015 
6.962159 [ 3.938  9.813 -9.75 ] [ 1.67  1.63  9.52] 317.980058 340.7302645 303.938287 299.45566165 258.268871 354.1454515 326.03925 334.34620625 
7.063852 [  3.875  10.75  -10.   ] [ 1.83  1.67  9.48] 313.393511 345.56450455 307.321807 306.36823115 254.234821 347.52059705 326.248168 333.598712 
7.165719 [  3.875  11.125 -10.375] [ 1.89  1.73  9.46] 308.061986 350.8418327 310.27896 313.59818685 251.356068 340.08569985 325.609671 333.53250305 
7.267764 [  3.813  11.625 -10.812] [ 1.98  1.8   9.43] 302.151542 356.0583385 312.908856 320.6033003 249.844358 332.1467174 323.976678 334.6262485 
7.36945 [  3.875  11.75  -10.187] [ 2.    1.7   9.44] 295.828238 360.71011495 315.310606 326.8413442 249.911438 324.0096072 321.223837 337.2904282 
7.471021 [  4.     11.625  -9.125] [ 1.98  1.53  9.48] 289.258133 364.29325045 317.583319 331.7700901 251.727248 315.9779129 317.416997 341.3354152 
7.572723 [  4.125  11.     -7.75 ] [ 1.88  1.3   9.53] 282.607286 366.30383685 319.374946 334.284595 255.124891 308.33572475 312.721366 346.25974625 
7.674266 [  4.188  10.25   -6.125] [ 1.75  1.03  9.59] 276.043634 366.27113545 321.525449 335.80269735 259.774844 301.35774095 307.302998 351.55929585 
7.776119 [ 4.812  7.563 -5.75 ] [ 1.29  0.98  9.67] 269.760425 364.171876 323.436861 336.0218793 265.346531 295.3185999 301.327947 356.72993735 
7.878375 [ 1.813  3.063 -4.75 ] [ 1.8   0.81  9.75] 263.969069 360.30385675 324.962024 335.42109055 271.509377 290.49294 294.962269 361.2675464 
7.98019 [ 0.938 -1.125 -3.437] [-0.19  0.58  9.78] 258.881373 354.9718875 325.953778 334.47927965 277.932806 287.1553985 288.372017 364.66799635 
8.082132 [ 0.063 -6.    -2.562] [-1.03  0.43  9.74] 254.709143 348.4807769 326.264964 333.67539745 284.286242 285.58061495 281.723246 366.4271617 
8.185749 [ 8.375 -9.375 -2.25 ] [-0.32  0.38  9.66] 251.664188 341.13533705 325.748422 333.4883925 290.239112 286.04322545 275.185354 366.10018565 
8.288605 [ 0.    -8.687 -1.312] [-0.21  0.23  9.68] 249.958313 333.24037775 324.256995 334.39721565 295.495702 288.7515916 268.955884 363.7412033 
8.390811 [ 8.062 -9.062 -1.062] [-0.27  0.18  9.68] 249.803327 325.1007088 321.655566 336.84302185 300.029288 293.40270565 263.246474 359.65430685 
8.492932 [ 8.125 -9.187 -0.437] [-0.28  0.07  9.67] 251.387327 317.020013 317.980058 340.7302645 303.938287 299.45566165 258.268871 354.1454515 
8.596353 [ 8.187 -8.5    0.   ] [-1.48  0.    9.69] 254.594325 309.28751535 313.393511 345.56450455 307.321807 306.36823115 254.234821 347.52059705 
8.699066 [ 8.187 -7.625  0.   ] [-0.02  0.    9.71] 259.097713 302.18242895 308.061986 350.8418327 310.27896 313.59818685 251.356068 340.08569985 
8.800894 [ 8.187 -7.812 -0.687] [-0.05  0.12  9.71] 264.566666 295.9837622 302.151542 356.0583385 312.908856 320.6033003 249.844358 332.1467174 
8.902707 [ 8.312 -6.75  -1.562] [-1.16  0.26  9.73] 270.670358 290.9705281 295.828238 360.71011495 315.310606 326.8413442 249.911438 324.0096072 
9.005766 [ 8.437 -5.687 -2.312] [-0.97  0.4   9.74] 277.077962 287.42173505 289.258133 364.29325045 317.583319 331.7700901 251.727248 315.9779129 
9.109182 [ 8.437 -4.5   -3.187] [-0.78  0.53  9.76] 283.458652 285.61639605 282.607286 366.30383685 319.374946 334.284595 255.124891 308.33572475 
9.211343 [ 8.437 -4.125 -4.062] [-0.71  0.69  9.75] 289.481603 285.8335218 276.043634 366.27113545 321.525449 335.80269735 259.774844 301.35774095 
9.313876 [ 8.562 -4.125 -5.562] [-0.71  0.95  9.73] 294.836015 288.3131932 269.760425 364.171876 323.436861 336.0218793 265.346531 295.3185999 
9.415681 [ 8.687 -4.    -7.625] [-0.68  1.29  9.69] 299.455533 292.8203123 263.969069 360.30385675 324.962024 335.42109055 271.509377 290.49294 
9.517469 [ 8.812 -3.875 -9.812] [-0.66  1.67  9.64] 303.437219 298.80212585 258.881373 354.9718875 325.953778 334.47927965 277.932806 287.1553985 
9.619352 [  9.062  -3.562 -13.687] [-0.62  2.24  9.52] 306.881122 305.70006045 254.709143 348.4807769 326.264964 333.67539745 284.286242 285.58061495 
9.721392 [  9.375  -3.187 -19.187] [  -0.54 -324.46    9.24] 309.887295 312.955545 251.664188 341.13533705 325.748422 333.4883925 290.239112 286.04322545 
9.823349 [  9.625  -3.062 -20.75 ] [-0.53  3.47  9.15] 312.555789 320.01000725 249.958313 333.24037775 324.256995 334.39721565 295.495702 288.7515916 
9.925204 [  9.75   -3.062 -21.437] [-0.53  3.58  9.11] 314.986656 326.30487495 249.803327 325.1007088 321.655566 336.84302185 300.029288 293.40270565 
10.027014 [  9.437  -1.625 -21.25 ] [-0.28  3.55  9.13] 317.279948 331.28157585 251.387327 317.020013 317.980058 340.7302645 303.938287 299.45566165 
10.128785 [  8.937   0.625 -20.5  ] [ 1.39  3.44  9.18] 319.523512 334.43275755 254.594325 309.28751535 313.393511 345.56450455 307.321807 306.36823115 
10.230874 [  8.625   2.    -19.687] [ 1.62  3.3   9.22] 321.663328 335.84646865 259.097713 302.18242895 308.061986 350.8418327 310.27896 313.59818685 
10.332482 [  8.5     2.375 -18.125] [ 1.68  3.05  9.3 ] 323.553847 335.99488765 264.566666 295.9837622 302.151542 356.0583385 312.908856 320.6033003 
10.434311 [  8.312   3.438 -14.562] [ 1.87  2.47  9.47] 325.047996 335.35659855 270.670358 290.9705281 295.828238 360.71011495 315.310606 326.8413442 
10.537221 [  7.937   4.125 -13.187] [ 0.71  2.23  9.52] 325.998701 334.4101842 277.077962 287.42173505 289.258133 364.29325045 317.583319 331.7700901 
10.640499 [  0.375   5.188 -12.625] [ 2.15  2.15  9.52] 326.258887 333.6342263 283.458652 285.61639605 282.607286 366.30383685 319.374946 334.284595 
10.742572 [  0.625   6.563 -11.062] [ 2.4   1.87  9.56] 325.681483 333.5073077 289.481603 285.8335218 276.043634 366.27113545 321.525449 335.80269735 
10.844439 [  0.75    7.688 -10.312] [ 1.31  1.74  9.55] 324.119412 334.5080124 294.836015 288.3131932 269.760425 364.171876 323.436861 336.0218793 
10.947253 [  0.813   8.188 -10.125] [ 1.39  1.7   9.55] 321.442011 337.06343775 299.455533 292.8203123 263.969069 360.30385675 324.962024 335.42109055 
11.050414 [  0.938  10.438  -9.75 ] [ 1.74  1.64  9.5 ] 317.700422 341.0302581 303.437219 298.80212585 258.881373 354.9718875 325.953778 334.47927965 
11.153273 [  0.938  11.375  -9.562] [ 1.94  1.6   9.47] 313.058971 345.9100278 306.881122 305.70006045 254.709143 348.4807769 326.264964 333.67539745 
11.255039 [  0.688  11.438 -10.312] [ 1.94  1.72  9.45] 307.683694 351.19893645 309.887295 312.955545 251.664188 341.13533705 325.748422 333.4883925 
11.357815 [  0.625  11.938 -10.562] [ 2.02  1.76  9.43] 301.740629 356.3931725 312.555789 320.01000725 249.958313 333.24037775 324.256995 334.39721565 
11.461375 [  0.813  12.625  -9.562] [ 2.14  1.6   9.43] 295.395811 360.9889267 314.986656 326.30487495 249.803327 325.1007088 321.655566 336.84302185 
11.5635 [  0.875  12.438  -8.937] [ 2.12  1.48  9.45] 288.815277 364.48238635 317.279948 331.28157585 251.387327 317.020013 317.980058 340.7302645 
11.665216 [  1.     11.625  -7.375] [ 1.98  1.24  9.52] 282.165064 366.36974335 319.523512 334.43275755 254.594325 309.28751535 313.393511 345.56450455 
11.766867 [  1.063  11.     -6.187] [ 1.87  1.04  9.56] 275.613751 366.1921017 321.663328 335.84646865 259.097713 302.18242895 308.061986 350.8418327 
11.868502 [ 0.063  8.438 -5.75 ] [ 1.44  0.97  9.64] 269.356789 363.9652463 323.553847 335.99488765 264.566666 295.9837622 302.151542 356.0583385 
11.969968 [ 9.375  4.375 -4.75 ] [ 2.03  0.81  9.74] 263.605773 359.99007235 325.047996 335.35659855 270.670358 290.9705281 295.828238 360.71011495 
12.072033 [ 10.625  -0.75   -3.312] [-0.04  0.59  9.78] 258.572515 354.5713632 325.998701 334.4101842 277.077962 287.42173505 289.258133 364.29325045 
12.174257 [ 11.75   -6.125  -2.5  ] [-1.05  0.42  9.74] 254.468829 348.01389875 326.258887 333.6342263 283.458652 285.61639605 282.607286 366.30383685 
12.275878 [ 12.125  -9.125  -2.125] [-0.28  0.36  9.67] 251.506528 340.62246235 325.681483 333.5073077 289.481603 285.8335218 276.043634 366.27113545 
12.377576 [ 11.687  -8.5    -1.312] [-0.17  0.22  9.69] 249.897424 332.70183735 324.119412 334.5080124 294.836015 288.3131932 269.760425 364.171876 
12.479303 [ 11.687  -8.625  -0.937] [-0.19  0.16  9.69] 249.853332 324.55680365 321.442011 337.06343775 299.455533 292.8203123 263.969069 360.30385675 
12.580931 [ 11.687  -8.812  -0.562] [-0.23  0.1   9.68] 251.554149 316.49063005 317.700422 341.0302581 303.437219 298.80212585 258.881373 354.9718875 
12.68327 [ 11.562  -8.187   0.25 ] [-0.13 -0.04  9.7 ] 254.857854 308.791303 313.058971 345.9100278 306.881122 305.70006045 254.709143 348.4807769 
12.785569 [ 11.562  -7.437   0.25 ] [-1.27 -0.04  9.72] 259.435902 301.7379551 307.683694 351.19893645 309.887295 312.955545 251.664188 341.13533705 
12.887479 [ 11.625  -7.687  -0.25 ] [-0.03  0.04  9.71] 264.957466 295.60960855 301.740629 356.3931725 312.555789 320.01000725 249.958313 333.24037775 
12.990546 [ 11.687  -7.562  -0.75 ] [-0.01  0.13  9.71] 271.091716 290.68528785 295.395811 360.9889267 314.986656 326.30487495 249.803327 325.1007088 
13.093663 [ 11.687  -5.937  -1.187] [-1.03  0.19  9.74] 277.507826 287.24401865 288.815277 364.48238635 317.279948 331.28157585 251.387327 317.020013 
13.19578 [ 11.937  -4.625  -1.875] [-0.79  0.32  9.76] 283.874966 285.56482315 282.165064 366.36974335 319.523512 334.43275755 254.594325 309.28751535 
13.297541 [ 12.     -4.125  -2.75 ] [-0.71  0.47  9.76] 289.86231 285.92672585 275.613751 366.1921017 321.663328 335.84646865 259.097713 302.18242895 
13.400215 [ 12.062  -3.25   -4.25 ] [-0.55  0.73  9.76] 295.165832 288.5566436 269.356789 363.9652463 323.553847 335.99488765 264.566666 295.9837622 
13.503699 [ 12.25   -3.062  -6.937] [-0.52  1.14  9.72] 299.739712 293.17955735 263.605773 359.99007235 325.047996 335.35659855 270.670358 290.9705281 
13.605971 [ 12.437  -3.187  -9.5  ] [-0.55  1.62  9.65] 303.682427 299.23993315 258.572515 354.5713632 325.998701 334.4101842 277.077962 287.42173505 
13.707651 [ 12.625  -2.75  -13.   ] [-0.47  2.21  9.54] 307.09403 306.17917575 254.468829 348.01389875 326.258887 333.6342263 283.458652 285.61639605 
13.809969 [ 12.937  -2.125 -18.812] [-0.37  3.16  9.27] 310.074575 313.43868875 251.506528 340.62246235 325.681483 333.5073077 289.481603 285.8335218 
13.913334 [ 13.25   -2.125 -21.125] [-0.36  3.52  9.14] 312.724114 320.45987575 249.897424 332.70183735 324.119412 334.5080124 294.836015 288.3131932 
14.020521 [ 13.062  -1.062 -21.875] [-0.18  3.65  9.09] 315.142701 326.6841415 249.853332 324.55680365 321.442011 337.06343775 299.455533 292.8203123 
14.122338 [ 12.687   0.25  -21.937] [ 1.32  3.67  9.09] 317.430389 331.5528873 251.554149 316.49063005 317.700422 341.0302581 303.437219 298.80212585 
14.224231 [ 12.437   1.313 -21.312] [ 1.51  3.58  9.12] 319.670988 334.57569565 254.857854 308.791303 313.058971 345.9100278 306.881122 305.70006045 
14.326061 [ 12.187   1.938 -19.812] [ 1.62  3.32  9.22] 321.798784 335.88973165 259.435902 301.7379551 307.683694 351.19893645 309.887295 312.955545 
14.42763 [ 11.812   2.688 -17.125] [ 1.74  2.88  9.36] 323.667479 335.97038345 264.957466 295.60960855 301.740629 356.3931725 312.555789 320.01000725 
14.52924 [ 11.687   3.688 -13.625] [ 1.91  2.31  9.5 ] 325.129993 335.29632015 271.091716 290.68528785 295.395811 360.9889267 314.986656 326.30487495 
14.630679 [ 11.312   4.375 -12.937] [ 2.03  2.19  9.52] 326.03925 334.34620625 277.507826 287.24401865 288.815277 364.48238635 317.279948 331.28157585 
14.732168 [ 10.875   5.5   -11.312] [ 2.22  1.92  9.56] 326.248168 333.598712 283.874966 285.56482315 282.165064 366.36974335 319.523512 334.43275755 
14.83403 [ 10.75    6.938  -9.875] [ 2.46  1.67  9.58] 325.609671 333.53250305 289.86231 285.92672585 275.613751 366.1921017 321.663328 335.84646865 
14.935978 [ 10.687   8.125  -9.437] [ 1.37  1.59  9.57] 323.976678 334.6262485 295.165832 288.5566436 269.356789 363.9652463 323.553847 335.99488765 
15.038825 [ 10.625   8.813  -9.375] [ 1.5   1.58  9.56] 321.223837 337.2904282 299.739712 293.17955735 263.605773 359.99007235 325.047996 335.35659855 
15.141031 [ 10.562  10.75   -9.25 ] [ 1.83  1.54  9.5 ] 317.416997 341.3354152 303.682427 299.23993315 258.572515 354.5713632 325.998701 334.4101842 
15.244437 [ 10.625  12.     -9.75 ] [ 2.03  1.61  9.45] 312.721366 346.25974625 307.09403 306.17917575 254.468829 348.01389875 326.258887 333.6342263 
15.34711 [ 10.75   12.375 -10.562] [ 2.11  1.75  9.41] 307.302998 351.55929585 310.074575 313.43868875 251.506528 340.62246235 325.681483 333.5073077 
15.448752 [ 10.75   12.688 -10.375] [ 2.15  1.72  9.4 ] 301.327947 356.72993735 312.724114 320.45987575 249.897424 332.70183735 324.119412 334.5080124 
15.550467 [ 10.625  12.688  -9.5  ] [ 2.16  1.58  9.43] 294.962269 361.2675464 315.142701 326.6841415 249.853332 324.55680365 321.442011 337.06343775 
15.653436 [ 10.5    12.438  -8.687] [ 2.12  1.44  9.46] 288.372017 364.66799635 317.430389 331.5528873 251.554149 316.49063005 317.700422 341.0302581 
15.757073 [ 10.5    11.875  -7.625] [ 2.03  1.28  9.5 ] 281.723246 366.4271617 319.670988 334.57569565 254.857854 308.791303 313.058971 345.9100278 
15.859247 [ 10.75   10.75   -7.375] [ 1.83  1.24  9.55] 275.185354 366.10018565 321.798784 335.88973165 259.435902 301.7379551 307.683694 351.19893645 
15.960833 [ 12.125   7.5    -6.437] [ 1.28  1.09  9.66] 268.955884 363.7412033 323.667479 335.97038345 264.957466 295.60960855 301.740629 356.3931725 
16.063301 [ 13.437   3.188  -5.562] [ 1.82  0.95  9.74] 263.246474 359.65430685 325.129993 335.29632015 271.091716 290.68528785 295.395811 360.9889267 
16.166861 [ 14.875  -2.562  -3.75 ] [-0.34  0.66  9.77] 258.268871 354.1454515 326.03925 334.34620625 277.507826 287.24401865 288.815277 364.48238635 
16.269388 [ 15.875  -7.875  -2.937] [-0.07  0.49  9.69] 254.234821 347.52059705 326.248168 333.598712 283.874966 285.56482315 282.165064 366.36974335 
16.370872 [ 15.625  -8.437  -1.625] [-0.16  0.27  9.69] 251.356068 340.08569985 325.609671 333.53250305 289.86231 285.92672585 275.613751 366.1921017 
16.47261 [ 15.625  -7.812  -0.625] [-0.05  0.11  9.71] 249.844358 332.1467174 323.976678 334.6262485 295.165832 288.5566436 269.356789 363.9652463 
16.574694 [ 15.625  -8.     -0.375] [-0.09  0.07  9.7 ] 249.911438 324.0096072 321.223837 337.2904282 299.739712 293.17955735 263.605773 359.99007235 
16.676559 [ 15.687  -8.312   0.   ] [-0.14  0.    9.7 ] 251.727248 315.9779129 317.416997 341.3354152 303.682427 299.23993315 258.572515 354.5713632 
16.778973 [ 15.812  -7.812   8.563] [-0.06 -0.1   9.71] 255.124891 308.33572475 312.721366 346.25974625 307.09403 306.17917575 254.468829 348.01389875 
16.880828 [ 15.812  -7.      0.5  ] [-1.2  -0.08  9.73] 259.774844 301.35774095 307.302998 351.55929585 310.074575 313.43868875 251.506528 340.62246235 
16.982387 [ 15.937  -6.75   -0.562] [-1.15  0.1   9.73] 265.346531 295.3185999 301.327947 356.72993735 312.724114 320.45987575 249.897424 332.70183735 
17.084207 [ 8.062 -7.    -1.375] [-1.2   0.23  9.72] 271.509377 290.49294 294.962269 361.2675464 315.142701 326.6841415 249.853332 324.55680365 
17.186023 [ 16.     -5.562  -1.312] [-0.95  0.22  9.75] 277.932806 287.1553985 288.372017 364.66799635 317.430389 331.5528873 251.554149 316.49063005 
17.288111 [ 8.062 -4.375 -1.625] [-0.77  0.27  9.77] 284.286242 285.58061495 281.723246 366.4271617 319.670988 334.57569565 254.857854 308.791303 
17.390305 [ 8.125 -3.875 -2.625] [-0.67  0.44  9.77] 290.239112 286.04322545 275.185354 366.10018565 321.798784 335.88973165 259.435902 301.7379551 
17.49187 [ 8.312 -3.312 -4.875] [-0.56  0.83  9.75] 295.495702 288.7515916 268.955884 363.7412033 323.667479 335.97038345 264.957466 295.60960855 
17.593903 [ 8.5   -3.062 -7.5  ] [-0.52  1.28  9.7 ] 300.029288 293.40270565 263.246474 359.65430685 325.129993 335.29632015 271.091716 290.68528785 
17.697622 [ 16.75   -2.812 -10.687] [-0.49  1.76  9.63] 303.938287 299.45566165 258.268871 354.1454515 326.03925 334.34620625 277.507826 287.24401865 
17.800739 [  9.125  -2.937 -15.125] [-0.5   2.55  9.45] 307.321807 306.36823115 254.234821 347.52059705 326.248168 333.598712 283.874966 285.56482315 
17.902486 [  9.5    -3.187 -19.5  ] [-0.54  3.27  9.22] 310.27896 313.59818685 251.356068 340.08569985 325.609671 333.53250305 289.86231 285.92672585 
18.004769 [  9.687  -2.75  -20.562] [-0.47  3.44  9.17] 312.908856 320.6033003 249.844358 332.1467174 323.976678 334.6262485 295.165832 288.5566436 
18.108443 [  9.5    -1.687 -20.875] [-0.31  3.5   9.15] 315.310606 326.8413442 249.911438 324.0096072 321.223837 337.2904282 299.739712 293.17955735 
18.211082 [  9.187  -0.437 -20.375] [-0.07  3.41  9.19] 317.583319 331.7700901 251.727248 315.9779129 317.416997 341.3354152 303.682427 299.23993315 
18.312745 [  8.75    1.625 -19.75 ] [ 1.56  3.31  9.22] 319.374946 334.284595 255.124891 308.33572475 312.721366 346.25974625 307.09403 306.17917575 
18.414838 [  8.437   3.188 -19.062] [ 0.55  3.19  9.25] 321.525449 335.80269735 259.774844 301.35774095 307.302998 351.55929585 310.074575 313.43868875 
18.518527 [  8.312   3.5   -17.75 ] [ 0.6   2.98  9.32] 323.436861 336.0218793 265.346531 295.3185999 301.327947 356.72993735 312.724114 320.45987575 
18.62174 [  8.062   4.438 -14.   ] [ 2.04  2.36  9.48] 324.962024 335.42109055 271.509377 290.49294 294.962269 361.2675464 315.142701 326.6841415 
18.723483 [ 15.687   5.125 -13.062] [ 2.16  2.21  9.51] 325.953778 334.47927965 277.932806 287.1553985 288.372017 364.66799635 317.430389 331.5528873 
18.825274 [ 15.437   6.125 -12.5  ] [ 2.32  2.12  9.51] 326.264964 333.67539745 284.286242 285.58061495 281.723246 366.4271617 319.670988 334.57569565 
18.927027 [ 15.25    7.438 -10.812] [ 2.55  1.83  9.54] 325.748422 333.4883925 290.239112 286.04322545 275.185354 366.10018565 321.798784 335.88973165 
19.028961 [ 15.125   8.563 -10.   ] [ 1.46  1.68  9.54] 324.256995 334.39721565 295.495702 288.7515916 268.955884 363.7412033 323.667479 335.97038345 
19.130766 [ 15.062   9.313  -9.625] [ 1.56  1.62  9.54] 321.655566 336.84302185 300.029288 293.40270565 263.246474 359.65430685 325.129993 335.29632015 
19.232738 [ 15.   11.5  -9.5] [ 1.95  1.58  9.47] 317.980058 340.7302645 303.938287 299.45566165 258.268871 354.1454515 326.03925 334.34620625 
19.334744 [ 15.     12.25   -9.375] [ 2.08  1.56  9.45] 313.393511 345.56450455 307.321807 306.36823115 254.234821 347.52059705 326.248168 333.598712 
19.436364 [ 15.125  12.625  -9.937] [ 2.15  1.65  9.42] 308.061986 350.8418327 310.27896 313.59818685 251.356068 340.08569985 325.609671 333.53250305 
19.538567 [ 15.187  13.063 -10.812] [ 2.22  1.79  9.37] 302.151542 356.0583385 312.908856 320.6033003 249.844358 332.1467174 323.976678 334.6262485 
19.640327 [ 15.062  13.25  -10.   ] [ 2.25  1.66  9.39] 295.828238 360.71011495 315.310606 326.8413442 249.911438 324.0096072 321.223837 337.2904282 
19.742752 [ 14.937  13.063  -8.875] [ 2.22  1.47  9.43] 289.258133 364.29325045 317.583319 331.7700901 251.727248 315.9779129 317.416997 341.3354152 
19.84474 [ 14.812  12.438  -7.375] [ 2.11  1.23  9.49] 282.607286 366.30383685 319.374946 334.284595 255.124891 308.33572475 312.721366 346.25974625 
19.94687 [ 14.687  11.75   -5.625] [ 2.    0.94  9.55] 276.043634 366.27113545 321.525449 335.80269735 259.774844 301.35774095 307.302998 351.55929585 
20.05015 [ 15.375   9.375  -5.25 ] [ 1.6   0.89  9.63] 269.760425 364.171876 323.436861 336.0218793 265.346531 295.3185999 301.327947 356.72993735 
20.153397 [ 9.    4.75 -4.25] [ 2.09  0.73  9.74] 263.969069 360.30385675 324.962024 335.42109055 271.509377 290.49294 294.962269 361.2675464 
20.255406 [ 10.      0.313  -2.812] [ 1.34  0.49  9.79] 258.881373 354.9718875 325.953778 334.47927965 277.932806 287.1553985 288.372017 364.66799635 
20.35759 [ 10.937  -4.687  -2.062] [-0.8   0.35  9.76] 254.709143 348.4807769 326.264964 333.67539745 284.286242 285.58061495 281.723246 366.4271617 
20.461738 [ 11.375  -8.062  -1.625] [-1.37  0.29  9.7 ] 251.664188 341.13533705 325.748422 333.4883925 290.239112 286.04322545 275.185354 366.10018565 
20.564431 [ 11.062  -7.812  -0.875] [-0.05  0.15  9.71] 249.958313 333.24037775 324.256995 334.39721565 295.495702 288.7515916 268.955884 363.7412033 
20.666163 [ 11.125  -8.125  -0.562] [-0.1  0.1  9.7] 249.803327 325.1007088 321.655566 336.84302185 300.029288 293.40270565 263.246474 359.65430685 
20.76879 [ 19.125  -8.125  -0.062] [-0.1   0.01  9.7 ] 251.387327 317.020013 317.980058 340.7302645 303.938287 299.45566165 258.268871 354.1454515 
20.872329 [ 11.062  -7.625   0.438] [-0.03 -0.07  9.71] 254.594325 309.28751535 313.393511 345.56450455 307.321807 306.36823115 254.234821 347.52059705 
20.975054 [ 11.125  -7.      0.313] [-1.19 -0.06  9.73] 259.097713 302.18242895 308.061986 350.8418327 310.27896 313.59818685 251.356068 340.08569985 
21.076753 [ 11.187  -6.625  -0.375] [-1.14  0.06  9.73] 264.566666 295.9837622 302.151542 356.0583385 312.908856 320.6033003 249.844358 332.1467174 
21.178448 [ 11.312  -5.312  -1.437] [-0.91  0.25  9.76] 270.670358 290.9705281 295.828238 360.71011495 315.310606 326.8413442 249.911438 324.0096072 
21.280056 [ 11.375  -3.875  -2.312] [-0.66  0.39  9.77] 277.077962 287.42173505 289.258133 364.29325045 317.583319 331.7700901 251.727248 315.9779129 
21.38181 [ 11.375  -3.062  -2.625] [-0.53  0.45  9.78] 283.458652 285.61639605 282.607286 366.30383685 319.374946 334.284595 255.124891 308.33572475 
21.48338 [ 11.437  -2.437  -3.5  ] [-0.42  0.6   9.77] 289.481603 285.8335218 276.043634 366.27113545 321.525449 335.80269735 259.774844 301.35774095 
21.585385 [ 11.625  -2.125  -5.312] [-0.37  0.87  9.76] 294.836015 288.3131932 269.760425 364.171876 323.436861 336.0218793 265.346531 295.3185999 
21.687251 [ 11.687  -2.187  -7.25 ] [-0.37  1.23  9.72] 299.455533 292.8203123 263.969069 360.30385675 324.962024 335.42109055 271.509377 290.49294 
21.788979 [ 11.875  -2.062  -9.562] [-0.35  1.62  9.66] 303.437219 298.80212585 258.881373 354.9718875 325.953778 334.47927965 277.932806 287.1553985 
21.890639 [ 12.062  -2.125 -12.875] [-0.36  2.19  9.55] 306.881122 305.70006045 254.709143 348.4807769 326.264964 333.67539745 284.286242 285.58061495 
21.992538 [ 12.375  -1.625 -18.25 ] [-0.28  3.07  9.3 ] 309.887295 312.955545 251.664188 341.13533705 325.748422 333.4883925 290.239112 286.04322545 
22.094864 [ 12.75   -1.625 -20.375] [-0.28  3.39  9.19] 312.555789 320.01000725 249.958313 333.24037775 324.256995 334.39721565 295.495702 288.7515916 
22.197006 [ 12.937  -1.812 -21.   ] [-0.31  3.51  9.14] 314.986656 326.30487495 249.803327 325.1007088 321.655566 336.84302185 300.029288 293.40270565 
22.299047 [ 12.75   -0.875 -21.062] [-0.14  3.52  9.14] 317.279948 331.28157585 251.387327 317.020013 317.980058 340.7302645 303.938287 299.45566165 
22.402004 [ 12.375   0.563 -20.25 ] [ 1.38  3.4   9.19] 319.523512 334.43275755 254.594325 309.28751535 313.393511 345.56450455 307.321807 306.36823115 
22.505382 [ 11.937   2.688 -19.375] [ 0.45  3.27  9.23] 321.663328 335.84646865 259.097713 302.18242895 308.061986 350.8418327 310.27896 313.59818685 
22.6077 [ 11.812   3.063 -17.562] [ 1.81  2.95  9.33] 323.553847 335.99488765 264.566666 295.9837622 302.151542 356.0583385 312.908856 320.6033003 
22.709615 [ 11.312   4.125 -14.   ] [ 1.98  2.36  9.49] 325.047996 335.35659855 270.670358 290.9705281 295.828238 360.71011495 315.310606 326.8413442 
22.812599 [ 18.875   4.875 -12.687] [ 0.84  2.14  9.53] 325.998701 334.4101842 277.077962 287.42173505 289.258133 364.29325045 317.583319 331.7700901 
22.915892 [ 10.625   5.813 -12.25 ] [ 0.97  2.08  9.53] 326.258887 333.6342263 283.458652 285.61639605 282.607286 366.30383685 319.374946 334.284595 
23.018155 [ 10.437   7.188 -10.687] [ 2.5   1.81  9.55] 325.681483 333.5073077 289.481603 285.8335218 276.043634 366.27113545 321.525449 335.80269735 
23.119971 [ 18.25    8.5    -9.625] [ 1.45  1.63  9.56] 324.119412 334.5080124 294.836015 288.3131932 269.760425 364.171876 323.436861 336.0218793 
23.223436 [ 18.187   9.     -9.187] [ 1.54  1.55  9.55] 321.442011 337.06343775 299.455533 292.8203123 263.969069 360.30385675 324.962024 335.42109055 
23.326833 [ 10.125  11.063  -9.125] [ 1.89  1.53  9.5 ] 317.700422 341.0302581 303.437219 298.80212585 258.881373 354.9718875 325.953778 334.47927965 
23.428974 [ 10.187  12.188  -9.5  ] [ 2.07  1.58  9.45] 313.058971 345.9100278 306.881122 305.70006045 254.709143 348.4807769 326.264964 333.67539745 
23.530794 [ 10.25   12.5   -10.125] [ 2.12  1.69  9.42] 307.683694 351.19893645 309.887295 312.955545 251.664188 341.13533705 325.748422 333.4883925 
23.632596 [ 10.312  13.    -10.375] [ 2.21  1.72  9.39] 301.740629 356.3931725 312.555789 320.01000725 249.958313 333.24037775 324.256995 334.39721565 
23.734414 [ 10.125  13.375  -9.437] [ 2.27  1.57  9.4 ] 295.395811 360.9889267 314.986656 326.30487495 249.803327 325.1007088 321.655566 336.84302185 
23.836141 [ 10.062  13.375  -8.562] [ 2.27  1.44  9.42] 288.815277 364.48238635 317.279948 331.28157585 251.387327 317.020013 317.980058 340.7302645 
23.937915 [  9.937  12.625  -7.25 ] [ 2.14  1.21  9.49] 282.165064 366.36974335 319.523512 334.43275755 254.594325 309.28751535 313.393511 345.56450455 
24.039673 [  9.875  12.063  -5.875] [ 2.04  0.98  9.53] 275.613751 366.1921017 321.663328 335.84646865 259.097713 302.18242895 308.061986 350.8418327 
24.141235 [ 10.312   9.875  -5.562] [ 1.68  0.94  9.61] 269.356789 363.9652463 323.553847 335.99488765 264.566666 295.9837622 302.151542 356.0583385 
24.242921 [ 11.75    5.25   -4.562] [ 2.18  0.77  9.73] 263.605773 359.99007235 325.047996 335.35659855 270.670358 290.9705281 295.828238 360.71011495 
24.344712 [ 12.812   0.625  -3.125] [ 1.38  0.54  9.79] 258.572515 354.5713632 325.998701 334.4101842 277.077962 287.42173505 289.258133 364.29325045 
24.446448 [ 21.75   -4.562  -2.187] [-0.78  0.37  9.76] 254.468829 348.01389875 326.258887 333.6342263 283.458652 285.61639605 282.607286 366.30383685 
24.548462 [ 22.125  -7.875  -1.625] [-0.07  0.28  9.7 ] 251.506528 340.62246235 325.681483 333.5073077 289.481603 285.8335218 276.043634 366.27113545 
24.650527 [ 13.75   -7.437  -0.812] [-1.27  0.14  9.72] 249.897424 332.70183735 324.119412 334.5080124 294.836015 288.3131932 269.760425 364.171876 
24.753028 [ 13.812  -7.75   -0.437] [-0.04  0.08  9.71] 249.853332 324.55680365 321.442011 337.06343775 299.455533 292.8203123 263.969069 360.30385675 
24.856717 [ 13.875  -7.687   0.188] [-1.32 -0.02  9.71] 251.554149 316.49063005 317.700422 341.0302581 303.437219 298.80212585 258.881373 354.9718875 
24.959572 [ 13.875  -7.437   0.563] [-1.27 -0.09  9.72] 254.857854 308.791303 313.058971 345.9100278 306.881122 305.70006045 254.709143 348.4807769 
25.07091 [ 13.937  -6.937   0.5  ] [-1.19 -0.09  9.73] 259.435902 301.7379551 307.683694 351.19893645 309.887295 312.955545 251.664188 341.13533705 
25.173267 [ 13.875  -6.     -0.437] [-1.03  0.07  9.75] 264.957466 295.60960855 301.740629 356.3931725 312.555789 320.01000725 249.958313 333.24037775 
25.276835 [ 14.     -5.562  -1.687] [-0.96  0.27  9.75] 271.091716 290.68528785 295.395811 360.9889267 314.986656 326.30487495 249.803327 325.1007088 
25.379994 [ 14.062  -4.875  -2.562] [-0.84  0.44  9.76] 277.507826 287.24401865 288.815277 364.48238635 317.279948 331.28157585 251.387327 317.020013 
25.481636 [ 14.125  -4.062  -3.125] [-0.69  0.53  9.76] 283.874966 285.56482315 282.165064 366.36974335 319.523512 334.43275755 254.594325 309.28751535 
25.583191 [ 14.187  -3.75   -4.   ] [-0.64  0.68  9.76] 289.86231 285.92672585 275.613751 366.1921017 321.663328 335.84646865 259.097713 302.18242895 
25.684807 [ 14.312  -3.562  -5.5  ] [-0.61  0.94  9.74] 295.165832 288.5566436 269.356789 363.9652463 323.553847 335.99488765 264.566666 295.9837622 
25.786643 [ 14.562  -3.25   -8.125] [-0.56  1.39  9.69] 299.739712 293.17955735 263.605773 359.99007235 325.047996 335.35659855 270.670358 290.9705281 
25.888424 [ 14.812  -3.312 -11.562] [-0.56  1.9   9.6 ] 303.682427 299.23993315 258.572515 354.5713632 325.998701 334.4101842 277.077962 287.42173505 
25.990371 [ 15.25   -3.625 -16.062] [-0.62  2.71  9.4 ] 307.09403 306.17917575 254.468829 348.01389875 326.258887 333.6342263 283.458652 285.61639605 
26.092001 [ 15.562  -3.937 -18.375] [-0.68  3.08  9.28] 310.074575 313.43868875 251.506528 340.62246235 325.681483 333.5073077 289.481603 285.8335218 
26.193873 [ 15.687  -4.437 -18.75 ] [-0.76  3.14  9.25] 312.724114 320.45987575 249.897424 332.70183735 324.119412 334.5080124 294.836015 288.3131932 
26.29586 [ 15.562  -3.937 -18.75 ] [-0.67  3.14  9.26] 315.142701 326.6841415 249.853332 324.55680365 321.442011 337.06343775 299.455533 292.8203123 
26.397654 [ 15.25   -2.687 -18.187] [-0.46  3.06  9.3 ] 317.430389 331.5528873 251.554149 316.49063005 317.700422 341.0302581 303.437219 298.80212585 
26.49994 [ 14.812  -0.5   -17.375] [-0.13  2.94  9.35] 319.670988 334.57569565 254.857854 308.791303 313.058971 345.9100278 306.881122 305.70006045 
26.602146 [ 14.375   1.875 -16.625] [ 1.6   2.81  9.38] 321.798784 335.88973165 259.435902 301.7379551 307.683694 351.19893645 309.887295 312.955545 
26.703903 [ 14.062   3.375 -15.312] [ 1.86  2.58  9.44] 323.667479 335.97038345 264.957466 295.60960855 301.740629 356.3931725 312.555789 320.01000725 
26.80673 [ 13.875   4.    -13.187] [ 1.96  2.23  9.52] 325.129993 335.29632015 271.091716 290.68528785 295.395811 360.9889267 314.986656 326.30487495 
26.91044 [ 13.562   4.813 -12.687] [ 2.09  2.16  9.53] 326.03925 334.34620625 277.507826 287.24401865 288.815277 364.48238635 317.279948 331.28157585 
27.012751 [ 13.375   5.875 -12.062] [ 2.28  2.04  9.53] 326.248168 333.598712 283.874966 285.56482315 282.165064 366.36974335 319.523512 334.43275755 
27.114476 [ 13.125   7.313 -10.5  ] [ 2.53  1.78  9.56] 325.609671 333.53250305 289.86231 285.92672585 275.613751 366.1921017 321.663328 335.84646865 
27.217287 [ 21.      8.5    -9.562] [ 1.45  1.61  9.56] 323.976678 334.6262485 295.165832 288.5566436 269.356789 363.9652463 323.553847 335.99488765 
27.32042 [ 12.937   9.188  -9.062] [ 1.54  1.53  9.56] 321.223837 337.2904282 299.739712 293.17955735 263.605773 359.99007235 325.047996 335.35659855 
27.422688 [ 12.875  11.375  -9.062] [ 1.93  1.51  8.21] 317.416997 341.3354152 303.682427 299.23993315 258.572515 354.5713632 325.998701 334.4101842 
27.524168 [ 12.937  12.313  -9.5  ] [ 2.1   1.58  9.44] 312.721366 346.25974625 307.09403 306.17917575 254.468829 348.01389875 326.258887 333.6342263 
27.626772 [ 21.062  12.938 -10.062] [ 2.2   1.67  9.4 ] 307.302998 351.55929585 310.074575 313.43868875 251.506528 340.62246235 325.681483 333.5073077 
27.730428 [ 13.062  13.438 -10.   ] [ 2.27  1.67  9.39] 301.327947 356.72993735 312.724114 320.45987575 249.897424 332.70183735 324.119412 334.5080124 
27.833133 [ 12.937  13.688  -9.   ] [ 2.32  1.49  9.4 ] 294.962269 361.2675464 315.142701 326.6841415 249.853332 324.55680365 321.442011 337.06343775 
27.935177 [ 12.812  13.563  -8.062] [ 2.3   1.34  9.43] 288.372017 364.66799635 317.430389 331.5528873 251.554149 316.49063005 317.700422 341.0302581 
28.03689 [ 12.687  12.875  -6.687] [ 2.19  1.11  9.49] 281.723246 366.4271617 319.670988 334.57569565 254.857854 308.791303 313.058971 345.9100278 
28.13848 [ 12.625  12.25   -5.687] [ 2.08  0.95  9.53] 275.185354 366.10018565 321.798784 335.88973165 259.435902 301.7379551 307.683694 351.19893645 
28.239875 [ 13.437   9.5    -5.062] [ 1.62  0.85  9.63] 268.955884 363.7412033 323.667479 335.97038345 264.957466 295.60960855 301.740629 356.3931725 
28.341415 [ 14.625   5.375  -4.125] [ 2.2   0.7   9.73] 263.246474 359.65430685 325.129993 335.29632015 271.091716 290.68528785 295.395811 360.9889267 
28.443165 [ 15.75    0.188  -2.625] [ 1.4   0.48  9.79] 258.268871 354.1454515 326.03925 334.34620625 277.507826 287.24401865 288.815277 364.48238635 
28.544855 [ 24.687  -5.312  -1.75 ] [-0.91  0.3   9.75] 254.234821 347.52059705 326.248168 333.598712 283.874966 285.56482315 282.165064 366.36974335 
28.646703 [ 24.875  -8.062  -1.375] [-0.1   0.23  9.7 ] 251.356068 340.08569985 325.609671 333.53250305 289.86231 285.92672585 275.613751 366.1921017 
28.748372 [ 24.5   -7.75  -0.5 ] [-0.04  0.09  9.71] 249.844358 332.1467174 323.976678 334.6262485 295.165832 288.5566436 269.356789 363.9652463 
28.849909 [ 24.5    -8.     -0.187] [-0.09  0.04  9.7 ] 249.911438 324.0096072 321.223837 337.2904282 299.739712 293.17955735 263.605773 359.99007235 
28.952038 [ 24.5    -8.125   0.063] [-0.11  0.    9.7 ] 251.727248 315.9779129 317.416997 341.3354152 303.682427 299.23993315 258.572515 354.5713632 
29.054077 [ 24.875  -7.875   0.75 ] [-0.06 -0.13  9.71] 255.124891 308.33572475 312.721366 346.25974625 307.09403 306.17917575 254.468829 348.01389875 
29.156067 [ 25.125  -7.187   0.75 ] [-1.22 -0.13  9.72] 259.774844 301.35774095 307.302998 351.55929585 310.074575 313.43868875 251.506528 340.62246235 
29.258636 [ 25.187  -6.      0.063] [-1.03 -0.01  9.75] 265.346531 295.3185999 301.327947 356.72993735 312.724114 320.45987575 249.897424 332.70183735 
29.362175 [ 25.25   -5.125  -0.687] [-0.88  0.11  9.76] 271.509377 290.49294 294.962269 361.2675464 315.142701 326.6841415 249.853332 324.55680365 
29.464968 [ 25.25   -4.125  -1.312] [-0.7   0.23  9.77] 277.932806 287.1553985 288.372017 364.66799635 317.430389 331.5528873 251.554149 316.49063005 
29.56677 [ 25.312  -3.687  -2.125] [-0.63  0.37  9.77] 284.286242 285.58061495 281.723246 366.4271617 319.670988 334.57569565 254.857854 308.791303 
29.669322 [ 25.437  -3.25   -3.375] [-0.56  0.58  9.77] 290.239112 286.04322545 275.185354 366.10018565 321.798784 335.88973165 259.435902 301.7379551 
29.772763 [ 25.562  -2.687  -5.5  ] [-0.47  0.91  9.75] 295.495702 288.7515916 268.955884 363.7412033 323.667479 335.97038345 264.957466 295.60960855 
29.875454 [ 25.687  -2.625  -7.562] [-0.45  1.29  9.71] 300.029288 293.40270565 263.246474 359.65430685 325.129993 335.29632015 271.091716 290.68528785 
29.97726 [ 25.875  -2.937  -9.687] [-0.5   1.65  9.65] 303.938287 299.45566165 258.268871 354.1454515 326.03925 334.34620625 277.507826 287.24401865 
30.078961 [ 26.125  -3.062 -13.312] [-0.53  2.25  9.52] 307.321807 306.36823115 254.234821 347.52059705 326.248168 333.598712 283.874966 285.56482315 
30.182512 [ 26.5    -3.312 -18.125] [-0.57  3.01  9.31] 310.27896 313.59818685 251.356068 340.08569985 325.609671 333.53250305 289.86231 285.92672585 
30.285648 [ 26.687  -3.312 -18.937] [-0.57  3.18  9.25] 312.908856 320.6033003 249.844358 332.1467174 323.976678 334.6262485 295.165832 288.5566436 
30.387641 [ 26.687  -3.312 -18.875] [-0.57  3.17  9.26] 315.310606 326.8413442 249.911438 324.0096072 321.223837 337.2904282 299.739712 293.17955735 
30.489361 [ 26.5    -2.625 -18.5  ] [-0.45  3.11  9.28] 317.583319 331.7700901 251.727248 315.9779129 317.416997 341.3354152 303.682427 299.23993315 
30.591216 [ 26.187  -1.375 -17.812] [-0.23  3.    9.33] 319.374946 334.284595 255.124891 308.33572475 312.721366 346.25974625 307.09403 306.17917575 
30.6936 [ 25.625   1.313 -17.   ] [ 1.5   2.87  9.37] 321.525449 335.80269735 259.774844 301.35774095 307.302998 351.55929585 310.074575 313.43868875 
30.795532 [ 25.25   3.5  -15.5 ] [ 0.6   2.65  9.42] 323.436861 336.0218793 265.346531 295.3185999 301.327947 356.72993735 312.724114 320.45987575 
30.897559 [ 25.      4.25  -12.875] [ 2.01  2.18  9.53] 324.962024 335.42109055 271.509377 290.49294 294.962269 361.2675464 315.142701 326.6841415 
30.999595 [ 24.75    4.938 -12.187] [ 2.13  2.06  9.54] 325.953778 334.47927965 277.932806 287.1553985 288.372017 364.66799635 317.430389 331.5528873 
31.10124 [ 24.5     5.875 -11.562] [ 2.29  1.95  9.55] 326.264964 333.67539745 284.286242 285.58061495 281.723246 366.4271617 319.670988 334.57569565 
31.203042 [ 24.25    7.188 -10.   ] [ 2.51  1.69  9.57] 325.748422 333.4883925 290.239112 286.04322545 275.185354 366.10018565 321.798784 335.88973165 
31.305179 [ 24.125   8.375  -8.937] [ 1.42  1.51  9.58] 324.256995 334.39721565 295.495702 288.7515916 268.955884 363.7412033 323.667479 335.97038345 
31.408768 [ 24.062   9.125  -8.562] [ 1.55  1.45  9.57] 321.655566 336.84302185 300.029288 293.40270565 263.246474 359.65430685 325.129993 335.29632015 
31.511555 [ 24.     11.     -8.437] [ 1.88  1.42  9.51] 317.980058 340.7302645 303.938287 299.45566165 258.268871 354.1454515 326.03925 334.34620625 
31.616557 [ 24.062  11.875  -8.562] [ 2.02  1.43  9.48] 313.393511 345.56450455 307.321807 306.36823115 254.234821 347.52059705 326.248168 333.598712 
31.719263 [ 24.125  12.313  -9.375] [ 2.09  1.56  9.44] 308.061986 350.8418327 310.27896 313.59818685 251.356068 340.08569985 325.609671 333.53250305 
31.822578 [ 24.062  12.875  -9.   ] [ 2.18  1.5   9.44] 302.151542 356.0583385 312.908856 320.6033003 249.844358 332.1467174 323.976678 334.6262485 
31.926517 [ 15.937  13.063  -8.187] [ 2.22  1.37  9.45] 295.828238 360.71011495 315.310606 326.8413442 249.911438 324.0096072 321.223837 337.2904282 
32.029136 [ 15.875  12.875  -7.437] [ 2.19  1.24  9.47] 289.258133 364.29325045 317.583319 331.7700901 251.727248 315.9779129 317.416997 341.3354152 
32.131085 [ 15.75   12.25   -6.062] [ 2.08  1.01  9.52] 282.607286 366.30383685 319.374946 334.284595 255.124891 308.33572475 312.721366 346.25974625 
32.23473 [ 15.812  11.563  -5.5  ] [ 1.96  0.92  9.56] 276.043634 366.27113545 321.525449 335.80269735 259.774844 301.35774095 307.302998 351.55929585 
32.338183 [ 24.937   8.188  -4.875] [ 1.4   0.83  9.66] 269.760425 364.171876 323.436861 336.0218793 265.346531 295.3185999 301.327947 356.72993735 
32.440174 [ 26.062   4.     -3.875] [ 1.97  0.66  9.75] 263.969069 360.30385675 324.962024 335.42109055 271.509377 290.49294 294.962269 361.2675464 
32.541985 [ 26.812  -0.437  -2.5  ] [-0.08  0.42  9.79] 258.881373 354.9718875 325.953778 334.47927965 277.932806 287.1553985 288.372017 364.66799635 
32.643881 [ 27.812  -6.125  -1.625] [-1.04  0.28  9.74] 254.709143 348.4807769 326.264964 333.67539745 284.286242 285.58061495 281.723246 366.4271617 
32.745879 [ 27.875  -8.187  -1.25 ] [-0.12  0.21  9.7 ] 251.664188 341.13533705 325.748422 333.4883925 290.239112 286.04322545 275.185354 366.10018565 
32.84792 [ 27.75   -7.75   -0.625] [-0.04  0.11  9.71] 249.958313 333.24037775 324.256995 334.39721565 295.495702 288.7515916 268.955884 363.7412033 
32.949946 [ 27.812  -8.     -0.375] [-0.09  0.06  9.7 ] 249.803327 325.1007088 321.655566 336.84302185 300.029288 293.40270565 263.246474 359.65430685 
33.05162 [ 27.875  -8.062   0.   ] [-0.1  -0.01  9.7 ] 251.387327 317.020013 317.980058 340.7302645 303.938287 299.45566165 258.268871 354.1454515 
33.153602 [ 27.875  -7.687   0.625] [-0.03 -0.11  9.71] 254.594325 309.28751535 313.393511 345.56450455 307.321807 306.36823115 254.234821 347.52059705 
33.255506 [ 27.875  -6.875   0.75 ] [-1.17 -0.12  9.73] 259.097713 302.18242895 308.061986 350.8418327 310.27896 313.59818685 251.356068 340.08569985 
33.3576 [ 27.937  -7.      0.375] [-1.2  -0.07  9.73] 264.566666 295.9837622 302.151542 356.0583385 312.908856 320.6033003 249.844358 332.1467174 
33.46017 [ 28.062  -5.375  -0.937] [-0.92  0.16  9.76] 270.670358 290.9705281 295.828238 360.71011495 315.310606 326.8413442 249.911438 324.0096072 
33.561902 [ 28.125  -4.375  -1.75 ] [-0.75  0.3   9.77] 277.077962 287.42173505 289.258133 364.29325045 317.583319 331.7700901 251.727248 315.9779129 
33.666182 [ 28.187  -3.5    -2.5  ] [-0.6   0.42  9.77] 283.458652 285.61639605 282.607286 366.30383685 319.374946 334.284595 255.124891 308.33572475 
33.769354 [ 28.312  -3.25   -3.875] [-0.55  0.66  9.76] 289.481603 285.8335218 276.043634 366.27113545 321.525449 335.80269735 259.774844 301.35774095 
33.871365 [ 28.437  -3.312  -5.062] [-0.57  0.87  9.75] 294.836015 288.3131932 269.760425 364.171876 323.436861 336.0218793 265.346531 295.3185999 
33.973571 [ 28.562  -3.062  -6.875] [-0.53  1.18  9.72] 299.455533 292.8203123 263.969069 360.30385675 324.962024 335.42109055 271.509377 290.49294 
34.077052 [ 28.75   -2.875  -9.437] [-0.5   1.56  9.66] 303.437219 298.80212585 258.881373 354.9718875 325.953778 334.47927965 277.932806 287.1553985 
34.179949 [ 29.     -2.75  -12.937] [-0.47  2.19  9.54] 306.881122 305.70006045 254.709143 348.4807769 326.264964 333.67539745 284.286242 285.58061495 
34.281682 [ 29.375  -2.625 -17.937] [-0.45  3.02  9.31] 309.887295 312.955545 251.664188 341.13533705 325.748422 333.4883925 290.239112 286.04322545 
34.383687 [ 29.625  -2.562 -19.375] [-0.44  3.25  9.24] 312.555789 320.01000725 249.958313 333.24037775 324.256995 334.39721565 295.495702 288.7515916 
34.487074 [ 29.687  -2.437 -19.812] [-0.42  3.32  9.21] 314.986656 326.30487495 249.803327 325.1007088 321.655566 336.84302185 300.029288 293.40270565 
34.590115 [ 29.562  -2.25  -19.75 ] [-0.39  3.31  9.22] 317.279948 331.28157585 251.387327 317.020013 317.980058 340.7302645 303.938287 299.45566165 
34.692239 [ 29.187  -0.562 -18.875] [-0.1   3.17  9.27] 319.523512 334.43275755 254.594325 309.28751535 313.393511 345.56450455 307.321807 306.36823115 
34.793981 [ 28.625   2.188 -18.   ] [ 1.65  3.03  9.31] 321.663328 335.84646865 259.097713 302.18242895 308.061986 350.8418327 310.27896 313.59818685 
34.895913 [ 28.375   3.375 -16.5  ] [ 1.86  2.78  9.38] 323.553847 335.99488765 264.566666 295.9837622 302.151542 356.0583385 312.908856 320.6033003 
34.9977 [ 28.187   4.25  -13.562] [ 2.01  2.29  9.5 ] 325.047996 335.35659855 270.670358 290.9705281 295.828238 360.71011495 315.310606 326.8413442 
35.099636 [ 27.812   5.188 -12.312] [ 2.15  2.09  9.54] 325.998701 334.4101842 277.077962 287.42173505 289.258133 364.29325045 317.583319 331.7700901 
35.201619 [ 27.625   6.063 -11.937] [ 2.32  2.02  9.53] 326.258887 333.6342263 283.458652 285.61639605 282.607286 366.30383685 319.374946 334.284595 
35.303372 [ 27.437   7.313 -10.375] [ 2.53  1.76  9.56] 325.681483 333.5073077 289.481603 285.8335218 276.043634 366.27113545 321.525449 335.80269735 
35.40503 [ 27.312   8.5    -9.562] [ 1.45  1.62  9.56] 324.119412 334.5080124 294.836015 288.3131932 269.760425 364.171876 323.436861 336.0218793 
35.507002 [ 27.25    9.125  -9.125] [ 1.55  1.54  9.55] 321.442011 337.06343775 299.455533 292.8203123 263.969069 360.30385675 324.962024 335.42109055 
35.60873 [ 27.187  11.     -9.   ] [ 1.88  1.51  9.5 ] 317.700422 341.0302581 303.437219 298.80212585 258.881373 354.9718875 325.953778 334.47927965 
35.711137 [ 27.187  12.063  -8.875] [ 2.05  1.47  9.47] 313.058971 345.9100278 306.881122 305.70006045 254.709143 348.4807769 326.264964 333.67539745 
35.81301 [ 27.25   12.25   -9.625] [ 2.08  1.61  9.44] 307.683694 351.19893645 309.887295 312.955545 251.664188 341.13533705 325.748422 333.4883925 
35.914615 [ 27.312  12.438 -10.187] [ 2.11  1.7   9.42] 301.740629 356.3931725 312.555789 320.01000725 249.958313 333.24037775 324.256995 334.39721565 
36.017306 [ 27.25   12.563  -9.437] [ 2.14  1.57  9.43] 295.395811 360.9889267 314.986656 326.30487495 249.803327 325.1007088 321.655566 336.84302185 
36.12072 [ 27.125  12.125  -8.25 ] [ 2.07  1.39  8.2 ] 288.815277 364.48238635 317.279948 331.28157585 251.387327 317.020013 317.980058 340.7302645 
36.227298 [ 27.     11.688  -6.812] [ 1.99  1.13  9.53] 282.165064 366.36974335 319.523512 334.43275755 254.594325 309.28751535 313.393511 345.56450455 
36.331196 [ 26.875  11.25   -5.375] [ 1.93  0.9   9.57] 275.613751 366.1921017 321.663328 335.84646865 259.097713 302.18242895 308.061986 350.8418327 
36.433683 [ 27.875   9.     -5.   ] [ 1.53  0.85  9.64] 269.356789 363.9652463 323.553847 335.99488765 264.566666 295.9837622 302.151542 356.0583385 
36.535579 [ 29.75    4.375  -4.   ] [ 2.03  0.68  9.75] 263.605773 359.99007235 325.047996 335.35659855 270.670358 290.9705281 295.828238 360.71011495 
36.638494 [ 30.812  -0.187  -2.687] [-0.03  0.46  9.79] 258.572515 354.5713632 325.998701 334.4101842 277.077962 287.42173505 289.258133 364.29325045 
