-0.075565 [ 7.938 -2.25  -8.812] [-0.39  1.5   9.68]
-0.178407 [ 7.    -8.    -7.625] [-0.08  1.29  9.62]
-0.280704 [ 6.25  -9.75  -3.375] [-0.38  0.56  9.64]
-0.382975 [  6.   -10.75  -0.5 ] [-0.55  0.08  9.63]
-0.485434 [  5.75  -10.937   1.25 ] [-0.58 -0.21  9.62]
-0.587971 [  5.688 -10.5     1.25 ] [-0.5  -0.21  9.63]
-0.690418 [ 5.563 -9.75   1.   ] [-0.38 -0.17  9.66]
-0.79289 [ 2.625 -8.937  0.438] [-0.24 -0.07  9.68]
-0.895473 [ 5.125 -8.125 -1.   ] [-1.4   0.15  9.7 ]
-0.99807 [ 5.063 -7.562 -1.937] [-0.01  0.32  9.71]
-1.101078 [ 5.    -7.187 -2.937] [-1.22  0.5   9.71]
-1.205382 [ 4.938 -6.75  -4.25 ] [-1.17  0.7   9.71]
-1.308393 [ 4.875 -6.312 -5.937] [-1.08  1.01  9.69]
-1.410713 [ 4.75  -6.125 -8.375] [-1.04  1.42  9.64]
-1.514962 [  4.563  -5.875 -11.312] [-1.01  1.87  9.57]
-1.618136 [  4.313  -5.687 -15.25 ] [-0.98  2.57  9.41]
-1.720581 [  3.625  -5.625 -18.687] [-0.96  3.12  9.24]
-1.824847 [  4.25   -6.125 -19.312] [-1.04  3.22  9.2 ]
-1.928146 [  4.125  -6.812 -19.125] [-1.16  3.19  7.91]
-2.030483 [  4.188  -6.625 -18.687] [-1.13  3.13  9.22]
-2.13293 [  4.5    -5.062 -18.   ] [-0.87  3.02  9.28]
-2.23522 [  5.     -2.687 -17.   ] [-0.46  2.86  9.36]
-2.33801 [  5.5     0.188 -16.062] [ 1.31  2.72  9.42]
-2.440375 [  5.875   2.375 -15.5  ] [ 1.69  2.61  9.44]
-2.542855 [  6.375   4.375 -14.437] [ 2.03  2.44  9.46]
-2.644995 [  6.75    5.188 -13.5  ] [ 2.16  2.28  9.49]
-2.747703 [  7.      6.563 -11.375] [ 2.4   1.92  9.54]
-2.850153 [  7.063   7.813 -10.75 ] [ 1.34  1.81  9.54]
-2.953453 [  7.125   9.063 -10.375] [ 1.55  1.74  9.52]
-3.057944 [  7.188  11.438 -10.25 ] [ 1.95  1.71  9.45]
-3.160797 [  7.125  12.375 -10.812] [ 2.1  1.8  9.4]
-3.264329 [  6.938  13.063 -11.625] [ 2.22  1.93  9.35]
-3.36879 [  7.125  13.75  -10.875] [ 2.33  1.8   9.35]
-3.471372 [  7.313  14.    -10.   ] [ 2.37  1.65  9.36]
-3.574652 [  7.625  13.625  -8.75 ] [ 2.31  1.45  9.41]
-3.679186 [  7.938  13.313  -7.312] [ 2.26  1.21  9.46]
-3.782568 [  8.125  12.813  -6.   ] [ 2.18  1.    9.5 ]
-3.885408 [  8.     10.25   -5.125] [ 1.74  0.86  9.61]
-3.987717 [ 8.125  6.063 -4.187] [ 2.31  0.72  9.72]
-4.089743 [ 8.063  0.75  -3.125] [ 1.41  0.54  9.79]
-4.192185 [ 7.688 -4.312 -1.812] [-0.74  0.31  9.77]
-4.294463 [  7.313 -11.625  -0.875] [-0.69  0.14  9.6 ]
-4.396925 [  1.312 -12.375   0.75 ] [-0.82 -0.13  9.57]
-4.499798 [  6.5   -11.187   1.5  ] [-0.63 -0.25  9.61]
-4.602527 [  6.5   -11.062   1.563] [-0.61 -0.26  9.61]
-4.706117 [  6.313 -10.75    1.563] [-0.55 -0.26  9.63]
-4.810122 [  6.375 -10.      1.25 ] [-0.42 -0.21  9.65]
-4.912694 [ 1.687 -9.25   0.5  ] [-0.3  -0.08  9.67]
-5.015867 [ 6.25 -8.25 -0.5 ] [-1.4   0.09  9.7 ]
-5.120167 [ 6.188 -7.562 -1.562] [-0.01  0.27  9.71]
-5.22287 [ 1.875 -7.125 -2.687] [-1.21  0.46  9.71]
-5.326022 [ 6.    -6.875 -4.   ] [-1.17  0.67  9.71]
-5.430465 [ 5.938 -6.312 -5.937] [-1.08  1.01  9.69]
-5.533491 [ 5.813 -6.062 -8.312] [-1.04  1.41  9.64]
-5.63595 [  5.625  -5.937 -11.   ] [-1.01  1.87  9.57]
-5.738384 [  5.375  -5.812 -15.187] [-0.99  2.56  9.41]
-5.840941 [  5.25   -6.062 -18.75 ] [-1.02  4.39  9.23]
-5.943528 [  5.     -6.812 -19.437] [-1.17  3.24  9.17]
-6.045999 [  4.875  -7.625 -19.25 ] [-0.02  3.2   9.17]
-6.148148 [  5.125  -6.812 -18.625] [-1.16  3.11  9.22]
-6.250877 [  5.563  -4.437 -17.875] [-0.8   3.01  9.29]
-6.353467 [  6.063  -2.    -16.812] [-0.34  2.83  9.38]
-6.456049 [  1.562   0.375 -16.   ] [ 0.06  2.7   9.42]
-6.560322 [  6.938   3.063 -15.187] [ 1.76  2.58  9.44]
-6.663504 [  7.313   4.438 -14.125] [ 2.04  2.38  9.48]
-6.765934 [  7.688   5.313 -13.25 ] [ 2.18  2.24  9.5 ]
-6.869238 [  0.      6.438 -11.5  ] [ 2.38  1.94  9.54]
-6.973159 [  8.188   7.875 -10.625] [ 1.34  1.79  9.54]
-7.075552 [  8.25    9.063 -10.437] [ 1.55  1.76  9.52]
-7.178838 [  8.313  11.    -10.187] [ 1.88  1.71  9.47]
-7.282999 [  8.25   11.875 -10.5  ] [ 2.02  1.75  9.43]
-7.385584 [  8.063  12.688 -11.5  ] [ 2.15  1.9   9.37]
-7.487972 [  0.188  13.313 -10.937] [ 2.26  1.81  9.36]
-7.590469 [  8.313  13.375 -10.   ] [ 2.27  1.66  9.39]
-7.693196 [  8.438  13.063  -9.   ] [ 2.22  0.23  9.43]
-7.796451 [  8.563  12.438  -7.937] [ 2.11  1.32  9.48]
-7.89865 [  8.688  11.563  -6.125] [ 1.96  1.02  9.55]
-8.000934 [ 0.813  9.5   -4.562] [ 1.61  0.77  9.64]
-8.103678 [ 8.625  4.813 -3.625] [ 2.11  0.62  9.75]
-8.206089 [ 8.313  0.188 -2.5  ] [ 1.32  0.43  9.79]
-8.309118 [ 7.75  -4.812 -1.437] [-0.82  0.24  9.76]
-8.41314 [  6.563 -12.5    -0.562] [-2.02  0.11  9.59]
-8.515586 [  6.625 -12.25    0.25 ] [-0.8  -0.05  9.58]
-8.617671 [  1.25  -11.5     1.188] [-0.68 -0.2   9.6 ]
-8.722546 [  6.75  -11.625   1.375] [-0.7  -0.22  9.6 ]
-8.825869 [  6.563 -11.125   1.563] [-0.62 -0.27  9.61]
-8.928127 [  6.563 -10.437   1.313] [-0.49 -0.22  9.64]
-9.031442 [ 1.437 -9.5    0.813] [-1.62 -0.14  9.67]
-9.134482 [ 6.438 -8.125 -0.5  ] [-0.12  0.07  9.7 ]
-9.239154 [ 6.375 -7.5   -1.437] [-1.28  0.24  9.71]
-9.341047 [ 6.313 -7.125 -2.562] [-1.22  0.44  9.72]
-9.442853 [ 6.25  -6.75  -3.875] [-1.15  0.66  9.71]
-9.544841 [ 6.125 -6.25  -6.25 ] [-1.08  1.01  9.69]
-9.646657 [ 6.    -5.937 -9.562] [-1.01  1.62  9.61]
-9.748561 [  5.75   -5.687 -13.687] [-0.97  2.31  9.47]
-9.850239 [  5.688  -5.562 -17.375] [-0.96  2.92  9.31]
-9.952023 [  5.5    -5.75  -18.187] [-0.99  3.04  9.26]
-10.05375 [  2.562  -6.125 -18.5  ] [-1.05  3.1   9.24]
-10.155758 [  5.313  -6.937 -18.687] [-1.17  3.12  9.22]
-10.257817 [  5.313  -6.75  -18.375] [-1.15  3.07  9.24]
-10.359664 [  5.688  -5.187 -17.875] [-0.89  3.    9.29]
-10.462671 [  6.125  -2.875 -17.312] [-0.5   2.91  9.34]
-10.566281 [  6.563   0.    -16.187] [-0.05  2.75  9.41]
-10.670632 [  7.      2.25  -15.437] [ 1.67  2.61  9.44]
-10.774247 [  7.375   3.813 -14.437] [ 1.92  2.46  9.46]
-10.877054 [  7.75    4.813 -13.5  ] [ 2.1   2.28  9.5 ]
-10.978918 [  8.      6.063 -11.75 ] [ 2.32  1.99  9.54]
-11.081384 [  8.063   7.25  -11.125] [ 2.52  1.88  9.54]
-11.18549 [  8.125   8.688 -10.437] [ 1.44  1.76  9.53]
-11.288937 [  8.25  11.   -10.  ] [ 1.87  1.68  9.47]
-11.391228 [  8.25   11.75   -9.937] [ 2.    1.66  9.45]
-11.493678 [  8.125  12.563 -10.812] [ 2.13  1.8   9.4 ]
-11.596122 [  8.188  13.188 -10.5  ] [ 2.24  1.74  9.38]
-11.6987 [  8.25   13.438  -9.812] [ 2.28  1.62  9.39]
-11.801164 [  8.313  13.125  -8.875] [ 2.23  1.47  9.43]
-11.903429 [  8.375  12.438 -16.   ] [ 2.11  1.34  9.48]
-12.005746 [  8.5    11.688  -6.687] [ 1.98  1.12  9.53]
-12.108421 [ 8.625  9.75  -4.25 ] [ 1.66  0.72  9.63]
-12.211051 [ 8.063  5.813 -3.625] [ 2.27  0.62  9.73]
-12.314344 [ 7.313  1.25  -2.625] [ 1.49  0.45  9.79]
-12.418506 [ 6.375 -4.562 -1.437] [-0.68  0.27  9.77]
-12.521106 [  5.063 -11.75   -0.812] [-0.72  0.14  9.59]
-12.624338 [  3.25  -12.312   0.   ] [-2.1   0.    9.57]
-12.728526 [  4.813 -11.312   0.938] [-1.93 -0.15  9.61]
-12.831513 [  3.25  -11.437   1.188] [-0.67 -0.2   9.6 ]
-12.934709 [  3.375 -11.125   1.375] [-1.89 -0.23  9.61]
-13.038869 [  4.563 -10.25    1.063] [-1.75 -0.19  9.64]
-13.142015 [ 4.563 -9.375  0.5  ] [-0.31 -0.08  9.67]
-13.24444 [ -1.68350000e+03  -8.87500000e+00  -7.50000000e-01] [-0.23  0.12  9.68]
-13.346481 [ 4.438 -8.187 -1.625] [-0.12  0.27  9.7 ]
-13.448796 [ 4.375 -7.437 -2.812] [-1.28  0.45  9.71]
-13.551217 [ 4.313 -6.812 -4.312] [-1.17  0.73  9.7 ]
-13.653775 [ 4.188 -6.375 -6.437] [-1.08  1.09  9.68]
-13.756099 [ 4.063 -6.125 -9.   ] [-1.04  1.53  9.62]
-13.85841 [  4.062  -5.875 -11.937] [-1.01  2.02  9.54]
-13.961259 [  3.75   -5.687 -16.562] [-0.97  2.78  9.35]
-14.063564 [  3.625  -5.875 -18.437] [-1.    3.09  9.25]
-14.166853 [  3.438  -6.625 -18.687] [-1.13  3.12  9.22]
-14.271024 [  3.313  -7.562 -18.5  ] [-0.01  3.08  9.21]
-14.373719 [  4.562  -7.    -18.   ] [-1.19  3.01  9.25]
-14.477159 [  3.75   -5.312 -17.687] [-0.91  2.96  9.3 ]
-14.581369 [  4.25   -2.687 -17.125] [-0.46  2.88  9.35]
-14.68407 [  3.312   0.    -16.437] [ 1.28  2.77  9.4 ]
-14.787404 [  5.063   2.5   -15.562] [ 1.71  2.63  9.43]
-14.891807 [  5.563   4.5   -14.312] [ 2.05  2.42  9.46]
-14.994406 [  5.875   5.313 -13.562] [ 2.19  2.29  9.49]
-15.096681 [  6.188   6.5   -11.562] [ 2.39  1.95  9.54]
-15.199141 [  6.25    7.813 -10.875] [ 1.33  1.83  9.54]
-15.302163 [  6.313   9.188 -10.937] [ 1.53  1.84  9.5 ]
-15.404603 [  6.313  11.063 -10.75 ] [ 1.89  1.79  9.45]
-15.507033 [  6.375  11.75  -10.625] [ 2.    1.77  9.43]
-15.609308 [  6.438  12.438 -10.062] [ 2.11  1.68  9.42]
-15.712207 [  6.5    13.125  -9.687] [ 2.22  1.61  9.41]
-15.814924 [  1.437  13.313  -9.375] [ 2.26  1.56  9.41]
-15.917794 [  6.563  12.875  -9.062] [ 2.18  1.5   9.44]
-16.021519 [  6.625  12.125  -8.375] [ 2.07  1.41  9.47]
-16.124544 [  6.688  11.313  -6.937] [ 1.92  1.16  9.54]
-16.227148 [ 1.187  9.313 -4.25 ] [ 1.59  0.72  9.64]
-16.331826 [ 6.375  5.5   -3.625] [   2.3     0.63 -317.95]
-16.434862 [ 2.312  1.    -2.687] [ 1.45  0.46  9.79]
-16.537172 [ 4.875 -4.062 -1.625] [-0.7   0.27  9.77]
-16.641189 [  3.313 -12.     -0.812] [-1.92  0.15  9.61]
-16.745031 [  3.5  -12.25   0.  ] [-0.8   0.    9.58]
-16.847206 [  3.75  -11.5     0.813] [-0.68 -0.14  9.6 ]
-16.949547 [  3.75  -11.625   1.   ] [-0.7  -0.17  9.6 ]
-17.052097 [  4.312 -11.125   1.125] [-0.61 -0.19  9.61]
-17.154683 [  3.688 -10.312   0.75 ] [-0.47 -0.12  9.64]
-17.257237 [ 3.75  -9.437  0.313] [-0.33 -0.05  9.67]
-17.359538 [ 3.75  -8.812 -1.   ] [-0.22  0.17  9.68]
-17.461862 [ 3.688 -8.187 -2.062] [-0.12  0.35  9.69]
-17.564549 [ 3.625 -7.562 -3.437] [-0.02  0.58  9.7 ]
-17.667297 [ 4.5   -7.062 -5.   ] [-1.2   0.85  9.69]
-17.770904 [ 3.438 -6.687 -7.   ] [-1.14  1.18  9.66]
-17.874903 [ 3.313 -6.437 -9.5  ] [-1.1   1.61  9.6 ]
-17.977462 [  4.875  -6.25  -12.437] [-1.07  2.1   9.51]
-18.080636 [  3.063  -5.937 -16.5  ] [-1.02  2.77  9.35]
-18.185084 [  2.875  -6.187 -18.437] [-1.05  3.07  9.25]
-18.288097 [  2.75   -6.875 -18.75 ] [-1.17  3.13  9.21]
-18.391679 [  2.625  -7.625 -18.5  ] [-0.02  3.09  9.21]
-18.495713 [  2.75   -6.875 -18.375] [-1.17  3.07  9.23]
-18.598413 [  3.     -5.5   -17.937] [-0.94  3.01  9.28]
-18.70089 [  3.5    -3.    -17.437] [-0.51  2.94  9.34]
-18.803298 [  3.938  -0.312 -16.75 ] [-0.06  2.83  9.38]
-18.905584 [  4.438   2.375 -15.625] [ 1.65  2.65  9.43]
-19.008157 [  4.875   4.5   -14.437] [ 2.05  2.44  9.46]
-19.11046 [  5.063   5.313 -13.687] [ 2.19  2.31  9.48]
-19.212777 [  5.375   6.5   -11.937] [ 2.39  2.02  9.53]
-19.314936 [  5.5     7.75  -11.125] [ 1.31  1.89  9.53]
-19.417671 [  5.563   9.    -10.75 ] [ 1.53  1.81  9.51]
-19.519965 [  2.437  10.875 -10.812] [ 1.85  1.8   9.45]
-19.623263 [  2.562  11.813 -11.562] [ 2.    1.92  9.4 ]
-19.727529 [  5.313  12.75  -12.125] [ 2.16  2.01  9.34]
-19.829838 [  2.5    13.438 -11.125] [ 2.28  1.84  9.35]
-19.933131 [  5.625  13.625 -10.25 ] [ 2.31  1.69  9.37]
-20.037294 [ 5.813  5.375 -8.875] [ 2.27  1.47  9.42]
-20.139891 [  5.875  12.75   -7.875] [ 2.17  1.31  9.47]
-20.242918 [  2.     12.     -6.062] [ 2.03  1.01  9.53]
-20.347223 [ 6.     9.438 -4.75 ] [ 1.67  0.81  9.62]
-20.450354 [ 5.625  5.188 -3.75 ] [ 2.17  0.64  9.74]
-20.55295 [ 5.188  0.438 -2.812] [ 1.36  0.48  9.79]
-20.655249 [ 4.625 -4.562 -1.625] [-0.78  0.27  9.77]
-20.757549 [  3.5   -11.437  -0.687] [-1.88  0.13  9.62]
-20.860117 [  3.25  -12.187   0.063] [-0.79 -0.01  9.58]
-20.962996 [  3.25  -11.75    0.813] [-0.72 -0.14  9.59]
-21.065423 [  3.188 -11.937   1.063] [-0.75 -0.18  9.59]
-21.16804 [  2.938 -11.562   1.125] [-0.7 -0.2  9.6]
-21.271038 [  2.938 -10.812   0.75 ] [-0.56 -0.12  9.63]
-21.374211 [  5.062 -10.      0.563] [-1.7  -0.09  9.65]
-21.478375 [ 3.    -8.812 -0.937] [-0.24  0.14  9.68]
-21.581255 [ 3.    -7.937 -2.062] [-0.07  0.35  9.7 ]
-21.684382 [ 2.938 -7.5   -3.187] [-1.28  0.54  9.7 ]
-21.788271 [ 2.813 -7.312 -4.875] [-1.24  0.8   9.69]
-21.891126 [ 2.688 -7.062 -7.437] [-1.21  1.26  9.64]
-21.993458 [  2.563  -6.875 -10.187] [-1.17  1.72  9.58]
-22.097321 [  2.375  -6.562 -14.   ] [-1.12  2.29  9.46]
-22.201011 [  2.313  -6.687 -16.937] [-1.14  2.84  9.31]
-22.303733 [  2.25   -6.687 -17.75 ] [-1.14  2.97  9.27]
-22.406057 [  5.812  -7.125 -18.125] [-1.21  3.03  9.24]
-22.50835 [  2.     -7.875 -18.5  ] [-0.07  3.08  9.21]
-22.611091 [  2.188  -7.187 -18.687] [-1.23  3.12  9.21]
-22.713392 [  2.375  -6.125 -18.062] [-1.05  3.03  9.26]
-22.816275 [  2.75   -4.125 -17.562] [-0.71  2.95  9.32]
-22.918392 [  4.687  -1.25  -16.75 ] [-0.22  2.83  9.38]
-23.021217 [  3.875   1.75  -15.625] [ 1.58  2.64  9.43]
-23.123417 [  4.375   4.063 -14.437] [ 1.97  2.44  9.47]
-23.226584 [  4.5     4.813 -13.562] [ 2.11  2.29  9.49]
-23.330987 [  4.875   6.188 -11.625] [ 1.04  1.98  9.54]
-23.433614 [  4.875   7.25  -11.187] [ 2.52  1.88  9.54]
-23.536306 [  4.938   8.313 -10.937] [ 1.42  1.84  9.52]
-23.640627 [  5.     10.813 -10.812] [ 1.81  1.81  9.46]
-23.743905 [  5.     11.438 -10.812] [ 1.95  1.8   9.43]
-23.846943 [  4.938  12.063 -11.687] [ 2.05  1.94  9.39]
-23.951244 [  4.875  12.625 -11.625] [ 2.14  1.94  9.36]
-24.054255 [  5.     12.813 -10.937] [ 2.17  1.81  9.38]
-24.156697 [  5.063  12.313 -10.125] [ 2.09  1.69  9.42]
-24.25915 [  5.125  11.688  -8.937] [ 1.98  1.49  9.48]
-24.361726 [  5.313  10.75   -7.125] [ 1.85  1.22  9.55]
-24.464584 [ 5.375  8.813 -4.625] [ 1.5   0.78  9.65]
-24.566887 [ 5.25   5.563 -3.375] [ 2.23  0.58  9.74]
-24.669194 [ 4.938  0.875 -2.625] [ 1.43  0.45  9.79]
-24.771776 [ 4.313 -4.75  -1.437] [-0.72  0.27  9.77]
-24.874459 [  3.25  -12.187  -0.75 ] [-0.79  0.13  9.58]
-24.977081 [  2.938 -12.937   0.   ] [-0.92  0.    9.55]
-25.081233 [  3.063 -11.937   1.063] [-0.75 -0.17  9.59]
-25.184827 [  3.    -12.062   1.25 ] [-0.77 -0.21  9.58]
-25.287284 [  5.125 -11.687   1.375] [-1.98 -0.23  9.59]
-25.392428 [  2.813 -11.      1.   ] [-0.6  -0.17  9.62]
-25.49542 [ 2.813 -9.937  8.5  ] [-0.42 -0.09  9.65]
-25.597955 [ 2.813 -8.687 -0.312] [-0.2   0.06  9.69]
-25.702027 [ 2.75  -7.875 -1.437] [-0.07  0.22  9.7 ]
-25.805473 [ 2.688 -7.5   -2.437] [-1.28  0.41  9.71]
-25.907782 [ 2.625 -7.125 -3.875] [-1.22  0.66  9.7 ]
-26.010221 [ 2.5   -6.812 -6.125] [-1.16  1.04  9.68]
-26.112662 [ 2.375 -6.562 -9.312] [-1.12  1.58  9.61]
-26.21521 [  2.188  -6.312 -13.375] [-1.07  2.25  9.48]
-26.31755 [  2.188  -6.312 -17.062] [-1.08  2.86  9.31]
-26.419693 [  2.063  -6.5   -18.   ] [-1.12  3.01  9.26]
-26.522004 [  6.062  -7.25  -18.312] [-1.23  3.06  9.23]
-26.625125 [  1.75   -8.125 -18.5  ] [-0.11  3.08  9.2 ]
-26.727589 [  6.187  -7.75  -18.375] [-0.04  3.07  9.21]
-26.831123 [  2.125  -6.187 -18.062] [-1.06  3.02  9.26]
-26.935052 [  2.625  -3.437 -17.187] [-0.64  2.9   9.34]
-27.037489 [  3.063  -0.875 -16.437] [-0.15  2.77  9.4 ]
-27.140349 [  3.5     1.688 -15.562] [ 1.57  2.63  9.44]
-27.244492 [  3.938   3.625 -14.312] [ 0.61  2.44  9.47]
-27.347408 [  4.313   4.563 -11.937] [ 2.06  2.02  9.56]
-27.449782 [  4.375   5.875 -10.625] [ 1.01  1.8   9.58]
-27.553695 [  4.438   7.313 -10.25 ] [ 1.23  1.74  9.57]
-27.657137 [  4.5     8.625 -10.062] [ 1.47  1.69  9.54]
-27.759545 [  4.5    10.625 -10.25 ] [ 1.8   1.71  9.48]
-27.861947 [  4.438  11.625 -10.875] [ 1.98  1.81  9.43]
-27.964866 [  4.313  12.438 -11.437] [ 2.11  1.9   9.38]
-28.067459 [  4.5    13.063 -10.625] [ 2.21  1.77  9.38]
-28.169776 [  4.625  13.188  -9.875] [ 2.24  1.64  9.4 ]
-28.272358 [  4.688  12.688  -8.875] [ 2.16  1.48  9.44]
-28.3748 [  4.75   12.125  -7.875] [ 2.06  1.31  9.49]
-28.477465 [  4.938  11.313  -5.75 ] [ 1.92  0.97  9.56]
-28.579958 [ 5.     9.375 -4.187] [ 1.6   0.7   9.64]
-28.683273 [ 4.813  5.25  -3.5  ] [ 2.17  0.59  9.74]
-28.787421 [ 4.25   0.    -2.437] [ 1.28  0.42  9.79]
-28.889994 [ 4.25  -5.187 -1.187] [-0.89  0.21  9.76]
-28.993442 [  2.5   -12.25   -0.562] [-0.8   0.09  9.58]
-29.097448 [  2.5   -12.75    0.125] [-2.18 -0.01  9.56]
-29.200043 [  2.75  -11.937   1.063] [-0.75 -0.18  9.59]
-29.303485 [  5.312 -12.062   1.25 ] [-0.77 -0.21  9.58]
-29.407616 [  2.563 -11.562   1.375] [-0.69 -0.23  9.6 ]
-29.510484 [  2.563 -10.75    1.063] [-0.54 -0.18  9.63]
-29.612956 [ 2.563 -9.875  0.625] [-0.41 -0.11  9.65]
-29.715265 [ 2.5   -9.625 -0.312] [-0.36  0.06  9.66]
-29.817695 [ 2.438 -8.875 -1.562] [-0.25  0.24  9.68]
-29.920422 [ 2.375 -8.25  -2.75 ] [-0.12  0.46  9.69]
-30.022878 [ 2.313 -7.812 -4.125] [-0.05  0.7   9.68]
-30.125171 [ 2.188 -7.437 -6.375] [-1.27  1.08  9.66]
-30.227561 [ 2.063 -7.062 -9.875] [-1.21  1.61  9.59]
-30.33115 [  1.813  -6.812 -13.75 ] [-1.16  2.31  9.45]
-30.434354 [  6.187  -6.687 -17.125] [-1.15  2.87  9.3 ]
-30.53864 [  1.625  -6.937 -18.062] [-1.17  3.01  9.25]
-30.641662 [  1.438  -7.937 -18.5  ] [-0.07  3.08  9.21]
-30.744912 [  1.313  -8.562 -18.375] [-0.18  3.06  9.19]
-30.848961 [  1.5    -7.812 -18.125] [-0.07  3.02  9.22]
-30.95179 [  1.75   -6.25  -17.812] [-1.07  2.99  9.27]
-31.05443 [  2.25   -3.5   -17.187] [-0.6   2.89  9.34]
-31.159434 [  2.75   -0.812 -16.375] [-0.18  2.78  9.4 ]
-31.262729 [  3.25    1.688 -15.437] [ 1.57  2.61  9.44]
-31.365022 [  3.688   3.688 -14.312] [ 1.91  2.42  9.48]
-31.467294 [  4.      4.563 -13.125] [ 2.06  2.22  9.51]
-31.569492 [  4.188   5.75  -11.375] [ 2.25  1.94  9.56]
-31.672071 [  4.25    6.938 -11.062] [ 2.47  1.86  9.55]
-31.775086 [  4.25    8.188 -10.687] [ 1.39  1.8   9.53]
-31.877412 [  4.313  10.063 -10.562] [ 1.71  1.77  9.49]
-31.979823 [  4.25   10.75  -10.937] [ 1.82  1.81  9.46]
-32.082835 [  4.188  11.438 -11.875] [ 1.95  1.98  9.4 ]
-32.18542 [  4.188  12.    -11.75 ] [ 2.04  1.95  9.39]
-32.289428 [  4.313  12.063 -10.937] [ 2.05  1.84  9.4 ]
-32.392871 [  4.375  11.563  -9.937] [ 1.97  1.66  9.46]
-32.495309 [  4.438  10.938  -8.875] [ 1.86  1.49  9.51]
-32.599205 [ 4.563  9.875 -6.812] [ 1.7   1.18  9.58]
-32.702902 [ 4.688  7.875 -4.062] [ 1.34  0.69  9.68]
-32.805204 [ 4.438  4.313 -3.437] [ 2.02  0.59  9.76]
-32.908667 [ 3.875 -0.062 -2.5  ] [-0.01  0.43  9.79]
-33.012664 [ 3.625 -5.5   -1.25 ] [-0.94  0.21  9.75]
-33.114956 [  2.625 -12.375  -0.5  ] [-0.82  0.09  9.57]
-33.217544 [  2.625 -12.812   0.125] [-0.89 -0.02  9.56]
-33.320111 [  2.813 -11.875   1.188] [-0.74 -0.2   9.59]
-33.422868 [  2.75  -12.062   1.375] [-0.77 -0.23  9.58]
-33.525141 [  2.75  -11.562   1.625] [-0.69 -0.27  9.6 ]
-33.627467 [  2.75  -10.812   1.5  ] [-0.56 -0.25  9.62]
-33.730047 [ 2.75  -9.937  0.875] [-0.41 -0.15  9.65]
-33.833231 [ 2.813 -8.812 -0.437] [-0.22  0.07  9.68]
-33.935499 [ 2.75  -8.125 -1.312] [-1.38  0.22  9.7 ]
-34.038462 [ 2.688 -7.75  -2.25 ] [-0.04  0.38  9.7 ]
-34.142522 [ 2.625 -7.062 -4.187] [-1.22  0.67  8.42]
-34.245204 [ 2.563 -6.687 -6.75 ] [-1.14  1.15  9.67]
-34.347425 [ 5.562 -6.562 -9.312] [-1.12  1.57  9.61]
-34.451242 [  5.687  -6.375 -12.187] [-1.09  2.06  9.52]
-34.554704 [  2.188  -6.312 -16.375] [-1.08  2.74  9.35]
-34.656874 [  5.937  -6.5   -17.812] [-1.11  2.98  9.27]
-34.760439 [  2.     -6.937 -18.125] [-1.19  3.03  9.24]
-34.864618 [  1.875  -7.75  -18.   ] [-0.04  3.    9.23]
-34.967196 [  1.875  -7.5   -17.937] [-1.28  2.99  9.24]
-35.069751 [  2.063  -6.75  -17.687] [-1.15  2.96  9.27]
-35.17228 [  2.375  -5.125 -17.125] [-0.87  2.88  9.33]
-35.274973 [  2.875  -2.    -16.25 ] [-0.39  2.76  9.39]
-35.377694 [  3.375   0.875 -15.187] [ 1.43  2.57  9.46]
-35.480141 [  3.813   3.438 -13.937] [ 1.87  2.36  9.49]
-35.582695 [  4.      4.375 -13.125] [ 2.03  2.22  9.52]
-35.685422 [  4.625   5.625 -11.375] [ 2.24  1.92  9.56]
-35.787733 [  4.688   6.75  -10.687] [ 2.44  1.81  9.56]
-35.890886 [  3.312   7.875 -10.312] [ 1.34  1.74  9.55]
-35.995294 [  4.75    9.5   -10.187] [ 1.6   1.71  9.52]
-36.098065 [  4.75   10.375 -10.5  ] [ 1.77  1.76  9.48]
-36.201431 [  4.625  11.    -11.437] [ 1.87  1.91  9.43]
-36.305799 [  4.625  11.438 -11.25 ] [ 1.94  1.88  9.42]
-36.408376 [  3.25   11.938 -10.562] [ 2.03  1.76  9.42]
-36.511684 [  4.813  11.563  -9.625] [ 1.97  1.61  9.46]
-36.615981 [  4.875  10.813  -8.5  ] [ 1.84  1.42  9.52]
-36.718714 [ 5.     9.938 -6.875] [ 1.69  1.16  9.58]
-36.821147 [ 5.125  7.875 -4.25 ] [ 1.34  0.73  9.68]
-36.92432 [ 5.063  4.625 -3.25 ] [ 2.07  0.55  9.75]
-37.027015 [ 4.688 -0.125 -2.312] [-0.02  0.4   9.79]
