-0.075148 [ 0.  0.  0.] [ 0.  0.  0.]
-0.178311 [ 8.  0.  0.] [ 0.  0.  0.]
-0.281442 [ 8.  0.  0.] [ 0.  0.  0.]
-0.38425 [ 8.  0.  0.] [ 0.  0.  0.]
-0.486927 [ 0.  0.  0.] [ 1.28  0.    0.  ]
-0.589858 [ 0.  0.  0.] [ 0.  0.  0.]
-0.692637 [ 8.  0.  0.] [ 1.28  0.    0.  ]
-0.795987 [ 0.  0.  0.] [ 0.  0.  0.]
-0.898606 [ 8.  0.  0.] [ 0.  0.  0.]
-1.001412 [ 0.  0.  0.] [ 0.  0.  0.]
-1.104126 [ 0.  0.  0.] [ 0.  0.  0.]
-1.206541 [ 0.  0.  0.] [ 0.  0.  0.]
-1.3095 [ 8.  0.  0.] [ 0.  0.  0.]
-1.412308 [ 0.  0.  0.] [ 0.  0.  0.]
-1.514912 [ 0.  0.  0.] [ 0.  0.  0.]
-1.617499 [ 0.  0.  0.] [ 0.  0.  0.]
-1.720255 [ 8.  0.  0.] [ 0.  0.  0.]
-1.823057 [ 8.  0.  0.] [ 1.28  0.    0.  ]
-1.925918 [ 0.  0.  0.] [ 0.  0.  0.]
-2.028326 [ 0.  0.  0.] [ 0.  0.  0.]
-2.130821 [-8.    -0.062 -0.062] [ 0.  0.  0.]
-2.233436 [ 0.  0.  0.] [ 0.  0.  0.]
-2.335976 [ 0.  0.  0.] [ 0.  0.  0.]
-2.438582 [ 0.  0.  0.] [ 0.  0.  0.]
-2.541376 [ 0.  0.  0.] [ 1.28  0.    0.  ]
-2.644299 [ 0.  0.  0.] [ 0.  0.  0.]
-2.746964 [ 0.  0.  0.] [ 0.  0.  0.]
-2.849522 [ 8.  0.  0.] [ 0.  0.  0.]
-2.95241 [ 0.  0.  0.] [ 0.  0.  0.]
-3.054909 [ 0.  0.  0.] [ 0.  0.  0.]
-3.157742 [ 8.  0.  0.] [ 0.  0.  0.]
-3.26063 [ 0.  0.  0.] [ 1.28  0.    0.  ]
-3.363438 [ 0.  0.  0.] [ 0.  0.  0.]
-3.465998 [ 0.  0.  0.] [ 0.  0.  0.]
-3.568538 [ 0.  0.  0.] [ 0.  0.  0.]
-3.671358 [ 8.  0.  0.] [ 1.28  0.    0.  ]
-3.774202 [ 0.  0.  0.] [ 0.  0.  0.]
-3.876645 [ 0.  0.  0.] [ 0.  0.  0.]
-3.979152 [ 0.  0.  0.] [ 0.  0.  0.]
-4.081794 [ 0.  0.  0.] [ 0.  0.  0.]
-4.184269 [ 0.  0.  0.] [ 0.  0.  0.]
-4.28686 [ 8.  0.  0.] [ 0.  0.  0.]
-4.389505 [ 8.  0.  0.] [ 0.  0.  0.]
-4.492324 [ 0.  0.  0.] [ 0.  0.  0.]
-4.595488 [ 8.  0.  0.] [ 0.  0.  0.]
-4.698196 [ 0.  0.  0.] [ 1.28  0.    0.  ]
-4.800854 [ 0.  0.  0.] [ 0.  0.  0.]
-4.903221 [ 0.  0.  0.] [ 0.  0.  0.]
-5.005642 [ 0.  0.  0.] [ 1.28  0.    0.  ]
-5.107991 [ 8.  0.  0.] [ 1.28  0.    0.  ]
-5.210868 [ 0.  0.  0.] [ 0.  0.  0.]
-5.313079 [ 0.  0.  0.] [ 0.  0.  0.]
-5.415522 [ 0.  0.  0.] [ 0.  0.  0.]
-5.517722 [ 8.  0.  0.] [ 0.  0.  0.]
-5.620214 [ 8.  0.  0.] [ 0.  0.  0.]
-5.722704 [ 8.  0.  0.] [ 1.28  0.    0.  ]
-5.825348 [ 0.  0.  0.] [ 0.  0.  0.]
-5.92778 [ 0.  0.  0.] [ 1.28  0.    0.  ]
-6.030376 [ 0.  0.  0.] [ 0.  0.  0.]
-6.133736 [ 0.  0.  0.] [ 1.28  0.    0.  ]
-6.236601 [ 0.  0.  0.] [ 0.  0.  0.]
-6.339099 [ 0.  0.  0.] [ 0.  0.  0.]
-6.441747 [ 0.  0.  0.] [ 0.  0.  0.]
-6.544586 [ 0.  0.  0.] [ 1.28  0.    0.  ]
-6.64749 [ 0.  0.  0.] [ 0.  0.  0.]
-6.750229 [ 0.  0.  0.] [ 1.28  0.    0.  ]
-6.853415 [ 0.  0.  0.] [ 0.  0.  0.]
-6.956005 [ 0.  0.  0.] [ 0.  0.  0.]
-7.058513 [ 8.  0.  0.] [ 0.  0.  0.]
-7.161369 [ 0.  0.  0.] [ 1.28  0.    0.  ]
-7.264259 [ 0.  0.  0.] [ 0.  0.  0.]
-7.366904 [ 8.  0.  0.] [ 0.  0.  0.]
-7.469869 [ 0.  0.  0.] [ 0.  0.  0.]
-7.572761 [ 8.  0.  0.] [ 0.  0.  0.]
-7.675634 [ 8.  0.  0.] [ 1.28  0.    0.  ]
-7.778354 [ 0.  0.  0.] [ 0.  0.  0.]
-7.880626 [ 0.  0.  0.] [ 1.28  0.    0.  ]
-7.983244 [-8.    -0.062 -0.062] [ 0.  0.  0.]
-8.085128 [ 8.  0.  0.] [ 1.28  0.    0.  ]
-8.188002 [ 0.  0.  0.] [ 0.  0.  0.]
-8.29052 [ 0.  0.  0.] [ 0.  0.  0.]
-8.392829 [ 0.  0.  0.] [ 1.28  0.    0.  ]
-8.49515 [ 8.  0.  0.] [ 1.28  0.    0.  ]
-8.597774 [ 0.  0.  0.] [ 1.28  0.    0.  ]
-8.700427 [ 0.  0.  0.] [ 0.  0.  0.]
-8.802886 [ 0.  0.  0.] [ 0.  0.  0.]
-8.905164 [ 0.  0.  0.] [ 1.28  0.    0.  ]
-9.007998 [ 0.  0.  0.] [ 0.  0.  0.]
-9.112604 [ 0.  0.  0.] [ 0.  0.  0.]
-9.215079 [ 8.  0.  0.] [ 0.  0.  0.]
-9.317431 [ 0.  0.  0.] [ 0.  0.  0.]
-9.4197 [ 0.  0.  0.] [ 0.  0.  0.]
-9.522131 [ 0.  0.  0.] [ 0.  0.  0.]
-9.624483 [ 0.  0.  0.] [ 0.  0.  0.]
-9.72685 [ 0.  0.  0.] [ 0.  0.  0.]
-9.82911 [ 8.  0.  0.] [ 1.28  0.    0.  ]
-9.931896 [ 0.  0.  0.] [ 0.  0.  0.]
-10.034167 [ 0.  0.  0.] [ 1.28  0.    0.  ]
-10.136797 [ 0.  0.  0.] [ 0.  0.  0.]
-10.239309 [ 0.  0.  0.] [ 0.  0.  0.]
-10.341516 [ 0.  0.  0.] [ 1.28  0.    0.  ]
-10.443994 [ 0.  0.  0.] [ 1.28  0.    0.  ]
-10.546524 [ 0.  0.  0.] [ 1.28  0.    0.  ]
-10.651486 [ 0.  0.  0.] [ 0.  0.  0.]
-10.754184 [ 8.  0.  0.] [ 0.  0.  0.]
-10.856618 [ 0.  0.  0.] [ 0.  0.  0.]
-10.958938 [ 0.  0.  0.] [ 0.  0.  0.]
-11.061215 [ 0.  0.  0.] [ 0.  0.  0.]
-11.163792 [ 0.  0.  0.] [ 0.  0.  0.]
-11.266248 [ 8.  0.  0.] [ 0.  0.  0.]
-11.368734 [ 8.  0.  0.] [ 0.  0.  0.]
-11.4714 [ 0.  0.  0.] [ 1.28  0.    0.  ]
-11.574044 [ 8.  0.  0.] [ 1.28  0.    0.  ]
-11.676621 [ 0.  0.  0.] [ 1.28  0.    0.  ]
-11.779252 [ 0.  0.  0.] [ 0.  0.  0.]
-11.881557 [ 0.  0.  0.] [ 1.28  0.    0.  ]
-11.984198 [ 0.  0.  0.] [ 0.  0.  0.]
-12.08909 [ 0.  0.  0.] [ 0.  0.  0.]
-12.1917 [ 8.  0.  0.] [ 0.  0.  0.]
-12.294282 [ 8.  0.  0.] [ 1.28  0.    0.  ]
-12.397033 [ 0.  0.  0.] [ 0.  0.  0.]
-12.499519 [ 0.  0.  0.] [ 0.  0.  0.]
-12.601886 [ 0.  0.  0.] [ 0.  0.  0.]
-12.704214 [ 8.  0.  0.] [ 1.28  0.    0.  ]
-12.806817 [ 0.  0.  0.] [ 0.  0.  0.]
-12.909147 [ 8.  0.  0.] [ 1.28  0.    0.  ]
-13.011762 [ 0.  0.  0.] [ 0.  0.  0.]
-13.114227 [ 0.  0.  0.] [ 0.  0.  0.]
-13.216588 [ 8.  0.  0.] [ 1.28  0.    0.  ]
-13.319233 [ 8.  0.  0.] [ 0.  0.  0.]
-13.421887 [ 0.  0.  0.] [ 0.  0.  0.]
-13.524213 [ 0.  0.  0.] [ 0.  0.  0.]
-13.627273 [ 0.  0.  0.] [ 0.  0.  0.]
-13.730213 [ 0.  0.  0.] [ 0.  0.  0.]
-13.832829 [ 0.  0.  0.] [ 0.  0.  0.]
-13.935423 [ 0.  0.  0.] [ 0.  0.  0.]
-14.037953 [ 8.  0.  0.] [ 0.  0.  0.]
-14.140814 [ 8.  0.  0.] [ 1.28  0.    0.  ]
-14.243686 [ 0.  0.  0.] [ 0.  0.  0.]
-14.346104 [ 8.  0.  0.] [ 0.  0.  0.]
-14.448814 [ 8.  0.  0.] [ 0.  0.  0.]
-14.551989 [ 0.  0.  0.] [ 0.  0.  0.]
-14.654536 [ 0.  0.  0.] [ 0.  0.  0.]
-14.757086 [ 0.  0.  0.] [ 0.  0.  0.]
-14.859707 [ 8.  0.  0.] [ 0.  0.  0.]
-14.962558 [ 0.  0.  0.] [ 1.28  0.    0.  ]
-15.065157 [ 0.  0.  0.] [ 0.  0.  0.]
-15.168063 [ 0.  0.  0.] [ 0.  0.  0.]
-15.270845 [ 0.  0.  0.] [ 1.28  0.    0.  ]
-15.373664 [ 0.  0.  0.] [ 0.  0.  0.]
-15.476252 [ 0.  0.  0.] [ 0.  0.  0.]
-15.578736 [ 0.  0.  0.] [ 0.  0.  0.]
-15.681391 [ 0.  0.  0.] [ 0.  0.  0.]
-15.783967 [ 8.  0.  0.] [ 0.  0.  0.]
-15.886553 [ 8.  0.  0.] [ 1.28  0.    0.  ]
-15.989322 [ 0.  0.  0.] [ 0.  0.  0.]
-16.091992 [ 0.  0.  0.] [ 0.  0.  0.]
-16.194556 [ 8.  0.  0.] [ 0.  0.  0.]
-16.297388 [ 8.  0.  0.] [ 1.28  0.    0.  ]
-16.400575 [ 8.  0.  0.] [ 0.  0.  0.]
-16.503404 [ 0.  0.  0.] [ 1.28  0.    0.  ]
-16.606378 [ 0.  0.  0.] [ 0.  0.  0.]
-16.709199 [ 8.  0.  0.] [ 1.28  0.    0.  ]
-16.812271 [ 0.  0.  0.] [ 0.  0.  0.]
-16.914844 [ 8.  0.  0.] [ 0.  0.  0.]
-17.01751 [ 8.  0.  0.] [ 0.  0.  0.]
-17.12028 [ 0.  0.  0.] [ 0.  0.  0.]
-17.222941 [ 0.  0.  0.] [ 0.  0.  0.]
-17.325504 [ 0.  0.  0.] [ 0.  0.  0.]
-17.427991 [ 8.  0.  0.] [ 0.  0.  0.]
-17.530857 [ 8.  0.  0.] [ 1.28  0.    0.  ]
-17.633709 [ 0.  0.  0.] [ 0.  0.  0.]
-17.736308 [ 0.  0.  0.] [ 0.  0.  0.]
-17.838862 [ 0.  0.  0.] [ 0.  0.  0.]
-17.941497 [ 8.  0.  0.] [ 0.  0.  0.]
-18.044811 [ 0.  0.  0.] [ 0.  0.  0.]
-18.147832 [ 0.  0.  0.] [ 0.  0.  0.]
-18.250559 [ 0.  0.  0.] [ 0.  0.  0.]
-18.353449 [ 8.  0.  0.] [ 1.28  0.    0.  ]
-18.456843 [ 0.  0.  0.] [ 1.28  0.    0.  ]
-18.55952 [ 0.  0.  0.] [ 0.  0.  0.]
-18.66227 [ 0.  0.  0.] [ 0.  0.  0.]
-18.764889 [ 8.  0.  0.] [ 0.  0.  0.]
-18.867765 [ 0.  0.  0.] [ 1.28  0.    0.  ]
-18.971182 [ 8.  0.  0.] [ 1.28  0.    0.  ]
-19.074293 [ 8.  0.  0.] [ 0.  0.  0.]
-19.177203 [ 0.  0.  0.] [ 1.28  0.    0.  ]
-19.28002 [ 0.  0.  0.] [ 0.  0.  0.]
-19.382908 [ 8.  0.  0.] [ 0.  0.  0.]
-19.48601 [ 0.  0.  0.] [ 0.  0.  0.]
-19.588717 [ 8.  0.  0.] [ 1.28  0.    0.  ]
-19.691986 [ 0.  0.  0.] [ 0.  0.  0.]
-19.794727 [ 8.  0.  0.] [ 0.  0.  0.]
-19.897705 [ 0.  0.  0.] [ 0.  0.  0.]
-20.000323 [ 0.  0.  0.] [ 0.  0.  0.]
-20.103405 [ 0.  0.  0.] [ 0.  0.  0.]
-20.205929 [ 0.  0.  0.] [ 0.  0.  0.]
-20.308167 [ 8.  0.  0.] [ 0.  0.  0.]
-20.410633 [ 8.  0.  0.] [ 0.  0.  0.]
-20.513247 [ 0.  0.  0.] [ 1.28  0.    0.  ]
-20.615688 [ 0.  0.  0.] [ 1.28  0.    0.  ]
-20.718181 [ 0.  0.  0.] [ 1.28  0.    0.  ]
-20.82075 [ 0.  0.  0.] [ 0.  0.  0.]
-20.923054 [-8.    -0.062 -0.062] [ 1.28  0.    0.  ]
-21.025433 [ 0.  0.  0.] [ 1.28  0.    0.  ]
-21.130808 [ 0.  0.  0.] [ 1.28  0.    0.  ]
-21.233685 [ 0.  0.  0.] [ 0.  0.  0.]
-21.335889 [ 0.  0.  0.] [ 0.  0.  0.]
-21.43816 [ 8.  0.  0.] [ 1.28  0.    0.  ]
-21.540769 [ 0.  0.  0.] [ 0.  0.  0.]
-21.643032 [ 8.  0.  0.] [ 1.28  0.    0.  ]
-21.745626 [ 0.  0.  0.] [ 1.28  0.    0.  ]
-21.848319 [-8.    -0.062 -0.062] [ 0.  0.  0.]
-21.950611 [ 0.  0.  0.] [ 0.  0.  0.]
-22.05326 [ 0.  0.  0.] [ 0.  0.  0.]
-22.155721 [ 0.  0.  0.] [ 0.  0.  0.]
-22.258089 [ 0.  0.  0.] [ 0.  0.  0.]
-22.360412 [ 0.  0.  0.] [ 0.  0.  0.]
-22.462671 [ 0.  0.  0.] [ 1.28  0.    0.  ]
-22.56496 [ 8.  0.  0.] [ 1.28  0.    0.  ]
-22.669739 [ 0.  0.  0.] [ 0.  0.  0.]
-22.772307 [ 0.  0.  0.] [ 0.  0.  0.]
-22.874567 [ 0.  0.  0.] [ 0.  0.  0.]
-22.976665 [ 0.  0.  0.] [ 0.  0.  0.]
-23.078935 [ 0.  0.  0.] [ 0.  0.  0.]
-23.181448 [ 8.  0.  0.] [ 0.  0.  0.]
-23.28428 [ 0.  0.  0.] [ 1.28  0.    0.  ]
-23.386869 [ 0.  0.  0.] [ 0.  0.  0.]
-23.489116 [ 8.  0.  0.] [ 1.28  0.    0.  ]
-23.591781 [ 0.  0.  0.] [ 0.  0.  0.]
-23.694182 [ 0.  0.  0.] [ 1.28  0.    0.  ]
-23.796677 [ 0.  0.  0.] [ 0.  0.  0.]
-23.898919 [ 8.  0.  0.] [ 0.  0.  0.]
-24.001421 [ 8.  0.  0.] [ 1.28  0.    0.  ]
-24.106811 [ 8.  0.  0.] [ 1.28  0.    0.  ]
-24.209749 [ 8.  0.  0.] [ 0.  0.  0.]
-24.312505 [ 8.  0.  0.] [ 0.  0.  0.]
-24.414962 [ 8.  0.  0.] [ 0.  0.  0.]
-24.517456 [ 8.  0.  0.] [ 0.  0.  0.]
-24.619974 [ 0.  0.  0.] [ 0.  0.  0.]
-24.722506 [ 0.  0.  0.] [ 1.28  0.    0.  ]
-24.824918 [ 0.  0.  0.] [ 0.  0.  0.]
-24.927329 [ 8.  0.  0.] [ 0.  0.  0.]
-25.029807 [ 0.  0.  0.] [ 0.  0.  0.]
-25.132131 [ 0.  0.  0.] [ 0.  0.  0.]
-25.234509 [ 0.  0.  0.] [ 0.  0.  0.]
-25.336793 [ 0.  0.  0.] [ 0.  0.  0.]
-25.439213 [ 0.  0.  0.] [ 0.  0.  0.]
-25.541655 [ 0.  0.  0.] [ 0.  0.  0.]
-25.646343 [ 0.  0.  0.] [ 0.  0.  0.]
-25.748766 [ 0.  0.  0.] [ 0.  0.  0.]
-25.851164 [ 0.  0.  0.] [ 0.  0.  0.]
-25.953485 [ 0.  0.  0.] [ 0.  0.  0.]
-26.055707 [ 0.  0.  0.] [ 0.  0.  0.]
-26.15805 [ 0.  0.  0.] [ 0.  0.  0.]
-26.260424 [ 0.  0.  0.] [ 1.28  0.    0.  ]
-26.362877 [ 0.  0.  0.] [ 1.28  0.    0.  ]
-26.465543 [ 0.  0.  0.] [ 0.  0.  0.]
-26.567802 [ 0.  0.  0.] [ 1.28  0.    0.  ]
-26.670435 [ 0.  0.  0.] [ 0.  0.  0.]
-26.772835 [ 0.  0.  0.] [ 0.  0.  0.]
-26.874997 [ 8.  0.  0.] [ 0.  0.  0.]
-26.977399 [ 8.  0.  0.] [ 0.  0.  0.]
-27.079814 [ 8.  0.  0.] [ 0.  0.  0.]
-27.185131 [ 0.  0.  0.] [ 0.  0.  0.]
-27.287381 [ 0.  0.  0.] [ 0.  0.  0.]
-27.389782 [ 0.  0.  0.] [ 0.  0.  0.]
-27.492159 [ 8.  0.  0.] [ 0.  0.  0.]
-27.594513 [ 0.  0.  0.] [ 0.  0.  0.]
-27.696842 [ 0.  0.  0.] [ 0.  0.  0.]
-27.798953 [ 8.  0.  0.] [ 1.28  0.    0.  ]
-27.901555 [ 8.  0.  0.] [ 1.28  0.    0.  ]
-28.004409 [ 0.  0.  0.] [ 0.  0.  0.]
-28.106595 [ 0.  0.  0.] [ 1.28  0.    0.  ]
-28.209386 [ 0.  0.  0.] [ 0.  0.  0.]
-28.311742 [ 0.  0.  0.] [ 0.  0.  0.]
-28.414153 [ 0.  0.  0.] [ 0.  0.  0.]
-28.516309 [ 8.  0.  0.] [ 1.28  0.    0.  ]
-28.62163 [ 8.  0.  0.] [ 0.  0.  0.]
-28.724288 [ 0.  0.  0.] [ 1.28  0.    0.  ]
-28.827005 [ 0.  0.  0.] [ 0.  0.  0.]
-28.929271 [ 0.  0.  0.] [ 0.  0.  0.]
-29.031704 [ 0.  0.  0.] [ 1.28  0.    0.  ]
-29.134336 [ 0.  0.  0.] [ 0.  0.  0.]
-29.236843 [ 0.  0.  0.] [ 0.  0.  0.]
-29.339055 [ 0.  0.  0.] [ 1.28  0.    0.  ]
-29.441568 [ 0.  0.  0.] [ 1.28  0.    0.  ]
-29.544204 [ 0.  0.  0.] [ 0.  0.  0.]
-29.6464 [ 8.  0.  0.] [ 1.28  0.    0.  ]
-29.749097 [-8.    -0.062 -0.062] [ 0.  0.  0.]
-29.851199 [ 8.  0.  0.] [ 1.28  0.    0.  ]
-29.953938 [ 0.  0.  0.] [ 0.  0.  0.]
-30.056226 [ 0.  0.  0.] [ 1.28  0.    0.  ]
-30.161512 [ 8.  0.  0.] [ 1.28  0.    0.  ]
-30.264334 [ 0.  0.  0.] [ 0.  0.  0.]
-30.366624 [ 0.  0.  0.] [ 1.28  0.    0.  ]
-30.469323 [ 0.  0.  0.] [ 0.  0.  0.]
-30.577339 [ 0.  0.  0.] [ 1.28  0.    0.  ]
-30.680268 [ 0.  0.  0.] [ 0.  0.  0.]
-30.782812 [-8.    -0.062 -0.062] [ 0.  0.  0.]
-30.885222 [ 0.  0.  0.] [ 0.  0.  0.]
-30.987838 [ 8.  0.  0.] [ 0.  0.  0.]
-31.090565 [ 8.  0.  0.] [ 1.28  0.    0.  ]
-31.193512 [ 0.  0.  0.] [ 0.  0.  0.]
-31.295723 [ 0.  0.  0.] [ 0.  0.  0.]
-31.398364 [ 0.  0.  0.] [ 0.  0.  0.]
-31.500692 [ 0.  0.  0.] [ 0.  0.  0.]
-31.603153 [ 8.  0.  0.] [ 0.  0.  0.]
-31.70575 [-8.    -0.062 -0.062] [ 0.  0.  0.]
-31.807791 [ 0.  0.  0.] [ 0.  0.  0.]
-31.910052 [ 8.  0.  0.] [ 1.28  0.    0.  ]
-32.012843 [ 0.  0.  0.] [ 0.  0.  0.]
-32.114993 [ 0.  0.  0.] [ 1.28  0.    0.  ]
-32.217626 [ 0.  0.  0.] [ 0.  0.  0.]
-32.319854 [ 0.  0.  0.] [ 1.28  0.    0.  ]
-32.422503 [ 0.  0.  0.] [ 0.  0.  0.]
-32.524768 [ 0.  0.  0.] [ 1.28  0.    0.  ]
-32.627217 [ 0.  0.  0.] [ 1.28  0.    0.  ]
-32.729778 [ 0.  0.  0.] [ 1.28  0.    0.  ]
-32.832456 [ 0.  0.  0.] [ 0.  0.  0.]
-32.934601 [ 0.  0.  0.] [ 1.28  0.    0.  ]
-33.037263 [ 0.  0.  0.] [ 0.  0.  0.]
-33.140074 [ 0.  0.  0.] [ 0.  0.  0.]
-33.242539 [ 8.  0.  0.] [ 0.  0.  0.]
-33.344945 [ 8.  0.  0.] [ 0.  0.  0.]
-33.447497 [ 8.  0.  0.] [ 0.  0.  0.]
-33.55025 [ 8.  0.  0.] [ 1.28  0.    0.  ]
-33.653226 [ 0.  0.  0.] [ 0.  0.  0.]
-33.75563 [ 0.  0.  0.] [ 0.  0.  0.]
-33.85795 [ 0.  0.  0.] [ 0.  0.  0.]
-33.960286 [ 0.  0.  0.] [ 0.  0.  0.]
-34.062697 [ 0.  0.  0.] [ 0.  0.  0.]
-34.165113 [ 0.  0.  0.] [ 1.28  0.    0.  ]
-34.267619 [-8.    -0.062 -0.062] [ 0.  0.  0.]
-34.369729 [ 8.  0.  0.] [ 1.28  0.    0.  ]
-34.472536 [ 0.  0.  0.] [ 0.  0.  0.]
-34.57477 [ 0.  0.  0.] [ 1.28  0.    0.  ]
-34.677817 [ 8.  0.  0.] [ 0.  0.  0.]
-34.780408 [ 0.  0.  0.] [ 1.28  0.    0.  ]
-34.88302 [ 8.  0.  0.] [ 1.28  0.    0.  ]
-34.985648 [ 0.  0.  0.] [ 0.  0.  0.]
-35.087741 [ 0.  0.  0.] [ 0.  0.  0.]
-35.190233 [ 0.  0.  0.] [ 1.28  0.    0.  ]
-35.292772 [ 8.  0.  0.] [ 0.  0.  0.]
-35.395442 [ 8.  0.  0.] [ 0.  0.  0.]
-35.498069 [ 0.  0.  0.] [ 0.  0.  0.]
-35.600428 [ 0.  0.  0.] [ 0.  0.  0.]
-35.703045 [ 0.  0.  0.] [ 0.  0.  0.]
-35.805364 [ 0.  0.  0.] [ 0.  0.  0.]
-35.907581 [ 8.  0.  0.] [ 0.  0.  0.]
-36.01016 [ 8.  0.  0.] [ 1.28  0.    0.  ]
-36.114894 [ 0.  0.  0.] [ 0.  0.  0.]
-36.217447 [ 0.  0.  0.] [ 0.  0.  0.]
-36.320066 [ 0.  0.  0.] [ 0.  0.  0.]
-36.422858 [ 8.  0.  0.] [ 0.  0.  0.]
-36.525693 [ 0.  0.  0.] [ 0.  0.  0.]
-36.628191 [ 0.  0.  0.] [ 0.  0.  0.]
-36.730876 [ 0.  0.  0.] [ 0.  0.  0.]
-36.83339 [ 0.  0.  0.] [ 0.  0.  0.]
-36.935723 [ 0.  0.  0.] [ 0.  0.  0.]
