-0.075734 [ 7.75  -3.062 -7.875] [-0.46  1.35  9.7 ]
-0.179169 [ 7.375 -8.75  -7.062] [-0.21  1.19  9.61]
-0.281907 [  6.5   -10.687  -2.687] [-0.54  0.45  9.62]
-0.384526 [  6.125 -11.875   0.688] [-0.73 -0.12  9.59]
-0.487227 [  5.813 -12.125   1.75 ] [-2.06 -0.3   9.58]
-0.590393 [  2.187 -11.5     1.75 ] [-0.68 -0.3   9.6 ]
-0.693512 [  5.813 -10.937   1.563] [-0.58 -0.26  9.62]
-0.797843 [ 5.75  -9.375  0.938] [-1.63 -0.17  9.66]
-0.900834 [ 2.312 -8.125  0.625] [-0.11 -0.1   9.7 ]
-1.004417 [ 5.563 -7.375  0.125] [-1.26 -0.02  9.72]
-1.108725 [ 5.5   -7.    -0.625] [-1.2   0.11  9.73]
-1.211438 [ 5.438 -6.375 -1.625] [-1.09  0.27  9.74]
-1.315098 [ 5.375 -5.75  -3.5  ] [-0.98  0.6   9.73]
-1.419642 [ 5.25  -5.5   -6.375] [-0.94  1.08  9.7 ]
-1.522336 [ 5.188 -5.312 -8.75 ] [-0.91  1.48  9.65]
-1.625219 [  5.063  -5.25  -11.375] [-0.89  1.92  9.57]
-1.727947 [  4.875  -4.937 -15.312] [-0.84  2.58  9.42]
-1.830591 [  5.     -4.375 -20.562] [-0.75  3.44  9.15]
-1.933251 [  5.063  -3.812 -22.   ] [-0.65  3.67  9.06]
-2.035707 [  5.438  -2.25  -22.5  ] [-0.38  3.74  9.05]
-2.13814 [  6.063  -0.375 -22.625] [-0.07  3.78  9.04]
-2.241278 [  6.063   0.    -21.562] [ 1.28  3.6   9.12]
-2.344004 [  5.75    1.313 -18.   ] [ 1.5   3.03  9.32]
-2.448511 [  5.125   2.375 -14.5  ] [ 1.67  2.47  9.48]
-2.552192 [  5.25    3.313 -13.75 ] [ 1.84  2.32  9.5 ]
-2.655166 [  5.5     4.563 -12.875] [ 2.06  2.18  9.52]
-2.759783 [  5.75    6.375 -10.375] [ 1.07  1.78  9.58]
-2.862939 [ 5.875  7.625 -9.187] [ 1.31  1.56  9.59]
-2.966254 [ 1.937  9.625 -8.312] [ 1.64  1.39  9.56]
-3.070552 [  6.313  12.75   -7.5  ] [ 2.12  1.25  9.49]
-3.173578 [  6.188  15.25   -8.25 ] [ 3.86  1.36  9.35]
-3.275991 [  6.125  15.688  -8.375] [ 3.93  1.37  9.33]
-3.378581 [  6.125  15.813  -8.562] [ 3.95  1.41  9.32]
-3.481454 [  6.125  15.438  -8.625] [ 3.89  1.42  9.34]
-3.584162 [  6.25   14.5    -8.375] [ 2.46  1.38  9.39]
-3.686788 [  6.563  13.5    -6.562] [ 2.29  1.09  9.47]
-3.789351 [  6.5    12.563  -5.937] [ 2.13  0.99  9.51]
-3.892217 [ 6.188  9.063 -4.875] [ 1.54  0.83  9.64]
-3.994947 [ 5.563  4.5   -3.812] [ 2.05  0.65  9.75]
-4.098672 [ 5.    -0.375 -2.75 ] [-0.07  0.47  9.79]
-4.202668 [ 4.313 -6.437 -1.562] [-1.1   0.26  9.74]
-4.305286 [  3.5   -11.562  -0.812] [-0.68  0.14  9.6 ]
-4.40886 [  4.063 -10.687   0.125] [-0.54 -0.02  9.63]
-4.513017 [  4.063 -10.75    0.938] [-0.55 -0.16  9.63]
-4.615636 [  4.    -10.875   1.375] [-0.57 -0.23  9.62]
-4.718908 [  3.813 -10.437   1.75 ] [-0.5  -0.3   9.63]
-4.823332 [ 3.625 -9.625  1.438] [-0.36 -0.24  9.66]
-4.926055 [ 3.625 -8.875  0.75 ] [-0.23 -0.13  9.68]
-5.028768 [ 3.563 -8.562  0.   ] [-0.18 -0.01  9.69]
-5.131374 [ 3.5   -7.562 -0.437] [-0.01  0.08  9.72]
-5.234234 [ 3.438 -6.312 -1.312] [-1.08  0.22  9.74]
-5.336833 [ 3.438 -5.562 -2.   ] [-0.95  0.34  9.75]
-5.439573 [ 3.563 -5.    -3.812] [-0.86  0.65  9.74]
-5.542432 [ 3.5   -4.437 -6.375] [-0.76  1.04  9.71]
-5.645639 [ 3.438 -4.125 -8.5  ] [-0.71  1.45  9.67]
-5.748825 [  3.375  -4.    -10.625] [-0.68  1.8   9.61]
-5.853459 [  3.25   -3.562 -13.687] [-0.62  2.26  9.52]
-5.956633 [  3.063  -3.062 -18.625] [-0.52  3.13  9.27]
-6.06006 [  3.125  -2.812 -21.375] [-0.48  3.57  9.11]
-6.164356 [  3.188  -1.812 -22.437] [-0.31  3.74  9.05]
-6.267227 [  3.625   0.75  -22.562] [ 1.41  3.77  9.05]
-6.370676 [  4.875   1.313 -20.875] [ 1.51  3.49  9.15]
-6.475178 [  4.563   2.25  -17.812] [ 1.67  3.    9.32]
-6.57798 [  4.188   3.188 -14.687] [ 1.83  2.48  9.47]
-6.680568 [  4.438   4.188 -14.   ] [ 2.    2.36  9.48]
-6.783156 [  4.75    5.313 -13.312] [ 2.19  2.24  9.5 ]
-6.885843 [  5.125   7.    -11.062] [ 2.45  1.9   9.54]
-6.988753 [ 5.313  8.375 -9.875] [ 1.43  1.67  9.55]
-7.091199 [  5.5    10.063  -9.125] [ 1.71  1.53  9.53]
-7.193723 [  2.25   12.438  -8.562] [ 2.11  1.43  9.46]
-7.29649 [  5.875  14.875  -8.5  ] [ 2.52  1.4   9.37]
-7.399244 [  1.875  16.25   -7.75 ] [ 4.02  1.26  9.32]
-7.503249 [  1.937  16.5    -8.   ] [ 4.071  1.3    9.3  ]
-7.606966 [  6.188  16.063  -8.187] [ 4.    1.34  9.32]
-7.709693 [  6.438  15.125  -8.375] [ 3.84  1.38  9.36]
-7.81299 [  6.75   13.625  -8.   ] [ 2.31  1.33  9.43]
-7.917012 [  7.188  11.188  -7.437] [ 1.9   1.24  9.53]
-8.019884 [ 7.375  7.125 -6.375] [ 2.5   1.08  9.66]
-8.123463 [ 7.313  2.438 -4.5  ] [ 1.7   0.77  9.76]
-8.227615 [ 7.063 -1.687 -1.812] [-0.29  0.31  9.79]
-8.330348 [ 6.625 -5.562 -0.437] [-0.95  0.08  9.75]
-8.433089 [  6.125 -12.     -0.25 ] [-0.76  0.05  9.59]
-8.535815 [  6.813 -11.812   0.5  ] [-0.73 -0.09  9.59]
-8.638519 [  7.438 -11.187   1.375] [-0.62 -0.23  9.61]
-8.741277 [  7.375 -11.375   1.563] [-0.65 -0.26  9.6 ]
-8.843849 [  7.188 -11.      1.625] [-0.6  -0.27  9.62]
-8.946558 [  7.188 -10.25    1.438] [-0.48 -0.25  9.64]
-9.049863 [  7.125 -10.375   1.188] [-0.49 -0.2   9.64]
-9.153028 [ 1.062 -8.625  0.563] [-0.19 -0.1   9.69]
-9.257438 [ 6.813 -7.125  0.125] [-1.23 -0.02  9.72]
-9.360625 [ 1.187 -6.5   -0.312] [-1.11  0.05  9.74]
-9.464067 [ 6.625 -5.687 -1.187] [-0.98  0.2   9.75]
-9.56865 [ 6.5   -5.5   -2.812] [-0.94  0.48  9.74]
-9.671247 [ 6.438 -5.062 -5.062] [-0.86  0.86  9.73]
-9.774809 [ 1.687 -4.812 -7.437] [-0.82  1.26  9.68]
-9.879127 [ 6.25  -4.375 -9.562] [-0.75  1.62  9.64]
-9.981986 [  6.188  -4.125 -11.187] [-0.71  1.9   9.59]
-10.084442 [  6.125  -4.    -13.437] [-0.68  2.27  9.51]
-10.187013 [  5.938  -3.625 -17.187] [-0.62  2.89  9.34]
-10.289877 [  6.188  -3.625 -20.937] [-0.62  3.5   9.13]
-10.392512 [  7.     -1.375 -21.125] [-0.24  4.82  9.14]
-10.495185 [  7.813   1.313 -20.562] [ 1.51  3.44  9.17]
-10.597963 [  8.25    2.188 -18.125] [ 1.64  3.09  9.29]
-10.701066 [  8.5     3.063 -14.812] [ 1.8   2.5   9.46]
-10.803536 [  8.813   4.    -13.375] [ 1.96  2.26  9.51]
-10.90781 [  9.188   5.063 -12.687] [ 2.13  2.16  9.52]
-11.011259 [  9.563   6.25  -11.437] [ 2.35  1.94  9.55]
-11.113979 [  1.688   7.563 -10.187] [ 1.29  1.72  9.56]
-11.218718 [ 9.75   9.063 -9.437] [ 1.52  1.6   9.55]
-11.322154 [  9.875  11.438  -8.75 ] [ 1.94  1.46  9.49]
-11.424884 [  9.875  13.     -8.062] [ 2.2   1.34  9.46]
-11.529472 [  9.75   15.063  -7.437] [ 2.53  1.25  9.39]
-11.633188 [  9.688  15.688  -7.625] [ 3.93  1.25  9.35]
-11.735918 [  9.625  15.5    -7.812] [ 3.9   1.28  9.36]
-11.838515 [  9.625  14.625  -8.062] [ 2.48  1.33  9.39]
-11.941397 [  9.75  13.    -7.75] [ 2.24  1.3   9.45]
-12.044086 [  9.813  11.125  -7.312] [ 1.89  1.22  9.54]
-12.146841 [ 9.75   7.563 -6.375] [ 1.29  1.08  9.66]
-12.249549 [ 9.625  2.625 -4.   ] [ 1.8   0.73  9.76]
-12.353018 [ 9.375 -0.875 -1.5  ] [-0.15  0.26  9.8 ]
-12.455662 [ 9.063 -3.937 -0.437] [-0.68  0.08  9.78]
-12.560017 [ 8.688 -9.187 -0.062] [-0.19  0.02  9.69]
-12.663582 [  8.688 -11.5     0.438] [-0.67 -0.08  9.6 ]
-12.766217 [  9.25  -11.25    1.313] [-1.92 -0.22  9.61]
-12.871653 [  9.188 -11.437   1.563] [-0.67 -0.26  9.6 ]
-12.975213 [  9.063 -11.      1.75 ] [-0.59 -0.29  9.62]
-13.078521 [  9.063 -10.312   1.688] [-0.48 -0.29  9.64]
-13.183104 [ 9.063 -9.312  0.875] [-0.31 -0.15  9.67]
-13.28625 [ 9.063 -8.437  0.313] [-0.16 -0.05  9.7 ]
-13.389263 [ 8.938 -7.812 -0.187] [-0.06  0.03  9.71]
-13.492576 [ 8.813 -6.812 -1.062] [-1.17  0.17  9.73]
-13.595716 [ 8.75  -6.5   -1.625] [-1.11  0.28  9.73]
-13.699373 [ 8.688 -6.062 -3.25 ] [-1.04  0.55  9.73]
-13.801022 [ 8.563 -5.812 -5.812] [  -1.      0.99 -317.98]
-13.902532 [ 8.438 -5.687 -8.5  ] [-0.97  1.4   9.65]
-14.004242 [  8.313  -5.687 -10.5  ] [-0.97  1.78  9.59]
-14.105639 [  8.313  -5.5   -12.437] [-0.94  2.11  9.52]
-14.207887 [  0.188  -5.125 -15.125] [-0.87  2.54  9.42]
-14.311327 [  8.063  -4.687 -19.187] [-0.81  3.16  9.24]
-14.413876 [  8.5    -4.062 -19.625] [-0.69  3.28  9.21]
-14.515999 [  8.625  -3.25  -18.937] [-0.56  3.18  9.25]
-14.619169 [  8.938  -2.    -17.75 ] [-0.35  2.99  9.33]
-14.723586 [  9.438   0.938 -15.937] [ 0.11  2.72  9.41]
-14.826451 [  9.75    3.125 -14.25 ] [ 1.82  2.41  9.48]
-14.929886 [  9.938   3.875 -13.5  ] [ 1.95  2.28  9.51]
-15.034331 [ 10.25    4.938 -12.625] [ 2.11  2.15  9.53]
-15.137208 [ 10.5     6.25  -10.875] [ 2.35  1.84  9.57]
-15.2399 [ 10.688   7.75   -9.687] [ 1.32  1.63  9.57]
-15.342519 [ 10.875   9.688  -9.437] [ 1.65  1.59  9.53]
-15.445672 [ 11.125  12.938  -8.875] [ 2.2   1.48  9.44]
-15.548375 [ 11.438  14.75   -7.125] [ 2.49  1.17  9.4 ]
-15.651143 [ 11.313  15.438  -7.437] [ 3.89  1.23  9.37]
-15.754393 [ 11.25   15.688  -7.812] [ 3.93  1.27  9.35]
-15.858435 [ 11.25   15.188  -8.062] [ 3.85  1.32  9.36]
-15.962102 [ 11.375  14.313  -8.25 ] [ 2.42  1.36  9.4 ]
-16.066307 [ 11.688  12.625  -7.812] [ 2.14  1.3   9.47]
-16.168901 [  3.75   10.625  -7.562] [ 1.81  1.27  9.55]
-16.272812 [ 11.625   6.625  -5.875] [ 1.13  1.    9.68]
-16.376824 [ 11.5     2.688  -2.937] [ 1.74  0.5   9.78]
-16.479657 [ 3.313  0.375 -1.437] [ 1.34  0.25  9.8 ]
-16.58351 [ 3.25 -2.75 -0.75] [-0.47  0.13  9.79]
-16.687413 [ 10.625  -9.812  -0.125] [-0.39  0.02  9.66]
-16.790272 [ 10.563 -11.312   0.5  ] [-0.64 -0.09  9.61]
-16.892987 [ 10.688 -11.25    1.25 ] [-0.64 -0.22  9.61]
-16.995892 [ 10.563 -11.437   1.625] [-0.67 -0.27  9.6 ]
-17.098587 [ 10.438 -11.062   1.813] [-0.61 -0.3   9.61]
-17.201165 [ 10.375 -10.312   1.75 ] [-0.48 -0.29  9.64]
-17.303479 [ 10.375  -9.312   1.063] [-0.31 -0.18  9.67]
-17.406057 [ 10.375  -8.562   0.75 ] [-0.19 -0.13  9.69]
-17.50909 [ 10.188  -7.625   0.25 ] [-0.02 -0.04  9.71]
-17.611958 [ 10.063  -6.75   -0.062] [-1.15  0.01  9.73]
-17.716389 [ 10.     -6.25   -0.875] [-1.08  0.13  9.74]
-17.819552 [ 9.938 -6.    -2.437] [-1.03  0.42  9.74]
-17.921974 [ 9.813 -5.625 -4.75 ] [-0.96  0.81  9.72]
-18.02629 [ 9.625 -5.5   -7.75 ] [-0.94  1.26  9.67]
-18.129857 [  9.563  -5.437 -10.062] [-0.93  1.71  9.6 ]
-18.232868 [  9.5    -5.625 -11.625] [-0.96  1.97  9.55]
-18.337361 [  9.375  -5.687 -13.437] [-0.97  2.24  9.49]
-18.440888 [  9.25   -5.312 -15.625] [-0.91  2.63  9.4 ]
-18.543518 [  9.375  -4.687 -19.125] [-0.81  3.21  9.23]
-18.64607 [ 10.125  -3.187 -19.5  ] [-0.55  3.27  9.22]
-18.748861 [ 10.813  -0.312 -18.125] [-0.1   4.36  9.3 ]
-18.851982 [ 11.188   2.125 -16.125] [ 1.65  2.73  9.41]
-18.95455 [ 11.313   2.75  -14.25 ] [ 1.75  2.41  9.49]
-19.057983 [ 11.625   3.813 -13.5  ] [ 0.63  2.3   9.51]
-19.161289 [ 11.938   4.875 -12.125] [ 2.11  2.05  9.55]
-19.264157 [ 12.063   6.375 -10.125] [ 2.37  1.71  9.59]
-19.368432 [ 12.125   8.063  -9.625] [ 1.35  1.63  9.57]
-19.471748 [ 12.188   9.938  -9.437] [ 1.69  1.59  9.52]
-19.574624 [ 12.375  11.563  -8.562] [ 1.96  1.44  9.49]
-19.679169 [ 12.125  13.563  -8.687] [ 2.26  1.46  9.42]
-19.782218 [ 12.125  14.938  -8.375] [ 2.53  1.38  9.37]
-19.885498 [ 12.188  15.25   -8.5  ] [ 3.86  1.39  9.35]
-19.989968 [ 12.188  15.063  -8.437] [ 2.56  1.39  9.36]
-20.093242 [ 12.25   14.313  -8.375] [ 2.43  1.38  9.39]
-20.195547 [ 12.25   13.125  -7.875] [ 2.23  1.31  9.45]
-20.298279 [ 12.063  11.25   -7.312] [ 1.92  1.22  9.53]
-20.401131 [ 11.5     7.063  -6.25 ] [ 1.28  1.07  9.66]
-20.503762 [ 10.938   2.563  -4.187] [ 1.71  0.72  9.77]
-20.606474 [ 10.688  -0.875  -1.687] [-0.15  0.29  9.8 ]
-20.70933 [ 2.375 -3.75   0.   ] [-0.64  0.    9.78]
-20.811927 [ 10.125  -8.687   0.188] [-0.2  -0.03  9.69]
-20.914351 [  2.    -11.812   0.688] [-0.73 -0.12  9.59]
-21.018088 [ 10.438 -11.25    1.5  ] [-0.64 -0.26  9.61]
-21.122359 [ 10.375 -11.5     1.75 ] [-0.68 -0.29  9.6 ]
-21.224976 [ 10.25  -11.187   1.813] [-0.63 -0.31  9.61]
-21.328556 [  2.188 -10.562   1.813] [-1.8  -0.3   9.63]
-21.432423 [ 10.125  -8.937   1.25 ] [-0.24 -0.21  9.68]
-21.53487 [ 10.063  -7.687   0.938] [-0.03 -0.16  9.71]
-21.638423 [ 10.     -7.75    0.313] [-0.04 -0.05  9.71]
-21.74304 [ 9.938 -7.312 -0.5  ] [-1.25  0.08  9.72]
-21.845661 [ 9.875 -6.812 -1.5  ] [-1.16  0.26  9.73]
-21.948203 [ 9.813 -6.562 -3.375] [-1.12  0.58  9.72]
-22.050804 [ 9.625 -6.312 -6.062] [-1.08  1.03  9.69]
-22.153662 [ 9.5   -6.125 -9.625] [-1.04  1.63  9.61]
-22.256229 [  9.375  -5.937 -12.625] [-1.02  2.13  9.51]
-22.358829 [  9.375  -5.875 -16.25 ] [-1.    2.73  9.36]
-22.461708 [  9.438  -5.812 -18.625] [-0.99  3.11  9.24]
-22.564861 [  9.375  -6.    -18.5  ] [-1.03  3.1   9.24]
-22.667442 [  9.375  -6.25  -17.937] [-1.07  3.    9.27]
-22.771455 [  9.625  -4.937 -17.25 ] [-0.87  2.91  9.32]
-22.875467 [ 10.063  -2.687 -16.312] [-0.46  2.75  9.39]
-22.97804 [ 10.5     0.063 -15.375] [ 1.29  2.6   9.45]
-23.0825 [ 10.938   2.813 -14.562] [ 1.71  2.47  9.47]
-23.185733 [ 11.188   3.813 -13.75 ] [ 1.93  2.32  9.5 ]
-23.288239 [ 11.375   4.75  -13.   ] [ 2.09  2.2   9.52]
-23.392559 [ 11.563   6.375 -10.75 ] [ 2.33  1.85  9.57]
-23.497994 [ 11.75    7.938  -9.75 ] [ 1.35  1.64  9.57]
-23.600715 [ 11.813   9.625  -8.875] [ 1.64  1.49  9.55]
-23.703565 [ 11.875  12.188  -7.875] [ 2.03  1.32  9.5 ]
-23.80687 [ 11.438  14.688  -7.75 ] [ 2.48  1.28  9.39]
-23.909737 [ 11.25   16.     -7.375] [ 3.99  1.21  9.34]
-24.012423 [ 11.125  16.063  -7.5  ] [ 3.99  1.23  9.34]
-24.115212 [ 10.813  15.875  -7.75 ] [ 3.96  1.27  9.34]
-24.218028 [  2.438  14.875  -8.125] [ 2.52  1.34  9.37]
-24.32151 [ 10.438  13.625  -7.812] [ 2.31  1.29  9.44]
-24.425685 [ 10.5    11.813  -7.187] [ 2.01  1.2   9.52]
-24.528379 [ 10.375   8.125  -6.187] [ 1.39  1.04  9.65]
-24.631825 [ 10.063   3.5    -4.875] [ 1.88  0.83  9.75]
-24.735973 [ 9.75  -0.812 -2.187] [-0.14  0.37  9.79]
-24.8387 [ 1.375 -4.375 -0.687] [-0.75  0.12  9.77]
-24.942246 [ 8.875 -9.437 -0.25 ] [-0.33  0.04  9.67]
-25.048897 [  8.625 -12.      0.563] [-0.76 -0.09  9.58]
-25.151746 [  9.125 -11.125   1.438] [-0.61 -0.24  9.61]
-25.254342 [  9.125 -11.25    1.688] [-0.63 -0.28  9.61]
-25.357068 [  9.    -11.      1.875] [-0.59 -0.32  9.61]
-25.459784 [  9.063 -10.437   1.688] [-0.5  -0.28  9.63]
-25.562619 [  9.    -10.5     1.438] [-0.51 -0.24  9.63]
-25.665106 [ 8.938 -8.937  1.125] [-0.27 -0.19  9.68]
-25.768404 [ 8.75  -7.687  0.563] [-0.03 -0.1   9.71]
-25.87113 [ 8.563 -6.437  0.063] [-1.1  -0.01  9.74]
-25.975432 [ 8.375 -5.375 -0.937] [-0.93  0.14  9.76]
-26.078853 [ 8.313 -4.812 -2.75 ] [-0.82  0.46  9.76]
-26.181165 [ 8.25  -4.375 -4.875] [-0.75  0.83  9.74]
-26.285185 [ 8.188 -4.25  -7.25 ] [-0.73  1.2   9.7 ]
-26.388626 [ 8.063 -4.187 -9.562] [-0.72  1.63  9.64]
-26.491341 [  0.125  -3.437 -11.75 ] [-0.59  2.    9.58]
-26.595221 [  0.063  -3.125 -14.   ] [-0.54  2.37  9.49]
-26.699195 [  8.     -2.812 -17.875] [-0.48  3.01  9.32]
-26.801688 [  8.313  -2.375 -20.   ] [-0.41  3.35  9.2 ]
-26.904092 [  8.375  -2.125 -19.687] [-0.36  3.3   9.22]
-27.006549 [  8.688  -0.812 -18.812] [-0.14  3.16  9.28]
-27.109258 [  9.188   1.938 -17.   ] [ 1.62  2.87  9.37]
-27.2117 [  9.563   2.813 -14.437] [ 1.76  2.44  9.48]
-27.314119 [  9.813   3.688 -13.562] [ 1.91  2.29  9.51]
-27.416625 [ 10.125   4.75  -12.812] [ 2.09  2.17  9.52]
-27.519469 [ 10.375   6.125 -11.   ] [ 2.33  1.86  9.57]
-27.621911 [ 10.563   7.813  -9.937] [ 1.33  1.68  9.56]
-27.725669 [ 10.625   9.438  -9.5  ] [ 1.6   1.59  9.54]
-27.829656 [ 10.625  11.313  -9.312] [ 1.92  1.56  9.48]
-27.932243 [ 10.5    13.188  -9.625] [ 2.24  1.59  9.41]
-28.035966 [ 10.625  14.75   -8.562] [ 2.5   1.41  9.37]
-28.140113 [ 10.688  16.063  -7.687] [ 3.99  1.26  9.33]
-28.242563 [  2.625  16.125  -7.812] [ 4.01  1.28  9.33]
-28.346437 [ 10.813  15.25   -8.   ] [ 2.58  1.32  9.36]
-28.450838 [ 11.125  13.625  -7.687] [ 2.31  1.27  9.44]
-28.553329 [ 11.375  11.938  -7.25 ] [ 2.02  1.21  9.51]
-28.655777 [ 11.625   8.438  -6.187] [ 1.44  1.04  9.64]
-28.758303 [ 11.75    3.688  -4.937] [ 1.91  0.85  9.74]
-28.861084 [ 11.438  -1.5    -3.375] [-0.26  0.58  9.78]
-28.963807 [ 10.875  -6.125  -1.375] [-1.05  0.23  9.74]
-29.066223 [ 10.063 -11.75    0.125] [-0.72 -0.02  9.59]
-29.16885 [ 10.125 -12.875   0.75 ] [-0.91 -0.1   9.55]
-29.27212 [ 11.   -11.25   1.5 ] [-0.64 -0.26  9.61]
-29.374422 [ 10.938 -11.25    1.688] [-0.63 -0.29  9.61]
-29.478858 [ 10.938 -10.937   1.688] [-0.59 -0.28  9.62]
-29.582491 [ 11.    -10.375   1.438] [-0.48 -0.24  9.64]
-29.685163 [ 3.    -9.437  0.813] [-1.61 -0.14  9.67]
-29.789497 [ 10.938  -8.437   0.063] [-0.17 -0.02  9.69]
-29.892938 [ 10.875  -7.937  -0.437] [-0.07  0.07  8.43]
-29.995748 [ 10.688  -6.875  -1.187] [-1.18  0.21  9.73]
-30.100325 [ 10.625  -6.687  -2.187] [-1.15  0.35  8.45]
-30.203526 [ 10.375  -6.25   -4.062] [-1.07  0.69  9.72]
-30.305804 [ 10.25   -6.125  -6.312] [-1.05  1.08  9.68]
-30.408695 [ 10.125  -6.062  -8.812] [-1.04  1.5   9.63]
-30.511564 [ 10.063  -5.937 -11.625] [-1.02  1.92  9.56]
-30.614302 [  9.938  -5.75  -14.125] [-0.98  2.38  9.46]
-30.716761 [  9.688  -5.937 -17.125] [-1.02  2.87  9.31]
-30.81917 [  9.563  -5.937 -18.   ] [-1.02  3.02  9.27]
-30.922291 [  9.813  -5.062 -18.   ] [-0.87  3.02  9.28]
-31.024905 [ 10.375  -3.812 -17.625] [-0.65  2.96  9.32]
-31.128344 [  3.75   -1.687 -16.812] [-0.29  2.84  9.38]
-31.232783 [ 13.625   0.75  -15.937] [ 1.41  2.7   9.42]
-31.336249 [ 15.063   1.938 -14.875] [ 1.61  2.52  9.47]
-31.440393 [ 15.625   2.938 -13.687] [ 1.77  2.32  9.51]
-31.543991 [  7.938   4.5   -11.437] [ 2.05  1.94  9.58]
-31.646694 [  8.063   6.125 -10.25 ] [ 2.32  1.74  9.59]
-31.750702 [ 8.125  7.313 -9.625] [ 2.51  1.64  9.58]
-31.854391 [ 8.188  9.    -9.375] [ 1.54  1.58  9.55]
-31.957089 [  8.188  10.625  -9.75 ] [ 1.8   1.63  9.49]
-32.060463 [  8.25   11.688 -10.437] [ 1.98  1.74  9.44]
-32.163211 [  8.313  12.938 -10.75 ] [ 2.19  1.81  9.38]
-32.265949 [  8.5    13.625  -9.562] [ 2.31  1.58  9.39]
-32.368645 [  8.563  13.813  -8.562] [ 2.35  1.42  9.41]
-32.471188 [  8.688  13.688  -7.562] [ 2.32  1.25  9.44]
-32.574675 [  8.813  13.063  -6.375] [ 2.22  1.06  9.49]
-32.677404 [  9.     12.375  -4.437] [ 2.1   0.74  9.54]
-32.781424 [  8.688  10.563  -3.875] [ 1.8   0.65  9.61]
-32.885147 [ 15.313   6.     -3.062] [ 2.31  0.52  9.73]
-32.987463 [ 14.5     1.5    -2.062] [ 1.54  0.35  9.79]
-33.090854 [ 6.    -2.875 -0.937] [-0.49  0.16  9.79]
-33.194901 [ 13.313  -7.812   0.063] [-0.05 -0.01  9.71]
-33.297376 [ 12.75  -11.687   1.   ] [-0.71 -0.17  9.59]
-33.40079 [ 13.188 -11.187   1.563] [-0.63 -0.26  9.61]
-33.505222 [ 13.125 -11.437   1.75 ] [-0.67 -0.29  9.6 ]
-33.608101 [ 13.125 -11.25    1.813] [-0.63 -0.3   9.61]
-33.710653 [ 13.25  -10.687   1.438] [-0.54 -0.24  9.63]
-33.813123 [ 13.438 -10.      1.   ] [-0.42 -0.17  9.65]
-33.915698 [ 13.938  -9.     -0.187] [-0.26  0.02  9.68]
-34.01836 [ 13.688  -8.437  -0.5  ] [-0.16  0.09  9.69]
-34.121021 [ 13.563  -7.687  -1.25 ] [-0.04  0.21  9.71]
-34.223753 [ 13.375  -6.875  -2.562] [-1.17  0.44  9.72]
-34.326627 [ 13.25   -6.437  -4.562] [-1.1   0.77  9.71]
-34.429204 [ 13.125  -6.187  -7.   ] [-1.06  1.19  9.67]
-34.532935 [ 5.    -6.062 -9.562] [-1.04  1.62  9.61]
-34.636988 [ 12.938  -5.937 -12.312] [-1.01  2.09  8.24]
-34.739536 [ 12.813  -6.    -15.312] [-1.03  2.58  9.4 ]
-34.843258 [ 12.688  -5.875 -17.062] [-1.01  2.86  9.32]
-34.947125 [ 12.688  -5.75  -17.312] [-0.98  2.9   9.31]
-35.049831 [ 12.75   -5.187 -18.   ] [-0.89  3.02  9.28]
-35.153834 [  4.938  -4.687 -17.937] [-0.81  3.01  9.29]
-35.258012 [ 13.875  -3.25  -17.437] [-0.56  2.93  9.33]
-35.360596 [ 15.625  -0.5   -16.5  ] [-0.09  2.79  9.4 ]
-35.463189 [  9.688   2.063 -15.625] [ 1.64  2.64  9.43]
-35.565487 [ 10.375   2.875 -14.437] [ 1.77  2.44  9.48]
-35.668595 [ 10.813   4.313 -12.25 ] [ 2.02  2.08  9.55]
-35.771178 [ 11.      6.125 -10.937] [ 2.33  1.85  9.57]
-35.874094 [ 11.063   7.125 -10.437] [ 2.5   1.76  9.56]
-35.976963 [ 11.125   8.625 -10.062] [ 1.44  1.69  9.54]
-36.079995 [ 11.125  10.563 -10.125] [ 1.8   1.69  9.48]
-36.183271 [ 11.188  11.625 -10.625] [ 1.98  1.77  9.43]
-36.287564 [ 11.5    12.563 -10.812] [ 2.13  1.81  9.39]
-36.390584 [ 11.75   13.375  -9.812] [ 2.27  1.62  9.39]
-36.493761 [ 12.5    14.188  -7.937] [ 2.4   1.31  9.41]
-36.598179 [ 11.438  13.75   -6.625] [ 2.35  1.11  9.45]
-36.701353 [ 11.375  11.688  -3.75 ] [ 1.98  0.63  9.58]
-36.804526 [ 11.875   7.938   0.188] [ 1.36 -0.03  9.71]
-36.908795 [ 12.      6.      1.938] [ 2.3  -0.33  9.74]
-37.011707 [ 12.625   4.313   0.938] [ -3.25660000e+02  -1.60000000e-01   9.77000000e+00]
-37.113994 [ 12.5     1.563   0.438] [ 1.54 -0.07  9.8 ]
