The flat matrix is [[  8.     -0.937 -14.5  ]
 [ -0.16    2.46    9.49 ]] 
-0.079031 [-0.437 -1.188 -1.562] [-0.01 -2.47 -9.5 ]260.962158 274.49247 271.999405 268.406725 266.006427 256.2039925 261.0066475 274.2942565 
-0.181488 [-1.187 -3.438  0.563] [-0.59 -0.1  -0.01]260.2455265 276.883256 270.6040985 265.6549485 269.244067 258.494393 260.2965975 276.7616105 
-0.283232 [-1.312 -2.813  0.625] [-0.48 -0.11  0.  ]259.4139745 277.905543 269.3325285 262.7179055 272.3935575 261.200951 259.4735775 277.8883245 
-0.384663 [-1.375 -2.938  0.625] [-0.5  -0.11  0.  ]258.455928 277.2398655 268.1787225 259.863652 275.244383 264.0759495 258.522361 277.3343985 
-0.486217 [-1.375 -3.125  0.563] [-0.54 -0.1   0.  ]257.457121 275.111895 267.1367075 257.3602455 277.586029 266.87167 257.522551 275.2911465 
-0.58778 [-1.375 -3.375  0.5  ] [-0.58 -0.09 -0.01]256.536682 271.9343735 266.200512 255.475741 279.2088945 269.341026 256.5931735 272.170769 
-0.689548 [-1.437 -3.563  0.375] [-0.61 -0.08 -0.01]255.813768 268.120212 265.3641635 254.478195 280.0103205 271.31076 255.8533855 268.3861895 
-0.791286 [-1.437 -3.75   0.313] [-0.65 -0.06 -0.02]255.407537 264.0823215 264.6216885 254.6356645 280.093455 272.7496945 255.4223415 264.3503305 
-0.893228 [-1.437 -3.75   0.125] [-0.64 -0.04 -0.03]255.437146 260.2336125 263.965898 256.1802405 279.5848295 273.6427955 255.4191975 260.4761145 
-0.994679 [-1.437 -3.688  0.063] [-0.64 -0.03 -0.03]256.021753 256.986996 263.376114 258.9455285 278.610977 273.9750295 255.96311 257.176465 
-1.096275 [-1.375 -3.688  0.   ] [-0.63 -0.01 -0.03]257.280516 254.755383 262.8232605 262.5170575 277.2984285 273.731363 257.173234 254.864304 
-1.197734 [-1.375 -3.625 -0.125] [-0.62  0.01 -0.04]259.29164 253.8696215 262.2781355 266.476608 275.773717 272.896762 259.136159 253.8872945 
-1.299493 [-1.375 -3.5   -0.25 ] [-0.6   0.03 -0.04]261.916288 254.2256335 261.7115375 270.4059605 274.1633735 271.456193 261.726459 254.16823 
-1.401353 [-1.312 -3.375 -0.687] [-0.59  0.09 -0.06]264.943989 255.575799 261.0942635 273.8868965 272.5935115 269.3955165 264.7338445 255.459845 
-1.506021 [-1.375 -3.188 -1.25 ] [-0.54  0.2  -0.08]268.164229 257.672409 260.397112 276.501196 271.147038 266.792902 267.9478005 257.514422 
-1.60827 [-1.437 -2.813 -1.812] [-0.49  0.29 -0.1 ]271.366494 260.2677535 259.59088 277.83064 269.8266905 263.897799 271.157812 260.084243 
-1.711702 [-1.312 -0.938 -2.625] [-0.21  0.41 -0.13]274.3402685 263.1141245 258.6546075 277.5031775 268.6264955 260.978263 274.1533655 262.921591 
-1.813738 [-1.     0.5   -3.062] [ 0.08  0.5  -0.15]276.875039 265.9638115 257.654426 275.6346665 267.540481 258.302351 276.723945 265.778749 
-1.915438 [-1.    0.5  -3.25] [ 0.09  0.53 -0.16]278.76029 268.5691055 256.708781 272.634022 266.5626745 256.138119 278.6590365 268.4079985 
-2.017919 [-1.    0.5  -3.75] [ 0.08  0.61 -0.18]279.8292495 270.7124925 255.9368295 268.914156 265.6871035 254.753623 279.7830305 270.5857205 
-2.121674 [-1.187  0.5   -4.187] [ 0.08  0.67 -0.2 ]280.1377705 272.33013 255.457729 264.8879785 264.9077955 254.4169195 280.138298 272.2387785 
-2.224008 [-1.187  0.5   -4.437] [ 0.09  0.72 -0.22]279.812353 273.4069445 255.3906375 260.9684 264.2186935 255.3935535 279.851193 273.352017 
-2.325622 [-1.187  0.5   -4.5  ] [ 0.08  0.73 -0.22]278.979527 273.927881 255.8547125 257.5683325 263.6059605 257.719244 279.0482475 273.9104025 
-2.427585 [-1.187  0.5   -4.437] [ 0.08  0.72 -0.22]277.765822 273.877885 256.9691115 255.1006855 263.041839 261.018463 277.8559935 273.8989 
-2.530508 [-1.187  0.5   -4.312] [ 0.08  0.7  -0.21]276.297767 273.2419025 258.8336025 253.939516 262.497127 264.872991 276.400963 273.302477 
-2.633627 [-1.187  0.5   -4.   ] [ 0.09  0.66 -0.2 ]274.7018915 272.004879 261.3523775 254.0669725 261.9426225 268.864609 274.8096885 272.106099 
-2.735663 [-1.125  0.562 -3.562] [ 0.09  0.58 -0.17]273.1047255 270.1517595 264.316309 255.238124 261.349123 272.575098 273.2087015 270.2947325 
-2.837305 [-1.125  0.562 -3.125] [ 0.09  0.5  -0.15]271.6148445 267.705863 267.5148825 257.2052615 260.687427 275.5862385 271.710158 267.8840575 
-2.93986 [-1.125  0.562 -2.625] [ 0.09  0.43 -0.13]270.253066 264.8780825 270.7375835 259.720676 259.9283315 277.479811 270.3400765 265.073783 
-3.044462 [-1.    0.5  -2.25] [ 0.09  0.37 -0.11]269.013434 261.9365345 273.7738975 262.536658 259.0432585 277.841093 269.092537 262.1318535 
-3.146069 [-0.937  0.562 -1.937] [ 0.09  0.32 -0.09]267.889986 259.1493505 276.41331 265.4054985 258.054627 276.54105 267.961567 259.3263255 
-3.247741 [-0.937  0.562 -0.875] [ 0.1   0.14 -0.04]266.876759 256.7846615 278.445306 268.0794885 257.0728685 273.9437095 266.941194 256.9252545 
-3.34937 [-1.     0.875  0.375] [ 0.15 -0.07  0.01]265.9677905 255.110598 279.6803385 270.325391 256.2171405 270.461983 266.025446 255.1966975 
-3.451146 [-1.     0.937  0.813] [ 1.44 -0.14  0.03]265.1571185 254.395292 280.1308305 272.0493865 255.606601 266.5087805 265.2083495 254.40871 
-3.552817 [-1.     0.875  0.75 ] [ 0.15 -0.13  0.03]264.43878 254.9068735 279.922078 273.23557 255.360407 262.497013 264.483933 254.829349 
-3.654606 [-1.     0.812  0.5  ] [ 0.14 -0.09  0.02]263.803521 256.8163875 279.1806115 273.8688865 255.5977165 258.839592 263.843585 256.648724 
-3.756428 [-1.062  0.687  0.438] [ 0.12 -0.08  0.02]263.226635 259.839025 278.0329595 273.9342815 256.437687 255.9494275 263.263523 259.608718 
-3.858252 [-6.938  0.562  0.438] [ 0.1  -0.08  0.02]262.678883 263.556307 276.6056525 273.4167005 257.9978915 254.236255 262.7145515 263.2913085 
-3.961099 [-1.187  0.25   0.313] [ 0.1  -2.47 -9.5 ]262.1310255 267.5497345 275.025219 272.3010895 260.27966 253.8768745 262.1674685 267.278277 
-4.063911 [-1.437 -0.063  0.438] [-0.01 -0.07  0.01]261.5538235 271.400811 273.4181885 270.5723935 263.0907905 254.660273 261.5930715 271.151404 
-4.16649 [-1.875 -0.75   0.375] [-0.13 -0.06  0.01]260.9180375 274.691038 271.9023825 268.2341715 266.220769 256.3387415 260.962158 274.49247 
-4.268454 [-5.625 -1.563  0.25 ] [-0.27 -0.04  0.  ]260.194429 277.0019185 270.5154595 265.46132 269.459081 258.6645705 260.2455265 276.883256 
-4.371115 [-5.438 -2.25   0.25 ] [-0.39 -0.05 -0.01]259.3537575 277.914954 269.251875 262.521075 272.5952115 261.3900505 259.4139745 277.905543 
-4.476846 [-2.625 -2.75   0.25 ] [-0.47 -0.05 -0.01]258.3886875 277.134397 268.105667 259.681568 275.418646 264.267473 258.455928 277.2398655 
-4.578687 [-2.625 -3.     0.188] [-0.52 -0.05 -0.02]257.3906715 274.918158 267.0708725 257.2109295 277.7188705 267.049128 257.457121 275.111895 
-4.681046 [-5.313 -3.313  0.25 ] [-0.57 -0.06 -0.02]256.479005 271.6801785 266.1415295 255.3772905 279.2872105 269.4885775 256.536682 271.9343735 
-4.784401 [-2.687 -3.563  0.313] [-0.61 -0.06 -0.02]255.7729835 267.834408 265.3116755 254.4487825 280.0368285 271.423483 255.813768 268.120212 
-4.887334 [-2.687 -3.688  0.313] [-0.63 -0.07 -0.02]255.391903 263.7947965 264.575347 254.693536 280.0765905 272.8265975 255.407537 264.0823215 
-4.989249 [-2.625 -3.563  0.5  ] [-0.6  -0.1  -0.01]255.45506 259.9752935 263.9249675 256.332045 279.533026 273.6828675 255.437146 260.2336125 
-5.091134 [-2.625 -3.438  0.375] [-0.59 -0.08 -0.01]256.08175 256.7898485 263.338746 259.165534 278.532665 273.9772375 256.021753 256.986996 
-5.192869 [-2.625 -3.375  0.313] [-0.58 -0.06 -0.02]257.391269 254.6524115 262.787506 262.777367 277.202036 273.6946535 257.280516 254.755383 
-5.295416 [-2.687 -3.25   0.125] [-0.56 -0.03 -0.02]259.4521465 253.874649 262.242009 266.749045 275.6676695 272.820061 259.29164 253.8696215 
-5.397924 [-2.75  -3.188 -0.062] [-0.54  0.   -0.03]262.112926 254.325003 261.673015 270.6620715 274.0560945 271.3384055 261.916288 254.2256335 
-5.499753 [-2.875 -3.063 -0.75 ] [-0.52  0.11 -0.06]265.1625775 255.7518895 261.051285 274.0979485 272.4930225 269.2363805 264.943989 255.575799 
-5.601726 [-2.937 -2.563 -1.375] [-0.44  0.22 -0.08]268.3900695 257.903722 260.34758 276.638178 271.055094 266.605563 268.164229 257.672409 
-5.703435 [-3.    -1.813 -1.937] [-0.31  0.31 -0.1 ]271.584371 260.5289145 259.5326605 277.8642625 269.7428895 263.7001 271.366494 260.2677535 
-5.805146 [-3.    -1.063 -2.312] [-0.19  0.37 -0.11]274.5344515 263.3758795 258.5881545 277.418608 268.5504465 260.788122 274.3402685 263.1141245 
-5.907371 [-2.937 -0.563 -2.687] [-0.1   0.43 -0.13]277.029279 266.1930315 257.5871845 275.4563915 267.4718025 258.13776 276.875039 265.9638115 
-6.012023 [-2.875 -0.063 -3.   ] [-0.01  0.49 -0.15]278.857823 268.728784 256.648704 272.389644 266.5009945 256.0171455 278.76029 268.5691055 
-6.1154 [-2.812  0.312 -3.375] [ 0.04  0.54 -0.16]279.8634005 270.771732 255.89201 268.632316 265.63206 254.6944095 279.8292495 270.7124925 
-6.218332 [-2.812  0.375 -3.812] [ 0.07  0.62 -0.19]280.115594 272.2777635 255.4363975 264.5983565 264.859037 254.4376825 280.1377705 272.33013 
-6.320188 [-5.188  0.375 -4.125] [ 0.07  0.67 -0.2 ]279.742861 273.2462925 255.4011635 260.7017155 264.1758005 255.5103285 279.812353 273.4069445 
-6.422965 [-2.812  0.437 -4.187] [ 0.07  0.68 -0.21]278.873659 273.6767345 255.905603 257.356343 263.567399 257.9153015 278.979527 273.927881 
-6.527056 [-2.812  0.437 -4.125] [ 0.07  0.68 -0.21]277.6364445 273.5685055 257.0690125 254.9761885 263.0056755 261.2660165 277.765822 273.877885 
-6.630474 [-2.812  0.437 -4.062] [ 0.07  0.66 -0.2 ]276.159675 272.9210205 258.985226 253.9239015 262.46139 265.143976 276.297767 273.2419025 
-6.732285 [-2.812  0.437 -3.812] [ 0.07  0.63 -0.19]274.571808 271.7336945 261.5429075 254.148759 261.9053035 269.130683 274.7018915 272.004879 
-6.834938 [-2.812  0.562 -3.5  ] [ 0.1   0.57 -0.17]273.001301 270.0059435 264.531667 255.400466 261.3081765 272.8076395 273.1047255 270.1517595 
-6.938476 [-2.875  0.75  -2.937] [ 0.13  0.49 -0.14]271.805718 268.061581 267.7404735 257.427436 260.64077 275.7563475 271.6148445 267.705863 
-7.040663 [-2.937  0.75  -2.437] [ 0.13  0.4  -0.12]270.427044 265.2706715 270.9582955 259.9780835 259.873845 277.55831 270.253066 264.8780825 
-7.142271 [-2.875  0.687 -2.125] [ 0.11  0.35 -0.1 ]269.1714415 262.3295775 273.9741025 262.800821 258.979317 277.8015015 269.013434 261.9365345 
-7.24381 [-2.812  0.687 -1.812] [ 0.12  0.3  -0.09]268.0329085 259.506502 276.576863 265.6440625 257.986754 276.397003 267.889986 259.1493505 
-7.34529 [-2.75   0.75  -0.625] [ 0.13  0.1  -0.03]267.005444 257.0696475 278.5555465 268.2562215 257.0089625 273.722394 266.876759 256.7846615 
-7.446982 [-2.75   0.937  0.5  ] [ 0.15 -0.09  0.02]266.0830455 255.2872175 279.726666 270.406077 256.1652385 270.191624 265.9677905 255.110598 
-7.550175 [-2.75   0.937  1.   ] [ 1.44 -0.17  0.04]265.259712 254.427414 280.11926 272.0195385 255.574878 266.218643 265.1571185 254.395292 
-7.651679 [-2.75   0.687  1.125] [ 0.12 -0.19  0.04]264.5294415 254.7584405 279.861236 273.0956145 255.357177 262.217401 264.43878 254.9068735 
-7.753003 [-2.75   0.75   0.625] [ 0.13 -0.11  0.02]263.8841535 256.4869435 279.081051 273.633721 255.6314315 258.601847 263.803521 256.8163875 
-7.854477 [-2.75   0.687  0.563] [ 0.12 -0.1   0.02]263.3010365 259.3836155 277.907162 273.633273 256.5169375 255.7859315 263.226635 259.839025 
-7.957755 [-2.75   0.562  0.563] [ 0.1  -0.1   0.02]262.750922 263.0309415 276.4680275 273.093686 258.130126 254.177832 262.678883 263.556307 
-8.059655 [-2.937  0.25   0.438] [ 0.05 -0.09  0.02]262.2046155 267.010663 274.8921035 272.014375 260.456288 253.921505 262.1310255 267.5497345 
-8.161325 [-3.125  0.     0.438] [ 0.   -0.08  0.01]261.632922 270.904521 273.3078475 270.394756 263.29794 254.7926625 261.5538235 271.400811 
-8.262746 [-3.625 -0.75   0.375] [-0.13 -0.07  0.01]261.0066475 274.2942565 272.096749 268.578139 266.444051 256.539718 260.9180375 274.691038 
-8.364154 [-3.938 -1.438  0.313] [-0.25 -0.06  0.  ]260.2965975 276.7616105 270.692741 265.8494505 269.6835905 258.9110845 260.194429 277.0019185 
-8.467372 [-4.187 -2.188  0.313] [-0.38 -0.06  0.  ]259.4735775 277.8883245 269.4130045 262.916937 272.8055275 261.6551765 259.3537575 277.914954 
-8.570132 [-4.25  -2.688  0.313] [-0.46 -0.06 -0.01]258.522361 277.3343985 268.251538 260.0488015 275.5988305 264.520407 258.3886875 277.134397 
-8.672009 [-4.25  -3.063  0.313] [-0.52 -0.06 -0.01]257.522551 275.2911465 267.2023395 257.513247 277.8524685 267.255189 257.3906715 274.918158 
-8.773704 [-4.312 -3.375  0.375] [-0.58 -0.08 -0.01]256.5931735 272.170769 266.259408 255.578476 279.358681 269.610356 256.479005 271.6801785 
-8.876069 [-3.688 -3.563  0.438] [-0.61 -0.09 -0.01]255.8533855 268.3861895 265.4167415 254.512691 280.0474905 271.4386075 255.7729835 267.834408 
-8.979923 [-4.312 -3.625  0.375] [-0.62 -0.08 -0.02]255.4223415 264.3503305 264.6683385 254.5840955 280.0342985 272.729708 255.391903 263.7947965 
-9.082283 [-4.312 -3.5    0.5  ] [-0.6  -0.1  -0.01]255.4191975 260.4761145 264.007306 256.0344945 279.447563 273.4830725 255.45506 259.9752935 
-9.183779 [-4.312 -3.375  0.438] [-0.58 -0.08 -0.01]255.96311 257.176465 263.4140855 258.7308445 278.415741 273.698116 256.08175 256.7898485 
-9.286092 [-4.312 -3.375  0.25 ] [-0.57 -0.05 -0.02]257.173234 254.864304 262.859706 262.2615005 277.0672895 273.374255 257.391269 254.6524115 
-9.389251 [-4.375 -3.188  0.063] [-0.55 -0.03 -0.02]259.136159 253.8872945 262.3149735 266.2082035 275.5306665 272.5109035 259.4521465 253.874649 
-9.492068 [-4.437 -3.125 -0.125] [-0.53  0.01 -0.03]261.726459 254.16823 261.750693 270.152695 273.9343285 271.107478 262.112926 254.325003 
-9.593774 [-4.5   -2.938 -0.687] [-0.51  0.1  -0.05]264.7338445 255.459845 261.13767 273.6767155 272.694493 269.552466 265.1625775 255.7518895 
-9.697109 [-4.5   -2.5   -1.187] [-0.43  0.19 -0.07]267.9478005 257.514422 260.446711 276.3620065 271.2390955 266.980404 268.3900695 257.903722 
-9.79904 [-4.625 -1.75  -1.937] [-0.3   0.31 -0.1 ]271.157812 260.084243 259.6486205 277.7903095 269.9103705 264.0972365 271.584371 260.5289145 
-9.900775 [-4.687 -0.938 -2.375] [-0.16  0.38 -0.12]274.1533655 262.921591 258.7202895 277.577457 268.702316 261.1711655 274.5344515 263.3758795 
-10.002618 [-4.687 -0.438 -2.687] [-0.08  0.44 -0.13]276.723945 265.778749 257.7206915 275.7991805 267.6089305 258.470394 277.029279 266.1930315 
-10.104339 [-4.625  0.    -3.125] [-0.01  0.51 -0.15]278.6590365 268.4079985 256.767695 272.861194 266.6242125 256.2631255 278.857823 268.728784 
-10.206004 [-4.562  0.312 -3.437] [ 0.05  0.56 -0.17]279.7830305 270.5857205 255.9804565 269.176421 265.7421605 254.8175615 279.8634005 270.771732 
-10.307514 [-4.75   0.437 -3.875] [ 0.07  0.63 -0.19]280.138298 272.2387785 255.478131 265.1577845 264.9567725 254.401906 280.115594 272.2777635 
-10.409215 [-4.812  0.437 -4.25 ] [ 0.08  0.69 -0.21]279.851193 273.352017 255.379875 261.218206 264.2620095 255.28325 279.742861 273.2462925 
-10.513967 [-4.812  0.437 -4.312] [ 0.08  0.7  -0.22]279.0482475 273.9104025 255.8048435 257.7706095 263.645078 257.528765 278.873659 273.6767345 
-10.615714 [-4.812  0.437 -4.312] [ 0.08  0.7  -0.21]277.8559935 273.8989 256.872193 255.227917 263.0786655 260.77589 277.6364445 273.5685055 
-10.718447 [-4.812  0.437 -4.187] [ 0.08  0.68 -0.21]276.400963 273.302477 258.6866745 253.974188 262.5335775 264.606365 276.159675 272.9210205 
-10.821817 [-4.75   0.437 -3.937] [ 0.08  0.65 -0.2 ]274.8096885 272.106099 261.168296 254.0232615 261.980619 268.6019325 274.571808 271.7336945 
-10.92404 [-4.75   0.625 -3.5  ] [ 0.11  0.57 -0.17]273.2087015 270.2947325 264.1091055 255.132558 261.3905965 272.344332 273.001301 270.0059435 
-11.025738 [-4.75   0.812 -3.   ] [ 0.14  0.49 -0.14]271.710158 267.8840575 267.2985885 257.05436 260.7343155 275.415306 271.805718 268.061581 
-11.12793 [-4.687  0.812 -2.5  ] [ 0.14  0.41 -0.12]270.3400765 265.073783 270.52623 259.5409495 259.982581 277.3965955 270.427044 265.2706715 
-11.23143 [-4.625  0.812 -2.187] [ 0.14  0.36 -0.1 ]269.092537 262.1318535 273.581516 262.34461 259.1064865 277.871554 269.1714415 262.3295775 
-11.333902 [-4.562  0.812 -1.875] [ 0.14  0.31 -0.09]267.961567 259.3263255 276.2539315 265.217623 258.121611 276.6727795 268.0329085 259.506502 
-11.435687 [-4.437  0.937 -0.437] [ 1.44  0.07 -0.02]266.941194 256.9252545 278.332962 267.9122715 257.1356755 274.1491265 267.005444 257.0696475 
-11.537704 [-4.437  0.937  0.563] [ 1.45 -0.1   0.02]266.025446 255.1966975 279.623758 270.1916535 256.267835 270.713518 266.0830455 255.2872175 
-11.641497 [ -4.43700000e+00   9.37000000e-01   2.04893800e+03] [ 1.44 -0.16  0.04]265.2083495 254.40871 280.1226835 271.9508715 255.6372455 266.7788755 265.259712 254.427414 
-11.744522 [-4.437  0.75   0.563] [ 0.13 -0.1   0.02]264.483933 254.829349 279.95393 273.1732765 255.363063 262.7581235 264.5294415 254.7584405 
-11.846181 [-4.437  0.75   0.438] [ 0.12 -0.08  0.02]263.843585 256.648724 279.24403 273.843835 255.564443 259.064183 263.8841535 256.4869435 
-11.947873 [-4.437  0.687  0.438] [ 0.12 -0.08  0.02]263.263523 259.608718 278.1195155 273.947513 256.3605415 256.1099785 263.3010365 259.3836155 
-12.05194 [-4.437  0.562  0.438] [ 0.1  -0.08  0.02]262.7145515 263.2913085 276.706918 273.469277 257.869754 254.3069095 262.750922 263.0309415 
-12.153809 [-4.562  0.187  0.375] [ 0.04 -0.07  0.01]262.1674685 267.278277 275.1327695 272.3940925 260.108756 253.862533 262.2046155 267.010663 
-12.255531 [-4.75  -0.063  0.438] [-0.02 -0.07  0.01]261.5930715 271.151404 273.5236025 270.7069265 262.891152 254.577467 261.632922 270.904521 
-12.357341 [-5.062 -0.563  0.438] [-0.1  -0.07  0.01]260.962158 274.49247 271.999405 268.406725 266.006427 256.2039925 261.0066475 274.2942565 
-12.459044 [-5.625 -1.438  0.25 ] [-0.25 -0.05  0.  ]260.2455265 276.883256 270.6040985 265.6549485 269.244067 258.494393 260.2965975 276.7616105 
-12.560813 [-5.812 -2.125  0.25 ] [-0.37 -0.05 -0.01]259.4139745 277.905543 269.3325285 262.7179055 272.3935575 261.200951 259.4735775 277.8883245 
-12.662795 [-2.125 -2.625  0.313] [-0.45 -0.06 -0.01]258.455928 277.2398655 268.1787225 259.863652 275.244383 264.0759495 258.522361 277.3343985 
-12.764822 [-5.875 -3.     0.313] [-0.5  -0.06 -0.01]257.457121 275.111895 267.1367075 257.3602455 277.586029 266.87167 257.522551 275.2911465 
-12.86651 [-5.937 -3.313  0.313] [-0.57 -0.06 -0.02]256.536682 271.9343735 266.200512 255.475741 279.2088945 269.341026 256.5931735 272.170769 
-12.968302 [-2.063 -3.5    0.313] [-0.6  -0.07 -0.02]255.813768 268.120212 265.3641635 254.478195 280.0103205 271.31076 255.8533855 268.3861895 
-13.071148 [-5.937 -3.563  0.313] [-0.61 -0.06 -0.02]255.407537 264.0823215 264.6216885 254.6356645 280.093455 272.7496945 255.4223415 264.3503305 
-13.174513 [-5.937 -3.313  0.438] [-0.57 -0.09 -0.01]255.437146 260.2336125 263.965898 256.1802405 279.5848295 273.6427955 255.4191975 260.4761145 
-13.276756 [-5.937 -3.313  0.313] [-0.56 -0.07 -0.01]256.021753 256.986996 263.376114 258.9455285 278.610977 273.9750295 255.96311 257.176465 
-13.378503 [-5.937 -3.25   0.25 ] [-0.56 -0.05 -0.02]257.280516 254.755383 262.8232605 262.5170575 277.2984285 273.731363 257.173234 254.864304 
-13.483119 [-5.937 -3.125  0.063] [-0.54 -0.02 -0.02]259.29164 253.8696215 262.2781355 266.476608 275.773717 272.896762 259.136159 253.8872945 
-13.585875 [-6.    -3.    -0.187] [-0.52  0.02 -0.03]261.916288 254.2256335 261.7115375 270.4059605 274.1633735 271.456193 261.726459 254.16823 
-13.68775 [-6.062 -2.938 -0.687] [-0.5   0.11 -0.06]264.943989 255.575799 261.0942635 273.8868965 272.5935115 269.3955165 264.7338445 255.459845 
-13.789472 [-6.125 -2.438 -1.25 ] [-0.42  0.2  -0.07]268.164229 257.672409 260.397112 276.501196 271.147038 266.792902 267.9478005 257.514422 
-13.892489 [-6.187 -1.688 -1.875] [-0.28  0.3  -0.1 ]271.366494 260.2677535 259.59088 277.83064 269.8266905 263.897799 271.157812 260.084243 
-13.995684 [-6.25  -0.875 -2.312] [-0.16  0.37 -0.11]274.3402685 263.1141245 258.6546075 277.5031775 268.6264955 260.978263 274.1533655 262.921591 
-14.09791 [-6.187 -0.375 -2.687] [-0.06  0.43 -0.13]276.875039 265.9638115 257.654426 275.6346665 267.540481 258.302351 276.723945 265.778749 
-14.199619 [-6.125  0.062 -3.062] [ 0.01  0.49 -0.15]278.76029 268.5691055 256.708781 272.634022 266.5626745 256.138119 278.6590365 268.4079985 
-14.301291 [-6.062  0.5   -3.375] [ 0.09  0.55 -0.16]279.8292495 270.7124925 255.9368295 268.914156 265.6871035 254.753623 279.7830305 270.5857205 
-14.402824 [-6.125  0.625 -3.812] [ 0.1   0.62 -0.19]280.1377705 272.33013 255.457729 264.8879785 264.9077955 254.4169195 280.138298 272.2387785 
-14.504535 [-6.125  0.687 -4.187] [ 0.11  0.68 -0.21]279.812353 273.4069445 255.3906375 260.9684 264.2186935 255.3935535 279.851193 273.352017 
-14.606566 [-6.125  0.625 -4.25 ] [ 0.11  0.69 -0.21]278.979527 273.927881 255.8547125 257.5683325 263.6059605 257.719244 279.0482475 273.9104025 
-14.709052 [-6.125  0.625 -4.25 ] [ 0.11  0.7  -0.21]277.765822 273.877885 256.9691115 255.1006855 263.041839 261.018463 277.8559935 273.8989 
-14.811507 [-6.125  0.625 -4.187] [ 0.1   0.68 -0.21]276.297767 273.2419025 258.8336025 253.939516 262.497127 264.872991 276.400963 273.302477 
-14.914898 [-6.125  0.562 -4.062] [ 0.1   0.66 -0.2 ]274.7018915 272.004879 261.3523775 254.0669725 261.9426225 268.864609 274.8096885 272.106099 
-15.020305 [-6.062  0.687 -3.687] [ 0.12  0.6  -0.18]273.1047255 270.1517595 264.316309 255.238124 261.349123 272.575098 273.2087015 270.2947325 
-15.122801 [-6.062  0.875 -3.062] [ 0.14  0.5  -0.15]271.6148445 267.705863 267.5148825 257.2052615 260.687427 275.5862385 271.710158 267.8840575 
-15.226184 [-6.062  0.875 -2.562] [ 0.15  0.42 -0.12]270.253066 264.8780825 270.7375835 259.720676 259.9283315 277.479811 270.3400765 265.073783 
-15.328799 [-6.     0.812 -2.187] [ 0.14  0.36 -0.1 ]269.013434 261.9365345 273.7738975 262.536658 259.0432585 277.841093 269.092537 262.1318535 
-15.43181 [-5.875  0.875 -1.125] [ 0.15  0.19 -0.05]267.889986 259.1493505 276.41331 265.4054985 258.054627 276.54105 267.961567 259.3263255 
-15.535391 [-5.875  0.937  0.688] [ 1.44 -0.11  0.02]266.876759 256.7846615 278.445306 268.0794885 257.0728685 273.9437095 266.941194 256.9252545 
-15.638484 [-5.812  1.     0.563] [ 1.46 -0.1   0.02]265.9677905 255.110598 279.6803385 270.325391 256.2171405 270.461983 266.025446 255.1966975 
-15.740268 [-2.188  0.937  0.313] [ 1.44 -0.06  0.01]265.1571185 254.395292 280.1308305 272.0493865 255.606601 266.5087805 265.2083495 254.40871 
-15.842809 [-5.812  0.937  0.313] [ 1.44 -0.06  0.01]264.43878 254.9068735 279.922078 273.23557 255.360407 262.497013 264.483933 254.829349 
-15.94618 [-5.812  0.937  0.188] [ 1.44 -0.04  0.01]263.803521 256.8163875 279.1806115 273.8688865 255.5977165 258.839592 263.843585 256.648724 
-16.049071 [-5.75   0.875  0.188] [ 0.15 -0.04  0.01]263.226635 259.839025 278.0329595 273.9342815 256.437687 255.9494275 263.263523 259.608718 
-16.150715 [-5.812  0.687  0.188] [ 0.12 -0.04  0.01]262.678883 263.556307 276.6056525 273.4167005 257.9978915 254.236255 262.7145515 263.2913085 
-16.252323 [-5.812  0.375  0.25 ] [ 0.06 -0.04  0.01]262.1310255 267.5497345 275.025219 272.3010895 260.27966 253.8768745 262.1674685 267.278277 
-16.353924 [-6.     0.062  0.25 ] [ 0.01 -0.05  0.01]261.5538235 271.400811 273.4181885 270.5723935 263.0907905 254.660273 261.5930715 271.151404 
-16.45576 [-6.312 -0.438  0.25 ] [-0.08 -0.05  0.01]260.9180375 274.691038 271.9023825 268.2341715 266.220769 256.3387415 260.962158 274.49247 
-16.560822 [-6.875 -1.5    0.188] [-0.25 -0.04  0.  ]260.194429 277.0019185 270.5154595 265.46132 269.459081 258.6645705 260.2455265 276.883256 
-16.66313 [-7.062 -2.188  0.25 ] [-0.37 -0.05 -0.01]259.3537575 277.914954 269.251875 262.521075 272.5952115 261.3900505 259.4139745 277.905543 
-16.764708 [-7.125 -2.625  0.313] [-0.45 -0.06 -0.01]258.3886875 277.134397 268.105667 259.681568 275.418646 264.267473 258.455928 277.2398655 
-16.866503 [-7.125 -2.938  0.313] [-0.51 -0.06 -0.01]257.3906715 274.918158 267.0708725 257.2109295 277.7188705 267.049128 257.457121 275.111895 
-16.968475 [-7.187 -3.313  0.313] [-0.56 -0.06 -0.01]256.479005 271.6801785 266.1415295 255.3772905 279.2872105 269.4885775 256.536682 271.9343735 
-17.070495 [-7.187 -3.5    0.375] [-0.6  -0.07 -0.02]255.7729835 267.834408 265.3116755 254.4487825 280.0368285 271.423483 255.813768 268.120212 
-17.172171 [-7.187 -3.563  0.313] [-0.61 -0.07 -0.02]255.391903 263.7947965 264.575347 254.693536 280.0765905 272.8265975 255.407537 264.0823215 
-17.27439 [-7.187 -3.438  0.375] [-0.58 -0.08 -0.01]255.45506 259.9752935 263.9249675 256.332045 279.533026 273.6828675 255.437146 260.2336125 
-17.377813 [-7.187 -3.375  0.375] [-0.58 -0.08 -0.01]256.08175 256.7898485 263.338746 259.165534 278.532665 273.9772375 256.021753 256.986996 
-17.481122 [-7.187 -3.375  0.25 ] [-0.58 -0.06 -0.02]257.391269 254.6524115 262.787506 262.777367 277.202036 273.6946535 257.280516 254.755383 
-17.58296 [-7.25  -3.25   0.063] [-0.56 -0.02 -0.02]259.4521465 253.874649 262.242009 266.749045 275.6676695 272.820061 259.29164 253.8696215 
-17.685298 [-0.688 -3.125 -0.125] [-0.54  0.01 -0.03]262.112926 254.325003 261.673015 270.6620715 274.0560945 271.3384055 261.916288 254.2256335 
-17.788921 [-7.375 -2.938 -0.812] [-0.51  0.11 -0.06]265.1625775 255.7518895 261.051285 274.0979485 272.4930225 269.2363805 264.943989 255.575799 
-17.891307 [-7.375 -2.438 -1.25 ] [-0.41  0.2  -0.08]268.3900695 257.903722 260.34758 276.638178 271.055094 266.605563 268.164229 257.672409 
-17.995815 [-7.375 -1.625 -1.875] [-0.28  0.3  -0.1 ]271.584371 260.5289145 259.5326605 277.8642625 269.7428895 263.7001 271.366494 260.2677535 
-18.099672 [-7.437 -0.938 -2.312] [-0.16  0.37 -0.11]274.5344515 263.3758795 258.5881545 277.418608 268.5504465 260.788122 274.3402685 263.1141245 
-18.20222 [-7.437 -0.5   -2.625] [-0.09  0.43 -0.13]277.029279 266.1930315 257.5871845 275.4563915 267.4718025 258.13776 276.875039 265.9638115 
-18.304259 [-7.375 -0.063 -2.937] [-0.01  0.48 -0.14]278.857823 268.728784 256.648704 272.389644 266.5009945 256.0171455 278.76029 268.5691055 
-18.40658 [-7.312  0.312 -3.312] [ 0.05  0.54 -0.16]279.8634005 270.771732 255.89201 268.632316 265.63206 254.6944095 279.8292495 270.7124925 
-18.508691 [-7.375  0.375 -3.75 ] [ 0.06  0.61 -0.19]280.115594 272.2777635 255.4363975 264.5983565 264.859037 254.4376825 280.1377705 272.33013 
-18.610571 [-7.375  0.375 -4.187] [ 0.06  0.68 -0.21]279.742861 273.2462925 255.4011635 260.7017155 264.1758005 255.5103285 279.812353 273.4069445 
-18.712507 [-7.375  0.375 -4.25 ] [ 0.06  0.69 -0.21]278.873659 273.6767345 255.905603 257.356343 263.567399 257.9153015 278.979527 273.927881 
-18.814273 [-7.375  0.375 -4.25 ] [ 0.06  0.69 -0.21]277.6364445 273.5685055 257.0690125 254.9761885 263.0056755 261.2660165 277.765822 273.877885 
-18.916865 [-7.312  0.375 -4.062] [ 0.07  0.67 -0.2 ]276.159675 272.9210205 258.985226 253.9239015 262.46139 265.143976 276.297767 273.2419025 
-19.018702 [-7.312  0.437 -3.875] [ 0.08  0.63 -0.19]274.571808 271.7336945 261.5429075 254.148759 261.9053035 269.130683 274.7018915 272.004879 
-19.120766 [-7.25   0.687 -3.375] [ 0.11  0.56 -0.17]273.001301 270.0059435 264.531667 255.400466 261.3081765 272.8076395 273.1047255 270.1517595 
-19.222883 [-7.312  0.812 -2.937] [ 0.14  0.48 -0.14]271.805718 268.061581 267.7404735 257.427436 260.64077 275.7563475 271.6148445 267.705863 
-19.324462 [-7.25   0.875 -2.5  ] [ 0.15  0.41 -0.12]270.427044 265.2706715 270.9582955 259.9780835 259.873845 277.55831 270.253066 264.8780825 
-19.426256 [-7.187  0.812 -2.25 ] [ 0.14  0.36 -0.1 ]269.1714415 262.3295775 273.9741025 262.800821 258.979317 277.8015015 269.013434 261.9365345 
-19.532286 [-7.062  0.812 -1.75 ] [ 0.14  0.28 -0.08]268.0329085 259.506502 276.576863 265.6440625 257.986754 276.397003 267.889986 259.1493505 
-19.63435 [-6.937  0.875  0.125] [ 0.15 -0.03  0.  ]267.005444 257.0696475 278.5555465 268.2562215 257.0089625 273.722394 266.876759 256.7846615 
-19.736493 [-6.75   0.937  0.938] [ 1.44 -0.16  0.04]266.0830455 255.2872175 279.726666 270.406077 256.1652385 270.191624 265.9677905 255.110598 
-19.839907 [-6.812  0.812  0.625] [ 0.14 -0.12  0.03]265.259712 254.427414 280.11926 272.0195385 255.574878 266.218643 265.1571185 254.395292 
-19.942738 [-6.812  0.75   0.438] [ 0.13 -0.08  0.02]264.5294415 254.7584405 279.861236 273.0956145 255.357177 262.217401 264.43878 254.9068735 
-20.044547 [-6.812  0.687  0.438] [ 0.12 -0.07  0.02]263.8841535 256.4869435 279.081051 273.633721 255.6314315 258.601847 263.803521 256.8163875 
-20.146427 [-6.812  0.687  0.438] [ 0.11 -0.07  0.02]263.3010365 259.3836155 277.907162 273.633273 256.5169375 255.7859315 263.226635 259.839025 
-20.249266 [-6.812  0.5    0.375] [ 0.09 -0.07  0.01]262.750922 263.0309415 276.4680275 273.093686 258.130126 254.177832 262.678883 263.556307 
-20.353019 [-6.937  0.187  0.375] [ 0.03 -0.07  0.01]262.2046155 267.010663 274.8921035 272.014375 260.456288 253.921505 262.1310255 267.5497345 
-20.455418 [-7.125 -0.125  0.438] [-0.02 -0.07  0.01]261.632922 270.904521 273.3078475 270.394756 263.29794 254.7926625 261.5538235 271.400811 
-20.557127 [-7.437 -0.688  0.375] [-0.12 -0.07  0.01]261.0066475 274.2942565 272.096749 268.578139 266.444051 256.539718 260.9180375 274.691038 
-20.658865 [-7.875 -1.625  0.313] [-0.28 -0.06  0.  ]260.2965975 276.7616105 270.692741 265.8494505 269.6835905 258.9110845 260.194429 277.0019185 
-20.760395 [-8.    -2.313  0.313] [-0.39 -0.06  0.  ]259.4735775 277.8883245 269.4130045 262.916937 272.8055275 261.6551765 259.3537575 277.914954 
-20.861992 [  0.062 -10.75    0.313] [-0.48 -0.06 -0.01]258.522361 277.3343985 268.251538 260.0488015 275.5988305 264.520407 258.3886875 277.134397 
-20.96398 [ 0.062 -3.25   0.188] [-0.54 -0.05 -0.02]257.522551 275.2911465 267.2023395 257.513247 277.8524685 267.255189 257.3906715 274.918158 
-21.066814 [ 0.125 -3.563  0.25 ] [-0.61 -0.05 -0.02]256.5931735 272.170769 266.259408 255.578476 279.358681 269.610356 256.479005 271.6801785 
-21.16851 [ 0.125 -3.75   0.313] [-0.64 -0.06 -0.02]255.8533855 268.3861895 265.4167415 254.512691 280.0474905 271.4386075 255.7729835 267.834408 
-21.272865 [ 0.125 -3.813  0.5  ] [-0.65 -0.09 -0.01]255.4223415 264.3503305 264.6683385 254.5840955 280.0342985 272.729708 255.391903 263.7947965 
-21.374899 [ 0.062 -3.563  0.563] [-0.61 -0.1  -0.01]255.4191975 260.4761145 264.007306 256.0344945 279.447563 273.4830725 255.45506 259.9752935 
-21.476247 [ 0.062 -3.563  0.375] [-0.61 -0.07 -0.02]255.96311 257.176465 263.4140855 258.7308445 278.415741 273.698116 256.08175 256.7898485 
-21.578657 [ 0.125 -3.5    0.25 ] [-0.6  -0.05 -0.02]257.173234 254.864304 262.859706 262.2615005 277.0672895 273.374255 257.391269 254.6524115 
-21.682044 [ 0.25  -3.563  0.063] [-0.61 -0.02 -0.03]259.136159 253.8872945 262.3149735 266.2082035 275.5306665 272.5109035 259.4521465 253.874649 
-21.784452 [ 0.25  -3.313 -0.125] [-0.57  0.01 -0.04]261.726459 254.16823 261.750693 270.152695 273.9343285 271.107478 262.112926 254.325003 
-21.886092 [ 0.375 -3.063 -0.812] [-0.53  0.12 -0.06]264.7338445 255.459845 261.13767 273.6767155 272.694493 269.552466 265.1625775 255.7518895 
-21.988074 [ 0.375 -2.563 -1.25 ] [-0.44  0.2  -0.08]267.9478005 257.514422 260.446711 276.3620065 271.2390955 266.980404 268.3900695 257.903722 
-22.090549 [ 0.375 -1.813 -1.875] [-0.31  0.31 -0.1 ]271.157812 260.084243 259.6486205 277.7903095 269.9103705 264.0972365 271.584371 260.5289145 
-22.193783 [ 0.375 -1.063 -2.312] [-0.19  0.37 -0.11]274.1533655 262.921591 258.7202895 277.577457 268.702316 261.1711655 274.5344515 263.3758795 
-22.295869 [ 0.375 -0.563 -2.75 ] [-0.1   0.44 -0.13]276.723945 265.778749 257.7206915 275.7991805 267.6089305 258.470394 277.029279 266.1930315 
-22.397368 [ 0.312 -0.125 -3.062] [-0.02  0.5  -0.15]278.6590365 268.4079985 256.767695 272.861194 266.6242125 256.2631255 278.857823 268.728784 
-22.498819 [ 0.25   0.25  -3.312] [ 0.04  0.54 -0.16]279.7830305 270.5857205 255.9804565 269.176421 265.7421605 254.8175615 279.8634005 270.771732 
-22.601354 [ 0.312  0.375 -3.75 ] [ 0.06  0.61 -0.19]280.138298 272.2387785 255.478131 265.1577845 264.9567725 254.401906 280.115594 272.2777635 
-22.704882 [ 0.312  0.437 -4.187] [ 0.07  0.68 -0.21]279.851193 273.352017 255.379875 261.218206 264.2620095 255.28325 279.742861 273.2462925 
-22.806984 [ 0.312  0.437 -4.25 ] [ 0.07  0.69 -0.21]279.0482475 273.9104025 255.8048435 257.7706095 263.645078 257.528765 278.873659 273.6767345 
-22.908479 [ 0.312  0.437 -4.25 ] [ 0.07  0.69 -0.21]277.8559935 273.8989 256.872193 255.227917 263.0786655 260.77589 277.6364445 273.5685055 
-23.009695 [ 0.312  0.375 -4.125] [ 0.07  0.67 -0.2 ]276.400963 273.302477 258.6866745 253.974188 262.5335775 264.606365 276.159675 272.9210205 
-23.111334 [ 0.312  0.437 -3.875] [ 0.08  0.63 -0.19]274.8096885 272.106099 261.168296 254.0232615 261.980619 268.6019325 274.571808 271.7336945 
-23.212963 [ 0.312  0.625 -3.375] [ 0.1   0.55 -0.16]273.2087015 270.2947325 264.1091055 255.132558 261.3905965 272.344332 273.001301 270.0059435 
-23.314483 [ 0.25   0.75  -2.937] [ 0.13  0.48 -0.14]271.710158 267.8840575 267.2985885 257.05436 260.7343155 275.415306 271.805718 268.061581 
-23.416271 [ 0.25   0.812 -2.5  ] [ 0.13  0.41 -0.12]270.3400765 265.073783 270.52623 259.5409495 259.982581 277.3965955 270.427044 265.2706715 
-23.518118 [ 0.187  0.75  -2.187] [ 0.13  0.35 -0.1 ]269.092537 262.1318535 273.581516 262.34461 259.1064865 277.871554 269.1714415 262.3295775 
-23.619835 [ 0.125  0.75  -1.875] [ 0.13  0.31 -0.09]267.961567 259.3263255 276.2539315 265.217623 258.121611 276.6727795 268.0329085 259.506502 
-23.721505 [ 0.062  0.875  0.   ] [ 0.15 -0.01  0.  ]266.941194 256.9252545 278.332962 267.9122715 257.1356755 274.1491265 267.005444 257.0696475 
-23.82303 [-8.     1.     0.875] [ 1.45 -0.15  0.03]266.025446 255.1966975 279.623758 270.1916535 256.267835 270.713518 266.0830455 255.2872175 
-23.924836 [ 0.     0.937  0.438] [ 1.44 -0.08  0.02]265.2083495 254.40871 280.1226835 271.9508715 255.6372455 266.7788755 265.259712 254.427414 
-24.027346 [-8.     0.812  0.313] [ 0.14 -0.05  0.01]264.483933 254.829349 279.95393 273.1732765 255.363063 262.7581235 264.5294415 254.7584405 
-24.129894 [ 0.     0.812  0.313] [ 0.14 -0.05  0.01]263.843585 256.648724 279.24403 273.843835 255.564443 259.064183 263.8841535 256.4869435 
-24.232844 [ 0.     0.75   0.313] [ 0.13 -0.05  0.01]263.263523 259.608718 278.1195155 273.947513 256.3605415 256.1099785 263.3010365 259.3836155 
-24.336275 [-8.     0.625  0.313] [ 0.1  -0.05  0.01]262.7145515 263.2913085 276.706918 273.469277 257.869754 254.3069095 262.750922 263.0309415 
-24.43883 [ 0.125  0.25   0.313] [ 0.04 -0.05  0.01]262.1674685 267.278277 275.1327695 272.3940925 260.108756 253.862533 262.2046155 267.010663 
-24.540625 [ 0.25   0.     0.375] [ 0.   -0.06  0.01]261.5930715 271.151404 273.5236025 270.7069265 262.891152 254.577467 261.632922 270.904521 
-24.642798 [ 0.5   -0.375  0.375] [-0.07 -0.07  0.01]260.962158 274.49247 271.999405 268.406725 266.006427 256.2039925 261.0066475 274.2942565 
-24.746088 [ 1.    -1.563  0.188] [-0.26 -0.04  0.  ]260.2455265 276.883256 270.6040985 265.6549485 269.244067 258.494393 260.2965975 276.7616105 
-24.848474 [ -1.70512500e+03  -2.25000000e+00   1.88000000e-01] [-0.38 -0.04 -0.01]259.4139745 277.905543 269.3325285 262.7179055 272.3935575 261.200951 259.4735775 277.8883245 
-24.949916 [ 1.187 -2.688  0.25 ] [-0.46 -0.05 -0.01]258.455928 277.2398655 268.1787225 259.863652 275.244383 264.0759495 258.522361 277.3343985 
-25.051627 [ 1.25  -3.063  0.188] [-0.52 -0.04 -0.02]257.457121 275.111895 267.1367075 257.3602455 277.586029 266.87167 257.522551 275.2911465 
-25.153929 [ 1.25  -3.375  0.188] [-0.58 -0.05 -0.02]256.536682 271.9343735 266.200512 255.475741 279.2088945 269.341026 256.5931735 272.170769 
-25.257335 [ 1.312 -3.563  0.188] [-0.61 -0.05 -0.02]255.813768 268.120212 265.3641635 254.478195 280.0103205 271.31076 255.8533855 268.3861895 
-25.359903 [ 1.312 -3.625  0.438] [-0.62 -0.08 -0.01]255.407537 264.0823215 264.6216885 254.6356645 280.093455 272.7496945 255.4223415 264.3503305 
-25.461596 [ 1.25 -3.5   0.5 ] [-0.6  -0.1  -0.01]255.437146 260.2336125 263.965898 256.1802405 279.5848295 273.6427955 255.4191975 260.4761145 
-25.566032 [ 1.312 -3.5    0.375] [-0.59 -0.07 -0.02]256.021753 256.986996 263.376114 258.9455285 278.610977 273.9750295 255.96311 257.176465 
-25.667976 [ 1.312 -3.438  0.25 ] [-0.59 -0.05 -0.02]257.280516 254.755383 262.8232605 262.5170575 277.2984285 273.731363 257.173234 254.864304 
-25.770263 [ 1.312 -3.375  0.063] [-0.58 -0.02 -0.03]259.29164 253.8696215 262.2781355 266.476608 275.773717 272.896762 259.136159 253.8872945 
-25.872085 [ 1.312 -3.25  -0.187] [-0.56  0.02 -0.04]261.916288 254.2256335 261.7115375 270.4059605 274.1633735 271.456193 261.726459 254.16823 
-25.973606 [ 1.312 -3.188 -0.75 ] [-0.55  0.11 -0.06]264.943989 255.575799 261.0942635 273.8868965 272.5935115 269.3955165 264.7338445 255.459845 
-26.075939 [ 1.375 -2.625 -1.312] [-0.45  0.21 -0.08]268.164229 257.672409 260.397112 276.501196 271.147038 266.792902 267.9478005 257.514422 
-26.17804 [ 1.375 -1.875 -1.875] [-0.32  0.3  -0.1 ]271.366494 260.2677535 259.59088 277.83064 269.8266905 263.897799 271.157812 260.084243 
-26.280006 [ 1.375 -1.125 -2.375] [-0.19  0.38 -0.12]274.3402685 263.1141245 258.6546075 277.5031775 268.6264955 260.978263 274.1533655 262.921591 
-26.38166 [ 1.375 -0.625 -2.687] [-0.11  0.44 -0.13]276.875039 265.9638115 257.654426 275.6346665 267.540481 258.302351 276.723945 265.778749 
-26.484 [ 1.25  -0.125 -3.187] [-0.03  0.52 -0.15]278.76029 268.5691055 256.708781 272.634022 266.5626745 256.138119 278.6590365 268.4079985 
-26.586985 [ 1.187  0.187 -3.5  ] [ 0.03  0.57 -0.17]279.8292495 270.7124925 255.9368295 268.914156 265.6871035 254.753623 279.7830305 270.5857205 
-26.690096 [ 1.25   0.25  -3.812] [ 0.05  0.63 -0.19]280.1377705 272.33013 255.457729 264.8879785 264.9077955 254.4169195 280.138298 272.2387785 
-26.791803 [ 1.25   0.312 -4.187] [ 0.05  0.68 -0.21]279.812353 273.4069445 255.3906375 260.9684 264.2186935 255.3935535 279.851193 273.352017 
-26.893722 [ 1.187  0.312 -4.25 ] [ 0.05  0.69 -0.21]278.979527 273.927881 255.8547125 257.5683325 263.6059605 257.719244 279.0482475 273.9104025 
-26.999014 [ 1.187  0.312 -4.25 ] [ 0.05  0.69 -0.21]277.765822 273.877885 256.9691115 255.1006855 263.041839 261.018463 277.8559935 273.8989 
-27.101288 [ 1.187  0.312 -4.062] [ 0.06  0.66 -0.2 ]276.297767 273.2419025 258.8336025 253.939516 262.497127 264.872991 276.400963 273.302477 
-27.202798 [ 1.187  0.375 -3.875] [ 0.07  0.63 -0.19]274.7018915 272.004879 261.3523775 254.0669725 261.9426225 268.864609 274.8096885 272.106099 
-27.304189 [ 1.187  0.625 -3.375] [ 0.1   1.83 -0.16]273.1047255 270.1517595 264.316309 255.238124 261.349123 272.575098 273.2087015 270.2947325 
-27.406612 [ 1.25   0.75  -2.937] [ 0.12  0.47 -0.14]271.6148445 267.705863 267.5148825 257.2052615 260.687427 275.5862385 271.710158 267.8840575 
-27.510132 [ 1.25   0.75  -2.437] [ 0.13  0.4  -0.12]270.253066 264.8780825 270.7375835 259.720676 259.9283315 277.479811 270.3400765 265.073783 
-27.612264 [ 1.125  0.687 -1.937] [ 0.11  0.31 -0.09]269.013434 261.9365345 273.7738975 262.536658 259.0432585 277.841093 269.092537 262.1318535 
-27.713692 [ 1.062  0.687 -1.75 ] [ 0.12  0.28 -0.08]267.889986 259.1493505 276.41331 265.4054985 258.054627 276.54105 267.961567 259.3263255 
-27.815104 [ 1.062  0.812 -0.5  ] [ 0.14  0.08 -0.02]266.876759 256.7846615 278.445306 268.0794885 257.0728685 273.9437095 266.941194 256.9252545 
-27.916398 [ 1.     1.062  0.813] [ 1.46 -0.14  0.03]265.9677905 255.110598 279.6803385 270.325391 256.2171405 270.461983 266.025446 255.1966975 
-28.017888 [ 1.     1.     0.438] [ 1.45 -0.08  0.02]265.1571185 254.395292 280.1308305 272.0493865 255.606601 266.5087805 265.2083495 254.40871 
-28.119631 [ 1.     0.875  0.313] [ 0.15 -0.05  0.01]264.43878 254.9068735 279.922078 273.23557 255.360407 262.497013 264.483933 254.829349 
-28.222082 [ 1.     0.812  0.313] [ 0.14 -0.06  0.01]263.803521 256.8163875 279.1806115 273.8688865 255.5977165 258.839592 263.843585 256.648724 
-28.323445 [ 1.     0.75   0.313] [ 0.13 -0.06  0.01]263.226635 259.839025 278.0329595 273.9342815 256.437687 255.9494275 263.263523 259.608718 
-28.425074 [ 1.     0.625  0.313] [ 0.1  -0.06  0.01]262.678883 263.556307 276.6056525 273.4167005 257.9978915 254.236255 262.7145515 263.2913085 
-28.526701 [ -1.70512500e+03   2.50000000e-01   3.13000000e-01] [ 0.04 -0.06  0.01]262.1310255 267.5497345 275.025219 272.3010895 260.27966 253.8768745 262.1674685 267.278277 
-28.628117 [ 1.25  -0.063  0.375] [-0.01 -0.07  0.01]261.5538235 271.400811 273.4181885 270.5723935 263.0907905 254.660273 261.5930715 271.151404 
-28.729803 [ 1.5   -0.5    0.375] [-0.08 -0.07  0.01]260.9180375 274.691038 271.9023825 268.2341715 266.220769 256.3387415 260.962158 274.49247 
-28.831645 [ 1.937 -1.688  0.313] [-0.27 -0.06  0.  ]260.194429 277.0019185 270.5154595 265.46132 269.459081 258.6645705 260.2455265 276.883256 
-28.933764 [ 2.    -2.313  0.313] [-0.39 -0.06 -0.01]259.3537575 277.914954 269.251875 262.521075 272.5952115 261.3900505 259.4139745 277.905543 
-29.035406 [ 2.062 -2.813  0.313] [-0.48 -0.06 -0.01]258.3886875 277.134397 268.105667 259.681568 275.418646 264.267473 258.455928 277.2398655 
-29.1377 [ 2.125 -3.063  0.25 ] [-0.53 -0.05 -0.02]257.3906715 274.918158 267.0708725 257.2109295 277.7188705 267.049128 257.457121 275.111895 
-29.241179 [ 2.125 -3.438  0.25 ] [-0.58 -0.05 -0.02]256.479005 271.6801785 266.1415295 255.3772905 279.2872105 269.4885775 256.536682 271.9343735 
-29.34334 [ 2.125 -3.625  0.25 ] [-0.62 -0.05 -0.02]255.7729835 267.834408 265.3116755 254.4487825 280.0368285 271.423483 255.813768 268.120212 
-29.444682 [  2.12500000e+00   2.04431200e+03   4.38000000e-01] [-0.63 -0.09 -0.01]255.391903 263.7947965 264.575347 254.693536 280.0765905 272.8265975 255.407537 264.0823215 
-29.546074 [ 2.062 -3.5    0.563] [-0.6  -0.11 -0.01]255.45506 259.9752935 263.9249675 256.332045 279.533026 273.6828675 255.437146 260.2336125 
-29.649023 [ 2.062 -3.438  0.5  ] [-0.59 -0.09 -0.01]256.08175 256.7898485 263.338746 259.165534 278.532665 273.9772375 256.021753 256.986996 
-29.752235 [ 2.062 -3.5    0.313] [-0.6  -0.06 -0.02]257.391269 254.6524115 262.787506 262.777367 277.202036 273.6946535 257.280516 254.755383 
-29.854378 [ 2.062 -3.375  0.125] [-0.58 -0.03 -0.02]259.4521465 253.874649 262.242009 266.749045 275.6676695 272.820061 259.29164 253.8696215 
-29.956038 [ 2.062 -3.25   0.   ] [-0.56 -0.01 -0.03]262.112926 254.325003 261.673015 270.6620715 274.0560945 271.3384055 261.916288 254.2256335 
-30.05823 [ -9.062   0.875  14.438] [-0.54  0.08 -0.05]265.1625775 255.7518895 261.051285 274.0979485 272.4930225 269.2363805 264.943989 255.575799 
-30.16108 [ 2.125 -2.625 -1.187] [-0.46  0.18 -0.07]268.3900695 257.903722 260.34758 276.638178 271.055094 266.605563 268.164229 257.672409 
-30.263919 [ 2.187 -2.    -1.812] [-0.35  0.29 -0.1 ]271.584371 260.5289145 259.5326605 277.8642625 269.7428895 263.7001 271.366494 260.2677535 
-30.36546 [ 2.25  -1.188 -2.25 ] [-0.2   0.36 -0.11]274.5344515 263.3758795 258.5881545 277.418608 268.5504465 260.788122 274.3402685 263.1141245 
-30.466982 [ 2.187 -0.688 -2.625] [-0.12  0.43 -0.13]277.029279 266.1930315 257.5871845 275.4563915 267.4718025 258.13776 276.875039 265.9638115 
-30.568465 [ 2.125 -0.25  -3.062] [-0.05  0.5  -0.15]278.857823 268.728784 256.648704 272.389644 266.5009945 256.0171455 278.76029 268.5691055 
-30.670136 [ 2.062  0.187 -3.375] [ 0.03  0.54 -0.16]279.8634005 270.771732 255.89201 268.632316 265.63206 254.6944095 279.8292495 270.7124925 
-30.771523 [ 2.062  0.25  -3.625] [ 0.04  0.59 -0.18]280.115594 272.2777635 255.4363975 264.5983565 264.859037 254.4376825 280.1377705 272.33013 
-30.873209 [ 2.062  0.312 -4.062] [ 0.05  0.66 -0.2 ]279.742861 273.2462925 255.4011635 260.7017155 264.1758005 255.5103285 279.812353 273.4069445 
-30.974716 [ -1.70606200e+03   3.12000000e-01  -4.06200000e+00] [ 0.05  0.66 -0.2 ]278.873659 273.6767345 255.905603 257.356343 263.567399 257.9153015 278.979527 273.927881 
-31.075947 [ 2.062  0.312 -4.062] [ 0.05  0.66 -0.2 ]277.6364445 273.5685055 257.0690125 254.9761885 263.0056755 261.2660165 277.765822 273.877885 
-31.177538 [ 2.062  0.312 -3.937] [ 0.05  0.64 -0.19]276.159675 272.9210205 258.985226 253.9239015 262.46139 265.143976 276.297767 273.2419025 
-31.279205 [ 2.062  0.375 -3.75 ] [ 0.06  0.61 -1.46]274.571808 271.7336945 261.5429075 254.148759 261.9053035 269.130683 274.7018915 272.004879 
-31.380736 [ 2.     0.562 -3.375] [ 0.1   0.55 -0.16]273.001301 270.0059435 264.531667 255.400466 261.3081765 272.8076395 273.1047255 270.1517595 
-31.482325 [ 2.062  0.75  -2.937] [ 0.13  0.48 -0.14]271.805718 268.061581 267.7404735 257.427436 260.64077 275.7563475 271.6148445 267.705863 
-31.58428 [ 2.125  0.75  -2.375] [ 0.13  0.39 -0.11]270.427044 265.2706715 270.9582955 259.9780835 259.873845 277.55831 270.253066 264.8780825 
-31.6862 [ 2.     0.687 -2.062] [ 0.12  0.34 -0.1 ]269.1714415 262.3295775 273.9741025 262.800821 258.979317 277.8015015 269.013434 261.9365345 
-31.788124 [ 1.937  0.75  -1.812] [ 0.13  0.29 -0.08]268.0329085 259.506502 276.576863 265.6440625 257.986754 276.397003 267.889986 259.1493505 
-31.891099 [ 1.875  0.937 -0.312] [ 1.44  0.05 -0.02]267.005444 257.0696475 278.5555465 268.2562215 257.0089625 273.722394 266.876759 256.7846615 
-31.994341 [ 1.812  1.062  0.875] [ 0.18 -0.13  0.03]266.0830455 255.2872175 279.726666 270.406077 256.1652385 270.191624 265.9677905 255.110598 
-32.096379 [ 1.812  0.812  0.563] [ 0.14 -0.1   0.02]265.259712 254.427414 280.11926 272.0195385 255.574878 266.218643 265.1571185 254.395292 
-32.197925 [ 1.812  0.812  0.375] [ 0.14 -0.07  0.01]264.5294415 254.7584405 279.861236 273.0956145 255.357177 262.217401 264.43878 254.9068735 
-32.300349 [ 1.812  0.812  0.375] [ 0.14 -0.07  0.01]263.8841535 256.4869435 279.081051 273.633721 255.6314315 258.601847 263.803521 256.8163875 
-32.403411 [ 1.812  0.687  0.375] [ 0.12 -0.07  0.01]263.3010365 259.3836155 277.907162 273.633273 256.5169375 255.7859315 263.226635 259.839025 
-32.505964 [ 1.875  0.562  0.375] [ 0.09 -0.07  0.01]262.750922 263.0309415 276.4680275 273.093686 258.130126 254.177832 262.678883 263.556307 
-32.607723 [ 1.937  0.25   0.375] [ 0.05 -0.07  0.01]262.2046155 267.010663 274.8921035 272.014375 260.456288 253.921505 262.1310255 267.5497345 
-32.710736 [ 2.125  0.     0.438] [ 0.   -0.08  0.02]261.632922 270.904521 273.3078475 270.394756 263.29794 254.7926625 261.5538235 271.400811 
-32.813987 [ 2.437 -0.688  0.375] [-0.09 -0.07  0.01]261.0066475 274.2942565 272.096749 268.578139 266.444051 256.539718 260.9180375 274.691038 
-32.916892 [ 2.75  -1.688  0.313] [-0.29 -0.06 -1.28]260.2965975 276.7616105 270.692741 265.8494505 269.6835905 258.9110845 260.194429 277.0019185 
-33.018444 [ 2.937 -2.375  0.313] [-0.4  -0.06 -0.01]259.4735775 277.8883245 269.4130045 262.916937 272.8055275 261.6551765 259.3537575 277.914954 
-33.120223 [ 2.937 -2.813  0.25 ] [-0.48 -0.05 -0.01]258.522361 277.3343985 268.251538 260.0488015 275.5988305 264.520407 258.3886875 277.134397 
-33.221952 [ 3.    -3.125  0.25 ] [-0.54 -0.05 -0.02]257.522551 275.2911465 267.2023395 257.513247 277.8524685 267.255189 257.3906715 274.918158 
-33.323502 [ 3.062 -3.5    0.313] [-0.6  -0.06 -0.02]256.5931735 272.170769 266.259408 255.578476 279.358681 269.610356 256.479005 271.6801785 
-33.424896 [ 3.062 -3.688  0.375] [-0.63 -0.07 -0.02]255.8533855 268.3861895 265.4167415 254.512691 280.0474905 271.4386075 255.7729835 267.834408 
-33.527313 [ 3.062 -3.75   0.25 ] [-0.65 -0.06 -0.02]255.4223415 264.3503305 264.6683385 254.5840955 280.0342985 272.729708 255.391903 263.7947965 
-33.628903 [ 3.    -3.625  0.375] [-0.63 -0.07 -0.02]255.4191975 260.4761145 264.007306 256.0344945 279.447563 273.4830725 255.45506 259.9752935 
-33.730361 [ 3.    -3.625  0.313] [-0.62 -0.06 -0.02]255.96311 257.176465 263.4140855 258.7308445 278.415741 273.698116 256.08175 256.7898485 
-33.833115 [ 3.    -3.625  0.25 ] [-0.62 -0.05 -0.02]257.173234 254.864304 262.859706 262.2615005 277.0672895 273.374255 257.391269 254.6524115 
-33.936201 [ 3.  -3.5  0. ] [-0.6  -0.01 -0.03]259.136159 253.8872945 262.3149735 266.2082035 275.5306665 272.5109035 259.4521465 253.874649 
-34.038322 [ 3.062 -3.313 -0.187] [-0.57  0.02 -0.04]261.726459 254.16823 261.750693 270.152695 273.9343285 271.107478 262.112926 254.325003 
-34.139812 [ 3.187 -3.188 -0.687] [-0.55  0.11 -0.06]264.7338445 255.459845 261.13767 273.6767155 272.694493 269.552466 265.1625775 255.7518895 
-34.241669 [ 3.25 -2.75 -1.25] [-0.47  0.2  -0.08]267.9478005 257.514422 260.446711 276.3620065 271.2390955 266.980404 268.3900695 257.903722 
-34.34378 [ 3.187 -2.    -1.875] [-0.34  0.31 -0.1 ]271.157812 260.084243 259.6486205 277.7903095 269.9103705 264.0972365 271.584371 260.5289145 
-34.446956 [ 3.25  -1.188 -2.437] [-0.21  0.39 -0.12]274.1533655 262.921591 258.7202895 277.577457 268.702316 261.1711655 274.5344515 263.3758795 
-34.549394 [ 3.25  -0.75  -2.812] [-0.12  0.46 -0.14]276.723945 265.778749 257.7206915 275.7991805 267.6089305 258.470394 277.029279 266.1930315 
-34.651355 [ 3.125 -0.313 -3.25 ] [-0.05  0.53 -0.16]278.6590365 268.4079985 256.767695 272.861194 266.6242125 256.2631255 278.857823 268.728784 
-34.75419 [ 3.062  0.062 -3.5  ] [ 0.01  0.57 -0.17]279.7830305 270.5857205 255.9804565 269.176421 265.7421605 254.8175615 279.8634005 270.771732 
-34.857464 [ 3.062  0.187 -3.875] [ 0.03  0.63 -0.19]280.138298 272.2387785 255.478131 265.1577845 264.9567725 254.401906 280.115594 272.2777635 
-34.959739 [ 3.062  0.25  -4.187] [ 0.05  0.68 -0.21]279.851193 273.352017 255.379875 261.218206 264.2620095 255.28325 279.742861 273.2462925 
-35.061285 [ 3.062  0.25  -4.25 ] [ 0.04  0.69 -0.21]279.0482475 273.9104025 255.8048435 257.7706095 263.645078 257.528765 278.873659 273.6767345 
-35.163438 [ 3.062  0.25  -4.25 ] [ 0.04  0.69 -0.21]277.8559935 273.8989 256.872193 255.227917 263.0786655 260.77589 277.6364445 273.5685055 
-35.266759 [ 3.062  0.25  -4.062] [ 0.04  0.67 -0.2 ]276.400963 273.302477 258.6866745 253.974188 262.5335775 264.606365 276.159675 272.9210205 
-35.36977 [ 3.062  0.25  -3.875] [ 0.05  0.63 -0.19]274.8096885 272.106099 261.168296 254.0232615 261.980619 268.6019325 274.571808 271.7336945 
-35.471371 [ 3.062  0.437 -3.562] [ 0.07  0.58 -0.17]273.2087015 270.2947325 264.1091055 255.132558 261.3905965 272.344332 273.001301 270.0059435 
-35.573019 [ 3.125  0.625 -2.937] [ 0.1   0.48 -0.14]271.710158 267.8840575 267.2985885 257.05436 260.7343155 275.415306 271.805718 268.061581 
-35.674836 [ 3.187  0.562 -2.437] [ 0.1   0.4  -0.12]270.3400765 265.073783 270.52623 259.5409495 259.982581 277.3965955 270.427044 265.2706715 
-35.776164 [ 3.125  0.562 -2.125] [ 0.1   0.35 -0.1 ]269.092537 262.1318535 273.581516 262.34461 259.1064865 277.871554 269.1714415 262.3295775 
-35.877673 [ 3.     0.562 -1.875] [ 0.09  0.3  -0.09]267.961567 259.3263255 276.2539315 265.217623 258.121611 276.6727795 268.0329085 259.506502 
-35.979233 [ 2.937  0.625 -0.562] [ 0.1   0.12 -0.04]266.941194 256.9252545 278.332962 267.9122715 257.1356755 274.1491265 267.005444 257.0696475 
-36.080935 [ 2.812  0.937  0.625] [ 1.44 -0.11  0.02]266.025446 255.1966975 279.623758 270.1916535 256.267835 270.713518 266.0830455 255.2872175 
-36.182469 [ 2.812  0.937  1.   ] [ 1.44 -0.17  0.04]265.2083495 254.40871 280.1226835 271.9508715 255.6372455 266.7788755 265.259712 254.427414 
-36.283899 [ 2.812  0.937  0.625] [ 1.44 -0.1   0.02]264.483933 254.829349 279.95393 273.1732765 255.363063 262.7581235 264.5294415 254.7584405 
-36.385233 [ 2.812  0.75   0.438] [ 0.13 -0.07  0.02]263.843585 256.648724 279.24403 273.843835 255.564443 259.064183 263.8841535 256.4869435 
-36.489422 [ 2.812  0.687  0.375] [ 0.12 -0.06  0.01]263.263523 259.608718 278.1195155 273.947513 256.3605415 256.1099785 263.3010365 259.3836155 
-36.59149 [ 2.812  0.562  0.375] [ 0.1  -0.06  0.01]262.7145515 263.2913085 276.706918 273.469277 257.869754 254.3069095 262.750922 263.0309415 
-36.692796 [ 2.937  0.187  0.375] [ 0.04 -0.06  0.01]262.1674685 267.278277 275.1327695 272.3940925 260.108756 253.862533 262.2046155 267.010663 
-36.794295 [ 3.062 -0.063  0.438] [-0.01 -0.08  0.01]261.5930715 271.151404 273.5236025 270.7069265 262.891152 254.577467 261.632922 270.904521 
