-0.075657 [ 7.75  -2.375 -9.25 ] [-0.34  1.57  9.67]
-0.179232 [ 7.125 -8.312 -6.937] [-0.14  1.17  9.63]
-0.282534 [  6.375 -10.125  -2.625] [-0.44  0.44  9.64]
-0.387107 [  6.    -11.437   0.438] [-0.67 -0.08  9.61]
-0.489707 [  5.688 -11.75    1.563] [-0.72 -0.26  9.59]
-0.592287 [  5.625 -11.312   1.25 ] [-0.64 -0.21  9.61]
-0.69487 [  5.625 -10.562   1.063] [-0.52 -0.18  9.63]
-0.797716 [ 5.625 -9.687  0.375] [-0.37 -0.06  9.66]
-0.900321 [ 5.625 -8.375 -0.687] [-0.14  0.12  9.7 ]
-1.002783 [ 5.563 -7.5   -1.375] [-1.28  0.24  9.71]
-1.105479 [ 2.437 -6.75  -1.937] [-1.16  0.33  9.73]
-1.208458 [ 5.5   -6.312 -3.062] [-1.08  0.52  9.73]
-1.311065 [ 5.438 -6.062 -5.125] [-1.04  0.88  9.71]
-1.415094 [ 2.687 -5.812 -8.312] [-1.    1.41  9.65]
-1.519107 [  5.063  -5.625 -12.187] [-0.96  2.06  9.53]
-1.621634 [  4.875  -5.375 -16.937] [-0.92  2.84  9.33]
-1.725277 [    3.062  2042.688   -19.125] [-0.91  3.2   9.22]
-1.829294 [  4.813  -5.625 -19.75 ] [-0.96  3.3   9.18]
-1.931905 [  4.688  -6.312 -19.75 ] [-1.07  3.29  9.17]
-2.035725 [  4.75   -6.125 -19.437] [-1.05  3.24  9.19]
-2.13976 [  5.25   -3.812 -18.375] [-0.66  3.08  9.28]
-2.242353 [  5.688  -1.312 -16.875] [-0.23  2.85  9.37]
-2.344925 [  6.125   1.    -15.937] [ 1.45  2.7   9.42]
-2.447788 [  6.5     3.375 -14.562] [ 1.82  2.48  9.47]
-2.550388 [  6.625   4.188 -13.937] [ 1.99  2.35  9.49]
-2.652544 [  7.      5.188 -13.   ] [ 2.16  2.19  9.51]
-2.755082 [  7.25    6.438 -10.75 ] [ 2.38  1.82  9.57]
-2.857668 [ 0.562  7.938 -9.812] [ 1.36  1.65  9.56]
-2.960567 [  7.625  10.063  -8.937] [ 1.72  1.5   9.53]
-3.062868 [  7.813  12.5    -8.812] [ 2.12  1.47  9.45]
-3.166485 [  0.063  14.375  -8.187] [ 2.43  1.36  9.4 ]
-3.270768 [  8.438  15.563  -7.375] [ 3.91  1.22  9.36]
-3.373339 [  8.375  15.938  -7.5  ] [ 3.97  1.24  9.34]
-3.476499 [  0.375  15.813  -7.687] [ 3.96  1.26  9.34]
-3.580656 [  8.125  14.688  -8.125] [ 2.48  1.34  9.38]
-3.683368 [  0.063  13.375  -7.812] [ 2.27  1.29  9.45]
-3.786688 [  7.875  11.813  -7.25 ] [ 2.01  1.21  9.52]
-3.891154 [ 7.     8.    -5.937] [ 1.36  1.01  9.65]
-3.994024 [ 5.813  3.188 -5.   ] [ 1.83  0.85  9.75]
-4.096726 [ 5.25  -1.25  -3.937] [-0.21  0.68  9.78]
-4.199433 [ 4.625 -6.187 -2.812] [-1.06  0.48  9.73]
-4.302067 [  3.75  -12.125  -2.   ] [-0.78  0.34  9.58]
-4.404615 [  4.25  -11.25   -1.125] [-0.64  0.19  9.61]
-4.507481 [  4.25 -11.25  -0.25] [-0.63  0.04  9.61]
-4.609935 [  4.188 -11.25    0.313] [-0.63 -0.06  9.61]
-4.712803 [  4.125 -10.687   0.813] [-0.54 -0.13  9.63]
-4.815509 [  4.125 -10.      0.813] [-0.42 -0.14  9.65]
-4.919111 [ 4.125 -9.062  0.5  ] [-0.26 -0.09  9.68]
-5.022859 [ 4.    -8.187 -0.187] [-0.11  0.03  9.7 ]
-5.125707 [ 4.    -7.562 -1.   ] [-0.01  0.17  9.71]
-5.229195 [ 3.875 -6.625 -1.937] [-1.13  0.33  9.73]
-5.333746 [ 3.875 -6.187 -3.   ] [-1.06  0.51  9.73]
-5.436485 [ 3.75  -5.937 -5.   ] [-1.01  0.85  9.71]
-5.540338 [ 3.625 -5.75  -7.812] [-0.98  1.32  9.66]
-5.644218 [  3.438  -5.562 -11.062] [-0.96  1.87  9.57]
-5.746937 [  3.063  -5.75  -15.375] [-0.99  2.59  9.4 ]
-5.849508 [  2.813  -6.375 -19.812] [-1.09  3.3   9.16]
-5.951818 [  2.563  -6.562 -21.312] [-1.12  3.54  9.07]
-6.054479 [  2.938  -5.312 -21.312] [-0.91  3.55  9.09]
-6.15698 [  3.313  -3.875 -20.937] [-0.67  3.5   9.13]
-6.259694 [  3.875  -1.625 -20.062] [-0.28  3.36  9.2 ]
-6.362241 [  3.625   0.813 -18.687] [ 1.38  3.17  9.27]
-6.465312 [  4.688   2.375 -17.   ] [ 1.68  2.87  9.36]
-6.568026 [  4.813   2.938 -14.625] [ 1.78  2.48  9.47]
-6.672045 [  5.125   3.938 -13.937] [ 0.65  2.37  9.49]
-6.775757 [  5.563   5.    -12.562] [ 2.14  2.13  9.53]
-6.878208 [  5.688   6.563 -10.75 ] [ 2.4   1.81  9.57]
-6.982231 [  5.813   7.875 -10.   ] [ 1.35  1.69  9.56]
-7.085951 [ 5.875  9.938 -9.187] [ 1.69  1.55  9.53]
-7.18848 [  6.125  12.438  -8.375] [ 2.12  1.39  9.47]
-7.292187 [  1.625  14.125  -7.687] [ 2.39  1.27  9.42]
-7.396559 [  6.313  16.125  -7.625] [ 4.01  1.25  9.33]
-7.499153 [  6.25   16.375  -7.812] [ 4.05  1.28  9.31]
-7.601724 [  6.563  15.938  -8.   ] [ 3.97  1.31  9.33]
-7.704187 [  1.125  15.063  -8.125] [ 2.55  1.34  9.37]
-7.807474 [  7.563  13.438  -7.75 ] [ 2.28  1.29  9.44]
-7.910199 [  8.5    11.25   -7.187] [ 1.92  1.2   9.54]
-8.012503 [ 9.563  7.625 -5.812] [ 1.31  0.99  9.66]
-8.11523 [ 9.75   4.063 -2.187] [ 2.02  0.43  9.76]
-8.218187 [ 9.563  1.    -1.687] [ 1.45  0.29  9.8 ]
-8.320961 [ 9.563 -3.937 -0.937] [-0.68  0.16  9.78]
-8.425251 [  9.188 -11.     -0.187] [-1.73  0.04  9.65]
-8.528989 [  1.125 -12.125   0.563] [-0.78 -0.09  9.58]
-8.632093 [  9.063 -11.375   1.438] [-0.65 -0.24  9.61]
-8.737857 [  9.    -11.5     1.688] [-0.67 -0.29  9.6 ]
-8.840333 [  8.875 -11.062   1.813] [-0.61 -0.3   9.61]
-8.944212 [  0.875 -10.437   1.688] [-0.49 -0.29  9.63]
-9.048485 [ 8.875 -9.375  1.   ] [-0.32 -0.17  9.67]
-9.151061 [ 8.813 -8.625  0.063] [-0.19 -0.01  9.69]
-9.253223 [ 8.75  -8.062 -0.5  ] [-0.1   0.09  9.7 ]
-9.356062 [ 8.625 -7.187 -1.562] [-1.23  0.26  9.72]
-9.458833 [ 8.563 -6.437 -2.75 ] [-1.1   0.47  9.73]
-9.561281 [ 8.438 -6.125 -4.812] [-1.05  0.82  9.71]
-9.66371 [ 8.375 -5.937 -7.812] [-1.01  1.33  9.66]
-9.766419 [  8.125  -5.687 -11.562] [-0.97  1.89  9.57]
-9.86946 [  7.875  -5.562 -16.437] [-0.95  2.77  9.35]
-9.972207 [  7.813  -6.    -19.25 ] [-1.03  3.22  9.2 ]
-10.076609 [  7.563  -6.312 -20.625] [-1.08  3.42  9.12]
-10.18005 [  7.688  -5.812 -20.687] [-0.99  3.44  9.12]
-10.282357 [  8.     -4.812 -20.187] [-0.82  4.65  9.16]
-10.386224 [  0.5    -2.75  -19.437] [-0.47  3.26  9.23]
-10.489819 [  9.     -0.062 -18.187] [-0.01  3.06  9.31]
-10.592392 [  9.375   2.063 -16.437] [ 1.63  2.78  9.39]
-10.696252 [  1.5     2.625 -14.312] [ 0.45  2.42  9.49]
-10.800265 [  9.75    3.625 -13.437] [ 1.9   2.28  9.51]
-10.902896 [ 10.125   4.813 -12.625] [ 2.1   2.14  9.53]
-11.005602 [ 10.438   6.125 -10.812] [ 2.33  1.83  9.57]
-11.108461 [ 10.688   7.688  -9.625] [ 1.29  1.64  9.58]
-11.21086 [ 10.813   9.188  -9.   ] [ 1.57  1.52  9.55]
-11.313338 [ 11.063  11.625  -8.312] [ 1.97  1.39  9.5 ]
-11.415942 [ 11.375  13.     -7.562] [ 2.21  1.25  9.47]
-11.518788 [ 11.313  15.     -8.   ] [ 2.51  1.34  9.38]
-11.621536 [ 11.5    15.813  -7.562] [ 3.96  1.24  9.35]
-11.724256 [ 11.5    15.875  -7.687] [ 2.68  1.26  9.34]
-11.828392 [ 11.688  14.813  -7.75 ] [ 2.53  1.28  9.38]
-11.932011 [ 11.875  13.375  -7.5  ] [ 2.27  1.24  9.45]
-12.03455 [ 11.813  11.5    -7.   ] [ 1.96  1.18  9.53]
-12.138717 [ 11.688   8.188  -4.937] [ 1.45  0.89  9.65]
-12.241891 [ 11.625   5.25   -2.437] [ 2.18  0.42  9.75]
-12.344493 [ 11.375   1.563  -1.75 ] [ 1.55  0.3   9.79]
-12.448474 [ 11.     -2.812  -0.875] [-0.49  0.15  9.79]
-12.552338 [ 10.313  -9.062   0.   ] [-0.26  0.    9.68]
-12.6548 [  9.938 -12.562   0.5  ] [-0.85 -0.09  9.57]
-12.757097 [ 10.25  -11.812   1.438] [-0.73 -0.24  9.59]
-12.859679 [ 10.25  -11.812   1.813] [-0.73 -0.31  9.59]
-12.962718 [ 10.125 -11.312   1.875] [-0.65 -0.32  9.6 ]
-13.0657 [ 10.125 -10.75    1.688] [-0.55 -0.28  9.62]
-13.168441 [ 10.125  -9.875   1.063] [-0.41 -0.18  9.65]
-13.271064 [ 10.063  -8.875   0.   ] [-1.52  0.    9.68]
-13.374334 [ 10.     -8.     -0.437] [-0.08  0.07  9.71]
-13.477191 [ 1.938 -7.187 -1.25 ] [-1.23  0.21  9.72]
-13.581219 [ 9.875 -6.812 -2.437] [-1.17  0.39  9.72]
-13.684938 [ 9.75  -6.312 -4.687] [-1.08  0.8   9.71]
-13.787817 [ 9.688 -6.125 -7.437] [-1.04  1.26  9.66]
-13.891959 [  9.5    -6.    -10.375] [-1.03  1.71  9.6 ]
-13.995123 [  9.25   -6.125 -14.062] [-1.05  2.37  9.45]
-14.097851 [  9.     -6.687 -18.5  ] [-1.15  3.09  9.23]
-14.202173 [  8.813  -7.125 -19.75 ] [-1.21  3.28  9.15]
-14.305858 [  8.813  -7.    -19.687] [-1.19  3.28  7.88]
-14.408507 [  9.125  -5.687 -19.187] [-0.97  3.21  9.21]
-14.511209 [  9.563  -3.437 -18.187] [-0.59  3.05  9.29]
-14.614613 [ 10.063  -0.75  -16.687] [-0.13  2.81  9.39]
-14.717207 [ 10.438   1.5   -15.187] [ 1.54  2.57  9.45]
-14.819765 [ 10.813   3.688 -14.062] [ 1.91  2.37  9.49]
-14.922849 [ 10.875   4.438 -12.875] [ 2.03  2.19  9.52]
-15.025947 [ 11.313   5.125 -12.062] [ 2.16  2.04  9.55]
-15.128553 [ 11.813   6.438 -10.125] [ 1.1   1.72  9.59]
-15.232723 [ 11.938   7.625  -9.187] [ 1.29  1.56  9.59]
-15.336579 [ 12.063   8.938  -8.875] [ 1.53  1.49  9.56]
-15.439263 [ 12.125  11.25   -8.5  ] [ 1.91  1.43  9.51]
-15.543475 [ 12.25   12.938  -9.   ] [ 2.17  1.49  9.44]
-15.647041 [ 12.75  14.25  -7.75] [ 2.42  1.28  9.41]
-15.749623 [ 13.25   15.375  -6.25 ] [ 3.89  1.02  9.39]
-15.854049 [ 13.125  15.625  -6.5  ] [ 3.93  1.07  9.37]
-15.957666 [ 13.063  14.875  -6.75 ] [ 2.51  1.12  9.41]
-16.060231 [ 12.938  13.5    -6.5  ] [ 2.29  1.08  9.47]
-16.162798 [ 12.375  11.563  -6.187] [ 1.97  1.04  9.54]
-16.266099 [ 11.375   7.813  -5.187] [ 1.33  0.88  9.67]
-16.36895 [ 10.438   3.063  -4.062] [ 1.81  0.69  9.76]
-16.471717 [ 9.938 -1.5   -3.187] [-0.26  0.55  9.78]
-16.57445 [ 9.438 -6.437 -2.062] [-1.1   0.36  9.73]
-16.677753 [  8.375 -12.25   -1.062] [-0.8   0.18  9.58]
-16.780322 [  8.813 -11.375  -0.25 ] [-0.65  0.04  9.61]
-16.884469 [  8.75  -11.562   0.375] [-0.68 -0.06  9.6 ]
-16.988043 [  8.688 -11.5     1.063] [-0.68 -0.18  9.6 ]
-17.090495 [  8.625 -11.125   1.563] [-0.62 -0.27  9.61]
-17.194524 [  8.563 -10.437   1.625] [-1.77 -0.28  9.64]
-17.298263 [  8.563 -10.312   1.25 ] [-0.47 -0.21  9.64]
-17.400703 [ 8.438 -9.625  0.688] [-0.36 -0.12  9.66]
-17.504545 [ 0.313 -8.5   -0.125] [-0.17  0.02  9.69]
-17.60914 [ 8.25  -7.625 -1.   ] [-0.03  0.17  9.71]
-17.711662 [ 8.188 -7.062 -2.062] [-1.21  0.35  9.72]
-17.81416 [ 8.063 -6.625 -4.   ] [-1.13  0.68  9.71]
-17.916888 [ 7.938 -6.437 -7.062] [-1.1   1.14  9.67]
-18.01947 [  7.75   -6.25  -10.125] [-1.07  1.71  9.59]
-18.122059 [  7.5    -6.312 -14.25 ] [-1.08  2.4   9.44]
-18.224499 [  7.125  -7.187 -18.937] [-1.23  3.15  9.2 ]
-18.327381 [  6.938  -7.437 -20.062] [-1.28  3.34  9.13]
-18.430379 [  7.125  -6.75  -19.687] [-1.15  3.28  9.16]
-18.533108 [  7.438  -5.437 -19.062] [-0.93  3.19  9.22]
-18.637553 [  7.875  -3.062 -17.937] [-0.56  3.03  9.3 ]
-18.740865 [  8.313  -0.812 -16.625] [-0.14  2.81  9.39]
-18.843588 [  8.625   1.188 -15.437] [ 1.48  2.61  9.45]
-18.948002 [  8.875   2.875 -14.062] [ 1.76  2.4   9.49]
-19.051703 [  9.063   3.688 -13.25 ] [ 1.92  2.25  9.52]
-19.155332 [  9.375   4.75  -12.5  ] [ 2.09  2.12  9.53]
-19.259486 [  9.688   6.313 -10.437] [ 1.05  1.78  9.58]
-19.362641 [ 9.813  7.563 -9.562] [ 1.29  1.62  9.58]
-19.465548 [ 9.875  9.    -9.25 ] [ 1.53  1.56  9.55]
-19.568236 [  9.813  11.063  -9.312] [ 1.88  1.56  9.49]
-19.670838 [  9.75  12.5  -10.25] [ 2.12  1.71  9.41]
-19.77339 [ 10.     13.625  -9.062] [ 2.31  1.5   9.41]
-19.876014 [ 10.188  14.563  -7.875] [ 2.47  1.31  9.39]
-19.978573 [ 10.438  15.313  -6.437] [ 3.87  1.06  9.39]
-20.081444 [ 10.     15.     -6.812] [ 2.54  1.13  9.4 ]
-20.184055 [  9.75   13.875  -6.562] [ 2.35  1.09  9.45]
-20.287478 [  9.438  11.813  -6.062] [ 2.01  1.01  9.54]
-20.391492 [ 9.     7.75  -5.062] [ 1.32  0.86  9.67]
-20.494224 [ 8.438  2.938 -4.   ] [ 1.79  0.69  9.76]
-20.597938 [ 7.938 -1.687 -3.062] [-0.29  0.53  9.78]
-20.702112 [ 7.188 -7.625 -1.875] [-0.02  0.32  9.71]
-20.8047 [  6.25  -12.312  -1.187] [-0.81  0.2   9.57]
-20.908268 [  6.063 -11.625  -0.312] [-0.7   0.05  9.6 ]
-21.01241 [  6.   -11.75   0.5 ] [-0.72 -0.08  9.59]
-21.11516 [  5.938 -11.75    1.   ] [-0.71 -0.17  9.59]
-21.217756 [  5.75  -11.375   1.313] [-0.65 -0.22  9.61]
-21.320531 [  5.75  -10.75    9.438] [-0.54 -0.24  9.63]
-21.423198 [ 5.75  -9.75   1.188] [-0.38 -0.2   9.66]
-21.525776 [ 5.688 -8.875  0.063] [-0.23 -0.01  9.68]
-21.628509 [ 5.625 -8.187 -0.75 ] [-0.12  0.12  9.7 ]
-21.730947 [ 5.563 -7.437 -1.625] [-1.27  0.27  9.71]
-21.833814 [ 5.5  -6.75 -3.25] [-1.16  0.56  9.72]
-21.936271 [ 2.625 -6.375 -5.5  ] [-1.09  0.94  9.69]
-22.04029 [ 5.25  -6.125 -8.25 ] [-1.05  1.4   9.64]
-22.144458 [  5.125  -5.937 -11.437] [-1.02  1.94  9.55]
-22.247006 [  4.938  -5.75  -15.5  ] [-0.98  2.61  9.4 ]
-22.350726 [  4.813  -6.    -17.875] [-1.02  2.99  9.28]
-22.454868 [  4.688  -6.5   -18.5  ] [-1.11  3.09  9.23]
-22.557481 [  4.563  -7.062 -18.5  ] [-1.21  3.09  9.22]
-22.661068 [  4.625  -7.062 -18.125] [-1.21  3.03  9.24]
-22.764936 [  4.938  -5.437 -17.437] [-0.93  2.92  9.31]
-22.868201 [  5.438  -3.    -16.5  ] [-0.52  2.78  9.38]
-22.970799 [  5.813  -0.312 -15.625] [-0.05  2.64  9.44]
-23.073211 [  6.375   2.375 -14.812] [ 1.64  2.52  9.46]
-23.175975 [  6.75    3.625 -13.875] [ 1.9   2.34  9.5 ]
-23.278561 [  7.125   4.563 -12.875] [ 2.06  0.9   9.52]
-23.381214 [  7.5     5.625 -11.187] [ 2.25  1.89  9.57]
-23.483922 [  7.688   7.313 -10.062] [-0.67 -0.01 -0.01]
-23.587012 [ 7.813  8.625 -9.687] [ 1.48  1.63  9.55]
-23.689734 [  7.875  10.75   -9.625] [ 1.83  1.61  9.49]
-23.794059 [  7.875  11.625  -9.562] [ 1.97  1.59  9.47]
-23.89792 [  7.75   12.625 -10.375] [ 2.14  1.72  9.41]
-24.001093 [  7.938  13.563  -9.562] [ 2.3   1.59  9.39]
-24.105527 [  8.188  14.438  -8.062] [ 2.43  1.36  9.4 ]
-24.208335 [  8.625  14.688  -6.687] [ 2.48  1.11  9.42]
-24.312108 [  8.813  14.     -6.875] [ 2.38  1.14  9.44]
-24.416845 [  9.438  12.188  -6.5  ] [ 2.07  1.08  9.52]
-24.519289 [ 11.063   8.438  -5.25 ] [ 1.44  0.89  9.65]
-24.62176 [ 12.5     3.438  -3.937] [ 1.87  0.67  9.76]
-24.724313 [ -2.03550000e+03  -2.50000000e-01  -1.43700000e+00] [-0.04  0.25  9.8 ]
-24.826616 [ 12.188  -3.312   0.   ] [-0.52  0.02  9.79]
-24.929347 [ 11.875  -7.25    0.688] [-1.24 -0.12  9.72]
-25.031932 [ 11.375 -12.937   1.125] [-0.91 -0.19  9.55]
-25.134587 [ 10.875 -12.062   1.875] [-0.77 -0.31  9.58]
-25.237668 [ 10.813 -12.125   2.188] [-0.78 -0.36  9.57]
-25.340103 [ 10.688 -11.687   2.188] [-0.71 -0.37  9.59]
-25.443122 [  2.75  -11.      1.938] [-1.87 -0.33  9.61]
-25.547551 [ 10.688  -9.5     1.438] [-0.34 -0.24  9.66]
-25.65029 [ 2.563 -8.437  0.688] [-0.16 -0.12  9.69]
-25.753717 [ 10.563  -7.687  -0.062] [-0.03  0.01  9.71]
-25.858314 [ 10.5    -7.437  -1.125] [-1.27  0.2   9.72]
-25.960916 [ 10.438  -6.75   -2.25 ] [-1.15  0.38  9.73]
-26.064486 [ 10.375  -6.5    -4.25 ] [-1.11  0.72  9.71]
-26.168933 [ 10.25   -6.312  -7.375] [-1.08  1.25  9.66]
-26.271375 [ 10.063  -6.25  -10.187] [-1.06  1.72  9.59]
-26.373942 [  9.875  -6.125 -13.687] [-1.05  2.3   9.47]
-26.476714 [  9.813  -6.062 -18.125] [-1.03  3.03  9.26]
-26.579553 [  9.75   -6.375 -19.25 ] [-1.09  3.21  9.19]
-26.682023 [  9.625  -7.125 -18.625] [-1.22  3.11  9.21]
-26.784473 [  9.813  -6.687 -17.937] [-1.14  3.    9.26]
-26.887162 [  2.125  -5.187 -17.125] [-0.89  2.88  9.33]
-26.990311 [ 10.563  -2.625 -16.312] [-0.45  2.75  9.4 ]
-27.09293 [ 11.      0.125 -15.375] [ 1.3   2.6   9.45]
-27.196941 [  3.313   2.313 -14.25 ] [ 1.67  2.41  9.49]
-27.300506 [ 11.5     3.125 -13.375] [ 1.81  2.27  9.52]
-27.402801 [ 11.75    4.188 -12.687] [ 2.    2.15  9.54]
-27.506519 [ 12.      5.75  -10.562] [ 2.26  1.79  9.59]
-27.610534 [ 12.125   7.125  -9.562] [ 2.5   1.62  9.59]
-27.71313 [ 12.25    8.563  -9.187] [ 1.46  1.55  9.57]
-27.815998 [ 12.25   10.75   -9.375] [ 1.83  1.57  9.5 ]
-27.920289 [ 12.125  12.313 -10.   ] [ 2.07  1.68  9.43]
-28.023447 [ 12.25   13.125  -9.125] [ 2.22  1.52  9.42]
-28.126302 [ 12.375  14.     -8.125] [ 2.37  1.35  9.41]
-28.228575 [ 12.625  14.688  -6.937] [ 2.49  1.14  9.41]
-28.331932 [ 12.688  14.875  -6.375] [ 2.51  1.05  9.41]
-28.434593 [ 12.75   13.75   -6.375] [ 2.33  1.06  9.46]
-28.537237 [ 13.     12.125 -14.187] [ 2.05  1.03  9.53]
-28.639656 [ 13.563   8.625  -5.187] [ 1.47  0.88  9.65]
-28.742521 [ 14.25    3.188  -3.875] [ 1.82  0.67  9.76]
-28.845133 [ 14.25   -1.562  -2.937] [-0.27  0.5   9.78]
-28.949155 [ 6.    -6.437 -1.875] [-1.1   0.32  9.73]
-29.053018 [ 13.5   -13.437  -1.   ] [-1.    0.16  9.53]
-29.155714 [ 13.375 -12.75   -0.062] [-0.88  0.01  9.56]
-29.259744 [ 13.375 -12.5     0.688] [-0.84 -0.11  9.57]
-29.363615 [ 13.313 -12.5     1.188] [-0.85 -0.2   9.57]
-29.466334 [ 13.125 -12.062   1.5  ] [-0.77 -0.25  9.58]
-29.569931 [ 13.063 -11.375   1.5  ] [-0.66 -0.25  9.6 ]
-29.67406 [ 13.125 -11.062   1.125] [-0.6  -0.19  9.62]
-29.776777 [ 13.    -10.562   0.688] [-0.52 -0.11  9.63]
-29.879401 [ 12.938  -9.687  -0.25 ] [-0.38  0.04  9.66]
-29.981861 [ 12.875  -9.187  -1.437] [-0.29  0.25  9.67]
-30.084704 [ 12.75   -8.312  -3.25 ] [-0.14  0.55  9.68]
-30.187142 [ 12.688  -7.75   -5.125] [-0.04  0.86  9.67]
-30.290018 [ 12.563  -7.562  -7.812] [-0.01  1.32  9.63]
-30.392883 [ 12.438  -7.312 -10.937] [-1.25  1.79  9.55]
-30.495738 [ 12.25   -7.312 -14.687] [-1.25  2.47  9.4 ]
-30.598745 [ 12.25   -7.375 -17.875] [-1.26  2.98  9.25]
-30.703204 [ 12.     -8.125 -18.75 ] [-1.37  3.12  9.19]
-30.806503 [  3.875  -8.937 -18.75 ] [-0.25  3.11  9.17]
-30.909969 [ 12.     -8.375 -18.125] [-0.14  3.02  9.21]
-31.014547 [ 12.438  -6.25  -17.562] [-1.07  2.94  9.29]
-31.117415 [ 12.938  -3.562 -16.562] [-0.61  2.79  9.37]
-31.220697 [ 13.313  -1.125 -15.75 ] [-0.2   2.66  9.43]
-31.325256 [ 13.938   1.688 -14.75 ] [ 1.57  2.5   9.47]
-31.428001 [ 14.313   3.063 -13.687] [ 1.81  2.31  9.51]
-31.530546 [ 14.625   3.938 -12.562] [ 1.95  2.13  9.54]
-31.632929 [ 14.875   5.125 -10.562] [ 2.15  1.79  9.6 ]
-31.735635 [ 15.     6.75  -9.75] [ 2.43  1.65  9.59]
-31.838085 [ 15.063   8.25   -9.437] [ 1.41  1.6   9.57]
-31.940774 [ 15.125  10.188  -9.187] [ 1.73  1.55  9.52]
-32.043106 [ 15.188  11.063  -9.062] [ 1.88  1.51  9.5 ]
-32.146122 [ 15.063  12.25   -9.75 ] [ 2.08  1.62  9.44]
-32.248545 [  7.188  13.313  -8.75 ] [ 2.25  1.45  9.43]
-32.352078 [ 15.563  13.875  -7.375] [ 2.36  1.22  9.43]
-32.456292 [ 15.688  14.     -6.625] [ 2.37  1.1   9.44]
-32.559727 [ 15.625  12.938  -6.562] [ 2.19  1.1   9.49]
-32.663596 [  7.5    11.25   -6.125] [ 1.91  1.03  9.56]
-32.767353 [ 15.188   7.688  -5.187] [ 1.31  0.88  9.67]
-32.869774 [ 6.625  2.75  -4.25 ] [ 1.76  0.72  9.76]
-32.973357 [ 14.25  -2.    -3.25] [-0.34  0.56  9.78]
-33.077498 [ 13.813  -8.312  -1.875] [-0.13  0.32  9.69]
-33.179951 [ 13.313 -12.687  -1.25 ] [-0.87  0.21  9.56]
-33.282272 [ 13.063 -12.25   -0.437] [-0.8   0.07  9.58]
-33.384967 [ 12.938 -12.5     0.313] [-0.85 -0.05  9.57]
-33.487714 [ 12.875 -12.437   0.938] [-0.83 -0.15  9.57]
-33.590308 [ 12.75  -11.937   1.313] [-0.75 -0.22  9.59]
-33.693011 [ 12.75  -11.25    1.438] [-0.63 -0.24  9.61]
-33.795611 [  4.688 -10.375   1.188] [-0.49 -0.2   9.64]
-33.898627 [ 12.625 -10.125   0.188] [-0.44 -0.04  9.65]
-34.001339 [ 4.563 -9.25  -0.5  ] [-0.3   0.08  9.67]
-34.105078 [ 4.5   -8.437 -1.437] [-0.16  0.24  9.69]
-34.208874 [ 12.438  -7.875  -3.   ] [-0.06  0.51  9.69]
-34.311382 [ 4.313 -7.437 -5.25 ] [-1.27  0.89  9.68]
-34.415226 [ 4.25  -7.25  -8.312] [-1.24  1.41  9.62]
-34.519243 [ 12.     -6.875 -12.5  ] [-1.18  2.11  9.5 ]
-34.621708 [  3.875  -6.687 -17.375] [-1.15  2.9   9.29]
-34.725428 [-6.125 -0.062 -0.062] [-1.17  3.1   9.22]
-34.829025 [ 11.688  -7.312 -19.062] [-1.25  3.18  9.19]
-34.93171 [ 11.563  -8.    -19.125] [-0.08  3.18  9.17]
-35.034179 [ 11.688  -7.437 -18.75 ] [-1.27  3.13  9.2 ]
-35.136854 [ 12.     -6.    -17.937] [-1.02  3.    9.27]
-35.240341 [ 12.438  -3.562 -17.   ] [-0.61  2.87  9.35]
-35.343345 [ 12.875  -1.    -15.875] [-0.17  2.68  9.42]
-35.446095 [ 13.25    1.188 -15.   ] [ 1.48  2.54  9.46]
-35.548971 [ 13.625   2.75  -14.062] [ 0.45  2.4   9.49]
-35.651984 [ 14.063   3.75  -13.125] [ 1.92  2.22  9.52]
-35.755425 [ 14.313   4.938 -11.25 ] [ 2.13  1.91  9.58]
-35.859725 [ 14.5     6.375 -10.375] [ 2.37  1.76  9.58]
-35.962437 [ 14.5     7.688 -10.187] [ 1.32  1.72  9.56]
-36.065864 [ 14.563   9.813 -10.   ] [ 1.68  1.68  9.51]
-36.170068 [ 14.563  10.563 -10.125] [ 1.8   1.69  9.48]
-36.272476 [ 14.438  11.375 -11.375] [ 1.94  1.89  9.42]
-36.375485 [ 14.563  12.063 -10.562] [ 2.05  1.76  9.42]
-36.480233 [ 14.75   12.563  -9.5  ] [ 2.13  1.59  9.43]
-36.583498 [ 15.     12.313  -8.187] [ 2.09  1.36  9.48]
-36.685974 [ 15.25   12.     -6.687] [ 2.04  1.11  9.52]
-36.788283 [ 15.438  11.5    -5.312] [ 1.96  0.89  9.56]
-36.890966 [ 15.188   8.688  -4.437] [ 1.48  0.75  9.66]
-36.993873 [ 14.813   4.125  -3.437] [ 1.99  0.59  9.76]
-37.096868 [ 14.375  -0.562  -2.437] [-0.1   0.42  9.79]
