The flat matrix is [[ -8.44000000e+02  -4.93700000e+00   1.01343800e+03]
 [ -1.60000000e-01  -3.25220000e+02   8.20000000e+00]] 
-0.078903 [  8.57375000e+02   6.87000000e-01  -1.02950000e+03] [  -0.57  327.92    1.19]290.5865025 270.561418 271.8230805 277.1944775 282.372354 272.683428 290.588691 270.2752655 
-0.180548 [  855.938    -1.125 -1031.688] [  -0.87  328.27    1.05]290.603337 274.7245895 274.1987285 274.6228825 279.094631 269.7976495 290.5984455 274.456802 
-0.282628 [  8.54500000e+02   6.20000000e-02  -1.03112500e+03] [  -0.68  328.19    1.1 ]290.77811 278.4478495 276.7311705 271.112263 275.820638 267.314179 290.7595765 278.2196665 
-0.384157 [  855.        1.812 -1029.75 ] [  -0.4   327.96    1.19]291.1822415 281.452694 279.313336 267.089038 272.732374 265.4715705 291.1491385 281.2768485 
-0.48649 [  855.5       2.625 -1030.   ] [ -2.40000000e-01   3.28010000e+02   1.19000000e+00]291.737538 283.68506 281.838155 262.979625 270.0118395 264.508377 291.6983685 283.5601365 
-0.588104 [  856.063     2.812 -1029.563] [ -2.00000000e-01   3.27940000e+02   1.21000000e+00]292.314467 285.167907 284.1985565 259.210443 267.8404215 264.6615065 292.277881 285.092282 
-0.690645 [  848.688     3.062 -1029.188] [ -1.60000000e-01   3.27880000e+02   1.23000000e+00]292.783447 285.9242635 286.2874695 256.207909 266.3278405 265.9751455 292.7580935 285.896335 
-0.794323 [  857.125     3.562 -1028.938] [ -8.00000000e-02   3.27840000e+02   1.24000000e+00]293.0148995 285.9771585 287.997824 254.3984425 265.445898 268.1225925 293.009422 285.9953435 
-0.89667 [  857.313     3.875 -1028.75 ] [ -2.00000000e-02   3.27810000e+02   1.25000000e+00]292.8792435 285.3496195 289.2333235 254.169388 265.150723 270.7350075 292.902284 285.412357 
-0.998606 [  857.563     4.    -1027.875] [ -1.00000000e-02   3.27660000e+02   1.29000000e+00]292.2468995 284.0646755 290.0170485 255.475169 265.3984455 273.4435485 292.3070965 284.1704245 
-1.100367 [  857.625     4.25  -1027.438] [  5.00000000e-02   3.27600000e+02   1.31000000e+00]290.988287 282.145355 290.446399 258.0006935 266.1451955 275.8793755 291.0942755 282.292595 
-1.203164 [  857.75      4.625 -1026.688] [  1.10000000e-01   3.27460000e+02   1.34000000e+00]289.0125305 279.6414595 290.619896 261.426796 267.3471025 277.6736465 289.165018 279.8232055 
-1.306368 [  849.813     5.187 -1026.125] [   1.46  327.38    1.36]286.4338855 276.744691 290.6360615 265.4343135 268.9602965 278.457521 286.6209035 276.945188 
-1.408846 [  857.5       6.    -1026.375] [   1.62  327.42    1.35]283.4343065 273.6935825 290.5934185 269.704081 270.9407075 277.864671 283.643719 273.896949 
-1.510823 [  856.813     5.937 -1026.75 ] [   1.61  327.47    1.34]280.1957915 270.7266955 290.5904875 273.916935 273.223658 275.7880825 280.4154645 270.917043 
-1.613642 [  846.813     4.812 -1027.188] [  1.30000000e-01   3.27550000e+02   1.32000000e+00]276.900338 268.082593 290.7257915 277.7537105 275.7062305 272.601903 277.11814 268.244023 
-1.717117 [  851.563     3.312 -1027.125] [ -1.10000000e-01   3.27550000e+02   1.32000000e+00]273.7299435 265.9998375 291.085181 280.914252 278.2813555 268.73255 273.933744 266.116443 
-1.819438 [  850.563     2.625 -1026.875] [ -2.40000000e-01   3.27500000e+02   1.32000000e+00]270.8666055 264.71699 291.6206015 283.299285 280.8419615 264.606442 271.044278 264.772857 
-1.920817 [  850.438    -5.813 -1026.688] [ -3.10000000e-01   3.27470000e+02   1.33000000e+00]268.492321 264.472614 292.2035705 284.930194 283.2809785 260.6499975 268.6317405 264.4518185 
-2.022605 [  850.313     1.625 -1026.438] [  -0.4   327.42    1.33]266.759776 265.42644 292.704507 285.8300065 285.4913355 257.289634 266.8547395 265.3289775 
-2.124322 [  850.25      1.125 -1026.25 ] [  -0.49  327.39    1.34]265.672468 267.3369865 292.993831 286.021751 287.365962 254.9517705 265.725806 267.1871625 
-2.226139 [  8.50250000e+02   7.50000000e-01  -1.02618800e+03] [  -0.55  327.37    1.33]265.186551 269.835451 292.941963 285.5284565 288.7985395 254.0600965 265.2011885 269.657851 
-2.32808 [  8.50188000e+02   3.75000000e-01  -1.02612500e+03] [  -0.61  327.36    1.33]265.2581615 272.552979 292.419323 284.3731515 289.751601 254.7886145 265.2370165 272.372203 
-2.430238 [  8.50125000e+02  -6.30000000e-02  -1.02606300e+03] [  -0.7   327.36    1.33]265.843434 275.120716 291.296331 282.578864 290.3108785 256.864541 265.78942 274.961376 
-2.531954 [  8.50063000e+02  -3.13000000e-01  -1.02606300e+03] [  -0.74  327.35    1.32]266.898505 277.169808 289.461732 280.181299 290.574894 259.968712 266.8145285 277.0565305 
-2.633358 [  8.50063000e+02  -4.38000000e-01  -1.02606300e+03] [  -0.76  327.35    1.32]268.3795095 278.331401 286.989113 277.344026 290.6421695 263.7819635 268.268472 278.2888245 
-2.736588 [  8.50063000e+02  -5.00000000e-01  -1.02625000e+03] [  -0.77  327.38    1.31]270.2425825 278.2366395 284.059161 274.3047 290.6112275 267.9851305 270.107381 278.289417 
-2.838437 [  8.50063000e+02  -5.63000000e-01  -1.02662500e+03] [  -0.78  327.44    1.3 ]272.435293 276.6244405 280.8538735 271.301884 290.580589 272.2590495 272.280527 276.7757485 
-2.940037 [  8.50125000e+02  -4.38000000e-01  -1.02700000e+03] [  -0.76  327.51    1.28]274.8633285 273.7605145 277.555248 268.57414 290.648776 276.284556 274.6960995 273.982235 
-3.041654 [  8.50313000e+02  -2.50000000e-01  -1.02756300e+03] [  -0.73  327.6     1.26]277.419601 270.071285 274.3452815 266.3600295 290.913352 279.743925 277.247052 270.334981 
-3.143671 [  8.50500000e+02   6.20000000e-02  -1.02800000e+03] [  -0.68  327.67    1.25]279.9970205 265.9832155 271.4059725 264.898116 291.393471 282.4370565 279.826314 266.260405 
-3.246886 [  8.45250000e+02   3.12000000e-01  -1.02862500e+03] [  -0.63  327.78    1.23]282.4884945 261.9227685 268.919318 264.426961 291.9729705 284.3668515 282.326815 262.184925 
-3.34995 [  8.51000000e+02   9.37000000e-01  -1.02937500e+03] [  -0.53  327.91    1.2 ]284.786933 258.316407 267.053265 265.1473405 292.522269 285.556339 284.641484 258.534959 
-3.452039 [  850.938     2.812 -1030.188] [ -2.00000000e-01   3.28040000e+02   1.18000000e+00]286.785244 255.590594 265.8404145 266.8960405 292.911788 286.0285475 286.6632515 255.736925 
-3.55382 [  850.875     2.875 -1030.375] [ -1.90000000e-01   3.28070000e+02   1.17000000e+00]288.376337 254.171793 265.2377285 269.3064295 293.0119465 285.8065055 288.2850455 254.217242 
-3.656553 [  850.75      2.937 -1030.625] [ -1.80000000e-01   3.28110000e+02   1.16000000e+00]289.4822045 254.3810135 265.2013425 272.0096535 292.693165 284.913241 289.4231475 254.317645 
-3.760027 [  850.75      2.937 -1030.813] [ -1.80000000e-01   3.28140000e+02   1.15000000e+00]290.1613965 256.044135 265.687392 274.636857 291.825863 283.371783 290.128116 255.892908 
-3.862309 [  850.75      2.937 -1031.063] [ -1.80000000e-01   3.28190000e+02   1.13000000e+00]290.512505 258.841847 266.6520125 276.8191865 290.2819585 281.2061955 290.498414 258.624081 
-3.963896 [  845.312     2.937 -1031.25 ] [ -1.80000000e-01   3.28220000e+02   1.12000000e+00]290.6341295 262.454819 268.0513395 278.187787 288.0432325 278.516541 290.632563 262.1919995 
-4.066618 [  850.688     2.937 -1031.375] [ -1.80000000e-01   3.28240000e+02   1.12000000e+00]290.6248675 266.5637205 269.841508 278.373805 285.274374 275.529409 290.629085 266.2775 
-4.170026 [  850.563     3.125 -1031.563] [ -1.50000000e-01   3.28270000e+02   1.11000000e+00]290.5833175 270.849222 271.974498 277.0606605 282.157381 272.4833615 290.5865025 270.561418 
-4.27264 [  850.438     3.625 -1031.625] [ -6.00000000e-02   3.28280000e+02   1.11000000e+00]290.6080775 274.991993 274.3640355 274.412971 278.874251 269.616961 290.603337 274.7245895 
-4.374267 [  850.313     4.062 -1031.438] [  1.00000000e-02   3.28260000e+02   1.12000000e+00]290.7977465 278.6727035 276.903228 270.854685 275.606981 267.1687695 290.77811 278.4478495 
-4.475817 [  850.375     4.562 -1031.313] [  9.00000000e-02   3.28230000e+02   1.13000000e+00]291.217234 281.6225975 279.484985 266.8122665 272.5375695 265.37735 291.1822415 281.452694 
-4.577439 [  850.438     4.937 -1031.063] [   1.44  328.19    1.14]291.7794995 283.8010325 282.0022155 262.7121775 269.8480135 264.481264 291.737538 283.68506 
-4.679753 [  850.313     5.125 -1030.688] [   1.47  328.13    1.16]292.3546805 285.2316525 284.3478285 258.980882 267.7190765 264.7157565 292.314467 285.167907 
-4.781986 [  850.375     5.25  -1030.438] [   1.49  328.08    1.17]292.8129125 285.938104 286.4147325 256.0448425 266.2498785 266.096502 292.783447 285.9242635 
-4.883771 [  850.375     5.312 -1030.063] [   1.5   328.03    1.19]293.02433 285.9440345 288.0958365 254.330522 265.4083905 268.286478 293.0148995 285.9771585 
-4.985417 [  850.25     5.75 -1028.25] [  3.00000000e-01   3.27730000e+02   1.27000000e+00]292.8590685 285.2730905 289.29832 254.212641 265.1507485 270.9168305 292.8792435 285.3496195 
-5.086919 [  850.375     6.25  -1027.188] [   1.67  327.55    1.32]292.1872625 283.9489205 290.05496 255.610525 265.4330875 273.6187045 292.2468995 284.0646755 
-5.188851 [  850.375     6.437 -1027.5  ] [   1.7  327.6    1.3]290.879048 281.9951705 290.4637975 258.2068655 266.211543 276.023246 290.988287 282.145355 
-5.292516 [  850.375     6.562 -1027.563] [   0.44  327.61    1.3 ]288.852652 279.4681625 290.6234305 261.6823315 267.442251 277.761601 289.0125305 279.6414595 
-5.395028 [  850.375     6.562 -1027.563] [   1.72  327.61    1.3 ]286.234699 276.5658065 290.632458 265.7175935 269.081347 278.4649145 286.4338855 276.744691 
-5.496893 [  850.375     6.5   -1027.5  ] [   1.71  327.6     1.3 ]283.208249 273.524355 290.5894775 269.9933215 271.0845755 277.769242 283.4343065 273.6935825 
-5.600516 [  845.687     6.25  -1027.563] [   1.66  327.61    1.3 ]279.956363 270.5800615 290.593088 274.190185 273.3842645 275.6052 280.1957915 270.7266955 
-5.703634 [  850.063     5.125 -1027.75 ] [   1.48  327.64    1.3 ]276.662102 267.9691795 290.7418875 277.988854 275.876446 272.359977 276.900338 268.082593 
-5.805426 [  849.688     3.437 -1027.625] [ -9.00000000e-02   3.27620000e+02   1.30000000e+00]273.508527 265.9279625 291.117759 281.0950915 278.4540285 268.460036 273.7299435 265.9998375 
-5.907147 [  846.25      2.875 -1027.313] [ -1.90000000e-01   3.27570000e+02   1.31000000e+00]270.678698 264.692663 291.6618575 283.4259275 281.0099205 264.33184 270.8666055 264.71699 
-6.010238 [  849.5       2.375 -1027.   ] [ -2.80000000e-01   3.27520000e+02   1.32000000e+00]268.3556765 264.499535 292.2448445 285.0042185 283.4370315 260.4018515 268.492321 264.472614 
-6.113116 [  849.25     1.75 -1026.75] [  -0.37  327.48    1.32]266.68556 265.4893405 292.7368555 285.853612 285.62827 257.096534 266.759776 265.42644 
-6.215474 [  849.188     1.312 -1026.5  ] [  -0.47  327.43    1.33]265.6605575 267.405286 293.008025 285.997755 287.4765445 254.84235 265.672468 267.3369865 
-6.317666 [  8.49063000e+02   9.37000000e-01  -1.02631300e+03] [  -0.52  327.4     1.33]265.232836 269.887135 292.9284885 285.4602945 288.876193 254.060585 265.186551 269.835451 
-6.41992 [  8.49000000e+02   6.25000000e-01  -1.02625000e+03] [  -0.58  327.39    1.33]265.354563 272.5746495 292.368381 284.2648775 289.7995615 254.889674 265.2581615 272.552979 
-6.523396 [  8.48875000e+02   1.87000000e-01  -1.02625000e+03] [-0.64 -0.29  1.32]265.9779055 275.107592 291.197837 282.4351515 290.3356885 257.0449515 265.843434 275.120716 
-6.625441 [  8.48813000e+02  -8.88178420e-16  -1.02625000e+03] [  -0.69  327.38    1.32]267.0550305 277.125726 289.3111135 280.011152 290.5831715 260.207087 266.898505 277.169808 
-6.727061 [  8.48813000e+02  -1.25000000e-01  -1.02625000e+03] [  -0.71  327.38    1.32]268.5381055 278.2688135 286.796827 277.1649655 290.6406095 264.0567505 268.3795095 278.331401 
-6.828859 [  8.48813000e+02  -2.50000000e-01  -1.02643800e+03] [  -0.72  327.42    1.31]270.379298 278.176617 283.837432 274.132433 290.6066005 268.2746115 270.2425825 278.2366395 
-6.930262 [  8.48813000e+02  -2.50000000e-01  -1.02681300e+03] [  -0.73  327.48    1.3 ]272.126553 276.9238395 280.6159885 271.1498075 290.5797425 272.5413405 272.435293 276.6244405 
-7.032015 [  8.48875000e+02  -1.88000000e-01  -1.02718800e+03] [  -0.72  327.54    1.28]274.5290155 274.204384 277.3155575 268.453343 290.6586345 276.537607 274.8633285 273.7605145 
-7.133693 [  8.49063000e+02  -8.88178420e-16  -1.02775000e+03] [  -0.69  327.62    1.26]277.0741695 270.601526 274.1192 266.2792925 290.940098 279.946748 277.419601 270.071285 
-7.235393 [  8.49188000e+02   3.75000000e-01  -1.02818800e+03] [  -0.62  327.71    1.25]279.654905 266.541958 271.2099775 264.8639095 291.432279 282.585223 279.9970205 265.9832155 
-7.336861 [  8.49375000e+02   7.50000000e-01  -1.02887500e+03] [  -0.56  327.82    1.22]282.164114 262.452373 268.7709495 264.4434465 292.0152945 284.461694 282.4884945 261.9227685 
-7.438531 [  849.438     1.062 -1029.688] [  -0.5   327.96    1.19]284.4946865 258.7594635 266.9664435 265.2057605 292.5592795 285.599809 284.786933 258.316407 
-7.540274 [  849.5       3.187 -1030.5  ] [ -1.40000000e-01   3.28100000e+02   1.16000000e+00]286.539514 255.889922 265.816245 266.965297 292.9343695 286.0232145 286.785244 255.590594 
-7.642229 [  849.5       3.25  -1030.625] [ -1.30000000e-01   3.28110000e+02   1.16000000e+00]288.1914875 254.2704405 265.2728935 269.362784 293.010699 285.7555575 288.376337 254.171793 
-7.744281 [  849.375     3.25  -1030.875] [ -1.30000000e-01   3.28160000e+02   1.15000000e+00]289.361938 254.2608235 265.2885575 272.0379845 292.6584035 284.8204855 289.4822045 254.3810135 
-7.846005 [  849.313     3.25  -1031.063] [ -1.30000000e-01   3.28180000e+02   1.14000000e+00]290.0927935 255.747153 265.8154035 274.6306605 291.7476185 283.2416455 290.1613965 256.044135 
-7.948015 [  849.313     3.25  -1031.188] [ -1.30000000e-01   3.28210000e+02   1.13000000e+00]290.4823645 258.411 266.805599 276.7805755 290.1511915 281.044529 290.512505 258.841847 
-8.049707 [  849.313     3.25  -1031.375] [ -1.30000000e-01   3.28240000e+02   1.12000000e+00]290.629183 261.933126 268.2113105 278.127491 287.866206 278.3390315 290.6341295 262.454819 
-8.152222 [  846.687     3.187 -1031.5  ] [ -1.30000000e-01   3.28260000e+02   1.11000000e+00]290.631781 265.994294 269.984706 278.3111705 285.062887 275.352687 290.6248675 266.5637205 
-8.255729 [  849.313     3.25  -1031.813] [ -1.40000000e-01   3.28300000e+02   1.10000000e+00]290.588691 270.2752655 271.672609 277.3241735 281.9242955 272.3217485 290.5833175 270.849222 
-8.358022 [  849.313     3.75  -1031.688] [ -4.00000000e-02   3.28290000e+02   1.10000000e+00]290.5984455 274.456802 274.0336805 274.8326015 278.6334925 269.4824695 290.6080775 274.991993 
-8.459746 [  849.25      4.125 -1031.438] [  2.00000000e-02   3.28250000e+02   1.12000000e+00]290.7595765 278.2196665 276.5588645 271.3722885 275.3735385 267.071103 290.7977465 278.6727035 
-8.562358 [  849.313     4.625 -1031.25 ] [  1.00000000e-01   3.28220000e+02   1.13000000e+00]291.1491385 281.2768485 279.1410525 267.369927 272.3274945 265.3239025 291.217234 281.6225975 
-8.665784 [  849.438     4.937 -1030.938] [   1.44  328.17    1.14]291.6983685 283.5601365 281.6731355 263.2522105 269.6784215 264.477121 291.7794995 283.8010325 
-8.768217 [  849.5       5.062 -1030.688] [   1.46  328.12    1.16]292.277881 285.092282 284.048004 259.4458305 267.607155 264.761265 292.3546805 285.2316525 
-8.870111 [  846.437     5.25  -1029.188] [   1.49  327.88    1.23]292.7580935 285.896335 286.1585495 256.3774795 266.200824 266.164755 292.8129125 285.938104 
-8.972955 [  849.563     5.5   -1028.375] [   1.54  327.75    1.27]293.009422 285.9953435 287.8976625 254.4738505 265.420474 268.3502905 293.02433 285.9440345 
-9.076528 [  849.563     5.562 -1028.313] [   1.55  327.73    1.27]292.902284 285.412357 289.1661415 254.1329525 265.2182715 270.957634 292.8590685 285.2730905 
-9.179212 [  849.563     5.625 -1028.25 ] [   1.56  327.72    1.27]292.3070965 284.1704245 289.9770785 255.34547 265.5463845 273.6265485 292.1872625 283.9489205 
-9.281091 [  849.563     5.687 -1028.25 ] [   1.57  327.72    1.27]291.0942755 282.292595 290.4270235 257.7993525 266.35698 275.996796 290.879048 281.9951705 
-9.383088 [  849.625     5.875 -1028.188] [   1.6   327.72    1.27]289.165018 279.8232055 290.61451 261.175362 267.602225 277.70814 288.852652 279.4681625 
-9.484568 [  849.625     5.937 -1028.188] [   1.61  327.72    1.28]286.6209035 276.945188 290.6380695 265.1542605 269.234287 278.4003425 286.234699 276.5658065 
-9.586552 [  849.625     5.875 -1028.125] [   1.6   327.71    1.28]283.643719 273.896949 290.5962345 269.41681 270.7981245 277.953976 283.208249 273.524355 
-9.688697 [  849.563     5.687 -1028.188] [   1.57  327.72    1.28]280.4154645 270.917043 290.5875375 273.643773 273.06356 275.969374 279.956363 270.5800615 
-9.790548 [  849.438     4.812 -1028.25 ] [  1.40000000e-01   3.27730000e+02   1.27000000e+00]277.11814 268.244023 290.7105105 277.515911 275.5359525 272.845354 276.662102 267.9691795 
-9.892041 [  849.313     3.75  -1028.063] [ -4.00000000e-02   3.27700000e+02   1.28000000e+00]273.933744 266.116443 291.05433 280.7280255 278.108192 269.008609 273.508527 265.9279625 
-9.993932 [  849.125     2.937 -1027.813] [ -1.80000000e-01   3.27650000e+02   1.29000000e+00]271.044278 264.772857 291.581953 283.164308 280.67317 264.8858315 270.678698 264.692663 
-10.095718 [  848.938     2.375 -1027.5  ] [ -2.80000000e-01   3.27600000e+02   1.30000000e+00]268.6317405 264.4518185 292.165776 284.844838 283.1237775 260.9037135 268.3556765 264.499535 
-10.197415 [  848.813     1.937 -1027.063] [  -0.35  327.54    1.31]266.8547395 265.3289775 292.676215 285.7926655 285.352905 257.488948 266.68556 265.4893405 
-10.299766 [  848.688     1.562 -1026.688] [  -0.42  327.47    1.32]265.725806 267.1871625 292.983687 286.030839 287.253444 255.0682275 265.6605575 267.405286 
-10.401423 [  848.563     1.125 -1026.5  ] [  -0.5   327.44    1.32]265.2011885 269.657851 292.958609 285.5824075 288.718618 254.067037 265.232836 269.887135 
-10.503096 [  8.47500000e+02   6.87000000e-01  -1.02643800e+03] [  -0.57  327.42    1.32]265.2370165 272.372203 292.471398 284.4704205 289.7015405 254.693622 265.354563 272.5746495 
-10.605978 [  8.47562000e+02   2.50000000e-01  -1.02631300e+03] [  -0.64  327.4     1.32]265.78942 274.961376 291.3924705 282.717926 290.2840585 256.689267 265.9779055 275.107592 
-10.709966 [  8.48375000e+02  -8.88178420e-16  -1.02625000e+03] [  -0.68  327.39    1.32]266.8145285 277.0565305 289.6058565 280.3573895 290.5647045 259.734734 267.0550305 277.125726 
-10.812173 [  8.48375000e+02  -1.25000000e-01  -1.02625000e+03] [  -0.7   327.39    1.32]268.268472 278.2888245 287.170196 277.542043 290.642011 263.5107855 268.5381055 278.2688135 
-10.914229 [  8.48375000e+02  -2.50000000e-01  -1.02631300e+03] [  -0.72  327.39    1.32]270.107381 278.289417 284.2650655 274.508764 290.61451 267.6981835 270.379298 278.176617 
-11.017451 [  8.47625000e+02  -2.50000000e-01  -1.02662500e+03] [  -0.73  327.45    1.3 ]272.280527 276.7757485 281.072465 271.496107 290.5807335 271.9776895 272.126553 276.9238395 
-11.120522 [  8.48375000e+02  -1.88000000e-01  -1.02706300e+03] [  -0.72  327.52    1.29]274.6960995 273.982235 277.7743945 268.7426255 290.639215 276.030066 274.5290155 274.204384 
-11.223299 [  8.47437000e+02  -6.30000000e-02  -1.02756300e+03] [  -0.69  327.6     1.27]277.247052 270.334981 274.552853 266.486873 290.888043 279.536739 277.0741695 270.601526 
-11.326262 [  8.48688000e+02   3.75000000e-01  -1.02806300e+03] [  -0.62  327.69    1.25]279.826314 266.260405 271.589841 264.967404 291.3569035 282.281776 279.654905 266.541958 
-11.430109 [  848.75      1.062 -1028.813] [  -0.51  327.8     1.23]282.326815 262.184925 269.0673575 264.4227715 291.9337965 284.261841 282.164114 262.452373 
-11.533269 [  848.813     2.    -1029.75 ] [  -0.34  327.97    1.19]284.641484 258.534959 267.1569045 265.063299 292.489139 285.4999835 284.4946865 258.7594635 
-11.634965 [  848.688     2.25  -1030.375] [ -3.00000000e-01   3.28080000e+02   1.16000000e+00]286.6632515 255.736925 265.9018435 266.7547225 292.8933475 286.019253 286.539514 255.889922 
-11.736374 [  848.563     2.437 -1030.813] [ -2.70000000e-01   3.28140000e+02   1.14000000e+00]288.2850455 254.217242 265.2598725 269.1324175 293.0168395 285.8426975 288.1914875 254.2704405 
-11.837857 [  848.438     2.562 -1031.063] [ -2.50000000e-01   3.28180000e+02   1.13000000e+00]289.4231475 254.317645 265.187121 271.827544 292.7300315 284.993367 289.361938 254.2608235 
-11.939669 [  848.438     2.625 -1031.25 ] [ -2.30000000e-01   3.28220000e+02   1.12000000e+00]290.128116 255.892908 265.639719 274.47126 291.9033405 283.4943095 290.0927935 255.747153 
-12.041605 [  848.313     2.812 -1031.5  ] [ -2.00000000e-01   3.28250000e+02   1.11000000e+00]290.498414 258.624081 266.573796 276.6947255 290.407901 281.369071 290.4823645 258.411 
-12.143077 [  848.313     2.937 -1031.625] [ -1.80000000e-01   3.28280000e+02   1.10000000e+00]290.632563 262.1919995 267.9454825 278.129099 288.2109885 278.7076925 290.629183 261.933126 
-12.244485 [  848.313     3.    -1031.625] [ -1.70000000e-01   3.28280000e+02   1.10000000e+00]290.629085 266.2775 269.7109075 278.405539 285.471806 275.73296 290.631781 265.994294 
-12.346126 [  848.25      3.125 -1031.813] [ -1.50000000e-01   3.28310000e+02   1.09000000e+00]290.5865025 270.561418 271.8230805 277.1944775 282.372354 272.683428 290.588691 270.2752655 
-12.447624 [  848.313     3.625 -1031.563] [ -6.00000000e-02   3.28270000e+02   1.11000000e+00]290.603337 274.7245895 274.1987285 274.6228825 279.094631 269.7976495 290.5984455 274.456802 
-12.549576 [  848.313     4.312 -1031.375] [  5.00000000e-02   3.28240000e+02   1.12000000e+00]290.77811 278.4478495 276.7311705 271.112263 275.820638 267.314179 290.7595765 278.2196665 
-12.652062 [  848.5       4.812 -1031.188] [  1.30000000e-01   3.28220000e+02   1.13000000e+00]291.1822415 281.452694 279.313336 267.089038 272.732374 265.4715705 291.1491385 281.2768485 
-12.753742 [  848.625     5.062 -1031.   ] [   1.46  328.17    1.14]291.737538 283.68506 281.838155 262.979625 270.0118395 264.508377 291.6983685 283.5601365 
-12.855528 [  848.688     5.187 -1030.688] [   1.48  328.13    1.16]292.314467 285.167907 284.1985565 259.210443 267.8404215 264.6615065 292.277881 285.092282 
-12.95745 [  848.688     5.375 -1029.25 ] [   1.51  327.89    1.23]292.783447 285.9242635 286.2874695 256.207909 266.3278405 265.9751455 292.7580935 285.896335 
-13.061064 [  848.688     5.625 -1028.375] [   1.56  327.75    1.27]293.0148995 285.9771585 287.997824 254.3984425 265.445898 268.1225925 293.009422 285.9953435 
-13.163705 [  848.688     5.75  -1028.375] [   1.58  327.75    1.27]292.8792435 285.3496195 289.2333235 254.169388 265.150723 270.7350075 292.902284 285.412357 
-13.26546 [  848.688     5.812 -1028.375] [   1.59  327.74    1.27]292.2468995 284.0646755 290.0170485 255.475169 265.3984455 273.4435485 292.3070965 284.1704245 
-13.367315 [  848.688     5.812 -1028.313] [   1.59  327.74    1.27]290.988287 282.145355 290.446399 258.0006935 266.1451955 275.8793755 291.0942755 282.292595 
-13.469972 [  847.312     5.875 -1028.25 ] [   1.61  327.73    1.27]289.0125305 279.6414595 290.619896 261.426796 267.3471025 277.6736465 289.165018 279.8232055 
-13.573354 [  848.688     5.875 -1028.188] [   0.33  327.72    1.27]286.4338855 276.744691 290.6360615 265.4343135 268.9602965 278.457521 286.6209035 276.945188 
-13.675764 [  848.688     5.875 -1028.125] [   1.61  327.7     1.28]283.4343065 273.6935825 290.5934185 269.704081 270.9407075 277.864671 283.643719 273.896949 
-13.778263 [  847.312     5.687 -1028.125] [   1.57  327.71    1.28]280.1957915 270.7266955 290.5904875 273.916935 273.223658 275.7880825 280.4154645 270.917043 
-13.88186 [  848.5       4.75  -1028.188] [  1.50000000e-01   3.27720000e+02   1.28000000e+00]276.900338 268.082593 290.7257915 277.7537105 275.7062305 272.601903 277.11814 268.244023 
-13.98446 [  848.375     3.812 -1028.063] [ -3.00000000e-02   3.27690000e+02   1.28000000e+00]273.7299435 265.9998375 291.085181 280.914252 278.2813555 268.73255 273.933744 266.116443 
-14.086277 [  848.25      2.875 -1027.813] [ -1.90000000e-01   3.27650000e+02   1.29000000e+00]270.8666055 264.71699 291.6206015 283.299285 280.8419615 264.606442 271.044278 264.772857 
-14.187893 [  848.125     2.312 -1027.5  ] [ -2.90000000e-01   3.27610000e+02   1.29000000e+00]268.492321 264.472614 292.2035705 284.930194 283.2809785 260.6499975 268.6317405 264.4518185 
-14.289444 [  848.        1.875 -1027.188] [ -3.60000000e-01   3.27550000e+02   3.00000000e-02]266.759776 265.42644 292.704507 285.8300065 285.4913355 257.289634 266.8547395 265.3289775 
-14.391658 [  847.875     1.5   -1026.75 ] [  -0.43  327.47    1.32]265.672468 267.3369865 292.993831 286.021751 287.365962 254.9517705 265.725806 267.1871625 
-14.493374 [  847.75      1.062 -1026.5  ] [  -0.5   327.43    1.32]265.186551 269.835451 292.941963 285.5284565 288.7985395 254.0600965 265.2011885 269.657851 
-14.595179 [  8.47625000e+02   6.25000000e-01  -1.02637500e+03] [  -0.57  327.41    1.33]265.2581615 272.552979 292.419323 284.3731515 289.751601 254.7886145 265.2370165 272.372203 
-14.696938 [  8.47563000e+02   1.87000000e-01  -1.02631300e+03] [  -0.65  327.4     1.32]265.843434 275.120716 291.296331 282.578864 290.3108785 256.864541 265.78942 274.961376 
-14.798527 [  8.47500000e+02  -8.88178420e-16  -1.02625000e+03] [  -0.69  327.39    1.32]266.898505 277.169808 289.461732 280.181299 290.574894 259.968712 266.8145285 277.0565305 
-14.90049 [  8.47500000e+02  -1.25000000e-01  -1.02625000e+03] [  -0.71  327.39    1.32]268.3795095 278.331401 286.989113 277.344026 290.6421695 263.7819635 268.268472 278.2888245 
-15.003867 [  8.47500000e+02  -3.13000000e-01  -1.02631300e+03] [  -0.73  327.39    1.32]270.2425825 278.2366395 284.059161 274.3047 290.6112275 267.9851305 270.107381 278.289417 
-15.105671 [  8.47438000e+02  -3.75000000e-01  -1.02668800e+03] [  -0.75  327.45    1.3 ]272.435293 276.6244405 280.8538735 271.301884 290.580589 272.2590495 272.280527 276.7757485 
-15.207427 [  8.47500000e+02  -3.13000000e-01  -1.02712500e+03] [  -0.74  327.53    1.28]274.8633285 273.7605145 277.555248 268.57414 290.648776 276.284556 274.6960995 273.982235 
-15.308951 [  8.47688000e+02  -1.25000000e-01  -1.02768800e+03] [  -0.71  327.62    1.26]277.419601 270.071285 274.3452815 266.3600295 290.913352 279.743925 277.247052 270.334981 
-15.411072 [  8.47813000e+02   1.87000000e-01  -1.02806300e+03] [  -0.65  327.69    1.25]279.9970205 265.9832155 271.4059725 264.898116 291.393471 282.4370565 279.826314 266.260405 
-15.515414 [  8.47875000e+02   6.87000000e-01  -1.02881300e+03] [  -0.57  327.8     1.23]282.4884945 261.9227685 268.919318 264.426961 291.9729705 284.3668515 282.326815 262.184925 
-15.61751 [  848.        2.312 -1029.688] [ -2.90000000e-01   3.27970000e+02   1.20000000e+00]284.786933 258.316407 267.053265 265.1473405 292.522269 285.556339 284.641484 258.534959 
-15.721082 [  847.875     2.437 -1030.375] [ -2.60000000e-01   3.28070000e+02   1.17000000e+00]286.785244 255.590594 265.8404145 266.8960405 292.911788 286.0285475 286.6632515 255.736925 
-15.824565 [  847.688     2.562 -1030.813] [ -2.40000000e-01   3.28140000e+02   1.15000000e+00]288.376337 254.171793 265.2377285 269.3064295 293.0119465 285.8065055 288.2850455 254.217242 
-15.927082 [  847.563     2.687 -1031.063] [ -2.30000000e-01   3.28180000e+02   1.13000000e+00]289.4822045 254.3810135 265.2013425 272.0096535 292.693165 284.913241 289.4231475 254.317645 
-16.028875 [  847.5       2.75  -1031.188] [ -2.20000000e-01   3.28210000e+02   1.13000000e+00]290.1613965 256.044135 265.687392 274.636857 291.825863 283.371783 290.128116 255.892908 
-16.130261 [  847.5       2.875 -1031.438] [ -1.90000000e-01   3.28250000e+02   1.11000000e+00]290.512505 258.841847 266.6520125 276.8191865 290.2819585 281.2061955 290.498414 258.624081 
-16.233215 [  847.438     2.937 -1031.563] [ -1.80000000e-01   3.28270000e+02   1.11000000e+00]290.6341295 262.454819 268.0513395 278.187787 288.0432325 278.516541 290.632563 262.1919995 
-16.336517 [  847.375     2.937 -1031.688] [ -1.80000000e-01   3.28290000e+02   1.10000000e+00]290.6248675 266.5637205 269.841508 278.373805 285.274374 275.529409 290.629085 266.2775 
-16.438845 [  847.25      3.062 -1032.   ] [ -1.70000000e-01   3.28340000e+02   1.09000000e+00]290.5833175 270.849222 271.974498 277.0606605 282.157381 272.4833615 290.5865025 270.561418 
-16.540543 [  847.375     3.562 -1031.688] [ -8.00000000e-02   3.28290000e+02   1.11000000e+00]290.6080775 274.991993 274.3640355 274.412971 278.874251 269.616961 290.603337 274.7245895 
-16.642505 [  847.375     4.062 -1031.563] [  1.00000000e-02   3.28270000e+02   1.11000000e+00]290.7977465 278.6727035 276.903228 270.854685 275.606981 267.1687695 290.77811 278.4478495 
-16.744241 [  847.5       4.562 -1031.375] [  9.00000000e-02   3.28240000e+02   1.12000000e+00]291.217234 281.6225975 279.484985 266.8122665 272.5375695 265.37735 291.1822415 281.452694 
-16.845758 [  847.625     4.875 -1031.188] [  1.50000000e-01   3.28210000e+02   1.13000000e+00]291.7794995 283.8010325 282.0022155 262.7121775 269.8480135 264.481264 291.737538 283.68506 
-16.947433 [  847.75      5.062 -1030.75 ] [   1.46  328.14    1.15]292.3546805 285.2316525 284.3478285 258.980882 267.7190765 264.7157565 292.314467 285.167907 
-17.049646 [  847.75     5.25 -1030.5 ] [   1.5   328.09    1.17]292.8129125 285.938104 286.4147325 256.0448425 266.2498785 266.096502 292.783447 285.9242635 
-17.151451 [  847.75      5.375 -1030.   ] [   1.51  328.01    1.19]293.02433 285.9440345 288.0958365 254.330522 265.4083905 268.286478 293.0148995 285.9771585 
-17.255017 [  847.625     5.812 -1028.188] [   1.59  327.71    1.28]292.8590685 285.2730905 289.29832 254.212641 265.1507485 270.9168305 292.8792435 285.3496195 
-17.356906 [  847.625     6.312 -1027.313] [   1.67  327.56    1.31]292.1872625 283.9489205 290.05496 255.610525 265.4330875 273.6187045 292.2468995 284.0646755 
-17.458963 [  847.688     6.625 -1027.438] [   1.73  327.59    1.3 ]290.879048 281.9951705 290.4637975 258.2068655 266.211543 276.023246 290.988287 282.145355 
-17.561377 [  847.688     6.687 -1027.5  ] [   1.73  327.6     1.3 ]288.852652 279.4681625 290.6234305 261.6823315 267.442251 277.761601 289.0125305 279.6414595 
-17.664327 [  847.688     6.687 -1027.5  ] [   1.73  327.61    1.3 ]286.234699 276.5658065 290.632458 265.7175935 269.081347 278.4649145 286.4338855 276.744691 
-17.767869 [  847.625     6.5   -1027.438] [   1.71  327.59    1.31]283.208249 273.524355 290.5894775 269.9933215 271.0845755 277.769242 283.4343065 273.6935825 
-17.870333 [  847.625     6.187 -1027.563] [   1.66  327.62    1.3 ]279.956363 270.5800615 290.593088 274.190185 273.3842645 275.6052 280.1957915 270.7266955 
-17.972174 [  847.438     5.25  -1027.625] [   1.49  327.63    1.3 ]276.662102 267.9691795 290.7418875 277.988854 275.876446 272.359977 276.900338 268.082593 
-18.074334 [  847.188     3.5   -1027.5  ] [ -9.00000000e-02   3.27600000e+02   1.30000000e+00]273.508527 265.9279625 291.117759 281.0950915 278.4540285 268.460036 273.7299435 265.9998375 
-18.177807 [  847.125     2.75  -1027.125] [ -2.10000000e-01   3.27550000e+02   1.31000000e+00]270.678698 264.692663 291.6618575 283.4259275 281.0099205 264.33184 270.8666055 264.71699 
-18.280843 [  847.        2.187 -1026.938] [ -3.10000000e-01   3.27500000e+02   1.32000000e+00]268.3556765 264.499535 292.2448445 285.0042185 283.4370315 260.4018515 268.492321 264.472614 
-18.382264 [  846.938     1.625 -1026.688] [  -0.4   327.46    1.32]266.68556 265.4893405 292.7368555 285.853612 285.62827 257.096534 266.759776 265.42644 
-18.483908 [  846.875     1.125 -1026.438] [  -0.49  327.42    1.33]265.6605575 267.405286 293.008025 285.997755 287.4765445 254.84235 265.672468 267.3369865 
-18.586381 [  8.46813000e+02   8.12000000e-01  -1.02631300e+03] [  -0.55  327.4     1.33]265.232836 269.887135 292.9284885 285.4602945 288.876193 254.060585 265.186551 269.835451 
-18.6897 [  8.46813000e+02   3.75000000e-01  -1.02625000e+03] [  -0.62  327.39    1.33]265.354563 272.5746495 292.368381 284.2648775 289.7995615 254.889674 265.2581615 272.552979 
-18.792399 [  8.46750000e+02  -8.88178420e-16  -1.02625000e+03] [  -0.69  327.39    1.32]265.9779055 275.107592 291.197837 282.4351515 290.3356885 257.0449515 265.843434 275.120716 
-18.893766 [  8.46688000e+02  -1.88000000e-01  -1.02625000e+03] [  -0.72  327.39    1.32]267.0550305 277.125726 289.3111135 280.011152 290.5831715 260.207087 266.898505 277.169808 
-18.995205 [  8.46688000e+02  -3.13000000e-01  -1.02618800e+03] [  -0.74  327.38    1.32]268.5381055 278.2688135 286.796827 277.1649655 290.6406095 264.0567505 268.3795095 278.331401 
-19.097145 [  8.46688000e+02  -4.38000000e-01  -1.02625000e+03] [  -0.76  327.39    1.31]270.379298 278.176617 283.837432 274.132433 290.6066005 268.2746115 270.2425825 278.2366395 
-19.198808 [  8.46688000e+02  -4.38000000e-01  -1.02668800e+03] [-0.76 -0.22  1.3 ]272.126553 276.9238395 280.6159885 271.1498075 290.5797425 272.5413405 272.435293 276.6244405 
-19.300627 [  8.46750000e+02  -3.75000000e-01  -1.02712500e+03] [  -0.75  327.52    1.28]274.5290155 274.204384 277.3155575 268.453343 290.6586345 276.537607 274.8633285 273.7605145 
-19.402326 [  8.46938000e+02  -1.88000000e-01  -1.02768800e+03] [  -0.72  327.62    1.26]277.0741695 270.601526 274.1192 266.2792925 290.940098 279.946748 277.419601 270.071285 
-19.503711 [  8.47063000e+02   1.87000000e-01  -1.02818800e+03] [  -0.66  327.71    1.24]279.654905 266.541958 271.2099775 264.8639095 291.432279 282.585223 279.9970205 265.9832155 
-19.605146 [  847.188     1.187 -1028.75 ] [  -0.48  327.81    1.23]282.164114 262.452373 268.7709495 264.4434465 292.0152945 284.461694 282.4884945 261.9227685 
-19.706925 [  847.25      2.25  -1029.625] [ -3.00000000e-01   3.27950000e+02   1.20000000e+00]284.4946865 258.7594635 266.9664435 265.2057605 292.5592795 285.599809 284.786933 258.316407 
-19.808437 [  847.188     2.437 -1030.438] [ -2.70000000e-01   3.28080000e+02   1.16000000e+00]286.539514 255.889922 265.816245 266.965297 292.9343695 286.0232145 286.785244 255.590594 
-19.910121 [  847.        2.562 -1030.75 ] [ -2.40000000e-01   3.28140000e+02   1.15000000e+00]288.1914875 254.2704405 265.2728935 269.362784 293.010699 285.7555575 288.376337 254.171793 
-20.011963 [  846.875     2.687 -1031.   ] [ -2.30000000e-01   3.28180000e+02   1.13000000e+00]289.361938 254.2608235 265.2885575 272.0379845 292.6584035 284.8204855 289.4822045 254.3810135 
-20.114086 [  846.813     2.75  -1031.188] [ -2.10000000e-01   3.28210000e+02   1.13000000e+00]290.0927935 255.747153 265.8154035 274.6306605 291.7476185 283.2416455 290.1613965 256.044135 
-20.215769 [  849.25      2.875 -1031.375] [ -1.90000000e-01   3.28240000e+02   1.12000000e+00]290.4823645 258.411 266.805599 276.7805755 290.1511915 281.044529 290.512505 258.841847 
-20.318647 [  846.688     2.937 -1031.5  ] [ -1.80000000e-01   3.28260000e+02   1.11000000e+00]290.629183 261.933126 268.2113105 278.127491 287.866206 278.3390315 290.6341295 262.454819 
-20.421764 [  846.625     3.    -1031.688] [ -1.70000000e-01   3.28280000e+02   1.10000000e+00]290.631781 265.994294 269.984706 278.3111705 285.062887 275.352687 290.6248675 266.5637205 
-20.523733 [  846.563     3.062 -1031.875] [ -1.60000000e-01   3.28320000e+02   1.09000000e+00]290.588691 270.2752655 271.672609 277.3241735 281.9242955 272.3217485 290.5833175 270.849222 
-20.625197 [  849.375     3.625 -1031.563] [ -6.00000000e-02   3.28270000e+02   1.11000000e+00]290.5984455 274.456802 274.0336805 274.8326015 278.6334925 269.4824695 290.6080775 274.991993 
-20.727459 [  849.375     4.187 -1031.438] [  3.00000000e-02   3.28250000e+02   1.12000000e+00]290.7595765 278.2196665 276.5588645 271.3722885 275.3735385 267.071103 290.7977465 278.6727035 
-20.830995 [  846.75      4.625 -1031.25 ] [  1.00000000e-01   3.28220000e+02   1.13000000e+00]291.1491385 281.2768485 279.1410525 267.369927 272.3274945 265.3239025 291.217234 281.6225975 
-20.933363 [  846.938     4.812 -1031.   ] [  1.40000000e-01   3.28180000e+02   1.14000000e+00]291.6983685 283.5601365 281.6731355 263.2522105 269.6784215 264.477121 291.7794995 283.8010325 
-21.034858 [  847.063     5.    -1030.25 ] [   1.45  328.05    1.18]292.277881 285.092282 284.048004 259.4458305 267.607155 264.761265 292.3546805 285.2316525 
-21.136314 [  847.063     5.187 -1029.313] [   1.48  327.9     1.23]292.7580935 285.896335 286.1585495 256.3774795 266.200824 266.164755 292.8129125 285.938104 
-21.23935 [  847.125     5.5   -1029.063] [  2.60000000e-01   3.27860000e+02   1.24000000e+00]293.009422 285.9953435 287.8976625 254.4738505 265.420474 268.3502905 293.02433 285.9440345 
-21.343078 [  847.125     5.625 -1028.938] [  2.70000000e-01   3.27840000e+02   1.24000000e+00]292.902284 285.412357 289.1661415 254.1329525 265.2182715 270.957634 292.8590685 285.2730905 
-21.444878 [  847.125     5.625 -1028.875] [   1.55  327.84    1.24]292.3070965 284.1704245 289.9770785 255.34547 265.5463845 273.6265485 292.1872625 283.9489205 
-21.546146 [  847.125     5.687 -1028.813] [   1.57  327.82    1.25]291.0942755 282.292595 290.4270235 257.7993525 266.35698 275.996796 290.879048 281.9951705 
-21.647648 [  847.125     5.812 -1028.688] [   1.59  327.8     1.25]289.165018 279.8232055 290.61451 261.175362 267.602225 277.70814 288.852652 279.4681625 
-21.75157 [  847.125     5.875 -1028.625] [   1.6   327.79    1.26]286.6209035 276.945188 290.6380695 265.1542605 269.234287 278.4003425 286.234699 276.5658065 
-21.853542 [  847.125     5.75  -1028.563] [   1.59  327.78    1.26]283.643719 273.896949 290.5962345 269.41681 270.7981245 277.953976 283.208249 273.524355 
-21.955397 [  847.063     5.25  -1028.625] [   1.49  327.79    1.26]280.4154645 270.917043 290.5875375 273.643773 273.06356 275.969374 279.956363 270.5800615 
-22.057271 [  846.938     4.562 -1028.688] [  9.00000000e-02   3.27800000e+02   1.26000000e+00]277.11814 268.244023 290.7105105 277.515911 275.5359525 272.845354 276.662102 267.9691795 
-22.158839 [  846.75      3.375 -1027.75 ] [ -1.10000000e-01   3.27640000e+02   1.29000000e+00]273.933744 266.116443 291.05433 280.7280255 278.108192 269.008609 273.508527 265.9279625 
-22.260689 [  846.563     2.312 -1026.5  ] [ -2.90000000e-01   3.27430000e+02   1.34000000e+00]271.044278 264.772857 291.581953 283.164308 280.67317 264.8858315 270.678698 264.692663 
-22.362552 [  846.5       1.875 -1026.438] [  -0.37  327.42    1.34]268.6317405 264.4518185 292.165776 284.844838 283.1237775 260.9037135 268.3556765 264.499535 
-22.464487 [  846.375     1.312 -1026.188] [  -0.45  327.39    1.34]266.8547395 265.3289775 292.676215 285.7926655 285.352905 257.488948 266.68556 265.4893405 
-22.566846 [  8.46313000e+02   8.12000000e-01  -1.02606300e+03] [  -0.54  327.36    1.34]265.725806 267.1871625 292.983687 286.030839 287.253444 255.0682275 265.6605575 267.405286 
-22.66838 [  8.46313000e+02   4.37000000e-01  -1.02606300e+03] [  -0.61  327.36    1.33]265.2011885 269.657851 292.958609 285.5824075 288.718618 254.067037 265.232836 269.887135 
-22.770335 [  8.49750000e+02   1.25000000e-01  -1.02606300e+03] [  -0.66  327.36    1.33]265.2370165 272.372203 292.471398 284.4704205 289.7015405 254.693622 265.354563 272.5746495 
-22.873473 [  8.46188000e+02  -1.88000000e-01  -1.02606300e+03] [  -0.72  327.36    1.32]265.78942 274.961376 291.3924705 282.717926 290.2840585 256.689267 265.9779055 275.107592 
-22.976183 [  8.46188000e+02  -3.75000000e-01  -1.02612500e+03] [  -0.75  327.36    1.32]266.8145285 277.0565305 289.6058565 280.3573895 290.5647045 259.734734 267.0550305 277.125726 
-23.077837 [  8.46125000e+02  -5.00000000e-01  -1.02618800e+03] [  -0.77  327.37    1.31]268.268472 278.2888245 287.170196 277.542043 290.642011 263.5107855 268.5381055 278.2688135 
-23.179363 [  8.46125000e+02  -6.88000000e-01  -1.02631300e+03] [  -0.8   327.39    1.31]270.107381 278.289417 284.2650655 274.508764 290.61451 267.6981835 270.379298 278.176617 
-23.282283 [  8.46125000e+02  -6.88000000e-01  -1.02668800e+03] [  -0.8   327.45    1.29]272.280527 276.7757485 281.072465 271.496107 290.5807335 271.9776895 272.126553 276.9238395 
-23.385556 [  8.46188000e+02  -6.25000000e-01  -1.02712500e+03] [  -0.79  327.52    1.28]274.6960995 273.982235 277.7743945 268.7426255 290.639215 276.030066 274.5290155 274.204384 
-23.487636 [  8.46375000e+02  -3.75000000e-01  -1.02762500e+03] [  -0.75  327.62    1.26]277.247052 270.334981 274.552853 266.486873 290.888043 279.536739 277.0741695 270.601526 
-23.589164 [  8.46563000e+02  -8.88178420e-16  -1.02818800e+03] [  -0.69  327.7     1.24]279.826314 266.260405 271.589841 264.967404 291.3569035 282.281776 279.654905 266.541958 
-23.691644 [  8.49375000e+02   6.25000000e-01  -1.02875000e+03] [  -0.58  327.8     1.23]282.326815 262.184925 269.0673575 264.4227715 291.9337965 284.261841 282.164114 262.452373 
-23.794987 [  8.46688000e+02   9.37000000e-01  -1.02956300e+03] [  -0.52  327.93    1.19]284.641484 258.534959 267.1569045 265.063299 292.489139 285.4999835 284.4946865 258.7594635 
-23.89763 [  846.688     1.187 -1030.25 ] [  -0.48  328.05    1.16]286.6632515 255.736925 265.9018435 266.7547225 292.8933475 286.019253 286.539514 255.889922 
-23.999426 [  846.563     1.5   -1030.813] [  -0.43  328.14    1.14]288.2850455 254.217242 265.2598725 269.1324175 293.0168395 285.8426975 288.1914875 254.2704405 
-24.101426 [  846.5       1.625 -1031.063] [  -0.41  328.19    1.12]289.4231475 254.317645 265.187121 271.827544 292.7300315 284.993367 289.361938 254.2608235 
-24.203121 [  846.375     1.75  -1031.313] [  -0.38  328.22    1.11]290.128116 255.892908 265.639719 274.47126 291.9033405 283.4943095 290.0927935 255.747153 
-24.305996 [  846.313     1.937 -1031.438] [  -0.36  328.25    1.11]290.498414 258.624081 266.573796 276.6947255 290.407901 281.369071 290.4823645 258.411 
-24.407979 [  846.25      2.062 -1031.688] [  -0.33  328.28    1.1 ]290.632563 262.1919995 267.9454825 278.129099 288.2109885 278.7076925 290.629183 261.933126 
-24.510027 [  846.188     2.312 -1031.813] [ -2.90000000e-01   3.28310000e+02   1.09000000e+00]290.629085 266.2775 269.7109075 278.405539 285.471806 275.73296 290.631781 265.994294 
-24.611601 [  846.25      2.812 -1031.875] [ -2.10000000e-01   3.28320000e+02   1.09000000e+00]290.5865025 270.561418 271.8230805 277.1944775 282.372354 272.683428 290.588691 270.2752655 
-24.713088 [  846.375     3.5   -1031.563] [ -9.00000000e-02   3.28270000e+02   1.11000000e+00]290.603337 274.7245895 274.1987285 274.6228825 279.094631 269.7976495 290.5984455 274.456802 
-24.81767 [  846.375     4.062 -1031.438] [  1.00000000e-02   3.28250000e+02   1.12000000e+00]290.77811 278.4478495 276.7311705 271.112263 275.820638 267.314179 290.7595765 278.2196665 
-24.919294 [  846.438     4.5   -1031.25 ] [  9.00000000e-02   3.28220000e+02   1.13000000e+00]291.1822415 281.452694 279.313336 267.089038 272.732374 265.4715705 291.1491385 281.2768485 
-25.020442 [  846.625     4.75  -1031.   ] [  1.30000000e-01   3.28180000e+02   1.14000000e+00]291.737538 283.68506 281.838155 262.979625 270.0118395 264.508377 291.6983685 283.5601365 
-25.121744 [  846.625     4.937 -1030.75 ] [   1.44  328.14    1.16]292.314467 285.167907 284.1985565 259.210443 267.8404215 264.6615065 292.277881 285.092282 
-25.22371 [  846.688     5.125 -1030.5  ] [  1.90000000e-01   3.28100000e+02   1.17000000e+00]292.783447 285.9242635 286.2874695 256.207909 266.3278405 265.9751455 292.7580935 285.896335 
-25.326665 [  846.625     5.187 -1029.313] [   1.49  327.94    1.22]293.0148995 285.9771585 287.997824 254.3984425 265.445898 268.1225925 293.009422 285.9953435 
-25.4293 [  846.688     5.562 -1027.938] [   1.54  327.67    1.29]292.8792435 285.3496195 289.2333235 254.169388 265.150723 270.7350075 292.902284 285.412357 
-25.531352 [  846.688     5.687 -1027.25 ] [   1.57  327.56    1.32]292.2468995 284.0646755 290.0170485 255.475169 265.3984455 273.4435485 292.3070965 284.1704245 
-25.633511 [  849.312     5.812 -1027.5  ] [  3.10000000e-01   3.27600000e+02   1.31000000e+00]290.988287 282.145355 290.446399 258.0006935 266.1451955 275.8793755 291.0942755 282.292595 
-25.736697 [  849.312     5.812 -1027.5  ] [   1.59  327.6     1.3 ]289.0125305 279.6414595 290.619896 261.426796 267.3471025 277.6736465 289.165018 279.8232055 
-25.839733 [  846.688     5.875 -1027.5  ] [   1.6   327.6     1.31]286.4338855 276.744691 290.6360615 265.4343135 268.9602965 278.457521 286.6209035 276.945188 
-25.941265 [  846.688     5.875 -1027.563] [   1.6   327.61    1.3 ]283.4343065 273.6935825 290.5934185 269.704081 270.9407075 277.864671 283.643719 273.896949 
-26.042878 [  846.688     5.812 -1027.625] [   1.59  327.62    1.3 ]280.1957915 270.7266955 290.5904875 273.916935 273.223658 275.7880825 280.4154645 270.917043 
-26.145355 [  846.625     5.125 -1027.688] [   1.48  327.63    1.3 ]276.900338 268.082593 290.7257915 277.7537105 275.7062305 272.601903 277.11814 268.244023 
-26.25168 [  846.25      3.125 -1027.625] [ -1.60000000e-01   3.27630000e+02   1.30000000e+00]273.7299435 265.9998375 291.085181 280.914252 278.2813555 268.73255 273.933744 266.116443 
-26.353008 [  846.375     2.562 -1027.313] [ -2.40000000e-01   3.27570000e+02   1.31000000e+00]270.8666055 264.71699 291.6206015 283.299285 280.8419615 264.606442 271.044278 264.772857 
-26.45407 [  846.25     -5.938 -1027.063] [  -0.34  327.53    1.31]268.492321 264.472614 292.2035705 284.930194 283.2809785 260.6499975 268.6317405 264.4518185 
-26.555533 [  846.188     1.5   -1026.813] [  -0.42  327.49    1.32]266.759776 265.42644 292.704507 285.8300065 285.4913355 257.289634 266.8547395 265.3289775 
-26.657105 [  846.063     1.125 -1026.563] [  -0.49  327.44    1.32]265.672468 267.3369865 292.993831 286.021751 287.365962 254.9517705 265.725806 267.1871625 
-26.758866 [  8.50000000e+02   6.87000000e-01  -1.02643800e+03] [  -0.57  327.42    1.32]265.186551 269.835451 292.941963 285.5284565 288.7985395 254.0600965 265.2011885 269.657851 
-26.860913 [  8.45938000e+02   2.50000000e-01  -1.02631300e+03] [  -0.63  327.4     1.32]265.2581615 272.552979 292.419323 284.3731515 289.751601 254.7886145 265.2370165 272.372203 
-26.962778 [  8.45938000e+02  -1.25000000e-01  -1.02618800e+03] [  -0.71  327.38    1.32]265.843434 275.120716 291.296331 282.578864 290.3108785 256.864541 265.78942 274.961376 
-27.063923 [  8.45875000e+02  -3.75000000e-01  -1.02618800e+03] [  -0.74  327.38    1.32]266.898505 277.169808 289.461732 280.181299 290.574894 259.968712 266.8145285 277.0565305 
-27.165182 [  8.45875000e+02  -4.38000000e-01  -1.02618800e+03] [  -0.76  327.37    1.32]268.3795095 278.331401 286.989113 277.344026 290.6421695 263.7819635 268.268472 278.2888245 
-27.266535 [  8.45875000e+02  -5.63000000e-01  -1.02618800e+03] [  -0.78  327.38    1.31]270.2425825 278.2366395 284.059161 274.3047 290.6112275 267.9851305 270.107381 278.289417 
-27.367773 [  8.45875000e+02  -6.25000000e-01  -1.02656300e+03] [  -0.79  327.43    1.3 ]272.435293 276.6244405 280.8538735 271.301884 290.580589 272.2590495 272.280527 276.7757485 
-27.468977 [  8.45938000e+02  -5.00000000e-01  -1.02700000e+03] [  -0.76  327.51    1.28]274.8633285 273.7605145 277.555248 268.57414 290.648776 276.284556 274.6960995 273.982235 
-27.570551 [  8.46188000e+02  -2.50000000e-01  -1.02768800e+03] [  -0.73  327.61    1.26]277.419601 270.071285 274.3452815 266.3600295 290.913352 279.743925 277.247052 270.334981 
-27.672144 [  8.46313000e+02   1.87000000e-01  -1.02818800e+03] [  -0.67  327.7     1.25]279.9970205 265.9832155 271.4059725 264.898116 291.393471 282.4370565 279.826314 266.260405 
-27.776838 [  8.49625000e+02   6.25000000e-01  -1.02887500e+03] [  -0.58  327.83    1.22]282.4884945 261.9227685 268.919318 264.426961 291.9729705 284.3668515 282.326815 262.184925 
-27.880773 [  846.375     1.25  -1029.813] [  -0.51  327.96    1.18]284.786933 258.316407 267.053265 265.1473405 292.522269 285.556339 284.641484 258.534959 
-27.983337 [  846.5       3.    -1030.438] [ -1.70000000e-01   3.28090000e+02   1.16000000e+00]286.785244 255.590594 265.8404145 266.8960405 292.911788 286.0285475 286.6632515 255.736925 
-28.084884 [  849.562     2.937 -1030.563] [ -1.80000000e-01   3.28100000e+02   1.16000000e+00]288.376337 254.171793 265.2377285 269.3064295 293.0119465 285.8065055 288.2850455 254.217242 
-28.187441 [  846.313     3.    -1030.813] [ -1.70000000e-01   3.28150000e+02   1.15000000e+00]289.4822045 254.3810135 265.2013425 272.0096535 292.693165 284.913241 289.4231475 254.317645 
-28.290913 [  846.25     3.   -1031.  ] [ -1.70000000e-01   3.28170000e+02   1.14000000e+00]290.1613965 256.044135 265.687392 274.636857 291.825863 283.371783 290.128116 255.892908 
-28.39343 [  846.25      3.    -1031.125] [ -1.70000000e-01   3.28200000e+02   1.13000000e+00]290.512505 258.841847 266.6520125 276.8191865 290.2819585 281.2061955 290.498414 258.624081 
-28.494832 [  846.188     3.062 -1031.375] [ -1.60000000e-01   3.28230000e+02   1.12000000e+00]290.6341295 262.454819 268.0513395 278.187787 288.0432325 278.516541 290.632563 262.1919995 
-28.596665 [  846.125     3.    -1031.563] [ -1.70000000e-01   3.28270000e+02   1.11000000e+00]290.6248675 266.5637205 269.841508 278.373805 285.274374 275.529409 290.629085 266.2775 
-28.699215 [  846.        3.062 -1031.875] [ -1.60000000e-01   3.28320000e+02   1.09000000e+00]290.5833175 270.849222 271.974498 277.0606605 282.157381 272.4833615 290.5865025 270.561418 
-28.802564 [  846.063     3.562 -1031.563] [ -8.00000000e-02   3.28280000e+02   1.11000000e+00]290.6080775 274.991993 274.3640355 274.412971 278.874251 269.616961 290.603337 274.7245895 
-28.904597 [  846.        4.    -1031.375] [   0.    328.24    1.12]290.7977465 278.6727035 276.903228 270.854685 275.606981 267.1687695 290.77811 278.4478495 
-29.007203 [  846.125     4.5   -1031.25 ] [  8.00000000e-02   3.28220000e+02   1.13000000e+00]291.217234 281.6225975 279.484985 266.8122665 272.5375695 265.37735 291.1822415 281.452694 
-29.109058 [  846.25      4.812 -1031.   ] [  1.40000000e-01   3.28180000e+02   1.14000000e+00]291.7794995 283.8010325 282.0022155 262.7121775 269.8480135 264.481264 291.737538 283.68506 
-29.21116 [  846.313     4.937 -1030.688] [   1.44  328.13    1.16]292.3546805 285.2316525 284.3478285 258.980882 267.7190765 264.7157565 292.314467 285.167907 
-29.313115 [  846.375     5.062 -1030.375] [   1.46  328.08    1.17]292.8129125 285.938104 286.4147325 256.0448425 266.2498785 266.096502 292.783447 285.9242635 
-29.415043 [  846.375     5.187 -1030.125] [   1.48  328.04    1.19]293.02433 285.9440345 288.0958365 254.330522 265.4083905 268.286478 293.0148995 285.9771585 
-29.516785 [  846.313     5.562 -1028.438] [   1.55  327.76    1.27]292.8590685 285.2730905 289.29832 254.212641 265.1507485 270.9168305 292.8792435 285.3496195 
-29.618816 [  846.375     5.937 -1027.438] [   1.61  327.6     1.31]292.1872625 283.9489205 290.05496 255.610525 265.4330875 273.6187045 292.2468995 284.0646755 
-29.720695 [  846.438     6.25  -1027.125] [   1.66  327.54    1.32]290.879048 281.9951705 290.4637975 258.2068655 266.211543 276.023246 290.988287 282.145355 
-29.823074 [  846.438     6.437 -1027.313] [   1.7   327.57    1.31]288.852652 279.4681625 290.6234305 261.6823315 267.442251 277.761601 289.0125305 279.6414595 
-29.925392 [  846.438     6.437 -1027.313] [   1.7   327.58    1.31]286.234699 276.5658065 290.632458 265.7175935 269.081347 278.4649145 286.4338855 276.744691 
-30.0275 [  849.562     6.375 -1027.438] [   1.69  327.6     1.31]283.208249 273.524355 290.5894775 269.9933215 271.0845755 277.769242 283.4343065 273.6935825 
-30.130316 [  846.375     6.062 -1027.563] [   1.63  327.61    1.3 ]279.956363 270.5800615 290.593088 274.190185 273.3842645 275.6052 280.1957915 270.7266955 
-30.23377 [  846.188     4.937 -1027.688] [   1.46  327.64    1.3 ]276.662102 267.9691795 290.7418875 277.988854 275.876446 272.359977 276.900338 268.082593 
-30.335985 [  845.938     3.375 -1027.563] [ -1.10000000e-01   3.27610000e+02   1.30000000e+00]273.508527 265.9279625 291.117759 281.0950915 278.4540285 268.460036 273.7299435 265.9998375 
-30.437785 [  845.938     2.812 -1027.25 ] [ -2.10000000e-01   3.27560000e+02   1.31000000e+00]270.678698 264.692663 291.6618575 283.4259275 281.0099205 264.33184 270.8666055 264.71699 
-30.54052 [  850.187     2.187 -1027.   ] [ -3.10000000e-01   3.27520000e+02   1.32000000e+00]268.3556765 264.499535 292.2448445 285.0042185 283.4370315 260.4018515 268.492321 264.472614 
-30.643685 [  845.75      1.625 -1026.75 ] [  -0.39  327.48    1.32]266.68556 265.4893405 292.7368555 285.853612 285.62827 257.096534 266.759776 265.42644 
-30.74632 [  845.688     1.187 -1026.563] [  -0.48  327.44    1.32]265.6605575 267.405286 293.008025 285.997755 287.4765445 254.84235 265.672468 267.3369865 
-30.848194 [  845.625  2048.812 -1026.438] [  -0.55  327.42    1.32]265.232836 269.887135 292.9284885 285.4602945 288.876193 254.060585 265.186551 269.835451 
-30.950323 [  8.45563000e+02   4.37000000e-01  -1.02637500e+03] [  -0.61  327.4     1.32]265.354563 272.5746495 292.368381 284.2648775 289.7995615 254.889674 265.2581615 272.552979 
-31.053681 [  8.45500000e+02  -6.30000000e-02  -1.02625000e+03] [  -0.68  327.39    1.32]265.9779055 275.107592 291.197837 282.4351515 290.3356885 257.0449515 265.843434 275.120716 
-31.156274 [  8.45500000e+02  -2.50000000e-01  -1.02625000e+03] [  -0.73  327.38    1.32]267.0550305 277.125726 289.3111135 280.011152 290.5831715 260.207087 266.898505 277.169808 
-31.258039 [  8.45500000e+02  -3.75000000e-01  -1.02618800e+03] [  -0.75  327.38    1.32]268.5381055 278.2688135 286.796827 277.1649655 290.6406095 264.0567505 268.3795095 278.331401 
-31.359677 [  8.45500000e+02  -5.00000000e-01  -1.02631300e+03] [  -0.77  327.4     1.31]270.379298 278.176617 283.837432 274.132433 290.6066005 268.2746115 270.2425825 278.2366395 
-31.461746 [  8.45500000e+02  -5.00000000e-01  -1.02675000e+03] [  -0.77  327.46    1.29]272.126553 276.9238395 280.6159885 271.1498075 290.5797425 272.5413405 272.435293 276.6244405 
-31.566271 [  8.45563000e+02  -3.75000000e-01  -1.02712500e+03] [  -0.75  327.53    1.28]274.5290155 274.204384 277.3155575 268.453343 290.6586345 276.537607 274.8633285 273.7605145 
-31.668269 [  8.45688000e+02  -1.88000000e-01  -1.02768800e+03] [  -0.72  327.62    1.26]277.0741695 270.601526 274.1192 266.2792925 290.940098 279.946748 277.419601 270.071285 
-31.771399 [  8.45813000e+02   1.87000000e-01  -1.02812500e+03] [  -0.65  327.7     1.25]279.654905 266.541958 271.2099775 264.8639095 291.432279 282.585223 279.9970205 265.9832155 
-31.873192 [  8.45875000e+02   6.87000000e-01  -1.02887500e+03] [  -0.56  327.82    1.22]282.164114 262.452373 268.7709495 264.4434465 292.0152945 284.461694 282.4884945 261.9227685 
-31.976995 [  845.938     1.062 -1029.688] [  -0.5   327.96    1.19]284.4946865 258.7594635 266.9664435 265.2057605 292.5592795 285.599809 284.786933 258.316407 
-32.079147 [  845.938     2.75  -1030.5  ] [ -2.20000000e-01   3.28090000e+02   1.16000000e+00]286.539514 255.889922 265.816245 266.965297 292.9343695 286.0232145 286.785244 255.590594 
-32.181126 [  846.063     3.125 -1030.563] [ -1.50000000e-01   3.28110000e+02   1.16000000e+00]288.1914875 254.2704405 265.2728935 269.362784 293.010699 285.7555575 288.376337 254.171793 
-32.284489 [  850.125     3.187 -1030.75 ] [ -1.40000000e-01   3.28140000e+02   1.15000000e+00]289.361938 254.2608235 265.2885575 272.0379845 292.6584035 284.8204855 289.4822045 254.3810135 
-32.387383 [  845.875     3.187 -1030.875] [ -1.40000000e-01   3.28160000e+02   1.15000000e+00]290.0927935 255.747153 265.8154035 274.6306605 291.7476185 283.2416455 290.1613965 256.044135 
-32.488963 [  845.813     3.187 -1031.063] [ -1.40000000e-01   3.28190000e+02   1.13000000e+00]290.4823645 258.411 266.805599 276.7805755 290.1511915 281.044529 290.512505 258.841847 
-32.59082 [  845.75      3.187 -1031.25 ] [ -1.40000000e-01   3.28220000e+02   1.13000000e+00]290.629183 261.933126 268.2113105 278.127491 287.866206 278.3390315 290.6341295 262.454819 
-32.693157 [  850.25      3.125 -1031.375] [ -1.50000000e-01   3.28240000e+02   1.12000000e+00]290.631781 265.994294 269.984706 278.3111705 285.062887 275.352687 290.6248675 266.5637205 
-32.796526 [  845.75      3.25  -1031.625] [ -1.30000000e-01   3.28280000e+02   1.11000000e+00]290.588691 270.2752655 271.672609 277.3241735 281.9242955 272.3217485 290.5833175 270.849222 
-32.898618 [  845.75      3.812 -1031.438] [ -3.00000000e-02   3.28250000e+02   1.12000000e+00]290.5984455 274.456802 274.0336805 274.8326015 278.6334925 269.4824695 290.6080775 274.991993 
-33.000321 [  845.688     4.125 -1031.188] [  2.00000000e-02   3.28210000e+02   1.13000000e+00]290.7595765 278.2196665 276.5588645 271.3722885 275.3735385 267.071103 290.7977465 278.6727035 
-33.102573 [  845.813     4.562 -1031.063] [  9.00000000e-02   3.28180000e+02   1.14000000e+00]291.1491385 281.2768485 279.1410525 267.369927 272.3274945 265.3239025 291.217234 281.6225975 
-33.205997 [  845.938     4.875 -1030.813] [  1.50000000e-01   3.28150000e+02   1.15000000e+00]291.6983685 283.5601365 281.6731355 263.2522105 269.6784215 264.477121 291.7794995 283.8010325 
-33.309213 [  846.      5.  -1030.5] [   1.45  328.1     1.17]292.277881 285.092282 284.048004 259.4458305 267.607155 264.761265 292.3546805 285.2316525 
-33.411101 [  846.        5.125 -1030.25 ] [   1.48  328.06    1.18]292.7580935 285.896335 286.1585495 256.3774795 266.200824 266.164755 292.8129125 285.938104 
-33.51297 [  846.        5.312 -1030.   ] [   1.5   328.01    1.19]293.009422 285.9953435 287.8976625 254.4738505 265.420474 268.3502905 293.02433 285.9440345 
-33.614894 [  846.        5.625 -1028.313] [   1.55  327.74    1.27]292.902284 285.412357 289.1661415 254.1329525 265.2182715 270.957634 292.8590685 285.2730905 
-33.716483 [  846.        5.875 -1027.625] [   1.6   327.62    1.3 ]292.3070965 284.1704245 289.9770785 255.34547 265.5463845 273.6265485 292.1872625 283.9489205 
-33.820613 [  846.        5.937 -1027.625] [   1.61  327.63    1.3 ]291.0942755 282.292595 290.4270235 257.7993525 266.35698 275.996796 290.879048 281.9951705 
-33.923089 [  846.063     6.    -1027.625] [   1.62  327.63    1.3 ]289.165018 279.8232055 290.61451 261.175362 267.602225 277.70814 288.852652 279.4681625 
-34.026373 [  849.937     6.    -1027.563] [   1.62  327.61    1.3 ]286.6209035 276.945188 290.6380695 265.1542605 269.234287 278.4003425 286.234699 276.5658065 
-34.129325 [  846.        5.937 -1027.625] [   1.62  327.62    1.3 ]283.643719 273.896949 290.5962345 269.41681 270.7981245 277.953976 283.208249 273.524355 
-34.231748 [  846.        5.625 -1027.75 ] [   1.56  327.64    1.3 ]280.4154645 270.917043 290.5875375 273.643773 273.06356 275.969374 279.956363 270.5800615 
-34.334585 [  845.813     4.437 -1027.688] [  7.00000000e-02   3.27640000e+02   1.30000000e+00]277.11814 268.244023 290.7105105 277.515911 275.5359525 272.845354 276.662102 267.9691795 
-34.437821 [  845.688     3.437 -1027.563] [ -9.00000000e-02   3.27620000e+02   1.30000000e+00]273.933744 266.116443 291.05433 280.7280255 278.108192 269.008609 273.508527 265.9279625 
-34.540295 [  845.625     2.5   -1027.375] [ -2.60000000e-01   3.27580000e+02   1.30000000e+00]271.044278 264.772857 291.581953 283.164308 280.67317 264.8858315 270.678698 264.692663 
-34.642011 [  845.563     2.    -1027.125] [  -0.34  327.53    1.31]268.6317405 264.4518185 292.165776 284.844838 283.1237775 260.9037135 268.3556765 264.499535 
-34.743715 [  845.438     1.5   -1026.813] [  -0.43  327.48    1.32]266.8547395 265.3289775 292.676215 285.7926655 285.352905 257.488948 266.68556 265.4893405 
-34.847211 [  850.625    -6.875 -1026.563] [  -0.49  327.44    1.32]265.725806 267.1871625 292.983687 286.030839 287.253444 255.0682275 265.6605575 267.405286 
-34.950225 [  8.45313000e+02   6.87000000e-01  -1.02637500e+03] [  -0.57  327.41    1.32]265.2011885 269.657851 292.958609 285.5824075 288.718618 254.067037 265.232836 269.887135 
-35.052 [  8.45250000e+02   2.50000000e-01  -1.02631300e+03] [  -0.64  327.4     1.32]265.2370165 272.372203 292.471398 284.4704205 289.7015405 254.693622 265.354563 272.5746495 
-35.153412 [  8.50812000e+02  -1.25000000e-01  -1.02618800e+03] [  -0.71  327.38    1.32]265.78942 274.961376 291.3924705 282.717926 290.2840585 256.689267 265.9779055 275.107592 
-35.256305 [  8.45188000e+02  -3.75000000e-01  -1.02625000e+03] [  -0.75  327.38    1.32]266.8145285 277.0565305 289.6058565 280.3573895 290.5647045 259.734734 267.0550305 277.125726 
-35.359963 [  8.45188000e+02  -5.00000000e-01  -1.02618800e+03] [  -0.77  327.38    1.31]268.268472 278.2888245 287.170196 277.542043 290.642011 263.5107855 268.5381055 278.2688135 
-35.462389 [  8.45313000e+02  -6.25000000e-01  -1.02631300e+03] [  -0.79  327.4     1.31]270.107381 278.289417 284.2650655 274.508764 290.61451 267.6981835 270.379298 278.176617 
-35.563968 [  8.45313000e+02  -6.88000000e-01  -1.02662500e+03] [  -0.8   327.44    1.3 ]272.280527 276.7757485 281.072465 271.496107 290.5807335 271.9776895 272.126553 276.9238395 
-35.665393 [  8.45375000e+02  -6.25000000e-01  -1.02693800e+03] [  -0.79  327.5     1.28]274.6960995 273.982235 277.7743945 268.7426255 290.639215 276.030066 274.5290155 274.204384 
-35.767402 [  8.45438000e+02  -5.00000000e-01  -1.02731300e+03] [  -0.77  327.57    1.27]277.247052 270.334981 274.552853 266.486873 290.888043 279.536739 277.0741695 270.601526 
-35.869 [  8.45563000e+02  -8.88178420e-16  -1.02768800e+03] [  -0.69  327.63    1.26]279.826314 266.260405 271.589841 264.967404 291.3569035 282.281776 279.654905 266.541958 
-35.970577 [  845.625     1.5   -1028.5  ] [  -0.43  327.74    1.25]282.326815 262.184925 269.0673575 264.4227715 291.9337965 284.261841 282.164114 262.452373 
-36.072576 [  845.5       1.875 -1029.75 ] [  -0.36  327.97    1.19]284.641484 258.534959 267.1569045 265.063299 292.489139 285.4999835 284.4946865 258.7594635 
-36.174402 [  845.5       2.    -1030.438] [  -0.35  328.08    1.16]286.6632515 255.736925 265.9018435 266.7547225 292.8933475 286.019253 286.539514 255.889922 
-36.277079 [  845.375     2.125 -1030.75 ] [ -3.20000000e-01   3.28130000e+02   1.14000000e+00]288.2850455 254.217242 265.2598725 269.1324175 293.0168395 285.8426975 288.1914875 254.2704405 
-36.378873 [  845.25     2.25 -1031.  ] [ -3.00000000e-01   3.28180000e+02   1.13000000e+00]289.4231475 254.317645 265.187121 271.827544 292.7300315 284.993367 289.361938 254.2608235 
-36.480538 [  845.25      2.375 -1031.188] [ -2.80000000e-01   3.28210000e+02   1.12000000e+00]290.128116 255.892908 265.639719 274.47126 291.9033405 283.4943095 290.0927935 255.747153 
-36.582061 [  845.125     2.562 -1031.438] [ -2.50000000e-01   3.28250000e+02   1.11000000e+00]290.498414 258.624081 266.573796 276.6947255 290.407901 281.369071 290.4823645 258.411 
-36.683534 [  845.063     2.687 -1031.625] [ -2.30000000e-01   3.28270000e+02   1.10000000e+00]290.632563 262.1919995 267.9454825 278.129099 288.2109885 278.7076925 290.629183 261.933126 
-36.785015 [  850.937     2.75  -1031.688] [ -2.20000000e-01   3.28290000e+02   1.10000000e+00]290.629085 266.2775 269.7109075 278.405539 285.471806 275.73296 290.631781 265.994294 
