-0.075043 [ 8.188 -1.812 -9.125] [-0.32  1.55  9.67]
-0.177056 [ 7.563 -7.687 -7.75 ] [-0.04  1.31  9.62]
-0.278469 [ 6.875 -9.687 -3.25 ] [-0.37  0.55  9.64]
-0.379938 [  6.563 -10.937  -0.375] [-0.58  0.06  9.62]
-0.481524 [  6.313 -11.125   1.313] [-0.61 -0.22  9.61]
-0.582961 [  6.25  -10.75    1.438] [-0.55 -0.24  9.62]
-0.684296 [  6.25  -10.187   0.75 ] [-0.45 -0.13  9.65]
-0.785682 [ 6.188 -9.75   0.688] [-0.38 -0.11  9.66]
-0.887152 [ 6.125 -8.125  0.   ] [-1.38  0.    9.7 ]
-0.98868 [ 6.063 -6.875 -0.75 ] [-1.18  0.13  9.73]
-1.090967 [ 6.063 -6.5   -1.562] [-1.12  0.26  9.73]
-1.19412 [ 6.    -5.875 -2.625] [-1.01  0.45  9.74]
-1.296856 [ 5.875 -5.625 -4.812] [-0.96  0.82  9.72]
-1.400439 [ 2.25  -5.437 -7.875] [-0.93  1.34  9.66]
-1.504326 [  5.563  -5.187 -11.5  ] [-0.89  1.95  9.56]
-1.607047 [  2.75   -4.937 -16.375] [-0.85  2.75  9.37]
-1.710606 [  2.75   -5.    -19.687] [-0.85  3.29  9.19]
-1.814635 [  5.063  -5.437 -20.75 ] [-0.93  3.45  9.12]
-1.917201 [  5.     -5.75  -20.687] [-0.98  3.45  9.12]
-2.02066 [  5.188  -4.875 -20.375] [-0.83  3.4   9.15]
-2.124968 [  5.75   -2.625 -19.25 ] [-0.45  3.23  9.24]
-2.22769 [  6.188  -0.25  -17.875] [-0.05  3.01  9.33]
-2.330265 [  6.563   1.875 -16.25 ] [ 1.61  2.75  9.4 ]
-2.43257 [  6.813   3.563 -15.   ] [ 1.89  2.53  9.45]
-2.535274 [  7.      4.438 -14.   ] [ 2.04  2.37  9.48]
-2.638001 [  7.375   5.438 -12.5  ] [ 2.21  2.11  9.52]
-2.740287 [  7.5     6.813 -10.625] [ 2.44  1.8   9.56]
-2.842452 [  0.437   8.063 -10.062] [ 1.38  1.69  9.55]
-2.944636 [ 7.688  9.938 -9.5  ] [ 1.65  1.6   9.53]
-3.04735 [  7.688  12.     -9.625] [ 2.04  1.61  9.45]
-3.1498 [  7.688  13.438  -9.625] [ 2.28  1.59  9.4 ]
-3.253974 [  7.75   14.313  -8.625] [ 2.41  1.44  9.39]
-3.357504 [  7.875  15.25   -7.75 ] [ 3.86  1.27  9.37]
-3.459806 [  7.875  15.813  -7.25 ] [ 3.96  1.19  9.35]
-3.563151 [  7.625  15.375  -7.5  ] [ 3.88  1.23  9.37]
-3.666876 [  7.813  13.875  -7.437] [ 2.35  1.23  9.43]
-3.769579 [  7.938  12.125  -7.062] [ 2.06  1.18  9.51]
-3.872743 [ 0.     8.5   -6.125] [ 1.45  1.03  9.64]
-3.97721 [ 7.875  3.438 -4.875] [ 1.86  0.83  9.75]
-4.07991 [ 7.5   -1.187 -3.875] [-0.2   0.67  9.78]
-4.18236 [ 7.063 -6.312 -2.75 ] [-1.07  0.47  9.73]
-4.28489 [  6.438 -12.25   -2.   ] [-0.8   0.33  9.57]
-4.387688 [  6.25  -11.062  -1.   ] [-0.63  0.19  9.61]
-4.49022 [  6.188 -11.     -0.187] [-0.6   0.04  9.62]
-4.592395 [  6.125 -11.062   0.375] [-0.6  -0.06  9.62]
-4.694865 [  5.938 -10.625   0.813] [-0.53 -0.13  9.63]
-4.797874 [ 5.875 -9.75   0.938] [-1.68 -0.16  9.65]
-4.900745 [ 5.813 -9.5    0.563] [-0.34 -0.09  9.67]
-5.003756 [ 5.75  -8.687 -0.187] [-1.48  0.03  9.69]
-5.10804 [ 5.688 -8.    -1.25 ] [-0.1  0.2  9.7]
-5.211149 [ 5.625 -7.125 -2.25 ] [-1.22  0.38  9.72]
-5.314068 [ 5.563 -6.375 -3.25 ] [-1.09  0.55  9.72]
-5.418355 [ 5.438 -6.    -5.625] [-1.03  0.91  9.7 ]
-5.521088 [ 5.313 -5.75  -8.625] [-0.99  1.47  9.64]
-5.623531 [  5.125  -5.562 -11.937] [-0.95  2.01  9.54]
-5.727692 [  4.875  -5.375 -16.687] [-0.92  2.73  9.37]
-5.831148 [  4.875  -6.    -19.062] [-1.03  3.19  9.21]
-5.933571 [  4.688  -6.625 -19.687] [-1.13  3.28  9.17]
-6.036123 [  4.625  -7.062 -19.25 ] [-1.2   3.21  9.18]
-6.138604 [  4.938  -5.812 -18.562] [-1.03  3.11  9.24]
-6.241612 [  5.375  -3.687 -17.625] [-0.63  2.96  9.32]
-6.343927 [  5.813  -1.312 -16.687] [-0.22  2.82  9.38]
-6.446361 [  6.25    1.    -15.875] [ 1.45  2.68  9.43]
-6.548643 [  1.437   3.188 -14.687] [ 1.82  2.48  9.47]
-6.651804 [  6.813   4.188 -13.812] [ 2.    2.34  9.49]
-6.754556 [  7.188   5.125 -13.   ] [ 2.15  2.2   9.51]
-6.858413 [  0.5     6.313 -11.25 ] [ 1.08  1.91  9.55]
-6.962226 [  7.688   7.938 -10.437] [ 1.35  1.76  9.55]
-7.064896 [  7.75    9.5   -10.687] [ 1.61  1.79  9.5 ]
-7.168866 [  0.125  11.938 -10.562] [ 2.03  1.76  9.42]
-7.272741 [  8.     12.813  -9.937] [ 2.18  1.65  9.41]
-7.375508 [  8.063  13.5    -9.375] [ 2.29  1.56  9.4 ]
-7.479269 [  0.188  14.188  -8.875] [ 2.4   1.46  9.39]
-7.584103 [  8.313  14.5    -8.062] [ 2.46  1.33  9.39]
-7.686675 [  8.563  14.5    -6.937] [ 2.46  1.15  9.42]
-7.789672 [  8.688  14.375  -6.25 ] [ 2.44  1.03  9.44]
-7.892398 [  8.438  13.     -5.875] [ 2.24  0.99  9.49]
-7.994971 [  7.563  10.063  -5.   ] [ 1.71  0.85  9.61]
-8.09772 [ 6.313  5.313 -3.937] [ 2.18  0.67  9.74]
-8.200289 [ 5.563  0.375 -2.75 ] [ 1.34  0.47  9.79]
-8.303161 [ 4.813 -5.187 -1.5  ] [-0.79  0.27  9.77]
-8.405755 [  3.625 -11.812  -0.75 ] [-0.73  0.13  9.59]
-8.508899 [  3.688 -11.25    0.063] [-0.64 -0.01  9.61]
-8.612898 [  3.688 -10.562   1.   ] [-1.79 -0.16  9.63]
-8.717284 [  3.625 -10.687   1.313] [-0.54 -0.22  9.63]
-8.820679 [  4.562 -10.375   1.563] [-1.77 -0.26  9.64]
-8.9247 [ 3.438 -9.625  1.375] [-0.36 -0.23  9.66]
-9.02725 [ 3.375 -9.75   1.125] [-0.38 -0.19  9.66]
-9.130838 [ 4.75  -8.062  0.125] [-1.38 -0.02  9.7 ]
-9.235126 [ 3.188 -6.875 -0.75 ] [-1.18  0.12  9.73]
-9.337711 [ 3.125 -6.125 -1.562] [-1.05  0.27  9.74]
-9.439988 [ 3.063 -5.75  -2.75 ] [-0.98  0.47  9.74]
-9.542312 [ 2.938 -5.375 -4.812] [-0.92  0.82  9.72]
-9.644619 [ 2.75  -5.187 -8.062] [-0.89  1.32  9.67]
-9.747197 [  2.563  -5.    -11.187] [-0.86  1.9   9.58]
-9.849779 [  2.25   -5.    -15.375] [-0.85  2.59  9.41]
-9.952355 [  2.188  -5.187 -18.937] [-0.89  3.17  9.23]
-10.054966 [  2.     -5.625 -19.875] [-0.96  3.31  9.17]
-10.158125 [  1.938  -6.062 -19.812] [-1.04  3.3   9.17]
-10.261551 [  2.125  -5.375 -19.312] [-0.92  3.23  9.21]
-10.365566 [  2.625  -3.187 -18.25 ] [-0.58  3.08  9.28]
-10.46857 [  3.063  -0.687 -16.812] [-0.12  2.83  9.38]
-10.571432 [  3.5     1.75  -15.812] [ 1.58  2.67  9.43]
-10.675742 [  3.813   3.875 -14.625] [ 1.91  2.49  9.46]
-10.77919 [  4.      4.875 -13.75 ] [ 2.11  2.32  9.49]
-10.882096 [  3.687   5.75  -13.125] [ 2.27  2.22  9.49]
-10.986346 [  4.563   7.063 -11.187] [ 2.47  1.91  9.54]
-11.08953 [  4.688   8.313 -10.437] [ 1.42  1.76  9.54]
-11.191965 [  4.688   9.563 -10.5  ] [ 1.63  1.76  9.5 ]
-11.294536 [  4.688  12.125 -10.625] [ 2.06  1.77  9.42]
-11.39701 [  4.625  13.688 -10.812] [ 2.3   1.8   9.35]
-11.499506 [  4.75   14.25  -10.187] [ 2.42  1.68  9.35]
-11.601826 [  4.875  14.938  -9.5  ] [ 2.53  1.57  9.34]
-11.704025 [  5.     15.313  -8.625] [ 3.86  1.42  9.35]
-11.806436 [  2.75   15.125  -7.437] [ 3.84  1.23  9.38]
-11.909195 [-1682.687    14.688    -7.   ] [ 2.48  1.16  9.41]
-12.011758 [  5.25   13.063  -6.812] [ 2.21  1.14  9.48]
-12.115184 [  4.813  10.063  -6.062] [ 1.72  1.02  9.59]
-12.21923 [ 4.375  5.625 -3.437] [ 2.24  0.58  9.74]
-12.32169 [ 3.812  2.438 -1.812] [ 1.7   0.31  9.79]
-12.424681 [ 4.062 -1.5   -1.   ] [-0.26  0.17  9.8 ]
-12.529136 [ 3.5   -7.562 -0.125] [-1.18  0.03  9.73]
-12.631843 [  3.063 -11.937   0.438] [-0.75 -0.08  9.59]
-12.734713 [  2.688 -11.062   1.25 ] [-0.6  -0.21  9.62]
-12.839161 [  2.625 -11.062   1.5  ] [-0.6  -0.25  9.62]
-12.94218 [  2.5   -10.625   1.688] [-0.53 -0.28  9.63]
-13.044462 [ 2.5   -9.937  1.375] [-0.41 -0.23  9.65]
-13.146913 [ 2.563 -9.062  0.688] [-0.26 -0.12  9.68]
-13.249231 [ 2.5   -8.25  -0.562] [-0.14  0.08  9.7 ]
-13.351797 [ 2.438 -7.687 -1.375] [-0.03  0.24  9.71]
-13.454261 [ 2.375 -7.187 -2.25 ] [-1.23  0.38  9.72]
-13.556829 [ 2.313 -6.375 -3.25 ] [-1.09  0.55  9.72]
-13.659268 [ 2.188 -5.937 -5.75 ] [-1.02  0.93  9.7 ]
-13.762092 [ 2.    -5.687 -8.937] [-0.97  1.52  9.63]
-13.864308 [  1.813  -5.437 -12.625] [-0.93  2.13  9.52]
-13.967873 [  1.625  -5.25  -17.25 ] [-0.89  2.89  9.32]
-14.071737 [  1.563  -5.437 -18.375] [-0.93  3.08  9.26]
-14.174216 [  1.438  -5.875 -18.937] [-1.01  3.16  9.22]
-14.277489 [  1.25   -6.562 -19.062] [-1.12  3.18  9.2 ]
-14.381644 [  1.438  -6.062 -18.562] [-1.05  3.12  9.23]
-14.48425 [  1.813  -4.25  -17.812] [-0.73  2.99  9.31]
-14.587099 [  2.25   -1.875 -16.812] [-0.32  2.83  9.38]
-14.691113 [  2.75    1.    -15.937] [ 0.13  2.7   9.42]
-14.794822 [  3.188   3.5   -15.25 ] [ 1.87  2.57  9.44]
-14.897425 [  3.563   4.563 -14.187] [ 2.06  2.4   9.47]
-14.999991 [  4.063   5.5   -13.25 ] [ 2.22  2.24  9.49]
-15.10257 [  4.313   6.813 -11.187] [ 2.42  1.91  9.54]
-15.205175 [  4.438   8.25  -10.375] [ 1.41  1.75  9.54]
-15.307749 [  4.5     9.625 -10.062] [ 1.64  1.69  9.51]
-15.410651 [  4.563  11.313 -10.   ] [ 1.93  1.67  9.46]
-15.513513 [  4.563  12.25  -10.062] [ 2.09  1.68  9.43]
-15.616036 [  3.625  13.188 -11.25 ] [ 2.23  1.86  9.36]
-15.719242 [  4.438  13.813 -10.562] [ 2.35  1.74  9.35]
-15.82326 [  4.688  14.313  -9.625] [ 2.43  1.61  9.36]
-15.926125 [  4.875  14.125  -8.312] [ 2.39  1.38  9.4 ]
-16.028978 [  5.25   13.813  -6.687] [ 2.34  1.11  9.45]
-16.132982 [  5.25   13.188  -6.125] [ 2.26  1.03  9.48]
-16.235872 [  5.063  10.063  -5.25 ] [ 1.72  0.89  9.61]
-16.339026 [ 3.5    5.438 -4.062] [ 0.93  0.69  9.73]
-16.44335 [ 3.813  0.    -2.875] [   1.37    0.51 -317.89]
-16.54662 [ 3.313 -5.062 -1.812] [-0.87  0.31  9.76]
-16.649211 [  1.938 -12.062  -1.125] [-0.77  0.19  9.58]
-16.7518 [  1.938 -11.812  -0.125] [-0.73  0.03  9.59]
-16.854093 [  1.938 -11.125   0.75 ] [-0.61 -0.12  9.62]
-16.956691 [  1.938 -11.25    1.063] [-0.64 -0.18  9.61]
-17.059115 [  1.75  -10.812   1.438] [-0.56 -0.24  9.62]
-17.161731 [  1.688 -10.187   1.25 ] [-0.45 -0.22  9.64]
-17.26401 [ 1.75  -9.312  0.813] [-0.3  -0.14  9.67]
-17.366637 [ 1.688 -8.375 -0.437] [-0.15  0.07  9.7 ]
-17.469169 [ 1.625 -7.687 -1.312] [-0.03  0.22  9.71]
-17.572287 [ 6.437 -7.    -2.25 ] [-1.2   0.39  9.72]
-17.675793 [ 1.5   -6.437 -3.687] [-1.11  0.6   9.72]
-17.778056 [ 1.375 -6.    -5.937] [-1.02  1.01  9.7 ]
-17.879802 [ 1.25  -5.812 -8.812] [-0.99  1.5   9.63]
-17.982189 [  1.063  -5.562 -12.125] [-0.95  2.05  9.54]
-18.086358 [  0.813  -5.687 -16.687] [-0.97  2.74  9.36]
-18.189039 [  0.688  -6.062 -18.187] [-1.03  3.04  9.26]
-18.291479 [  7.375  -6.375 -18.625] [-1.09  3.11  9.23]
-18.394675 [  0.625  -6.437 -18.5  ] [-1.1   3.1   9.23]
-18.49791 [  0.75   -5.875 -18.062] [-1.    3.02  9.27]
-18.60002 [  1.     -4.75  -17.437] [-0.82  2.93  9.32]
-18.702475 [  1.438  -2.437 -16.375] [-0.41  2.76  9.39]
-18.804928 [  1.875   0.438 -15.562] [ 1.35  2.63  9.44]
-18.907351 [  2.438   3.125 -14.812] [ 1.77  2.52  9.46]
-19.009789 [  2.75    4.25  -13.812] [ 2.01  2.33  9.49]
-19.112337 [  3.063   5.25  -12.812] [ 0.9   2.17  9.52]
-19.214684 [  3.25    6.625 -11.   ] [ 2.41  1.86  9.56]
-19.316981 [  3.313   7.938 -10.25 ] [ 1.33  1.74  9.55]
-19.420285 [  3.375   9.375 -10.   ] [ 1.6   1.68  9.52]
-19.522577 [  3.375  11.438  -9.875] [ 1.94  1.65  9.46]
-19.626834 [  3.375  12.125 -10.062] [ 2.05  1.66  9.44]
-19.730584 [  3.188  12.875 -11.187] [ 2.19  1.85  9.37]
-19.832909 [  3.313  13.5   -10.25 ] [ 2.29  1.7   9.38]
-19.93661 [  4.562  13.875  -9.5  ] [ 2.35  1.57  9.38]
-20.040629 [  3.563  13.563  -8.312] [ 2.3   1.38  9.43]
-20.143127 [  4.25   13.     -7.062] [ 2.21  1.17  9.47]
-20.246913 [  3.938  12.188  -5.312] [ 2.07  0.89  9.54]
-20.350946 [ 3.625  9.375 -4.375] [ 1.6   0.74  9.64]
-20.453382 [ 5.187  5.125 -3.437] [ 2.16  0.59  9.74]
-20.555852 [ 2.     0.313 -2.375] [ 1.34  0.41  9.79]
-20.658299 [ 1.25  -4.937 -1.187] [-0.85  0.2   9.76]
-20.761003 [  8.187 -12.687  -0.437] [-0.87  0.08  9.56]
-20.86346 [  0.125 -12.312   0.375] [-0.81 -0.06  9.58]
-20.965751 [  0.438 -11.312   1.313] [-0.65 -0.22  9.61]
-21.068048 [  0.375 -11.5     1.563] [-0.68 -0.26  9.6 ]
-21.170787 [  0.25  -11.125   1.875] [-0.62 -0.31  9.61]
-21.273508 [  0.188 -10.5     1.938] [-0.51 -0.33  9.63]
-21.376532 [ 0.188 -9.687  1.313] [-0.37 -0.22  9.66]
-21.480671 [ 0.063 -7.812  0.125] [-0.07 -0.03  9.71]
-21.58355 [ 0.063 -7.125 -0.5  ] [-1.21  0.09  9.73]
-21.68611 [ 0.    -6.625 -1.375] [-1.13  0.23  9.73]
-21.790326 [ 8.125 -6.25  -3.   ] [-1.07  0.48  9.73]
-21.893581 [ 8.25  -5.812 -5.375] [-0.99  0.92  9.71]
-21.996001 [ 8.312 -5.5   -8.5  ] [-0.95  1.44  9.65]
-22.100036 [  8.5    -5.312 -12.   ] [-0.91  2.03  9.55]
-22.203756 [  8.687  -5.187 -16.937] [-0.88  2.84  9.34]
-22.306209 [  8.812  -5.562 -18.312] [-0.95  3.07  9.26]
-22.408902 [  8.875  -5.812 -18.812] [-0.99  3.15  9.23]
-22.511227 [  8.937  -6.25  -18.937] [-1.07  3.17  9.21]
-22.613734 [  8.812 -13.75  -18.625] [-0.99  3.12  9.24]
-22.716264 [  8.562  -4.75  -17.875] [-0.81  3.    9.29]
-22.819007 [  8.187  -2.687 -16.875] [-0.46  2.84  9.37]
-22.921853 [  0.313   0.313 -16.   ] [ 1.29  2.71  9.42]
-23.024875 [  0.813   2.75  -15.25 ] [ 1.75  2.58  9.44]
-23.12747 [  1.125   3.938 -14.125] [ 1.96  2.39  9.48]
-23.231193 [  6.625   4.875 -13.312] [ 2.11  2.25  9.5 ]
-23.335084 [  1.688   6.313 -11.562] [ 2.36  1.95  9.54]
-23.437508 [  6.187   7.625 -10.812] [ 1.3   1.83  9.54]
-23.541072 [  1.875   8.813 -10.937] [ 1.5   1.84  9.51]
-23.644951 [  2.063  11.438 -11.187] [ 1.95  1.87  9.42]
-23.747254 [  6.     12.938 -11.5  ] [ 2.2   1.9   9.36]
-23.85114 [  2.063  13.438 -10.812] [ 2.28  1.79  9.36]
-23.955569 [  2.188  13.938 -10.125] [ 2.36  1.67  9.36]
-24.058002 [  2.25   14.063  -9.437] [ 2.38  1.56  9.38]
-24.160591 [  2.375  13.688  -8.5  ] [ 2.32  1.41  9.42]
-24.263001 [  2.438  13.063  -7.375] [ 2.22  1.22  9.47]
-24.365521 [  2.625  12.125  -5.625] [ 2.07  0.96  9.53]
-24.46835 [ 2.25   9.563 -4.937] [ 1.63  0.83  9.63]
-24.570576 [ 1.313  5.313 -3.937] [ 2.19  0.67  9.74]
-24.673119 [ 0.563  0.625 -2.812] [ 1.38  0.48  9.79]
-24.775833 [ 8.187 -5.187 -1.562] [-0.78  0.28  9.77]
-24.878837 [  9.625 -12.625  -0.937] [-0.86  0.15  9.56]
-24.981974 [  9.687 -12.562   0.   ] [-0.86  0.    9.56]
-25.085711 [  9.437 -11.5     1.188] [-0.67 -0.19  9.6 ]
-25.18902 [  9.5   -11.625   1.375] [-0.7  -0.23  9.6 ]
-25.292446 [  9.625 -11.25    1.688] [-0.63 -0.28  9.61]
-25.396695 [  9.562 -10.437   1.375] [-1.79 -0.24  9.63]
-25.49975 [ 9.562 -9.312  0.813] [-0.31 -0.13  9.67]
-25.602921 [ 9.625 -8.    -0.062] [-0.08  0.02  9.71]
-25.707785 [ 9.687 -7.25  -1.25 ] [-1.24  0.21  9.72]
-25.810613 [ 9.75  -6.437 -2.5  ] [-1.1   0.43  9.73]
-25.912966 [  9.812 -14.187  -3.812] [-1.05  0.65  9.72]
-26.015401 [ 9.937 -5.937 -5.812] [-1.01  0.99  9.7 ]
-26.117838 [ 10.     -5.625  -8.812] [-0.97  1.45  9.64]
-26.220416 [ 10.187  -5.5   -12.   ] [-0.94  2.03  9.54]
-26.322708 [ 10.375  -5.5   -16.375] [-0.94  2.75  9.36]
-26.425324 [ 10.5    -5.75  -18.437] [-0.98  3.09  9.25]
-26.52829 [ 10.5    -5.875 -18.812] [-1.    3.14  9.23]
-26.631169 [ 10.625  -6.437 -18.562] [-1.1   3.1   9.23]
-26.734341 [ 10.625  -6.75  -18.187] [-1.15  3.04  9.25]
-26.838629 [ 10.25   -4.937 -17.75 ] [-0.88  2.98  9.29]
-26.94165 [  9.875  -2.687 -17.   ] [-0.46  2.86  9.36]
-27.044537 [  9.437   0.    -16.125] [ 1.28  2.72  9.42]
-27.149106 [  8.875   2.75  -15.437] [ 0.42  2.62  9.43]
-27.252127 [  8.437   4.25  -14.375] [ 2.01  2.43  9.47]
-27.355141 [  8.062   5.125 -13.375] [ 2.16  2.26  9.5 ]
-27.459159 [  0.25    6.438 -11.312] [ 1.08  1.93  9.55]
-27.562023 [  0.313   7.688 -10.75 ] [ 1.31  1.81  9.54]
-27.664325 [  0.375   8.75  -10.437] [ 1.49  1.75  9.53]
-27.766756 [  0.438  11.    -10.312] [ 1.87  1.72  9.47]
-27.869194 [  0.375  11.75  -10.375] [ 2.    1.73  9.44]
-27.97178 [  0.25   12.563 -11.562] [ 2.14  1.91  9.37]
-28.074082 [  0.25   13.125 -11.312] [ 2.22  1.87  9.36]
-28.176666 [  0.375  13.25  -10.25 ] [ 2.25  1.7   9.38]
-28.279128 [  7.5    12.813  -9.187] [ 2.17  1.52  9.43]
-28.38183 [  0.625  12.188  -7.937] [ 2.07  1.32  9.49]
-28.483963 [  0.75   11.313  -6.25 ] [ 1.92  1.05  9.55]
-28.587167 [ 0.75   9.125 -4.687] [ 1.56  0.79  9.64]
-28.691741 [ 0.563  4.5   -3.75 ] [ 2.04  0.64  9.75]
-28.79429 [ 7.812 -0.187 -2.625] [-0.03  0.45  9.79]
-28.897699 [ 8.312 -5.312 -1.375] [-0.91  0.24  9.76]
-29.001742 [  9.75  -13.437  -0.812] [-2.17  0.13  9.56]
-29.10405 [  9.625 -12.75    0.063] [-0.89 -0.01  9.56]
-29.206643 [  9.5   -11.875   1.063] [-0.73 -0.18  9.59]
-29.3108 [  9.562 -12.      1.313] [-0.76 -0.22  9.58]
-29.4141 [  9.812 -11.5     1.563] [-0.68 -0.26  9.6 ]
-29.516117 [  9.75 -10.75   1.25] [-0.55 -0.21  9.63]
-29.618569 [ 9.75  -9.687  0.75 ] [-0.37 -0.12  9.66]
-29.721002 [ 9.75  -8.375 -0.187] [-0.15  0.03  9.7 ]
-29.823415 [ 9.812 -7.875 -1.187] [-0.06  0.2   9.71]
-29.925841 [ 9.875 -7.562 -2.125] [-0.01  0.36  9.71]
-30.028155 [ 9.937 -7.    -3.562] [-1.19  0.61  9.71]
-30.130621 [ 10.062  -6.562  -5.875] [-1.12  1.    9.69]
-30.233927 [ 10.187  -6.312  -9.187] [-1.08  1.55  9.62]
-30.336365 [ 10.375  -6.062 -12.562] [-1.04  2.12  9.51]
-30.440353 [ 10.5    -5.937 -16.812] [-1.01  2.82  9.33]
-30.544248 [ 10.687  -6.437 -18.437] [-1.1   3.08  9.24]
-30.646838 [ 10.875  -7.125 -18.875] [-1.22  3.15  9.2 ]
-30.750106 [ 11.     -7.687 -18.875] [-0.03  3.14  9.19]
-30.85427 [ 10.812  -7.125 -18.312] [-1.23  3.07  9.23]
-30.956859 [ 10.5    -5.437 -17.937] [-0.93  3.01  9.28]
-31.059606 [ 10.     -2.812 -17.125] [-0.48  2.88  9.35]
-31.163649 [  9.562  -0.125 -16.187] [-0.06  2.75  9.41]
-31.267058 [  9.125   1.875 -15.5  ] [ 1.6   2.62  9.44]
-31.369513 [  8.875   3.    -14.5  ] [ 1.79  2.45  8.2 ]
-31.47223 [  8.562   4.375 -12.5  ] [ 2.02  2.12  9.54]
-31.574397 [  8.562   6.063 -10.812] [ 2.28  1.84  9.57]
-31.677256 [  8.5     7.313 -10.312] [ 2.52  1.75  9.56]
-31.779702 [  8.437   8.625 -10.375] [ 1.47  1.75  9.53]
-31.882269 [  8.437  11.    -10.687] [ 1.87  1.78  9.45]
-31.984583 [  8.562  12.25  -11.312] [ 2.07  1.89  9.39]
-32.087295 [  8.437  12.875 -10.625] [ 2.18  1.77  9.39]
-32.190014 [  8.312  13.5   -10.   ] [ 2.29  1.66  9.38]
-32.292444 [  8.187  13.813  -9.125] [ 2.34  1.51  9.4 ]
-32.396542 [  8.062  13.438  -8.062] [ 2.28  1.34  9.44]
-32.499179 [  0.063  12.875  -6.875] [ 2.19  1.14  9.48]
-32.602337 [  0.125  12.125  -5.625] [ 2.06  0.94  9.54]
-32.706607 [ 8.25   9.375 -4.812] [ 1.66  0.83  9.62]
-32.809244 [ 8.875  4.875 -3.812] [ 2.11  0.65  9.74]
-32.912102 [ 9.375 -0.125 -2.75 ] [-0.02  0.47  9.79]
-33.016291 [ 10.062  -6.187  -1.562] [-0.95  0.28  9.75]
-33.119585 [ 11.25  -12.75   -0.875] [-0.89  0.15  9.56]
-33.222293 [ 11.187 -11.812  -0.062] [-0.73  0.01  9.59]
-33.324605 [ 11.062 -11.062   0.875] [-0.6  -0.15  9.62]
-33.427178 [ 11.062 -11.187   1.188] [-0.63 -0.19  9.61]
-33.529915 [ 11.187 -10.812   1.438] [-0.56 -0.24  9.62]
-33.63239 [ 11.187 -10.5     1.25 ] [-0.51 -0.21  9.63]
-33.734652 [ 11.25  -10.      0.813] [-0.42 -0.14  9.65]
-33.837226 [ 11.312  -8.375   0.   ] [-1.44  0.    9.69]
-33.940231 [ 11.375  -7.5    -0.812] [-1.28  0.14  9.72]
-34.042703 [ 11.437  -6.75   -2.062] [-1.15  0.35  9.73]
-34.146691 [ 11.562  -6.187  -3.437] [-1.07  0.56  9.73]
-34.250425 [ 11.625  -5.75   -5.687] [-0.98  0.96  9.7 ]
-34.35272 [ 11.75   -5.437  -8.562] [-0.93  1.46  9.65]
-34.456893 [ 12.     -5.25  -12.125] [-0.9   1.99  9.55]
-34.560493 [ 12.25   -5.125 -16.875] [-0.87  2.83  9.34]
-34.662901 [ 12.375  -5.437 -19.437] [-0.93  3.25  9.2 ]
-34.767202 [   12.5      -5.875  2027.813] [-0.99  3.36  9.15]
-34.871082 [ 12.5    -6.062 -20.125] [-1.04  3.36  9.15]
-34.9737 [ 12.375  -5.375 -19.812] [-0.92  3.31  9.18]
-35.075985 [ 12.125  -4.312 -18.937] [-0.74  3.17  9.24]
-35.178397 [ 11.625  -2.187 -17.625] [-0.38  2.97  9.33]
-35.281146 [ 11.062   0.875 -16.437] [ 1.43  2.78  9.4 ]
-35.383422 [ 10.75    3.063 -15.312] [ 1.8   2.59  9.44]
-35.485836 [ 10.5     4.625 -14.375] [ 2.07  2.43  9.46]
-35.588441 [ 10.187   5.5   -13.062] [ 2.22  2.2   9.5 ]
-35.6916 [ 10.062   6.938 -11.   ] [ 2.46  1.85  9.55]
-35.794039 [ 10.      8.188 -10.625] [ 1.4   1.79  9.53]
-35.897748 [  9.937   9.313 -10.375] [ 1.59  1.75  9.51]
-36.001789 [  9.812  11.688 -10.125] [ 1.98  1.69  9.45]
-36.104115 [  9.75   12.375  -9.937] [ 2.1   1.65  9.43]
-36.20779 [  9.812  12.938 -10.437] [ 2.2   1.74  9.39]
-36.311826 [  9.75   13.625  -9.812] [ 2.31  1.63  9.38]
-36.414561 [  9.625  14.063  -9.375] [ 2.38  1.55  9.38]
-36.517859 [  9.562  13.75   -8.625] [ 2.33  1.43  9.41]
-36.622001 [  9.437  13.125  -7.437] [ 2.22  1.23  9.46]
-36.724894 [  9.25   12.375  -5.812] [ 2.1   0.97  9.52]
-36.827708 [  9.187  10.313  -5.   ] [ 1.75  0.84  9.61]
-36.930335 [ 9.187  6.063 -3.937] [ 2.31  0.67  9.72]
-37.0328 [ 9.5    0.688 -2.875] [ 1.4   0.49  9.79]
