The flat matrix is [[  0.00000000e+00  -8.93700000e+00   2.04137500e+03]
 [ -1.60000000e-01  -3.25210000e+02   8.20000000e+00]] 
-0.078771 [    0.     8. -2056.] [   0.    327.68    1.28]264.7344145 288.2669125 300.6294435 282.014881 279.229326 261.1375635 278.803643 296.2190595 
-0.182416 [    8.     8. -2056.] [   0.    327.68    1.28]263.253264 285.0532445 300.3407415 281.959699 282.2408015 261.231966 275.521817 296.2048415 
-0.285367 [    8.     8. -2056.] [   0.    327.68    1.28]262.448712 281.6094945 299.559706 282.394788 284.9180075 262.310084 272.3802125 295.29212 
-0.387293 [    0.     8. -2056.] [   0.    327.68    1.28]262.426666 278.0681755 298.2210055 283.5058425 287.2277665 264.269701 269.4845345 293.6103725 
-0.490214 [    0.     8. -2056.] [   0.    327.68    1.28]263.2770745 274.5611435 296.350211 285.230547 289.2186095 266.8704895 266.9406865 291.292125 
-0.593842 [    8.     8. -2056.] [   0.    327.68    1.28]264.928927 271.21361 294.0294855 287.352186 290.940561 269.8695915 264.8545715 288.469903 
-0.698519 [    8.     8. -2056.] [   0.    327.68    1.28]267.217951 268.146937 291.341847 289.6517115 292.4436475 273.02415 263.332094 285.2762335 
-0.801837 [    8.     8. -2056.] [   0.    327.68    1.28]269.978733 265.4824385 288.3703145 291.910075 293.7778945 276.0913075 262.4791565 281.8436425 
-0.905715 [    8.     8. -2056.] [   0.    327.68    1.28]273.045858 263.3414295 285.1979055 293.908229 294.993328 278.8282065 262.4016635 278.304656 
-1.00799 [    8.     8. -2056.] [   0.    327.68    1.28]276.253913 261.8452255 281.9076385 295.4271245 296.139974 280.9919895 263.1936635 274.79131 
-1.109878 [    8.     8. -2056.] [   0.    327.68    1.28]279.437483 261.1151405 278.582532 296.2477145 297.261756 282.3620685 264.7971625 271.4293545 
-1.211845 [    8.     8. -2056.] [   0.    327.68    1.28]282.431155 261.2724895 275.3068755 296.170479 298.331664 282.9767255 267.0488565 268.3401865 
-1.315063 [    8.     8. -2056.] [   0.    327.68    1.28]285.082916 262.415932 272.1783945 295.202281 299.2769235 283.0412555 269.783333 265.645114 
-1.417538 [    8.     8. -2056.] [   0.    327.68    1.28]287.369856 264.4258945 269.3028865 293.4739445 300.023998 282.7637385 272.835179 263.465447 
-1.519573 [    0.     8. -2056.] [   0.    327.68    1.28]289.3412135 267.0608405 266.7862575 291.117984 300.4993505 282.352254 276.038981 261.9224935 
-1.622498 [    8.     8. -2056.] [   0.    327.68    1.28]291.047015 270.0779025 264.7344145 288.2669125 300.6294435 282.014881 279.229326 261.1375635 
-1.726631 [    8.     8. -2056.] [   0.    327.68    1.28]292.5372875 273.2342125 263.253264 285.0532445 300.3407415 281.959699 282.2408015 261.231966 
-1.828974 [    8.     8. -2056.] [   0.    327.68    1.28]293.862057 276.2869025 262.448712 281.6094945 299.559706 282.394788 284.9180075 262.310084 
-1.9314 [    8.     8. -2056.] [   0.    327.68    1.28]295.0713505 278.993105 262.426666 278.0681755 298.2210055 283.5058425 287.2277665 264.269701 
-2.035553 [    8.     8. -2056.] [   0.    327.68    1.28]296.2151945 281.109951 263.2770745 274.5611435 296.350211 285.230547 289.2186095 266.8704895 
-2.138311 [    8.     8. -2056.] [   0.    327.68    1.28]297.335494 282.4242155 264.928927 271.21361 294.0294855 287.352186 290.940561 269.8695915 
-2.241809 [    8.     8. -2056.] [   0.    327.68    1.28]298.399392 282.9955355 267.217951 268.146937 291.341847 289.6517115 292.4436475 273.02415 
-2.345792 [    8.     8. -2056.] [   0.    327.68    1.28]299.3337395 283.0306015 269.978733 265.4824385 288.3703145 291.910075 293.7778945 276.0913075 
-2.449025 [    8.     8. -2056.] [   0.    327.68    1.28]300.0649965 282.7375305 273.045858 263.3414295 285.1979055 293.908229 294.993328 278.8282065 
-2.550969 [    8.     8. -2056.] [   0.    327.68    1.28]300.519625 282.3244375 276.253913 261.8452255 281.9076385 295.4271245 296.139974 280.9919895 
-2.653904 [    8.     8. -2056.] [   0.    327.68    1.28]300.624084 281.99944 279.437483 261.1151405 278.582532 296.2477145 297.261756 282.3620685 
-2.758052 [    8.     8. -2056.] [   0.    327.68    1.28]300.3048355 281.9706535 282.431155 261.2724895 275.3068755 296.170479 298.331664 282.9767255 
-2.86074 [    8.     8. -2056.] [   0.    327.68    1.28]299.488339 282.446195 285.082916 262.415932 272.1783945 295.202281 299.2769235 283.0412555 
-2.962718 [    8.     8. -2056.] [   0.    327.68    1.28]298.1119185 283.604534 287.369856 264.4258945 269.3028865 293.4739445 300.023998 282.7637385 
-3.064817 [    8.     8. -2056.] [   0.    327.68    1.28]296.2084985 285.363224 289.3412135 267.0608405 266.7862575 291.117984 300.4993505 282.352254 
-3.168058 [    8.     8. -2056.] [   0.    327.68    1.28]293.860683 287.5042375 291.047015 270.0779025 264.7344145 288.2669125 300.6294435 282.014881 
-3.270397 [    8.     8. -2056.] [   0.    327.68    1.28]291.151499 289.8083895 292.5372875 273.2342125 263.253264 285.0532445 300.3407415 281.959699 
-3.372391 [    8.     8. -2056.] [   0.    327.68    1.28]288.1639735 292.0564945 293.862057 276.2869025 262.448712 281.6094945 299.559706 282.394788 
-3.475886 [    8.     8. -2056.] [   0.    327.68    1.28]284.9811345 294.029368 295.0713505 278.993105 262.426666 278.0681755 298.2210055 283.5058425 
-3.579433 [    8.     8. -2056.] [   0.    327.68    1.28]281.6860085 295.5078245 296.2151945 281.109951 263.2770745 274.5611435 296.350211 285.230547 
-3.68154 [    8.     8. -2056.] [   0.    327.68    1.28]278.361623 296.272679 297.335494 282.4242155 264.928927 271.21361 294.0294855 287.352186 
-3.784398 [    8.     8. -2056.] [   0.    327.68    1.28]275.092677 296.1305155 298.399392 282.9955355 267.217951 268.146937 291.341847 289.6517115 
-3.888394 [    8.     8. -2056.] [   0.    327.68    1.28]271.977942 295.104871 299.3337395 283.0306015 269.978733 265.4824385 288.3703145 291.910075 
-3.991011 [    8.     8. -2056.] [   0.    327.68    1.28]269.123237 293.3279595 300.0649965 282.7375305 273.045858 263.3414295 285.1979055 293.908229 
-4.092907 [    8.     8. -2056.] [   0.    327.68    1.28]266.6344355 290.932805 300.519625 282.3244375 276.253913 261.8452255 281.9076385 295.4271245 
-4.195919 [    8.     8. -2056.] [   0.    327.68    1.28]264.6174105 288.0524335 300.624084 281.99944 279.437483 261.1151405 278.582532 296.2477145 
-4.299653 [    8.     8. -2056.] [   0.    327.68    1.28]263.178034 284.8198695 300.3048355 281.9706535 282.431155 261.2724895 275.3068755 296.170479 
-4.402164 [    8.     8. -2056.] [   0.    327.68    1.28]262.422179 281.368138 299.488339 282.446195 285.082916 262.415932 272.1783945 295.202281 
-4.504191 [    8.     8. -2056.] [   0.    327.68    1.28]262.455719 277.830264 298.1119185 283.604534 287.369856 264.4258945 269.3028865 293.4739445 
-4.607332 [    8.     8. -2056.] [   0.    327.68    1.28]263.363624 274.338223 296.2084985 285.363224 289.3412135 267.0608405 266.7862575 291.117984 
-4.710989 [    8.     8. -2056.] [   0.    327.68    1.28]265.0624455 271.0155325 293.860683 287.5042375 291.047015 270.0779025 264.7344145 288.2669125 
-4.813356 [    8.     8. -2056.] [   0.    327.68    1.28]267.387422 267.9816265 291.151499 289.8083895 292.5372875 273.2342125 263.253264 285.0532445 
-4.915436 [    8.     8. -2056.] [   0.    327.68    1.28]270.1732655 265.355913 288.1639735 292.0564945 293.862057 276.2869025 262.448712 281.6094945 
-5.017273 [    8.     8. -2056.] [   0.    327.68    1.28]273.2546885 263.2578 284.9811345 294.029368 295.0713505 278.993105 262.426666 278.0681755 
-5.1199 [    8.     8. -2056.] [   0.    327.68    1.28]276.466403 261.806695 281.6860085 295.5078245 296.2151945 281.109951 263.2770745 274.5611435 
-5.223042 [    8.     8. -2056.] [   0.    327.68    1.28]279.643121 261.1220065 278.361623 296.272679 297.335494 282.4242155 264.928927 271.21361 
-5.325045 [    0.     8. -2056.] [   0.    327.68    1.28]282.619556 261.3231415 275.092677 296.1305155 298.399392 282.9955355 267.217951 268.146937 
-5.428057 [    0.     8. -2056.] [   0.    327.68    1.28]285.247851 262.500692 271.977942 295.104871 299.3337395 283.0306015 269.978733 265.4824385 
-5.531584 [    8.     8. -2056.] [   0.    327.68    1.28]287.514644 264.5229155 269.123237 293.3279595 300.0649965 282.7375305 273.045858 263.3414295 
-5.634383 [    8.     8. -2056.] [   0.    327.68    1.28]289.4691435 267.1546355 266.6344355 290.932805 300.519625 282.3244375 276.253913 261.8452255 
-5.736725 [    8.     8. -2056.] [   0.    327.68    1.28]291.1609035 270.1601005 264.6174105 288.0524335 300.624084 281.99944 279.437483 261.1151405 
-5.840495 [    8.     8. -2056.] [   0.    327.68    1.28]292.63948 273.3035595 263.178034 284.8198695 300.3048355 281.9706535 282.431155 261.2724895 
-5.943591 [    8.     8. -2056.] [   0.    327.68    1.28]293.954428 276.349261 262.422179 281.368138 299.488339 282.446195 285.082916 262.415932 
-6.045572 [    8.     8. -2056.] [   0.    327.68    1.28]295.155303 279.061454 262.455719 277.830264 298.1119185 283.604534 287.369856 264.4258945 
-6.148096 [    8.     8. -2056.] [   0.    327.68    1.28]296.2916595 281.204387 263.363624 274.338223 296.2084985 285.363224 289.3412135 267.0608405 
-6.251813 [    8.     8. -2056.] [   0.    327.68    1.28]297.187473 282.29765 265.0624455 271.0155325 293.860683 287.5042375 291.047015 270.0779025 
-6.354672 [    8.     8. -2056.] [   0.    327.68    1.28]298.2627245 282.9576945 267.387422 267.9816265 291.151499 289.8083895 292.5372875 273.2342125 
-6.45665 [    8.     8. -2056.] [   0.    327.68    1.28]299.2184305 283.052991 270.1732655 265.355913 288.1639735 292.0564945 293.862057 276.2869025 
-6.559668 [    8.     8. -2056.] [   0.    327.68    1.28]299.981012 282.7917785 273.2546885 263.2578 284.9811345 294.029368 295.0713505 278.993105 
-6.66329 [    8.     8. -2056.] [   0.    327.68    1.28]300.476889 282.3822955 276.466403 261.806695 281.6860085 295.5078245 296.2151945 281.109951 
-6.766318 [    8.     8. -2056.] [   0.    327.68    1.28]300.632482 282.0327815 279.643121 261.1220065 278.361623 296.272679 297.335494 282.4242155 
-6.868446 [    8.     8. -2056.] [   0.    327.68    1.28]300.374211 281.951475 282.619556 261.3231415 275.092677 296.1305155 298.399392 282.9955355 
-6.970155 [    8.     8. -2056.] [   0.    327.68    1.28]299.6284975 282.3466155 285.247851 262.500692 271.977942 295.104871 299.3337395 283.0306015 
-7.072983 [    8.     8. -2056.] [   0.    327.68    1.28]298.327783 283.4100095 287.514644 264.5229155 269.123237 293.3279595 300.0649965 282.7375305 
-7.175885 [    8.     8. -2056.] [   0.    327.68    1.28]296.490029 285.100115 289.4691435 267.1546355 266.6344355 290.932805 300.519625 282.3244375 
-7.278004 [    8.     8. -2056.] [   0.    327.68    1.28]294.1967555 287.2019585 291.1609035 270.1601005 264.6174105 288.0524335 300.624084 281.99944 
-7.380992 [    8.     8. -2056.] [   0.    327.68    1.28]291.530993 289.496449 292.63948 273.3035595 263.178034 284.8198695 300.3048355 281.9706535 
-7.484646 [    8.     8. -2056.] [ 0.    0.    1.28]288.575771 291.764495 293.954428 276.349261 262.422179 281.368138 299.488339 282.446195 
-7.587228 [    8.     8. -2056.] [   0.    327.68    1.28]285.414119 293.7870065 295.155303 279.061454 262.455719 277.830264 298.1119185 283.604534 
-7.689279 [    0.     8. -2056.] [   0.    327.68    1.28]282.1290665 295.3448915 296.2916595 281.204387 263.363624 274.338223 296.2084985 285.363224 
-7.792754 [    0.     8. -2056.] [   0.    327.68    1.28]278.803643 296.2190595 297.187473 282.29765 265.0624455 271.0155325 293.860683 287.5042375 
-7.896148 [    8.     8. -2056.] [   0.    327.68    1.28]275.521817 296.2048415 298.2627245 282.9576945 267.387422 267.9816265 291.151499 289.8083895 
-7.998393 [    8.     8. -2056.] [   0.    327.68    1.28]272.3802125 295.29212 299.2184305 283.052991 270.1732655 265.355913 288.1639735 292.0564945 
-8.100704 [    8.     8. -2056.] [   0.    327.68    1.28]269.4845345 293.6103725 299.981012 282.7917785 273.2546885 263.2578 284.9811345 294.029368 
-8.204717 [    8.     8. -2056.] [   0.    327.68    1.28]266.9406865 291.292125 300.476889 282.3822955 276.466403 261.806695 281.6860085 295.5078245 
-8.307911 [    8.     8. -2056.] [   0.    327.68    1.28]264.8545715 288.469903 300.632482 282.0327815 279.643121 261.1220065 278.361623 296.272679 
-8.410152 [    8.     8. -2056.] [   0.    327.68    1.28]263.332094 285.2762335 300.374211 281.951475 282.619556 261.3231415 275.092677 296.1305155 
-8.513324 [    8.     8. -2056.] [   0.    327.68    1.28]262.4791565 281.8436425 299.6284975 282.3466155 285.247851 262.500692 271.977942 295.104871 
-8.617281 [    8.     8. -2056.] [   0.    327.68    1.28]262.4016635 278.304656 298.327783 283.4100095 287.514644 264.5229155 269.123237 293.3279595 
-8.719778 [    8.     8. -2048.] [   0.    327.68    1.28]263.1936635 274.79131 296.490029 285.100115 289.4691435 267.1546355 266.6344355 290.932805 
-8.82156 [    8.     8. -2056.] [   0.    327.68    1.28]264.7971625 271.4293545 294.1967555 287.2019585 291.1609035 270.1601005 264.6174105 288.0524335 
-8.923346 [    8.     8. -2056.] [   0.    327.68    1.28]267.0488565 268.3401865 291.530993 289.496449 292.63948 273.3035595 263.178034 284.8198695 
-9.026105 [    8.     8. -2056.] [   0.    327.68    1.28]269.783333 265.645114 288.575771 291.764495 293.954428 276.349261 262.422179 281.368138 
-9.12899 [    8.     8. -2056.] [   0.    327.68    1.28]272.835179 263.465447 285.414119 293.7870065 295.155303 279.061454 262.455719 277.830264 
-9.230814 [    0.     8. -2056.] [   0.    327.68    1.28]276.038981 261.9224935 282.1290665 295.3448915 296.2916595 281.204387 263.363624 274.338223 
-9.333906 [    0.     8. -2056.] [   0.    327.68    1.28]279.229326 261.1375635 278.803643 296.2190595 297.187473 282.29765 265.0624455 271.0155325 
-9.437877 [    8.     8. -2056.] [   0.    327.68    1.28]282.2408015 261.231966 275.521817 296.2048415 298.2627245 282.9576945 267.387422 267.9816265 
-9.540248 [    8.     8. -2056.] [   0.    327.68    1.28]284.9180075 262.310084 272.3802125 295.29212 299.2184305 283.052991 270.1732655 265.355913 
-9.642142 [    8.     8. -2056.] [   0.    327.68    1.28]287.2277665 264.269701 269.4845345 293.6103725 299.981012 282.7917785 273.2546885 263.2578 
-9.745745 [    8.     8. -2056.] [   0.    327.68    1.28]289.2186095 266.8704895 266.9406865 291.292125 300.476889 282.3822955 276.466403 261.806695 
-9.849206 [    8.     8. -2056.] [   0.    327.68    1.28]290.940561 269.8695915 264.8545715 288.469903 300.632482 282.0327815 279.643121 261.1220065 
-9.951194 [    8.     8. -2056.] [   0.    327.68    1.28]292.4436475 273.02415 263.332094 285.2762335 300.374211 281.951475 282.619556 261.3231415 
-10.053577 [    8.     8. -2056.] [   0.    327.68    1.28]293.7778945 276.0913075 262.4791565 281.8436425 299.6284975 282.3466155 285.247851 262.500692 
-10.157197 [    8.     8. -2056.] [   0.    327.68    1.28]294.993328 278.8282065 262.4016635 278.304656 298.327783 283.4100095 287.514644 264.5229155 
-10.260045 [    8.     8. -2056.] [   0.    327.68    1.28]296.139974 280.9919895 263.1936635 274.79131 296.490029 285.100115 289.4691435 267.1546355 
-10.362132 [    8.     8. -2056.] [   0.    327.68    1.28]297.261756 282.3620685 264.7971625 271.4293545 294.1967555 287.2019585 291.1609035 270.1601005 
-10.464709 [    8.     8. -2056.] [   0.    327.68    1.28]298.331664 282.9767255 267.0488565 268.3401865 291.530993 289.496449 292.63948 273.3035595 
-10.56847 [    8.     8. -2056.] [   0.    327.68    1.28]299.2769235 283.0412555 269.783333 265.645114 288.575771 291.764495 293.954428 276.349261 
-10.671539 [    8.     8. -2056.] [   0.    327.68    1.28]300.023998 282.7637385 272.835179 263.465447 285.414119 293.7870065 295.155303 279.061454 
-10.773314 [    8.     8. -2056.] [   0.    327.68    1.28]300.4993505 282.352254 276.038981 261.9224935 282.1290665 295.3448915 296.2916595 281.204387 
-10.875503 [    8.     8. -2056.] [   0.    327.68    1.28]300.6294435 282.014881 279.229326 261.1375635 278.803643 296.2190595 297.187473 282.29765 
-10.977866 [    0.     8. -2056.] [   0.    327.68    1.28]300.3407415 281.959699 282.2408015 261.231966 275.521817 296.2048415 298.2627245 282.9576945 
-11.08128 [    8.     8. -2056.] [   0.    327.68    1.28]299.559706 282.394788 284.9180075 262.310084 272.3802125 295.29212 299.2184305 283.052991 
-11.183829 [    8.     8. -2056.] [   0.    327.68    1.28]298.2210055 283.5058425 287.2277665 264.269701 269.4845345 293.6103725 299.981012 282.7917785 
-11.286981 [    0.     8. -2056.] [   0.    327.68    1.28]296.350211 285.230547 289.2186095 266.8704895 266.9406865 291.292125 300.476889 282.3822955 
-11.39083 [    8.     8. -2056.] [   0.    327.68    1.28]294.0294855 287.352186 290.940561 269.8695915 264.8545715 288.469903 300.632482 282.0327815 
-11.493251 [    8.     8. -2056.] [   0.    327.68    1.28]291.341847 289.6517115 292.4436475 273.02415 263.332094 285.2762335 300.374211 281.951475 
-11.595537 [    8.     8. -2056.] [   0.    327.68    1.28]288.3703145 291.910075 293.7778945 276.0913075 262.4791565 281.8436425 299.6284975 282.3466155 
-11.699255 [    0.     8. -2056.] [   0.    327.68    1.28]285.1979055 293.908229 294.993328 278.8282065 262.4016635 278.304656 298.327783 283.4100095 
-11.802441 [    8.     8. -2056.] [   0.    327.68    1.28]281.9076385 295.4271245 296.139974 280.9919895 263.1936635 274.79131 296.490029 285.100115 
-11.90464 [    8.     8. -2056.] [   0.    327.68    1.28]278.582532 296.2477145 297.261756 282.3620685 264.7971625 271.4293545 294.1967555 287.2019585 
-12.007229 [    0.     8. -2056.] [   0.    327.68    1.28]275.3068755 296.170479 298.331664 282.9767255 267.0488565 268.3401865 291.530993 289.496449 
-12.111563 [    8.     8. -2056.] [   0.    327.68    1.28]272.1783945 295.202281 299.2769235 283.0412555 269.783333 265.645114 288.575771 291.764495 
-12.21511 [    8.     8. -2056.] [   0.    327.68    0.  ]269.3028865 293.4739445 300.023998 282.7637385 272.835179 263.465447 285.414119 293.7870065 
-12.319707 [    8.     8. -2056.] [   0.    327.68    1.28]266.7862575 291.117984 300.4993505 282.352254 276.038981 261.9224935 282.1290665 295.3448915 
-12.423931 [    8.     8. -2056.] [   0.    327.68    1.28]264.7344145 288.2669125 300.6294435 282.014881 279.229326 261.1375635 278.803643 296.2190595 
-12.526878 [    8.     8. -2056.] [   0.    327.68    1.28]263.253264 285.0532445 300.3407415 281.959699 282.2408015 261.231966 275.521817 296.2048415 
-12.630032 [    8.     8. -2056.] [   0.    327.68    1.28]262.448712 281.6094945 299.559706 282.394788 284.9180075 262.310084 272.3802125 295.29212 
-12.73306 [    8.     8. -2056.] [   0.    327.68    1.28]262.426666 278.0681755 298.2210055 283.5058425 287.2277665 264.269701 269.4845345 293.6103725 
-12.836541 [    8.     8. -2056.] [   0.    327.68    1.28]263.2770745 274.5611435 296.350211 285.230547 289.2186095 266.8704895 266.9406865 291.292125 
-12.940075 [    8.     8. -2056.] [   0.    327.68    1.28]264.928927 271.21361 294.0294855 287.352186 290.940561 269.8695915 264.8545715 288.469903 
-13.044146 [    8.     8. -2056.] [   0.    327.68    1.28]267.217951 268.146937 291.341847 289.6517115 292.4436475 273.02415 263.332094 285.2762335 
-13.147247 [    8.     8. -2056.] [   0.    327.68    1.28]269.978733 265.4824385 288.3703145 291.910075 293.7778945 276.0913075 262.4791565 281.8436425 
-13.25119 [    0.     8. -2056.] [   0.    327.68    1.28]273.045858 263.3414295 285.1979055 293.908229 294.993328 278.8282065 262.4016635 278.304656 
-13.356326 [    8.     8. -2056.] [   0.    327.68    1.28]276.253913 261.8452255 281.9076385 295.4271245 296.139974 280.9919895 263.1936635 274.79131 
-13.46022 [    8.     8. -2056.] [   0.    327.68    1.28]279.437483 261.1151405 278.582532 296.2477145 297.261756 282.3620685 264.7971625 271.4293545 
-13.564793 [    8.     8. -2056.] [   0.    327.68    1.28]282.431155 261.2724895 275.3068755 296.170479 298.331664 282.9767255 267.0488565 268.3401865 
-13.667932 [    8.     8. -2056.] [   0.    327.68    1.28]285.082916 262.415932 272.1783945 295.202281 299.2769235 283.0412555 269.783333 265.645114 
-13.77142 [    0.     8. -2056.] [   0.    327.68    1.28]287.369856 264.4258945 269.3028865 293.4739445 300.023998 282.7637385 272.835179 263.465447 
-13.876062 [    8.     8. -2056.] [   0.    327.68    1.28]289.3412135 267.0608405 266.7862575 291.117984 300.4993505 282.352254 276.038981 261.9224935 
-13.978984 [    8.     8. -2056.] [   0.    327.68    1.28]291.047015 270.0779025 264.7344145 288.2669125 300.6294435 282.014881 279.229326 261.1375635 
-14.081735 [    8.     8. -2056.] [   0.    327.68    1.28]292.5372875 273.2342125 263.253264 285.0532445 300.3407415 281.959699 282.2408015 261.231966 
-14.185811 [    8.     8. -2056.] [   0.    327.68    1.28]293.862057 276.2869025 262.448712 281.6094945 299.559706 282.394788 284.9180075 262.310084 
-14.28951 [    8.     8. -2056.] [   0.    327.68    1.28]295.0713505 278.993105 262.426666 278.0681755 298.2210055 283.5058425 287.2277665 264.269701 
-14.394018 [    8.     8. -2056.] [   0.    327.68    1.28]296.2151945 281.109951 263.2770745 274.5611435 296.350211 285.230547 289.2186095 266.8704895 
-14.497412 [    8.     8. -2056.] [   0.    327.68    1.28]297.335494 282.4242155 264.928927 271.21361 294.0294855 287.352186 290.940561 269.8695915 
-14.600353 [    8.     8. -2056.] [   0.    327.68    1.28]298.399392 282.9955355 267.217951 268.146937 291.341847 289.6517115 292.4436475 273.02415 
-14.704797 [    8.     8. -2056.] [   0.    327.68    1.28]299.3337395 283.0306015 269.978733 265.4824385 288.3703145 291.910075 293.7778945 276.0913075 
-14.808347 [    8.     8. -2056.] [   0.    327.68    1.28]300.0649965 282.7375305 273.045858 263.3414295 285.1979055 293.908229 294.993328 278.8282065 
-14.912287 [    8.     8. -2056.] [   0.    327.68    1.28]300.519625 282.3244375 276.253913 261.8452255 281.9076385 295.4271245 296.139974 280.9919895 
-15.01704 [    8.     8. -2056.] [   0.    327.68    1.28]300.624084 281.99944 279.437483 261.1151405 278.582532 296.2477145 297.261756 282.3620685 
-15.119865 [    0.     8. -2056.] [   0.    327.68    1.28]300.3048355 281.9706535 282.431155 261.2724895 275.3068755 296.170479 298.331664 282.9767255 
-15.223307 [    8.     8. -2056.] [   0.    327.68    1.28]299.488339 282.446195 285.082916 262.415932 272.1783945 295.202281 299.2769235 283.0412555 
-15.329511 [    8.     8. -2048.] [   0.    327.68    1.28]298.1119185 283.604534 287.369856 264.4258945 269.3028865 293.4739445 300.023998 282.7637385 
-15.432077 [    8.     8. -2056.] [   0.    327.68    1.28]296.2084985 285.363224 289.3412135 267.0608405 266.7862575 291.117984 300.4993505 282.352254 
-15.534566 [    0.     8. -2056.] [   0.    327.68    1.28]293.860683 287.5042375 291.047015 270.0779025 264.7344145 288.2669125 300.6294435 282.014881 
-15.638628 [    0.     8. -2056.] [   0.    327.68    1.28]291.151499 289.8083895 292.5372875 273.2342125 263.253264 285.0532445 300.3407415 281.959699 
-15.741159 [    8.     8. -2056.] [   0.    327.68    1.28]288.1639735 292.0564945 293.862057 276.2869025 262.448712 281.6094945 299.559706 282.394788 
-15.845025 [    0.     8. -2056.] [   0.    327.68    1.28]284.9811345 294.029368 295.0713505 278.993105 262.426666 278.0681755 298.2210055 283.5058425 
-15.949437 [    8.     8. -2056.] [   0.    327.68    1.28]281.6860085 295.5078245 296.2151945 281.109951 263.2770745 274.5611435 296.350211 285.230547 
-16.052475 [    0.     8. -2056.] [   0.    327.68    1.28]278.361623 296.272679 297.335494 282.4242155 264.928927 271.21361 294.0294855 287.352186 
-16.156264 [    8.     8. -2056.] [   0.    327.68    1.28]275.092677 296.1305155 298.399392 282.9955355 267.217951 268.146937 291.341847 289.6517115 
-16.260164 [    8.     8. -2056.] [   0.    327.68    1.28]271.977942 295.104871 299.3337395 283.0306015 269.978733 265.4824385 288.3703145 291.910075 
-16.36399 [    8.     8. -2056.] [   0.    327.68    1.28]269.123237 293.3279595 300.0649965 282.7375305 273.045858 263.3414295 285.1979055 293.908229 
-16.468729 [    8.     8. -2056.] [   0.    327.68    1.28]266.6344355 290.932805 300.519625 282.3244375 276.253913 261.8452255 281.9076385 295.4271245 
-16.571824 [    8.     8. -2056.] [   0.    327.68    1.28]264.6174105 288.0524335 300.624084 281.99944 279.437483 261.1151405 278.582532 296.2477145 
-16.675744 [    8.     8. -2056.] [   0.    327.68    1.28]263.178034 284.8198695 300.3048355 281.9706535 282.431155 261.2724895 275.3068755 296.170479 
-16.780317 [    8.     8. -2056.] [   0.    327.68    1.28]262.422179 281.368138 299.488339 282.446195 285.082916 262.415932 272.1783945 295.202281 
-16.883261 [    8.     8. -2056.] [   0.    327.68    1.28]262.455719 277.830264 298.1119185 283.604534 287.369856 264.4258945 269.3028865 293.4739445 
-16.986109 [    0.     8. -2056.] [   0.    327.68    1.28]263.363624 274.338223 296.2084985 285.363224 289.3412135 267.0608405 266.7862575 291.117984 
-17.090187 [    8.     8. -2056.] [   0.    327.68    1.28]265.0624455 271.0155325 293.860683 287.5042375 291.047015 270.0779025 264.7344145 288.2669125 
-17.192489 [    0.     8. -2056.] [   0.    327.68    1.28]267.387422 267.9816265 291.151499 289.8083895 292.5372875 273.2342125 263.253264 285.0532445 
-17.297219 [    0.     8. -2056.] [   0.    327.68    1.28]270.1732655 265.355913 288.1639735 292.0564945 293.862057 276.2869025 262.448712 281.6094945 
-17.401284 [    8.     8. -2056.] [   0.    327.68    1.28]273.2546885 263.2578 284.9811345 294.029368 295.0713505 278.993105 262.426666 278.0681755 
-17.503981 [    0.     8. -2056.] [   0.    327.68    1.28]276.466403 261.806695 281.6860085 295.5078245 296.2151945 281.109951 263.2770745 274.5611435 
-17.608043 [    8.     8. -2056.] [   0.    327.68    1.28]279.643121 261.1220065 278.361623 296.272679 297.335494 282.4242155 264.928927 271.21361 
-17.711548 [    8.     8. -2056.] [   0.    327.68    1.28]282.619556 261.3231415 275.092677 296.1305155 298.399392 282.9955355 267.217951 268.146937 
-17.814093 [    0.     8. -2056.] [   0.    327.68    1.28]285.247851 262.500692 271.977942 295.104871 299.3337395 283.0306015 269.978733 265.4824385 
-17.918011 [    8.     8. -2056.] [   0.    327.68    1.28]287.514644 264.5229155 269.123237 293.3279595 300.0649965 282.7375305 273.045858 263.3414295 
-18.021953 [    8.     8. -2056.] [   0.    327.68    1.28]289.4691435 267.1546355 266.6344355 290.932805 300.519625 282.3244375 276.253913 261.8452255 
-18.124422 [    8.     8. -2056.] [   0.    327.68    1.28]291.1609035 270.1601005 264.6174105 288.0524335 300.624084 281.99944 279.437483 261.1151405 
-18.228147 [    0.     8. -2056.] [   0.    327.68    1.28]292.63948 273.3035595 263.178034 284.8198695 300.3048355 281.9706535 282.431155 261.2724895 
-18.33329 [    8.     8. -2056.] [   0.    327.68    1.28]293.954428 276.349261 262.422179 281.368138 299.488339 282.446195 285.082916 262.415932 
-18.436407 [    8.     8. -2056.] [   0.    327.68    1.28]295.155303 279.061454 262.455719 277.830264 298.1119185 283.604534 287.369856 264.4258945 
-18.539454 [    8.     8. -2056.] [   0.    327.68    1.28]296.2916595 281.204387 263.363624 274.338223 296.2084985 285.363224 289.3412135 267.0608405 
-18.643563 [    8.     8. -2056.] [   0.    327.68    1.28]297.187473 282.29765 265.0624455 271.0155325 293.860683 287.5042375 291.047015 270.0779025 
-18.74661 [    8.     8. -2056.] [   0.    327.68    1.28]298.2627245 282.9576945 267.387422 267.9816265 291.151499 289.8083895 292.5372875 273.2342125 
-18.850799 [    8.     8. -2056.] [   0.    327.68    1.28]299.2184305 283.052991 270.1732655 265.355913 288.1639735 292.0564945 293.862057 276.2869025 
-18.954327 [    8.     8. -2056.] [   0.    327.68    1.28]299.981012 282.7917785 273.2546885 263.2578 284.9811345 294.029368 295.0713505 278.993105 
-19.057225 [    8.     8. -2056.] [   0.    327.68    1.28]300.476889 282.3822955 276.466403 261.806695 281.6860085 295.5078245 296.2151945 281.109951 
-19.16127 [    8.     8. -2056.] [   0.    327.68    1.28]300.632482 282.0327815 279.643121 261.1220065 278.361623 296.272679 297.335494 282.4242155 
-19.2648 [    8.     8. -2056.] [   0.    327.68    1.28]300.374211 281.951475 282.619556 261.3231415 275.092677 296.1305155 298.399392 282.9955355 
-19.368596 [    8.     8. -2056.] [   0.    327.68    1.28]299.6284975 282.3466155 285.247851 262.500692 271.977942 295.104871 299.3337395 283.0306015 
-19.473606 [    8.     8. -2056.] [   0.    327.68    1.28]298.327783 283.4100095 287.514644 264.5229155 269.123237 293.3279595 300.0649965 282.7375305 
-19.577126 [    0.     8. -2056.] [   0.    327.68    1.28]296.490029 285.100115 289.4691435 267.1546355 266.6344355 290.932805 300.519625 282.3244375 
-19.682284 [    8.     8. -2056.] [   0.    327.68    1.28]294.1967555 287.2019585 291.1609035 270.1601005 264.6174105 288.0524335 300.624084 281.99944 
-19.785184 [    8.     8. -2056.] [   0.    327.68    1.28]291.530993 289.496449 292.63948 273.3035595 263.178034 284.8198695 300.3048355 281.9706535 
-19.88729 [    8.     8. -2056.] [   0.    327.68    1.28]288.575771 291.764495 293.954428 276.349261 262.422179 281.368138 299.488339 282.446195 
-19.989468 [    0.     8. -2056.] [   0.    327.68    1.28]285.414119 293.7870065 295.155303 279.061454 262.455719 277.830264 298.1119185 283.604534 
-20.092084 [    8.     8. -2056.] [   0.    327.68    1.28]282.1290665 295.3448915 296.2916595 281.204387 263.363624 274.338223 296.2084985 285.363224 
-20.195218 [    8.     8. -2056.] [   0.    327.68    1.28]278.803643 296.2190595 297.187473 282.29765 265.0624455 271.0155325 293.860683 287.5042375 
-20.297259 [    0.     8. -2056.] [   0.    327.68    1.28]275.521817 296.2048415 298.2627245 282.9576945 267.387422 267.9816265 291.151499 289.8083895 
-20.400165 [    8.     8. -2056.] [   0.    327.68    1.28]272.3802125 295.29212 299.2184305 283.052991 270.1732655 265.355913 288.1639735 292.0564945 
-20.504114 [    8.     8. -2056.] [   0.    327.68    1.28]269.4845345 293.6103725 299.981012 282.7917785 273.2546885 263.2578 284.9811345 294.029368 
-20.606475 [    8.     8. -2056.] [ 0.    0.    1.28]266.9406865 291.292125 300.476889 282.3822955 276.466403 261.806695 281.6860085 295.5078245 
-20.708232 [    8.     8. -2056.] [   0.    327.68    1.28]264.8545715 288.469903 300.632482 282.0327815 279.643121 261.1220065 278.361623 296.272679 
-20.811089 [    8.     8. -2056.] [   0.    327.68    1.28]263.332094 285.2762335 300.374211 281.951475 282.619556 261.3231415 275.092677 296.1305155 
-20.915098 [    8.     8. -2056.] [   0.    327.68    1.28]262.4791565 281.8436425 299.6284975 282.3466155 285.247851 262.500692 271.977942 295.104871 
-21.017561 [    8.     8. -2056.] [   0.    327.68    1.28]262.4016635 278.304656 298.327783 283.4100095 287.514644 264.5229155 269.123237 293.3279595 
-21.120146 [    8.     8. -2056.] [   0.    327.68    1.28]263.1936635 274.79131 296.490029 285.100115 289.4691435 267.1546355 266.6344355 290.932805 
-21.224022 [    8.     8. -2056.] [   0.    327.68    1.28]264.7971625 271.4293545 294.1967555 287.2019585 291.1609035 270.1601005 264.6174105 288.0524335 
-21.327061 [    8.     8. -2056.] [   0.    327.68    1.28]267.0488565 268.3401865 291.530993 289.496449 292.63948 273.3035595 263.178034 284.8198695 
-21.429355 [    8.     8. -2056.] [   0.    327.68    1.28]269.783333 265.645114 288.575771 291.764495 293.954428 276.349261 262.422179 281.368138 
-21.532343 [    0.     8. -2056.] [   0.    327.68    1.28]272.835179 263.465447 285.414119 293.7870065 295.155303 279.061454 262.455719 277.830264 
-21.636446 [    8.     8. -2056.] [   0.    327.68    1.28]276.038981 261.9224935 282.1290665 295.3448915 296.2916595 281.204387 263.363624 274.338223 
-21.73934 [    8.     8. -2056.] [   0.    327.68    1.28]279.229326 261.1375635 278.803643 296.2190595 297.187473 282.29765 265.0624455 271.0155325 
-21.841308 [    8.     8. -2056.] [   0.    327.68    1.28]282.2408015 261.231966 275.521817 296.2048415 298.2627245 282.9576945 267.387422 267.9816265 
-21.943195 [    8.     8. -2056.] [   0.    327.68    1.28]284.9180075 262.310084 272.3802125 295.29212 299.2184305 283.052991 270.1732655 265.355913 
-22.046187 [    8.     8. -2056.] [   0.    327.68    1.28]287.2277665 264.269701 269.4845345 293.6103725 299.981012 282.7917785 273.2546885 263.2578 
-22.148719 [    8.     8. -2056.] [   0.    327.68    1.28]289.2186095 266.8704895 266.9406865 291.292125 300.476889 282.3822955 276.466403 261.806695 
-22.250467 [    8.     8. -2056.] [   0.    327.68    1.28]290.940561 269.8695915 264.8545715 288.469903 300.632482 282.0327815 279.643121 261.1220065 
-22.354094 [    8.     8. -2056.] [   0.    327.68    1.28]292.4436475 273.02415 263.332094 285.2762335 300.374211 281.951475 282.619556 261.3231415 
-22.457516 [    8.     8. -2056.] [   0.    327.68    1.28]293.7778945 276.0913075 262.4791565 281.8436425 299.6284975 282.3466155 285.247851 262.500692 
-22.559732 [    8.     8. -2056.] [   0.    327.68    1.28]294.993328 278.8282065 262.4016635 278.304656 298.327783 283.4100095 287.514644 264.5229155 
-22.662091 [    8.     8. -2056.] [   0.    327.68    1.28]296.139974 280.9919895 263.1936635 274.79131 296.490029 285.100115 289.4691435 267.1546355 
-22.765773 [    8.     8. -2056.] [   0.    327.68    1.28]297.261756 282.3620685 264.7971625 271.4293545 294.1967555 287.2019585 291.1609035 270.1601005 
-22.868997 [    8.     8. -2056.] [   0.    327.68    1.28]298.331664 282.9767255 267.0488565 268.3401865 291.530993 289.496449 292.63948 273.3035595 
-22.971223 [    8.     8. -2056.] [   0.    327.68    1.28]299.2769235 283.0412555 269.783333 265.645114 288.575771 291.764495 293.954428 276.349261 
-23.074042 [    8.     8. -2056.] [   0.    327.68    1.28]300.023998 282.7637385 272.835179 263.465447 285.414119 293.7870065 295.155303 279.061454 
-23.178025 [    8.     8. -2056.] [   0.    327.68    1.28]300.4993505 282.352254 276.038981 261.9224935 282.1290665 295.3448915 296.2916595 281.204387 
-23.280737 [    8.     8. -2056.] [   0.    327.68    1.28]300.6294435 282.014881 279.229326 261.1375635 278.803643 296.2190595 297.187473 282.29765 
-23.383244 [    8.     8. -2056.] [   0.    327.68    1.28]300.3407415 281.959699 282.2408015 261.231966 275.521817 296.2048415 298.2627245 282.9576945 
-23.487129 [    8.     8. -2056.] [   0.    327.68    1.28]299.559706 282.394788 284.9180075 262.310084 272.3802125 295.29212 299.2184305 283.052991 
-23.590099 [    8.     8. -2056.] [   0.    327.68    1.28]298.2210055 283.5058425 287.2277665 264.269701 269.4845345 293.6103725 299.981012 282.7917785 
-23.692091 [    8.     8. -2056.] [   0.    327.68    1.28]296.350211 285.230547 289.2186095 266.8704895 266.9406865 291.292125 300.476889 282.3822955 
-23.794144 [    8.     8. -2056.] [   0.    327.68    1.28]294.0294855 287.352186 290.940561 269.8695915 264.8545715 288.469903 300.632482 282.0327815 
-23.89637 [    8.     8. -2056.] [   0.    327.68    1.28]291.341847 289.6517115 292.4436475 273.02415 263.332094 285.2762335 300.374211 281.951475 
-23.999875 [    8.     8. -2056.] [   0.    327.68    1.28]288.3703145 291.910075 293.7778945 276.0913075 262.4791565 281.8436425 299.6284975 282.3466155 
-24.102454 [    8.     8. -2056.] [   0.    327.68    1.28]285.1979055 293.908229 294.993328 278.8282065 262.4016635 278.304656 298.327783 283.4100095 
-24.205228 [    8.     8. -2056.] [   0.    327.68    1.28]281.9076385 295.4271245 296.139974 280.9919895 263.1936635 274.79131 296.490029 285.100115 
-24.309098 [    8.     8. -2056.] [   0.    327.68    1.28]278.582532 296.2477145 297.261756 282.3620685 264.7971625 271.4293545 294.1967555 287.2019585 
-24.411859 [    8.     8. -2056.] [   0.    327.68    1.28]275.3068755 296.170479 298.331664 282.9767255 267.0488565 268.3401865 291.530993 289.496449 
-24.513832 [    8.     8. -2056.] [   0.    327.68    1.28]272.1783945 295.202281 299.2769235 283.0412555 269.783333 265.645114 288.575771 291.764495 
-24.616739 [    8.     8. -2056.] [   0.    327.68    1.28]269.3028865 293.4739445 300.023998 282.7637385 272.835179 263.465447 285.414119 293.7870065 
-24.720458 [    8.     8. -2056.] [   0.    327.68    1.28]266.7862575 291.117984 300.4993505 282.352254 276.038981 261.9224935 282.1290665 295.3448915 
-24.822927 [    8.     8. -2056.] [   0.    327.68    1.28]264.7344145 288.2669125 300.6294435 282.014881 279.229326 261.1375635 278.803643 296.2190595 
-24.925128 [    0.     8. -2056.] [   0.    327.68    1.28]263.253264 285.0532445 300.3407415 281.959699 282.2408015 261.231966 275.521817 296.2048415 
-25.028364 [    8.     8. -2056.] [   0.    327.68    1.28]262.448712 281.6094945 299.559706 282.394788 284.9180075 262.310084 272.3802125 295.29212 
-25.132094 [    8.     8. -2056.] [   0.    327.68    1.28]262.426666 278.0681755 298.2210055 283.5058425 287.2277665 264.269701 269.4845345 293.6103725 
-25.234181 [    8.     8. -2056.] [   0.    327.68    1.28]263.2770745 274.5611435 296.350211 285.230547 289.2186095 266.8704895 266.9406865 291.292125 
-25.336943 [    8.     8. -2056.] [   0.    327.68    1.28]264.928927 271.21361 294.0294855 287.352186 290.940561 269.8695915 264.8545715 288.469903 
-25.440655 [    8.     8. -2056.] [   0.    327.68    1.28]267.217951 268.146937 291.341847 289.6517115 292.4436475 273.02415 263.332094 285.2762335 
-25.543532 [    8.     8. -2056.] [   0.    327.68    1.28]269.978733 265.4824385 288.3703145 291.910075 293.7778945 276.0913075 262.4791565 281.8436425 
-25.645573 [    8.     8. -2056.] [   0.    327.68    1.28]273.045858 263.3414295 285.1979055 293.908229 294.993328 278.8282065 262.4016635 278.304656 
-25.747608 [    8.     8. -2056.] [   0.    327.68    1.28]276.253913 261.8452255 281.9076385 295.4271245 296.139974 280.9919895 263.1936635 274.79131 
-25.849586 [    0.     8. -2056.] [   0.    327.68    1.28]279.437483 261.1151405 278.582532 296.2477145 297.261756 282.3620685 264.7971625 271.4293545 
-25.952515 [    8.     8. -2056.] [   0.    327.68    1.28]282.431155 261.2724895 275.3068755 296.170479 298.331664 282.9767255 267.0488565 268.3401865 
-26.056002 [    8.     8. -2056.] [   0.    327.68    1.28]285.082916 262.415932 272.1783945 295.202281 299.2769235 283.0412555 269.783333 265.645114 
-26.158982 [    0.     8. -2056.] [   0.    327.68    1.28]287.369856 264.4258945 269.3028865 293.4739445 300.023998 282.7637385 272.835179 263.465447 
-26.262904 [    8.     8. -2056.] [   0.    327.68    1.28]289.3412135 267.0608405 266.7862575 291.117984 300.4993505 282.352254 276.038981 261.9224935 
-26.365513 [    8.     8. -2056.] [   0.    327.68    1.28]291.047015 270.0779025 264.7344145 288.2669125 300.6294435 282.014881 279.229326 261.1375635 
-26.468046 [    0.     8. -2056.] [   0.    327.68    1.28]292.5372875 273.2342125 263.253264 285.0532445 300.3407415 281.959699 282.2408015 261.231966 
-26.571623 [    8.     8. -2056.] [   0.    327.68    1.28]293.862057 276.2869025 262.448712 281.6094945 299.559706 282.394788 284.9180075 262.310084 
-26.674877 [    8.     8. -2056.] [   0.    327.68    1.28]295.0713505 278.993105 262.426666 278.0681755 298.2210055 283.5058425 287.2277665 264.269701 
-26.77695 [    0.     8. -2056.] [   0.    327.68    1.28]296.2151945 281.109951 263.2770745 274.5611435 296.350211 285.230547 289.2186095 266.8704895 
-26.87956 [    8.     8. -2056.] [   0.    327.68    1.28]297.335494 282.4242155 264.928927 271.21361 294.0294855 287.352186 290.940561 269.8695915 
-26.983225 [    8.     8. -2056.] [   0.    327.68    1.28]298.399392 282.9955355 267.217951 268.146937 291.341847 289.6517115 292.4436475 273.02415 
-27.086115 [    8.     8. -2056.] [   0.    327.68    1.28]299.3337395 283.0306015 269.978733 265.4824385 288.3703145 291.910075 293.7778945 276.0913075 
-27.188165 [    8.     8. -2056.] [   0.    327.68    1.28]300.0649965 282.7375305 273.045858 263.3414295 285.1979055 293.908229 294.993328 278.8282065 
-27.291269 [    8.     8. -2056.] [   0.    327.68    1.28]300.519625 282.3244375 276.253913 261.8452255 281.9076385 295.4271245 296.139974 280.9919895 
-27.395595 [    8.     8. -2056.] [   0.    327.68    1.28]300.624084 281.99944 279.437483 261.1151405 278.582532 296.2477145 297.261756 282.3620685 
-27.497902 [    8.     8. -2056.] [   0.    327.68    1.28]300.3048355 281.9706535 282.431155 261.2724895 275.3068755 296.170479 298.331664 282.9767255 
-27.599775 [    8.     8. -2056.] [   0.    327.68    1.28]299.488339 282.446195 285.082916 262.415932 272.1783945 295.202281 299.2769235 283.0412555 
-27.701785 [    8.     8. -2056.] [   0.    327.68    1.28]298.1119185 283.604534 287.369856 264.4258945 269.3028865 293.4739445 300.023998 282.7637385 
-27.804665 [    8.     8. -2056.] [   0.    327.68    1.28]296.2084985 285.363224 289.3412135 267.0608405 266.7862575 291.117984 300.4993505 282.352254 
-27.914446 [    8.     8. -2056.] [   0.    327.68    1.28]293.860683 287.5042375 291.047015 270.0779025 264.7344145 288.2669125 300.6294435 282.014881 
-28.01749 [    8.     8. -2056.] [   0.    327.68    1.28]291.151499 289.8083895 292.5372875 273.2342125 263.253264 285.0532445 300.3407415 281.959699 
-28.119648 [    0.     8. -2056.] [   0.    327.68    0.  ]288.1639735 292.0564945 293.862057 276.2869025 262.448712 281.6094945 299.559706 282.394788 
-28.222702 [    0.     8. -2056.] [   0.    327.68    1.28]284.9811345 294.029368 295.0713505 278.993105 262.426666 278.0681755 298.2210055 283.5058425 
-28.326659 [    8.     8. -2056.] [   0.    327.68    1.28]281.6860085 295.5078245 296.2151945 281.109951 263.2770745 274.5611435 296.350211 285.230547 
-28.428934 [    8.     8. -2056.] [   0.    327.68    1.28]278.361623 296.272679 297.335494 282.4242155 264.928927 271.21361 294.0294855 287.352186 
-28.531418 [    8.     8. -2056.] [   0.    327.68    1.28]275.092677 296.1305155 298.399392 282.9955355 267.217951 268.146937 291.341847 289.6517115 
-28.636126 [    8.     8. -2056.] [   0.    327.68    1.28]271.977942 295.104871 299.3337395 283.0306015 269.978733 265.4824385 288.3703145 291.910075 
-28.738658 [    8.     8. -2056.] [   0.    327.68    1.28]269.123237 293.3279595 300.0649965 282.7375305 273.045858 263.3414295 285.1979055 293.908229 
-28.841018 [    8.     8. -2056.] [   0.    327.68    1.28]266.6344355 290.932805 300.519625 282.3244375 276.253913 261.8452255 281.9076385 295.4271245 
-28.944374 [    8.     8. -2056.] [   0.    327.68    1.28]264.6174105 288.0524335 300.624084 281.99944 279.437483 261.1151405 278.582532 296.2477145 
-29.047901 [    8.     8. -2056.] [   0.    327.68    1.28]263.178034 284.8198695 300.3048355 281.9706535 282.431155 261.2724895 275.3068755 296.170479 
-29.15013 [    8.     8. -2056.] [   0.    327.68    1.28]262.422179 281.368138 299.488339 282.446195 285.082916 262.415932 272.1783945 295.202281 
-29.252356 [    8.     8. -2056.] [   0.    327.68    1.28]262.455719 277.830264 298.1119185 283.604534 287.369856 264.4258945 269.3028865 293.4739445 
-29.354449 [    0.     8. -2056.] [   0.    327.68    1.28]263.363624 274.338223 296.2084985 285.363224 289.3412135 267.0608405 266.7862575 291.117984 
-29.45737 [    8.     8. -2056.] [   0.    327.68    1.28]265.0624455 271.0155325 293.860683 287.5042375 291.047015 270.0779025 264.7344145 288.2669125 
-29.559919 [    8.     8. -2056.] [   0.    327.68    1.28]267.387422 267.9816265 291.151499 289.8083895 292.5372875 273.2342125 263.253264 285.0532445 
-29.661901 [    8.     8. -2056.] [   0.    327.68    1.28]270.1732655 265.355913 288.1639735 292.0564945 293.862057 276.2869025 262.448712 281.6094945 
-29.765375 [    8.     8. -2056.] [   0.    327.68    1.28]273.2546885 263.2578 284.9811345 294.029368 295.0713505 278.993105 262.426666 278.0681755 
-29.868927 [    8.     8. -2056.] [   0.    327.68    1.28]276.466403 261.806695 281.6860085 295.5078245 296.2151945 281.109951 263.2770745 274.5611435 
-29.970975 [    8.     8. -2056.] [   0.    327.68    1.28]279.643121 261.1220065 278.361623 296.272679 297.335494 282.4242155 264.928927 271.21361 
-30.073098 [    8.     8. -2056.] [   0.    327.68    1.28]282.619556 261.3231415 275.092677 296.1305155 298.399392 282.9955355 267.217951 268.146937 
-30.176691 [    0.     0. -2056.] [   0.    327.68    1.28]285.247851 262.500692 271.977942 295.104871 299.3337395 283.0306015 269.978733 265.4824385 
-30.279527 [    8.     8. -2056.] [   0.    327.68    1.28]287.514644 264.5229155 269.123237 293.3279595 300.0649965 282.7375305 273.045858 263.3414295 
-30.381731 [    8.     8. -2056.] [   0.    327.68    1.28]289.4691435 267.1546355 266.6344355 290.932805 300.519625 282.3244375 276.253913 261.8452255 
-30.484094 [    0.     8. -2056.] [   0.    327.68    1.28]291.1609035 270.1601005 264.6174105 288.0524335 300.624084 281.99944 279.437483 261.1151405 
-30.587729 [    8.     8. -2056.] [   0.    327.68    1.28]292.63948 273.3035595 263.178034 284.8198695 300.3048355 281.9706535 282.431155 261.2724895 
-30.691208 [    8.     8. -2056.] [   0.    327.68    1.28]293.954428 276.349261 262.422179 281.368138 299.488339 282.446195 285.082916 262.415932 
-30.793231 [    0.     8. -2056.] [   0.    327.68    1.28]295.155303 279.061454 262.455719 277.830264 298.1119185 283.604534 287.369856 264.4258945 
-30.896132 [    8.     8. -2056.] [   0.    327.68    1.28]296.2916595 281.204387 263.363624 274.338223 296.2084985 285.363224 289.3412135 267.0608405 
-30.99954 [    8.     8. -2056.] [   0.    327.68    1.28]297.187473 282.29765 265.0624455 271.0155325 293.860683 287.5042375 291.047015 270.0779025 
-31.102174 [    8.     8. -2056.] [   0.    327.68    1.28]298.2627245 282.9576945 267.387422 267.9816265 291.151499 289.8083895 292.5372875 273.2342125 
-31.204089 [    8.     8. -2056.] [   0.    327.68    1.28]299.2184305 283.052991 270.1732655 265.355913 288.1639735 292.0564945 293.862057 276.2869025 
-31.306087 [    8.     8. -2056.] [   0.    327.68    1.28]299.981012 282.7917785 273.2546885 263.2578 284.9811345 294.029368 295.0713505 278.993105 
-31.408608 [    0.     8. -2056.] [   0.    327.68    1.28]300.476889 282.3822955 276.466403 261.806695 281.6860085 295.5078245 296.2151945 281.109951 
-31.511516 [    8.     8. -2056.] [   0.    327.68    1.28]300.632482 282.0327815 279.643121 261.1220065 278.361623 296.272679 297.335494 282.4242155 
-31.614437 [    0.     8. -2056.] [   0.    327.68    1.28]300.374211 281.951475 282.619556 261.3231415 275.092677 296.1305155 298.399392 282.9955355 
-31.717606 [    0.     8. -2056.] [   0.    327.68    1.28]299.6284975 282.3466155 285.247851 262.500692 271.977942 295.104871 299.3337395 283.0306015 
-31.821554 [    8.     8. -2056.] [   0.    327.68    0.  ]298.327783 283.4100095 287.514644 264.5229155 269.123237 293.3279595 300.0649965 282.7375305 
-31.923872 [    8.     8. -2056.] [   0.    327.68    1.28]296.490029 285.100115 289.4691435 267.1546355 266.6344355 290.932805 300.519625 282.3244375 
-32.026087 [    8.     8. -2056.] [   0.    327.68    1.28]294.1967555 287.2019585 291.1609035 270.1601005 264.6174105 288.0524335 300.624084 281.99944 
-32.129738 [    8.     8. -2056.] [   0.    327.68    1.28]291.530993 289.496449 292.63948 273.3035595 263.178034 284.8198695 300.3048355 281.9706535 
-32.232862 [    8.     8. -2056.] [   0.    327.68    1.28]288.575771 291.764495 293.954428 276.349261 262.422179 281.368138 299.488339 282.446195 
-32.335276 [    8.     8. -2056.] [   0.    327.68    1.28]285.414119 293.7870065 295.155303 279.061454 262.455719 277.830264 298.1119185 283.604534 
-32.438189 [    8.     8. -2056.] [   0.    327.68    1.28]282.1290665 295.3448915 296.2916595 281.204387 263.363624 274.338223 296.2084985 285.363224 
-32.541921 [    8.     8. -2056.] [   0.    327.68    1.28]278.803643 296.2190595 297.187473 282.29765 265.0624455 271.0155325 293.860683 287.5042375 
-32.644929 [    8.     8. -2056.] [   0.    327.68    1.28]275.521817 296.2048415 298.2627245 282.9576945 267.387422 267.9816265 291.151499 289.8083895 
-32.746981 [    8.     8. -2056.] [   0.    327.68    1.28]272.3802125 295.29212 299.2184305 283.052991 270.1732655 265.355913 288.1639735 292.0564945 
-32.850428 [    8.     8. -2056.] [   0.    327.68    1.28]269.4845345 293.6103725 299.981012 282.7917785 273.2546885 263.2578 284.9811345 294.029368 
-32.954043 [    8.     8. -2056.] [   0.    327.68    1.28]266.9406865 291.292125 300.476889 282.3822955 276.466403 261.806695 281.6860085 295.5078245 
-33.056611 [    8.     8. -2056.] [   0.    327.68    1.28]264.8545715 288.469903 300.632482 282.0327815 279.643121 261.1220065 278.361623 296.272679 
-33.158663 [    8.     8. -2056.] [   0.    327.68    1.28]263.332094 285.2762335 300.374211 281.951475 282.619556 261.3231415 275.092677 296.1305155 
-33.260612 [    8.     8. -2056.] [   0.    327.68    1.28]262.4791565 281.8436425 299.6284975 282.3466155 285.247851 262.500692 271.977942 295.104871 
-33.363828 [    8.     8. -2056.] [   0.    327.68    1.28]262.4016635 278.304656 298.327783 283.4100095 287.514644 264.5229155 269.123237 293.3279595 
-33.466682 [    8.     8. -2056.] [   0.    327.68    1.28]263.1936635 274.79131 296.490029 285.100115 289.4691435 267.1546355 266.6344355 290.932805 
-33.569268 [    8.     8. -2056.] [   0.    327.68    1.28]264.7971625 271.4293545 294.1967555 287.2019585 291.1609035 270.1601005 264.6174105 288.0524335 
-33.673269 [    8.     8. -2056.] [   0.    327.68    1.28]267.0488565 268.3401865 291.530993 289.496449 292.63948 273.3035595 263.178034 284.8198695 
-33.77636 [    8.     8. -2056.] [   0.    327.68    1.28]269.783333 265.645114 288.575771 291.764495 293.954428 276.349261 262.422179 281.368138 
-33.878368 [    8.     8. -2056.] [   0.    327.68    1.28]272.835179 263.465447 285.414119 293.7870065 295.155303 279.061454 262.455719 277.830264 
-33.981229 [    8.     8. -2056.] [   0.    327.68    1.28]276.038981 261.9224935 282.1290665 295.3448915 296.2916595 281.204387 263.363624 274.338223 
-34.084909 [    8.     8. -2056.] [   0.    327.68    1.28]279.229326 261.1375635 278.803643 296.2190595 297.187473 282.29765 265.0624455 271.0155325 
-34.187248 [    8.     8. -2056.] [   0.    327.68    1.28]282.2408015 261.231966 275.521817 296.2048415 298.2627245 282.9576945 267.387422 267.9816265 
-34.289271 [    8.     8. -2056.] [   0.    327.68    1.28]284.9180075 262.310084 272.3802125 295.29212 299.2184305 283.052991 270.1732655 265.355913 
-34.39279 [    8.     8. -2056.] [   0.    327.68    1.28]287.2277665 264.269701 269.4845345 293.6103725 299.981012 282.7917785 273.2546885 263.2578 
-34.496312 [    8.     8. -2056.] [   0.    327.68    1.28]289.2186095 266.8704895 266.9406865 291.292125 300.476889 282.3822955 276.466403 261.806695 
-34.598578 [    8.     8. -2056.] [   0.    327.68    1.28]290.940561 269.8695915 264.8545715 288.469903 300.632482 282.0327815 279.643121 261.1220065 
-34.701099 [    8.     8. -2056.] [   0.    327.68    1.28]292.4436475 273.02415 263.332094 285.2762335 300.374211 281.951475 282.619556 261.3231415 
-34.805144 [    8.     8. -2056.] [   0.    327.68    1.28]293.7778945 276.0913075 262.4791565 281.8436425 299.6284975 282.3466155 285.247851 262.500692 
-34.908235 [    8.     8. -2056.] [   0.    327.68    1.28]294.993328 278.8282065 262.4016635 278.304656 298.327783 283.4100095 287.514644 264.5229155 
-35.010099 [    8.     8. -2056.] [   0.    327.68    1.28]296.139974 280.9919895 263.1936635 274.79131 296.490029 285.100115 289.4691435 267.1546355 
-35.112124 [    8.     8. -2056.] [   0.    327.68    1.28]297.261756 282.3620685 264.7971625 271.4293545 294.1967555 287.2019585 291.1609035 270.1601005 
-35.21456 [    0.     8. -2056.] [   0.    327.68    1.28]298.331664 282.9767255 267.0488565 268.3401865 291.530993 289.496449 292.63948 273.3035595 
-35.31804 [    8.     8. -2056.] [   0.    327.68    1.28]299.2769235 283.0412555 269.783333 265.645114 288.575771 291.764495 293.954428 276.349261 
-35.419913 [    8.     8. -2056.] [   0.    327.68    1.28]300.023998 282.7637385 272.835179 263.465447 285.414119 293.7870065 295.155303 279.061454 
-35.522421 [    8.     8. -2056.] [   0.    327.68    1.28]300.4993505 282.352254 276.038981 261.9224935 282.1290665 295.3448915 296.2916595 281.204387 
-35.62638 [    8.     8. -2056.] [   0.    327.68    1.28]300.6294435 282.014881 279.229326 261.1375635 278.803643 296.2190595 297.187473 282.29765 
-35.729223 [    8.     8. -2056.] [   0.    327.68    1.28]300.3407415 281.959699 282.2408015 261.231966 275.521817 296.2048415 298.2627245 282.9576945 
-35.831318 [    0.     8. -2056.] [   0.    327.68    1.28]299.559706 282.394788 284.9180075 262.310084 272.3802125 295.29212 299.2184305 283.052991 
-35.934645 [    8.     8. -2056.] [   0.    327.68    1.28]298.2210055 283.5058425 287.2277665 264.269701 269.4845345 293.6103725 299.981012 282.7917785 
-36.038185 [    8.     8. -2056.] [   0.    327.68    1.28]296.350211 285.230547 289.2186095 266.8704895 266.9406865 291.292125 300.476889 282.3822955 
-36.140352 [    8.     8. -2056.] [   0.    327.68    1.28]294.0294855 287.352186 290.940561 269.8695915 264.8545715 288.469903 300.632482 282.0327815 
-36.243302 [    8.     8. -2056.] [   0.    327.68    1.28]291.341847 289.6517115 292.4436475 273.02415 263.332094 285.2762335 300.374211 281.951475 
-36.347207 [    8.     8. -2056.] [   0.    327.68    1.28]288.3703145 291.910075 293.7778945 276.0913075 262.4791565 281.8436425 299.6284975 282.3466155 
-36.450277 [    8.     8. -2056.] [   0.    327.68    1.28]285.1979055 293.908229 294.993328 278.8282065 262.4016635 278.304656 298.327783 283.4100095 
-36.552178 [    8.     8. -2056.] [   0.    327.68    1.28]281.9076385 295.4271245 296.139974 280.9919895 263.1936635 274.79131 296.490029 285.100115 
-36.655198 [    8.     8. -2056.] [   0.    327.68    1.28]278.582532 296.2477145 297.261756 282.3620685 264.7971625 271.4293545 294.1967555 287.2019585 
-36.759631 [    0.     8. -2056.] [   0.    327.68    1.28]275.3068755 296.170479 298.331664 282.9767255 267.0488565 268.3401865 291.530993 289.496449 
-36.861794 [    8.     8. -2056.] [   0.    327.68    1.28]272.1783945 295.202281 299.2769235 283.0412555 269.783333 265.645114 288.575771 291.764495 
-36.963801 [    8.     8. -2056.] [   0.    327.68    1.28]269.3028865 293.4739445 300.023998 282.7637385 272.835179 263.465447 285.414119 293.7870065 
-37.065599 [    8.     8. -2056.] [   0.    327.68    1.28]266.7862575 291.117984 300.4993505 282.352254 276.038981 261.9224935 282.1290665 295.3448915 
