-0.075386 [ 1.188 -1.562 -9.437] [-0.27  1.61  9.66]
-0.179851 [ 8.438 -7.562 -8.937] [-1.21  1.56  9.6 ]
-0.282562 [ 7.688 -9.5   -4.5  ] [-0.34  0.76  9.64]
-0.385417 [  7.375 -10.437  -1.   ] [-0.5   0.17  9.64]
-0.489133 [  7.063 -10.687   1.25 ] [-0.53 -0.21  9.63]
-0.592316 [  7.063 -10.437   1.313] [-0.49 -0.22  9.64]
-0.694889 [ 7.063 -9.812  0.75 ] [-0.39 -0.13  9.66]
-0.797201 [ 7.    -8.75   0.438] [-0.22 -0.07  9.69]
-0.899506 [ 7.063 -7.437 -0.125] [-1.27  0.02  9.72]
-1.002081 [ 7.    -6.937 -1.125] [-1.19  0.19  9.73]
-1.104352 [ 6.938 -6.375 -2.312] [-1.09  0.39  9.73]
-1.207242 [ 6.875 -5.562 -3.5  ] [-0.95  0.6   9.74]
-1.309698 [ 1.25  -5.25  -5.187] [-0.9   0.89  9.72]
-1.412275 [ 6.625 -5.062 -8.562] [-0.86  1.46  9.65]
-1.514851 [  6.375  -4.812 -12.5  ] [-0.82  2.11  9.53]
-1.617378 [  6.188  -4.937 -17.312] [-0.85  2.9   9.32]
-1.721674 [  6.188  -5.437 -18.875] [-0.93  3.14  9.24]
-1.824318 [  6.     -6.125 -19.312] [-1.04  3.23  9.2 ]
-1.927042 [  5.875  -6.75  -19.375] [-1.16  3.23  9.18]
-2.031213 [  6.     -6.062 -19.   ] [-1.06  3.19  9.21]
-2.134357 [  6.5    -4.062 -17.937] [-0.7   3.01  9.3 ]
-2.236818 [  6.938  -1.75  -16.812] [-0.29  2.83  9.38]
-2.341095 [  7.375   1.063 -15.75 ] [ 1.42  2.67  9.43]
-2.44452 [  7.75    3.313 -14.812] [ 1.84  2.51  9.46]
-2.546982 [  8.063   4.813 -14.   ] [ 2.1   2.36  9.48]
-2.649314 [  8.313   5.688 -13.062] [ 2.25  2.2   9.5 ]
-2.751739 [  8.5     7.063 -10.75 ] [ 2.46  1.85  9.55]
-2.854589 [  8.625   8.438 -10.25 ] [ 1.44  1.72  9.54]
-2.957016 [  8.625   9.75  -10.125] [ 1.66  1.69  9.51]
-3.059358 [  8.688  11.313 -10.   ] [ 1.93  1.67  9.46]
-3.161656 [  0.688  12.    -10.062] [ 2.04  1.67  9.44]
-3.264629 [    8.563 -2035.062   -11.062] [ 2.2   1.83  9.37]
-3.367321 [  8.563  13.563 -11.125] [ 2.3   1.84  9.35]
-3.471012 [  8.688  13.688 -10.125] [ 2.32  1.68  9.37]
-3.574666 [  8.813  13.25   -9.125] [ 2.25  1.51  9.42]
-3.677112 [  8.875  12.625  -8.125] [ 2.15  1.36  9.47]
-3.780285 [  9.     11.938  -6.437] [ 2.03  1.08  9.53]
-3.884563 [ 9.188  9.938 -3.562] [ 1.69  0.6   9.63]
-3.987592 [ 9.     6.313 -3.25 ] [ 2.36  0.55  9.73]
-4.090618 [ 8.625  1.688 -2.375] [ 1.57  0.4   9.79]
-4.195087 [ 8.063 -3.875 -1.187] [-0.66  0.2   9.78]
-4.297632 [  7.063 -10.687  -0.437] [-0.54  0.07  9.63]
-4.399968 [  6.688 -11.625   0.313] [-0.7  -0.05  9.6 ]
-4.502236 [  6.5   -10.625   1.313] [-0.53 -0.22  9.63]
-4.604526 [  6.438 -10.812   1.625] [-0.56 -0.27  9.62]
-4.706982 [  6.188 -10.437   1.563] [-0.5  -0.27  9.63]
-4.809406 [ 6.063 -9.75   1.438] [-0.38 -0.24  9.66]
-4.911721 [ 6.063 -8.75   0.875] [-0.21 -0.15  9.69]
-5.014289 [  6.00000000e+00   2.04012500e+03  -3.12000000e-01] [ -7.00000000e-02   4.00000000e-02  -3.17970000e+02]
-5.116585 [ 5.938 -7.312 -1.   ] [-1.25  0.17  9.72]
-5.218859 [ 5.875 -6.812 -2.187] [-1.16  0.37  9.72]
-5.3219 [ 5.75 -6.5  -3.5 ] [-1.11  0.59  9.72]
-5.426216 [ 5.625 -6.    -5.812] [-1.02  0.99  9.7 ]
-5.528778 [ 5.5   -5.687 -8.75 ] [-0.97  1.48  9.64]
-5.631942 [  2.75  -5.5  -12.  ] [-0.94  2.03  9.54]
-5.736187 [  5.063  -5.437 -16.75 ] [-0.93  2.76  9.36]
-5.839049 [-1683.      -5.75   -18.5 ] [-0.99  3.1   9.24]
-5.941844 [  4.813  -6.562 -19.125] [-1.13  3.19  9.2 ]
-6.045991 [  4.75   -6.937 -18.937] [-1.19  3.17  9.2 ]
-6.149169 [  4.938  -6.187 -18.375] [-1.06  3.07  9.25]
-6.251451 [  5.313  -4.375 -17.75 ] [-0.75  2.98  9.31]
-6.353902 [  5.813  -1.687 -16.75 ] [-0.29  2.83  9.38]
-6.456061 [  6.25    0.625 -15.875] [ 1.39  2.68  9.43]
-6.55805 [  6.75    3.125 -15.125] [ 1.77  2.57  9.44]
-6.660317 [  7.188   4.813 -14.187] [ 2.1   2.39  9.47]
-6.762943 [  7.688   5.75  -12.937] [ 2.26  2.18  9.5 ]
-6.86539 [  7.875   7.063 -11.125] [ 2.48  1.87  9.54]
-6.968264 [  8.      8.438 -10.437] [ 1.44  1.76  9.53]
-7.070668 [  8.063   9.625 -10.312] [ 1.64  1.73  9.51]
-7.172976 [  8.125  11.313 -10.062] [ 1.92  1.68  9.46]
-7.277149 [  8.     12.    -10.562] [ 2.03  1.73  9.43]
-7.380299 [  7.875  12.813 -11.5  ] [ 2.17  1.9   9.37]
-7.483018 [  0.062  13.438 -10.812] [ 2.28  1.79  9.36]
-7.587185 [  8.063  13.5    -9.875] [ 2.29  1.65  9.38]
-7.690511 [  8.125  13.063  -8.875] [ 2.22  1.47  9.43]
-7.79308 [  8.25   12.438  -7.812] [ 2.11  1.3   9.48]
-7.897197 [  8.438  11.5    -5.625] [ 1.97  0.98  9.55]
-8.000659 [ 8.438  9.625 -3.937] [ 1.64  0.66  9.64]
-8.102963 [ 8.063  5.438 -3.25 ] [ 2.21  0.55  9.74]
-8.205426 [ 7.438  0.938 -2.312] [ 1.44  0.4   9.79]
-8.308005 [ 6.813 -3.875 -1.187] [-0.67  0.2   9.78]
-8.410591 [  5.5   -11.187  -0.25 ] [-0.62  0.04  9.61]
-8.513001 [  5.438 -12.      0.5  ] [-0.76 -0.08  9.59]
-8.616626 [  5.688 -11.187   1.375] [-0.63 -0.23  9.61]
-8.719207 [  5.688 -11.312   1.563] [-0.65 -0.26  9.61]
-8.821913 [  5.563 -10.875   1.625] [-0.58 -0.27  9.62]
-8.924357 [  2.437 -10.187   1.375] [-0.45 -0.23  9.64]
-9.027933 [ 5.563 -9.187  0.75 ] [-0.3  -0.15  9.67]
-9.131248 [ 5.438 -8.062 -0.562] [-0.09  0.1   9.7 ]
-9.233693 [ 5.375 -7.5   -1.625] [-1.28  0.27  9.71]
-9.337113 [ 2.687 -7.062 -2.625] [-1.21  0.44  9.72]
-9.441137 [ 5.25  -6.75  -4.062] [-1.16  0.69  9.71]
-9.54344 [ 5.063 -6.437 -6.625] [-1.1   1.13  9.67]
-9.646293 [ 3.062 -6.187 -9.812] [-1.06  1.67  9.6 ]
-9.750461 [  4.625  -5.875 -14.187] [-1.01  2.32  9.47]
-9.85348 [  4.625  -5.625 -17.125] [-0.96  2.87  9.32]
-9.955927 [  4.563  -5.562 -17.562] [-0.96  2.94  9.3 ]
-10.058233 [  4.5    -5.937 -18.   ] [-1.02  3.02  9.27]
-10.160503 [  4.313  -6.625 -18.375] [-1.12  3.07  9.24]
-10.263082 [  4.375  -6.5   -18.312] [-1.11  3.06  9.24]
-10.365526 [  4.625  -5.25  -17.687] [-0.9   2.97  8.02]
-10.467958 [  5.     -3.187 -17.125] [-0.54  2.88  9.35]
-10.570113 [  2.562  -0.5   -16.   ] [-0.09  2.71  9.42]
-10.673625 [  5.938   2.313 -15.187] [ 1.68  2.56  9.45]
-10.776157 [-4.812 -0.062 -0.062] [ 2.02  2.39  9.47]
-10.879605 [  1.312   5.125 -13.312] [ 0.88  2.25  9.5 ]
-10.983346 [  7.063   6.375 -11.625] [ 2.37  1.97  9.54]
-11.085641 [  7.125   7.813 -10.937] [ 1.33  1.84  9.53]
-11.188803 [  0.812   8.875 -10.5  ] [ 1.52  1.77  9.52]
-11.293085 [  0.75   10.813 -10.5  ] [ 1.84  1.75  9.47]
-11.395666 [  0.875  12.063 -11.187] [ 2.05  1.86  9.4 ]
-11.499417 [  7.     12.375 -11.187] [ 2.1   1.86  9.39]
-11.603559 [  7.125  13.063 -10.5  ] [ 2.21  1.74  9.39]
-11.706112 [  7.25   13.563  -9.937] [ 2.3   1.64  9.38]
-11.808552 [  7.313  13.188  -9.187] [ 2.24  1.52  9.42]
-11.910887 [  7.438  12.688  -8.125] [ 2.16  1.35  9.46]
-12.013466 [  7.563  11.875  -6.312] [ 2.03  1.09  9.52]
-12.116052 [  7.688  10.     -4.5  ] [ 1.71  0.76  9.62]
-12.218067 [ 7.438  6.25  -3.75 ] [-325.33    0.63    9.72]
-12.320507 [  6.938   1.625 -10.625] [ 1.56  0.45  9.79]
-12.423107 [ 6.188 -3.875 -1.375] [-0.57  0.25  9.78]
-12.525798 [  5.125 -10.375  -0.5  ] [-0.49  0.08  9.64]
-12.628394 [  3.125 -12.25    0.188] [-2.08 -0.03  9.58]
-12.732712 [  5.188 -11.312   1.313] [-0.64 -0.21  9.61]
-12.835844 [  5.125 -11.437   1.438] [-0.67 -0.25  9.6 ]
-12.938759 [  5.    -11.062   1.563] [-0.6  -0.26  9.61]
-13.042436 [  5.    -10.187   1.375] [-0.47 -0.24  9.64]
-13.145619 [ 5.063 -9.312  0.813] [-0.31 -0.14  9.67]
-13.247898 [ 5.    -8.812 -0.375] [-0.23  0.06  9.68]
-13.351347 [-5.562 -0.062 -0.062] [-0.1   0.23  9.7 ]
-13.454791 [ 4.875 -7.312 -2.75 ] [-1.25  0.46  9.71]
-13.557502 [ 4.813 -6.625 -4.187] [-1.13  0.71  9.71]
-13.659882 [ 3.312 -6.25  -6.25 ] [-1.06  1.06  9.68]
-13.762217 [ 4.625 -6.062 -8.687] [-1.04  1.47  9.63]
-13.864542 [  4.438  -5.875 -11.75 ] [-1.    1.93  9.56]
-13.966959 [  4.25   -5.937 -15.687] [-1.02  2.63  9.38]
-14.069433 [  4.063  -6.125 -18.   ] [-1.04  3.01  9.27]
-14.171733 [  3.938  -6.687 -18.375] [-1.14  3.07  9.24]
-14.274195 [  3.813  -7.75  -17.812] [-0.03  2.99  9.24]
-14.377051 [  3.938  -7.187 -17.625] [-1.23  2.94  9.27]
-14.479475 [  4.188  -5.812 -17.375] [-0.99  2.92  9.3 ]
-14.583368 [  3.375  -3.312 -16.937] [-0.57  2.85  9.36]
-14.686796 [  5.188   0.    -16.062] [ 1.28  2.72  9.42]
-14.788939 [  2.375   2.438 -15.187] [ 1.7   2.56  9.45]
-14.892246 [  6.      4.375 -14.062] [ 2.03  2.37  9.48]
-14.996257 [  6.375   5.375 -12.875] [ 2.2   2.18  9.51]
-15.098966 [  1.437   6.563 -11.062] [ 2.4   1.87  9.55]
-15.202549 [  6.625   7.813 -10.5  ] [ 1.33  1.77  9.55]
-15.306895 [  6.688   9.25  -10.125] [ 1.58  1.7   9.52]
-15.409711 [  6.75   11.125  -9.937] [ 1.9   1.66  9.47]
-15.512053 [  6.813  12.    -10.25 ] [ 2.04  1.71  9.43]
-15.61436 [  6.625  12.875 -11.375] [ 2.19  1.89  9.36]
-15.71692 [  6.625  13.438 -11.187] [ 2.28  1.86  9.35]
-15.819529 [    6.75  -2034.625   -10.312] [ 2.27  1.71  9.38]
-15.921801 [  6.875  13.     -9.187] [ 2.21  1.53  9.42]
-16.024224 [  7.     12.438  -8.062] [ 2.11  1.34  9.48]
-16.127691 [  7.188  11.625  -6.187] [ 1.97  1.03  9.54]
-16.230189 [  7.313  10.063  -3.75 ] [ 1.71  0.63  9.63]
-16.333714 [ 7.125  6.125 -3.25 ] [ 2.33  0.55  9.73]
-16.437877 [ 6.5    0.875 -2.187] [ 1.43  0.38  9.79]
-16.54049 [ 5.938 -4.    -1.062] [-0.68  0.19  9.78]
-16.643881 [  4.813 -10.25   -0.312] [-0.46  0.05  9.64]
-16.748209 [  4.313 -12.375   0.438] [-0.83 -0.07  9.57]
-16.850651 [  4.563 -11.562   1.375] [-0.68 -0.23  9.6 ]
-16.953935 [  4.5   -11.625   1.625] [-0.7  -0.28  9.59]
-17.058095 [  4.438 -11.312   1.625] [-0.64 -0.28  9.61]
-17.160967 [  4.438 -10.687   1.25 ] [-0.54 -0.21  9.63]
-17.263282 [ 4.438 -9.75   0.875] [-0.39 -0.15  9.66]
-17.365708 [ 4.375 -9.    -0.187] [-0.26  0.03  9.68]
-17.468193 [ 4.375 -8.437 -1.187] [-0.18  0.19  9.69]
-17.570609 [ 4.313 -7.937 -2.312] [-0.07  0.39  9.7 ]
-17.673019 [ 4.188 -7.312 -4.062] [-1.25  0.69  9.7 ]
-17.77543 [    4.063    -6.75   2041.438] [-1.16  1.12  9.67]
-17.877736 [ 4.    -6.5   -9.187] [-1.11  1.52  9.62]
-17.980042 [  3.875  -6.375 -11.562] [-1.09  1.95  9.54]
-18.082353 [  3.813  -6.187 -15.   ] [-1.05  2.52  9.41]
-18.186098 [  3.75   -6.187 -17.5  ] [-1.06  2.93  9.29]
-18.289957 [  3.625  -6.5   -18.062] [-1.11  3.02  9.26]
-18.392261 [  3.625  -7.    -17.812] [-1.19  2.97  9.26]
-18.495427 [  3.563  -7.062 -17.812] [-1.21  2.98  9.26]
-18.599553 [  3.75  -6.25 -17.75] [-1.09  2.98  9.27]
-18.702254 [  4.125  -4.375 -17.312] [-0.75  2.91  9.33]
-18.805457 [  3.25   -1.375 -16.5  ] [-0.24  2.78  9.39]
-18.909772 [  5.375   2.    -15.125] [ 1.58  2.57  9.45]
-19.013192 [  5.688   3.625 -14.062] [ 1.9   2.38  9.49]
-19.115504 [  6.      4.625 -13.062] [ 2.07  2.21  9.51]
-19.217785 [  6.125   6.125 -11.437] [ 2.33  1.94  9.55]
-19.320387 [  6.188   7.625 -10.812] [ 1.28  1.83  9.54]
-19.424242 [  6.25    9.063 -10.5  ] [ 1.54  1.76  9.52]
-19.52685 [  6.25   10.313 -10.562] [ 1.75  1.77  9.48]
-19.629389 [  6.188  11.188 -11.   ] [ 1.89  1.83  9.44]
-19.732168 [  6.125  12.063 -11.812] [ 2.05  1.96  9.38]
-19.834718 [  6.125  12.688 -11.812] [ 2.15  1.96  9.36]
-19.938786 [  6.188  12.625 -10.875] [ 2.15  1.82  9.39]
-20.042332 [  6.313  12.188  -9.812] [ 2.07  1.63  9.44]
-20.144866 [  6.375  11.563  -8.687] [ 1.96  1.45  9.49]
-20.24867 [  1.437  10.688  -6.812] [ 1.82  1.15  9.56]
-20.352509 [ 6.688  8.875 -4.062] [ 1.51  0.68  9.66]
-20.455536 [ 6.438  5.625 -3.125] [ 0.96  0.54  9.74]
-20.559556 [ 5.438  0.438 -2.187] [ 1.43  0.39  9.79]
-20.663138 [ -1.68356200e+03  -4.75000000e+00  -1.06200000e+00] [-0.81  0.18  9.77]
-20.765415 [  2.938 -11.437  -0.187] [-0.66  0.04  9.61]
-20.868004 [  2.625 -12.5     0.5  ] [-0.85 -0.08  9.57]
-20.97059 [  2.813 -11.875   1.313] [-0.74 -0.22  9.59]
-21.073173 [  2.75  -11.875   1.625] [-0.73 -0.27  9.59]
-21.175898 [  2.75  -11.5     1.688] [-0.68 -0.28  9.6 ]
-21.278341 [  2.625 -10.937   1.313] [-0.58 -0.22  9.62]
-21.380633 [  5.125 -10.187   0.75 ] [-0.46 -0.13  9.64]
-21.483623 [ 2.625 -8.375 -0.312] [-0.14  0.05  9.7 ]
-21.585938 [ 2.563 -7.875 -1.312] [-0.06  0.22  9.71]
-21.688641 [ 2.563 -7.312 -2.562] [-1.24  0.44  9.71]
-21.792651 [ 2.813 -6.937 -4.875] [-1.18  0.79  9.7 ]
-21.895523 [ 2.75  -6.625 -7.437] [-1.13  1.26  9.65]
-21.997992 [  5.312  -6.437 -10.687] [-1.1   1.81  9.57]
-22.10228 [  2.563  -6.25  -13.625] [-1.07  2.26  9.48]
-22.205169 [  2.438  -6.375 -15.187] [-1.09  2.55  9.4 ]
-22.307188 [  2.375  -6.312 -16.062] [-1.07  2.7   9.36]
-22.410902 [  5.687  -6.375 -17.062] [-1.09  2.86  9.31]
-22.514781 [  2.25  -6.5  -17.75] [-1.11  2.97  9.27]
-22.617789 [  2.25   -6.312 -18.25 ] [-1.08  3.05  9.25]
-22.720052 [  2.313  -6.125 -18.125] [-1.05  3.03  9.26]
-22.822379 [  2.625  -4.875 -17.75 ] [-0.83  2.98  9.3 ]
-22.9251 [  3.25   -2.062 -16.75 ] [-0.36  2.82  9.38]
-23.027423 [  3.875   1.313 -15.437] [ 1.51  2.61  9.44]
-23.129713 [  4.313   3.563 -14.25 ] [ 1.89  2.41  9.48]
-23.232022 [  4.5     4.5   -13.062] [ 2.05  2.21  9.52]
-23.334593 [  4.688   6.063 -11.25 ] [ 2.29  1.92  9.56]
-23.437484 [  4.75    7.25  -10.812] [ 2.52  1.82  9.55]
-23.542009 [  3.187   8.563 -10.562] [ 1.46  1.77  9.53]
-23.645771 [  4.875  10.563 -10.437] [ 1.8   1.75  9.47]
-23.748086 [  4.813  11.625 -10.812] [ 1.97  1.8   9.43]
-23.851228 [  4.688  12.25  -11.75 ] [ 2.08  1.95  9.38]
-23.955544 [  4.75   12.875 -11.437] [ 2.18  1.9   9.36]
-24.05812 [  4.813  12.813 -10.75 ] [ 2.18  1.79  9.39]
-24.160837 [  3.125  12.438 -10.   ] [ 2.12  1.66  9.42]
-24.265164 [  5.     11.75   -8.812] [ 2.01  1.49  9.48]
-24.368034 [  5.125  11.     -7.187] [ 1.87  1.21  9.54]
-24.470485 [ 5.313  9.438 -4.625] [ 1.61  0.78  9.64]
-24.572881 [ 5.188  6.375 -3.437] [ 2.37  0.58  9.72]
-24.675483 [ 4.75   1.375 -2.5  ] [ 1.59  0.44  9.79]
-24.778211 [ 3.938 -3.562 -1.375] [-0.61  0.23  9.78]
-24.880524 [ 2.875 -9.5   -0.562] [-0.34  0.09  9.67]
-24.983087 [  2.125 -12.25    0.25 ] [-0.8  -0.04  9.58]
-25.085965 [  2.438 -11.812   1.125] [-0.73 -0.18  9.59]
-25.188814 [  2.375 -12.      1.313] [-0.76 -0.22  9.58]
-25.291698 [  5.687 -11.625   1.438] [-0.7  -0.25  9.6 ]
-25.395725 [  2.25  -11.      1.125] [-0.6  -0.19  9.62]
-25.498594 [  2.25  -11.375   0.875] [-0.66 -0.15  9.61]
-25.60107 [  5.812 -10.187   0.125] [-0.46 -0.02  9.65]
-25.705462 [ 2.063 -8.875 -1.   ] [-0.25  0.15  9.68]
-25.808642 [ 2.    -8.125 -1.937] [-0.1   0.33  9.7 ]
-25.910922 [ 6.062 -7.125 -3.312] [-1.22  0.56  9.71]
-26.014653 [ 6.125 -6.75  -5.5  ] [-1.16  0.94  9.69]
-26.118538 [ 1.75  -6.625 -8.75 ] [-1.13  1.48  9.62]
-26.220963 [  1.625  -6.437 -11.687] [-1.1   1.97  9.54]
-26.323373 [  1.438  -6.375 -15.687] [-1.09  2.64  9.38]
-26.425872 [  1.375  -6.75  -18.125] [-1.15  3.03  9.25]
-26.528558 [  1.188  -7.437 -18.562] [-1.27  3.09  9.21]
-26.631112 [  1.063  -8.25  -18.187] [-0.12  3.03  9.21]
-26.733585 [  1.188  -7.812 -18.062] [-0.05  3.01  9.23]
-26.836177 [  6.562  -6.25  -17.687] [-1.07  2.96  9.28]
-26.939051 [  1.938  -3.562 -17.187] [-0.61  2.89  9.34]
-27.041632 [  2.375  -0.937 -16.375] [-0.17  2.77  9.4 ]
-27.14439 [  5.187   1.5   -15.375] [ 0.25  2.6   9.45]
-27.248529 [  3.25    3.625 -14.062] [ 0.61  2.4   9.48]
-27.351244 [  3.438   4.438 -13.062] [ 2.04  2.21  9.52]
-27.45456 [  4.312   5.563 -11.25 ] [ 2.23  1.9   9.57]
-27.558565 [  3.813   7.    -10.562] [ 1.17  1.8   9.56]
-27.661444 [  3.875   8.188 -10.187] [ 1.39  1.72  9.55]
-27.764695 [  4.125  10.313 -10.312] [ 1.76  1.73  9.48]
-27.868888 [  3.875  11.5   -10.812] [ 1.94  1.79  9.44]
-27.972049 [  3.688  12.25  -11.75 ] [ 2.08  1.95  9.38]
-28.074628 [  3.688  12.75  -11.625] [ 2.17  1.93  9.36]
-28.176939 [  3.813  12.813 -10.625] [ 2.18  1.76  9.39]
-28.279364 [  3.938  12.313  -9.437] [ 2.1   1.59  9.44]
-28.38208 [  4.     11.75   -8.375] [ 1.99  1.4   9.49]
-28.484648 [  4.125  10.75   -6.437] [ 1.83  1.08  9.57]
-28.586976 [ 4.25   8.875 -4.125] [ 1.51  0.7   9.66]
-28.68972 [ 4.063  4.5   -3.5  ] [ 0.85  0.62  9.74]
-28.792593 [ 3.625 -0.187 -2.562] [-0.04  0.44  9.79]
-28.895715 [ 3.125 -5.437 -1.375] [-0.93  0.24  9.75]
-28.999916 [  1.875 -13.437  -0.75 ] [-0.89  0.13  9.56]
-29.102869 [  1.938 -13.437   0.125] [-1.   -0.02  9.53]
-29.205621 [  2.313 -12.312   1.125] [-0.81 -0.19  9.57]
-29.309784 [  2.25  -12.437   1.375] [-0.83 -0.23  9.57]
-29.412798 [  2.063 -11.937   1.438] [-0.75 -0.24  9.58]
-29.515647 [  5.875 -11.25    1.063] [-0.63 -0.18  9.61]
-29.619538 [ 2.063 -9.875  0.563] [-0.44 -0.11  9.65]
-29.722827 [ 2.063 -8.812 -0.25 ] [-0.22  0.05  9.68]
-29.82513 [ 1.938 -8.187 -1.5  ] [-0.12  0.25  9.7 ]
-29.927416 [ 1.938 -7.5   -2.75 ] [-1.28  0.46  9.71]
-30.029564 [ 1.875 -7.    -3.937] [-1.2   0.67  9.7 ]
-30.132319 [ 1.75  -6.625 -6.25 ] [-1.13  1.06  9.68]
-30.234844 [ 1.688 -6.5   -9.375] [-1.11  1.59  9.61]
-30.336993 [  1.5    -6.25  -13.062] [-1.07  2.2   9.49]
-30.439212 [  1.375  -6.437 -17.062] [-1.1   2.86  9.31]
-30.541777 [  1.25   -7.062 -18.562] [-1.19  3.09  9.22]
-30.644381 [  1.     -8.062 -19.   ] [-0.09  3.17  9.17]
-30.746807 [  0.875  -8.5   -18.937] [-0.17  3.14  9.17]
-30.850828 [  1.063  -7.937 -18.625] [-0.09  3.1   9.2 ]
-30.954221 [  1.375  -6.375 -18.25 ] [-1.09  3.06  9.25]
-31.057576 [  1.875  -3.75  -17.5  ] [-0.64  2.94  9.33]
-31.161879 [  2.375  -0.875 -16.625] [-0.19  2.82  9.38]
-31.264896 [  2.75    1.5   -15.687] [ 1.54  2.65  9.43]
-31.367599 [  3.125   3.25  -14.625] [ 1.84  2.48  9.47]
-31.471759 [  3.438   4.25  -12.75 ] [ 1.99  2.2   9.52]
-31.575067 [  3.5     5.563 -11.375] [ 2.23  1.92  9.56]
-31.677515 [  3.563   6.688 -11.   ] [ 2.42  1.86  9.55]
-31.779654 [  3.625   8.    -10.562] [ 1.37  1.78  9.54]
-31.882127 [  3.625  10.375 -10.687] [ 1.76  1.79  9.47]
-31.984681 [  3.563  11.438 -11.437] [ 1.94  1.9   9.42]
-32.087284 [  3.438  12.125 -11.875] [ 2.06  1.98  9.37]
-32.189712 [  3.625  12.813 -11.125] [ 2.17  1.84  9.38]
-32.292015 [  3.688  12.875 -10.312] [ 2.18  1.72  9.4 ]
-32.394632 [  3.75   12.375  -9.125] [ 2.1   1.52  9.45]
-32.497184 [  3.938  11.813  -7.875] [ 2.01  1.31  9.5 ]
-32.600633 [  3.937  10.938  -6.062] [ 1.86  1.02  9.57]
-32.704902 [ 3.938  7.938 -5.125] [   1.35 -326.81    9.67]
-32.807223 [ 4.312  3.375 -4.125] [ 1.86  0.71  9.76]
-32.910372 [ 3.25  -1.812 -3.187] [-0.31  0.54  9.78]
-33.014533 [ 2.625 -8.187 -1.937] [-1.28  0.34  9.71]
-33.117264 [  1.875 -13.437  -1.312] [-1.    0.22  9.53]
-33.220136 [  2.125 -12.437  -0.312] [-2.11  0.05  9.57]
-33.324285 [  2.188 -12.312   0.438] [-0.81 -0.07  9.57]
-33.427421 [  2.125 -12.312   0.813] [-0.82 -0.14  9.57]
-33.52975 [  2.    -11.812   9.125] [-0.73 -0.19  9.59]
-33.632324 [  2.    -11.25    1.125] [-0.63 -0.19  9.61]
-33.734642 [  1.875 -11.187   0.75 ] [-0.65 -0.14  9.61]
-33.837047 [ 1.875 -9.812  0.   ] [-0.4   0.    9.66]
-33.939398 [ 1.813 -8.812 -1.062] [-0.23  0.18  9.68]
-34.04195 [ 1.75  -8.25  -2.187] [-0.13  0.37  9.69]
-34.144517 [ 1.688 -7.25  -3.812] [-1.25  0.61  9.7 ]
-34.247251 [ 1.563 -6.812 -6.062] [-1.17  1.03  9.68]
-34.349541 [ 1.5   -6.625 -8.937] [ 326.54    1.51    9.62]
-34.453127 [  6.687  -6.437 -12.062] [-1.1   2.04  9.52]
-34.557003 [  1.25  -6.25 -17.  ] [-1.07  2.85  9.31]
-34.659335 [  1.125  -6.562 -19.062] [-1.12  3.18  9.2 ]
-34.762607 [  1.   -7.  -19.5] [-1.2   3.25  9.17]
-34.866913 [  0.875  -7.687 -19.437] [-0.03  3.24  9.16]
-34.969497 [  1.063  -7.125 -19.   ] [-1.22  3.17  9.19]
-35.072657 [  1.313  -5.875 -18.25 ] [-1.    3.06  9.26]
-35.177071 [  1.75   -3.625 -17.375] [-0.66  2.94  9.33]
-35.280105 [  2.188  -1.062 -16.375] [-0.18  2.76  9.4 ]
-35.38256 [  2.563   1.313 -15.687] [ 1.51  2.65  9.43]
-35.485213 [  3.      3.438 -14.562] [ 1.87  2.46  9.47]
-35.587864 [  3.313   4.375 -13.125] [ 2.01  2.26  9.51]
-35.690557 [  3.438   5.625 -11.437] [ 2.24  1.94  9.56]
-35.793021 [  3.5     6.688 -11.062] [ 2.42  1.87  9.55]
-35.895726 [  3.563   7.75  -10.75 ] [ 1.32  1.82  9.54]
-35.99863 [  3.625  10.25  -10.562] [ 1.75  1.77  9.48]
-36.10081 [  3.688  11.    -10.562] [ 1.87  1.76  9.46]
-36.203951 [  3.563  11.688 -11.5  ] [ 1.98  1.91  9.4 ]
-36.307957 [  3.5    12.063 -12.   ] [ 2.05  2.    9.37]
-36.410828 [  3.625  12.188 -10.937] [ 2.07  1.82  9.4 ]
-36.513796 [  3.75   11.938  -9.812] [ 2.03  1.64  9.45]
-36.617706 [  3.875  11.188  -8.625] [ 1.92  1.46  9.5 ]
-36.721149 [  3.938  10.375  -7.062] [ 1.76  1.18  9.57]
-36.824014 [ 4.063  8.563 -4.5  ] [ 1.46  0.76  9.66]
-36.928315 [ 3.938  4.688 -3.625] [ 2.16  0.63  9.74]
-37.031692 [ 3.688  0.    -2.937] [ 1.28  0.5   9.79]
