-0.074921 [  8.     25.25   -5.625] [ 4.18  0.87  8.82]
-0.176829 [  6.938  21.938  -5.812] [ 4.95  0.92  9.04]
-0.278257 [  6.875  20.375  -5.062] [ 4.69  0.81  9.15]
-0.37996 [  0.875  19.813  -3.75 ] [ 4.61  0.6   9.2 ]
-0.482103 [  7.25   19.375  -2.75 ] [ 4.55  0.45  9.23]
-0.584511 [  7.438  18.813  -1.562] [ 4.45  0.26  9.27]
-0.685943 [  7.563  18.375  -0.812] [ 4.37  0.13  9.3 ]
-0.788685 [  7.438  17.125  -0.937] [ 2.89  0.15  9.36]
-0.891977 [  7.188  15.438  -1.75 ] [ 3.91  0.27  9.44]
-0.993955 [  6.875  14.25   -2.625] [ 2.41  0.43  9.49]
-1.095337 [  6.563  12.688  -3.812] [ 2.15  0.64  9.54]
-1.197188 [  6.313  11.75   -5.312] [ 2.    0.88  9.55]
-1.300357 [  6.563  13.063  -8.437] [ 2.21  1.4   9.44]
-1.403379 [  6.625  13.     -9.687] [ 2.17  1.58  9.43]
-1.50511 [  6.625  14.    -11.062] [ 2.37  1.83  9.33]
-1.607328 [  6.625  14.125 -12.437] [ 2.39  2.05  9.28]
-1.709623 [  6.563  13.75  -13.312] [ 2.33  2.19  9.26]
-1.813288 [  6.5    12.875 -13.937] [ 2.2   2.27  9.28]
-1.915632 [  6.063  12.    -16.   ] [ 2.04  2.64  9.21]
-2.016934 [  5.875  10.875 -15.562] [ 1.86  2.58  9.27]
-2.119064 [  5.75   11.625 -14.937] [ 1.97  2.47  9.28]
-2.220757 [  5.625  13.438 -14.375] [ 2.28  2.37  9.23]
-2.322444 [  5.313  16.188 -13.5  ] [ 4.01  2.2   9.15]
-2.42429 [  5.125  18.938 -12.   ] [ 4.43  1.95  9.07]
-2.525949 [  5.375  21.75  -10.875] [ 4.92  1.72  8.94]
-2.627575 [  6.188  26.688  -9.75 ] [ 4.41  1.48  8.63]
-2.729128 [  5.875  32.438  -8.812] [ 6.54  1.27  8.17]
-2.830618 [  5.813  33.938  -8.5  ] [ 6.75  1.2   8.04]
-2.93229 [  5.625  36.563  -7.812] [ 7.12  1.07  7.79]
-3.034212 [  2.5    39.813  -7.625] [ 7.56  1.    7.46]
-3.136293 [  5.25   41.813  -7.312] [ 6.54  0.93  7.24]
-3.237745 [  5.063  43.125  -7.125] [ 6.7   0.88  7.09]
-3.339524 [  4.875  43.875  -7.   ] [   6.79 -326.82    7.01]
-3.442485 [  4.75   44.188  -6.937] [ 6.84  0.84  6.97]
-3.545747 [  4.688  44.438  -6.75 ] [ 6.86  0.82  6.95]
-3.6479 [  4.938  44.438  -6.125] [ 6.87  0.75  6.95]
-3.749807 [  2.75   44.313  -5.5  ] [ 6.85  0.67  6.97]
-3.852121 [  5.813  43.688  -4.312] [ 6.77  0.53  7.06]
-3.955281 [  6.438  41.813  -3.   ] [ 6.57  0.39  7.26]
-4.058001 [  6.75   39.75   -1.437] [ 7.55  0.19  7.53]
-4.159693 [  6.563  37.875  -0.125] [ 7.3   0.01  7.73]
-4.261358 [  6.313  36.438   0.563] [ 7.11 -0.08  7.88]
-4.36393 [  6.063  35.313   0.813] [ 6.95 -0.11  7.99]
-4.467477 [  5.938  33.563   1.5  ] [ 5.45  -0.2    8.141]
-4.56967 [  5.625  32.      1.875] [ 6.47 -0.27  8.31]
-4.671119 [  4.75   29.625   1.875] [ 4.85 -0.28  8.51]
-4.773593 [  3.563  28.063   1.25 ] [ 4.61 -0.19  8.64]
-4.875139 [  2.188  26.563   0.063] [ 4.39 -0.01  8.76]
-4.976447 [  1.     24.75   -1.375] [ 4.1   0.21  8.9 ]
-5.078076 [  0.188  23.188  -3.   ] [ 3.89  0.45  8.98]
-5.179911 [  8.812  19.063  -4.625] [ 4.48  0.75  9.23]
-5.281411 [ 10.312  10.625  -6.375] [ 1.81  1.07  9.57]
-5.382867 [ 10.437  11.188  -8.125] [ 1.9   1.36  9.52]
-5.484346 [ 10.187  12.438  -9.875] [ 2.11  1.64  9.43]
-5.585693 [ 10.187  12.25  -11.375] [ 2.08  1.89  9.39]
-5.68684 [ 10.562  11.688 -12.562] [ 1.98  2.08  9.37]
-5.78971 [ 10.687  11.375 -13.625] [ 1.94  2.24  9.34]
-5.892194 [ 10.812  11.375 -14.562] [ 1.93  2.42  9.3 ]
-5.993918 [ 11.     10.5   -15.125] [ 1.79  1.24  9.3 ]
-6.096213 [ 11.062  10.313 -15.062] [ 1.75  2.51  9.31]
-6.199803 [ 11.125  10.438 -14.625] [ 1.78  2.44  9.32]
-6.302331 [ 11.062   9.625 -14.25 ] [ 1.64  2.38  9.36]
-6.403945 [ 11.062   9.688 -13.812] [ 1.65  2.31  9.38]
-6.505314 [ 10.937   9.875 -13.5  ] [ 1.69  2.25  9.39]
-6.607904 [ 10.937  10.563 -11.   ] [ 1.8   1.84  9.46]
-6.710851 [ 11.312  12.875  -9.125] [ 2.15  1.51  9.44]
-6.812916 [ 11.375  15.313  -9.187] [ 3.87  1.51  9.33]
-6.91428 [ 11.5    17.375  -8.875] [ 4.21  1.44  9.24]
-7.017894 [ 11.312  19.25   -8.312] [ 4.52  1.34  9.15]
-7.1222 [ 11.125  21.625  -7.812] [ 4.87  1.24  9.03]
-7.224309 [ 11.687  23.063  -7.375] [ 3.84  1.16  8.94]
-7.327175 [ 12.062  23.688  -7.25 ] [ 3.94  1.13  8.9 ]
-7.429271 [ 12.062  23.813  -6.875] [ 3.96  1.07  8.9 ]
-7.531762 [ 11.937  24.5    -6.562] [ 4.071  1.02   8.86 ]
-7.635274 [ 12.187  24.313  -6.5  ] [ 4.031  1.01   8.87 ]
-7.738273 [ 13.062  22.75   -5.937] [ 5.07  0.94  8.99]
-7.843935 [ 14.375  21.     -5.25 ] [ 4.8   0.84  9.11]
-7.945776 [ 14.25   21.063  -3.75 ] [ 4.8   0.6   9.13]
-8.047269 [ 13.687  22.188  -2.687] [ 4.98  0.42  9.06]
-8.150254 [ 13.312  22.75   -2.562] [ 5.08  0.41  9.03]
-8.253617 [ 12.937  22.625  -3.125] [ 5.05  0.48  9.03]
-8.355669 [ 13.     22.688  -3.875] [ 5.06  0.61  9.02]
-8.456982 [ 13.312  22.375  -3.937] [ 5.01  0.62  9.04]
-8.558824 [ 13.875  22.     -3.062] [-322.73    0.49    9.07]
-8.661545 [ 14.625  21.875  -1.875] [ 3.65  0.3   9.09]
-8.764816 [ 15.312  21.     -1.187] [ 3.53  0.21  9.14]
-8.866786 [ 15.437  20.438  -0.75 ] [ 4.71  0.12  9.18]
-8.968131 [ 15.375  20.688  -1.437] [ 4.74  0.23  9.16]
-9.069675 [ 15.     21.188  -2.125] [ 4.83  0.34  9.13]
-9.172346 [ 14.687  21.688  -2.5  ] [ 3.62  0.4   9.1 ]
-9.275797 [ 14.375  21.813  -2.812] [ 4.92  0.44  9.09]
-9.378013 [ 14.437  21.625  -3.187] [ 4.89  0.5   9.1 ]
-9.480405 [ 14.625  21.5    -3.062] [ 4.88  0.49  9.1 ]
-9.582116 [ 14.625  21.375  -3.   ] [ 4.85  0.48  9.11]
-9.683607 [ 14.812  21.125  -3.125] [ 4.82  0.5   9.13]
-9.785112 [ 14.812  21.313  -3.25 ] [ 4.84  0.52  9.11]
-9.886796 [ 14.812  22.125  -3.937] [ 4.96  0.61  7.78]
-9.988366 [ 14.5    22.938  -5.312] [ 5.1   0.84  8.99]
-10.090206 [ 14.312  23.688  -6.062] [ 3.94  0.95  8.92]
-10.191931 [ 14.25   24.     -7.312] [ 3.99  1.14  8.88]
-10.293602 [ 14.187  24.125  -7.812] [ 4.01  1.22  8.86]
-10.395155 [ 14.5    24.25   -7.937] [ 4.02  1.23  8.85]
-10.49729 [ 14.625  23.938  -8.437] [ 3.99  1.31  8.86]
-10.599332 [ 14.687  24.188  -8.625] [ 4.02  1.34  8.84]
-10.700814 [ 14.937  23.313  -9.   ] [ 3.88  1.41  8.89]
-10.803584 [ 15.5   22.25  -6.25] [ 3.71  0.99  9.01]
-10.906883 [  9.187  21.438  -3.312] [ 4.88  0.57  9.1 ]
-11.009485 [  9.    22.5   -4.25] [ 5.03  0.67  9.03]
-11.111217 [ 15.875  23.188  -3.75 ] [ 3.87  0.59  8.99]
-11.213509 [ 16.375  22.625  -4.187] [ 5.06  0.66  9.02]
-11.316465 [ 17.562  22.125  -4.125] [ 4.97  0.65  9.06]
-11.419457 [ 10.25   21.625  -4.312] [ 4.89  0.69  9.08]
-11.521064 [ 10.125  21.875  -5.062] [ 4.93  0.8   9.06]
-11.622454 [ 17.625  22.375  -6.375] [ 5.01  1.01  9.  ]
-11.72488 [  9.125  22.5    -8.062] [ 3.76  1.27  8.96]
-11.827809 [  8.937  22.063  -9.   ] [ 4.98  1.41  8.97]
-11.9307 [  9.187  21.438  -9.375] [ 4.86  1.48  9.  ]
-12.032238 [  9.625  20.375  -8.875] [ 4.7   1.42  9.07]
-12.133798 [  9.937  19.375  -8.25 ] [ 4.54  1.33  9.15]
-12.235428 [  9.812  18.875  -7.625] [ 4.45  1.24  9.19]
-12.337123 [  9.625  18.063  -7.375] [ 4.32  1.2   9.24]
-12.439176 [  9.625  17.625  -7.125] [ 4.25  1.16  9.27]
-12.541152 [  9.625  17.063  -6.687] [ 2.88  1.1   9.3 ]
-12.643495 [  9.625  16.5    -6.187] [ 4.071  1.01   9.34 ]
-12.745092 [  9.812  16.     -5.75 ] [ 3.98  0.94  9.37]
-12.846471 [ 10.     15.438  -5.937] [ 3.89  0.98  9.4 ]
-12.94789 [  9.937  15.25   -6.   ] [ 3.86  0.99  9.4 ]
-13.049215 [  9.75   15.313  -6.5  ] [ 3.87  1.07  9.39]
-13.150752 [ 10.     15.063  -7.375] [ 2.54  1.22  9.39]
-13.252669 [ 15.75   15.313  -7.687] [ 3.87  1.27  9.37]
-13.354285 [  9.937  16.313  -8.812] [ 4.04  1.45  9.29]
-13.455839 [  0.063  17.25   -9.5  ] [ 4.19  1.54  9.23]
-13.558262 [ 11.812  15.875  -9.75 ] [ 2.68  1.59  9.29]
-13.661852 [ 15.562  13.875  -7.75 ] [ 2.41  1.32  9.41]
-13.764418 [ 10.625   9.563  -4.937] [ 1.63  0.84  9.63]
-13.865905 [ 13.625   4.875  -1.5  ] [ 2.12  0.26  9.76]
-13.968286 [ 15.375  -0.25    0.688] [-0.04 -0.12  9.8 ]
-14.071541 [ 24.062  -4.75    1.25 ] [-0.77 -0.22  9.77]
-14.174261 [ 15.812  -5.875   0.563] [-1.   -0.09  9.75]
-14.275949 [ 14.875  -4.812  -2.062] [-0.83  0.35  9.76]
-14.377718 [ 13.875  -4.687  -4.562] [-0.8   0.78  9.74]
-14.480589 [ 14.312  -4.437  -6.125] [-0.76  1.04  9.72]
-14.583613 [ 15.     -3.812  -7.125] [-0.65  1.2   9.7 ]
-14.685722 [ 24.125  -4.062  -7.625] [-0.7   1.3   9.69]
-14.787401 [ 25.437 -12.875  -7.187] [-0.83  1.22  9.69]
-14.888529 [ 26.125  -5.187  -7.75 ] [-0.89  1.32  9.67]
-14.990233 [ 26.437  -5.062  -8.687] [-0.87  1.48  9.65]
-15.091678 [ 26.562  -5.375 -10.375] [-0.92  1.76  9.6 ]
-15.193591 [ 27.562  -6.812 -12.   ] [-1.16  2.02  9.52]
-15.295427 [ 29.25   -8.375 -13.812] [-1.43  2.31  9.42]
-15.39722 [ 30.125  -9.062 -16.   ] [-0.26  2.67  9.3 ]
-15.499132 [ 30.437  -8.937 -17.75 ] [-0.25  2.95  9.22]
-15.600745 [ 30.312  -7.687 -18.875] [-0.03  3.15  9.19]
-15.702255 [ 30.125  -7.062 -20.875] [-1.21  3.47  9.09]
-15.804025 [ 30.812  -8.062 -23.562] [-0.09  3.88  8.89]
-15.90609 [ 24.812  -9.125 -25.625] [-0.27  4.16  8.73]
-16.007725 [ 26.75   -8.937 -26.437] [-0.24  4.31  8.67]
-16.109073 [ 28.312  -8.437 -26.875] [-0.16  4.38  8.65]
-16.21079 [ 29.75   -8.625 -28.187] [-0.19  4.58  8.54]
-16.313093 [ 30.312  -8.5   -28.5  ] [-0.17  4.63  8.52]
-16.416226 [ 29.875  -7.937 -27.937] [-1.35  4.55  8.57]
-16.518063 [ 29.687  -7.562 -27.25 ] [-0.01  4.45  8.63]
-16.619742 [ 30.937  -7.937 -27.312] [-0.07  4.46  8.62]
-16.721998 [ 31.937  -8.375 -27.5  ] [-0.14  4.48  8.6 ]
-16.825101 [ 40.312  -9.062 -26.937] [-1.53  4.41  8.62]
-16.927745 [ 40.437  -9.562 -25.625] [-0.35  4.18  8.71]
-17.029398 [ 41.25  -10.5   -24.562] [-0.51  4.01  8.76]
-17.130849 [ 42.25  -11.187 -24.062] [-0.62  3.92  8.78]
-17.23254 [ 42.875 -11.312 -23.562] [-0.64  3.84  8.81]
-17.33513 [ 42.625 -11.062 -23.062] [-0.6   3.77  8.85]
-17.438267 [ 41.75  -11.187 -23.187] [-0.63  3.79  8.83]
-17.540304 [ 41.312 -11.25  -23.437] [-0.63  3.82  8.82]
-17.642413 [ 41.187 -11.625 -23.25 ] [-0.69  3.79  8.82]
-17.744221 [ 41.125 -11.687 -22.312] [-0.71  3.64  8.88]
-17.845898 [ 41.187 -11.5   -21.687] [-0.67  3.55  8.92]
-17.947752 [ 40.875 -11.312 -20.187] [-0.64  3.32  9.02]
-18.04951 [ 32.    -10.687 -18.687] [-0.54  3.09  9.12]
-18.151165 [ 31.375  -9.812 -17.75 ] [-0.39  2.94  9.2 ]
-18.252799 [ 31.062  -8.812 -17.187] [-0.22  2.86  9.25]
-18.354404 [ 30.875  -8.437 -17.   ] [-0.16  2.84  9.27]
-18.455856 [ 30.875  -8.312 -17.5  ] [-0.14  2.91  9.25]
-18.557348 [ 30.875  -8.25  -17.375] [-0.12  2.9   9.25]
-18.659256 [ 31.062  -7.937 -17.437] [-0.08  2.91  9.26]
-18.760865 [ 31.062  -7.687 -17.187] [-0.03  2.88  9.27]
-18.86237 [ 31.125  -7.687 -16.75 ] [-0.03  2.8   9.3 ]
-18.964512 [ 31.312  -7.312 -16.375] [-1.25  2.75  9.32]
-19.067483 [ 39.375  -6.75  -15.687] [-1.16  2.64  9.37]
-19.171385 [ 31.125  -6.75  -15.062] [-1.16  2.53  9.4 ]
-19.27372 [ 30.812  -6.875 -14.5  ] [-1.17  2.44  9.42]
-19.375197 [ 30.687  -7.062 -14.25 ] [-1.21  2.4   9.42]
-19.477433 [ 30.625  -7.812 -14.062] [-0.05  2.36  9.42]
-19.580732 [ 30.5    -8.562 -13.687] [-0.17  2.3   9.42]
-19.683006 [ 30.25   -8.75  -13.562] [-0.21  2.27  9.41]
-19.784885 [ 29.812  -8.562 -13.687] [-0.18  2.3   9.41]
-19.8871 [ 29.437  -8.75  -13.562] [-0.21  2.27  9.42]
-19.990199 [ 29.5    -9.125 -13.062] [-0.27  2.2   9.42]
-20.092926 [ 29.937  -9.25  -12.687] [-0.29  2.12  9.44]
-20.194883 [ 30.625  -9.687 -12.75 ] [-0.37  2.14  9.42]
-20.296862 [ 31.375  -9.687 -13.   ] [-0.38  2.17  9.41]
-20.398264 [ 31.562  -9.312 -13.562] [-0.31  2.27  9.4 ]
-20.499717 [ 31.312  -8.75  -13.937] [-1.49  2.34  9.4 ]
-20.601119 [ 30.812  -8.562 -13.5  ] [-0.18  2.27  9.42]
-20.702796 [ 30.812  -8.125 -14.125] [-0.12  2.36  9.41]
-20.804484 [ 31.312  -7.312 -14.562] [-1.25  2.45  9.41]
-20.906012 [ 31.625  -6.812 -14.812] [-1.17  2.49  9.41]
-21.007385 [ 31.687  -6.937 -15.312] [-1.19  2.57  9.38]
-21.108774 [ 31.437  -6.875 -14.687] [-1.17  2.47  9.41]
-21.210249 [ 31.5    -6.375 -14.562] [-1.09  2.45  9.42]
-21.311929 [ 31.625  -5.312 -15.687] [-0.91  2.64  9.39]
-21.41426 [ 31.125  -4.312 -16.062] [-0.75  2.7   9.39]
-21.515865 [ 30.562  -4.187 -16.312] [-0.72  2.75  9.38]
-21.617293 [ 30.5    -4.062 -16.5  ] [-0.69  2.78  9.37]
-21.718831 [ 30.625  -4.437 -16.125] [-0.76  2.71  9.39]
-21.821081 [ 30.687  -5.062 -15.375] [-0.86  2.59  9.41]
-21.924551 [ 30.625  -4.687 -14.687] [-0.82  2.49  9.44]
-22.026659 [ 30.125  -3.375 -14.25 ] [-0.58  2.41  9.48]
-22.128396 [ 29.25   -1.875 -14.5  ] [-0.32  2.46  9.48]
-22.230034 [ 28.562  -1.187 -14.625] [-0.2   2.48  9.48]
-22.332778 [ 36.625  -1.875 -14.625] [-0.32  2.47  9.48]
-22.435654 [ 29.312  -3.187 -13.875] [-0.53  2.37  9.49]
-22.537326 [ 29.937  -3.312 -13.062] [-0.56  2.21  9.53]
-22.638688 [ 29.937  -2.187 -12.5  ] [-0.37  2.12  9.56]
-22.740072 [ 29.437  -1.25  -12.125] [-0.21  2.06  9.58]
-22.842218 [ 28.937  -0.375 -12.187] [-0.06  2.07  9.58]
-22.946007 [ 28.625   0.563 -12.187] [ 1.36  2.07  9.58]
-23.04863 [ 28.687   1.25  -12.187] [ 1.49  2.07  9.58]
-23.150229 [ 28.875   1.438 -12.125] [ 1.53  2.06  9.58]
-23.25179 [ 29.187   1.125 -11.562] [ 1.48  1.96  9.6 ]
-23.354283 [ 29.5     0.188  -9.687] [ 1.32  1.65  9.66]
-23.455632 [ 29.75   -0.875  -8.25 ] [-0.15  1.41  9.7 ]
-23.557134 [ 37.812  -1.5    -7.937] [-0.26  1.35  9.7 ]
-23.658701 [ 29.562  -1.125  -8.5  ] [-0.2   1.44  9.69]
-23.760521 [ 29.187  -0.625  -8.812] [-0.11  1.5   9.68]
-23.862114 [ 29.125  -1.062  -8.125] [-0.18  1.39  9.7 ]
-23.963743 [ 29.5    -2.687  -6.562] [-0.46  1.12  9.73]
-24.065101 [ 29.875  -3.625  -6.125] [-0.62  1.04  9.73]
-24.166797 [ 37.5    -2.562  -6.687] [-0.44  1.14  9.72]
-24.268485 [ 28.562  -1.062  -8.5  ] [-0.21  1.41  9.7 ]
-24.370326 [ 28.062  -0.312  -9.437] [-0.06  1.61  9.67]
-24.472308 [ 28.875  -1.25   -9.875] [-0.22  1.68  9.65]
-24.574752 [ 30.875  -5.062 -10.375] [-0.87  1.75  9.6 ]
-24.677994 [ 40.625  -9.    -10.875] [-0.22  1.82  9.51]
-24.78061 [ 41.     -8.75  -11.562] [-0.21  1.95  9.49]
-24.882216 [ 40.687  -7.937 -14.187] [-0.08  2.38  9.41]
-24.983659 [ 40.812  -8.25  -17.937] [-0.12  2.99  9.23]
-25.086339 [ 42.312  -7.187 -22.562] [-1.23  3.73  8.98]
-25.190595 [ 43.5    -5.562 -26.75 ] [-0.98  4.33  8.73]
-25.292811 [ 43.625  -5.    -29.937] [-0.85  4.88  8.46]
-25.394642 [ 44.     -5.312 -33.062] [-0.91  5.32  8.18]
-25.497461 [ 45.625  -4.75  -35.562] [-0.81  5.68  7.94]
-25.601073 [ 47.25   -4.187 -35.187] [-0.72  5.66  7.97]
-25.703374 [ 40.375  -4.062 -32.625] [-0.69  5.28  8.23]
-25.805094 [ 42.312  -4.812 -29.562] [-0.82  4.82  8.49]
-25.906773 [ 45.     -6.    -29.375] [-1.02  4.78  8.49]
-26.008285 [ 47.875  -7.062 -29.562] [-1.21  4.8   8.46]
-26.109738 [ 58.187  -7.75  -29.687] [-0.04  4.81  8.43]
-26.211357 [ 60.     -7.875 -30.375] [-0.08  4.89  8.38]
-26.313103 [ 61.062  -6.375 -31.125] [-1.09  5.04  8.33]
-26.414866 [ 61.25   -4.375 -32.5  ] [-0.74  5.25  8.24]
-26.516412 [ 60.062  -2.187 -34.25 ] [-0.38  5.51  8.09]
-26.61795 [ 58.     -0.937 -35.687] [-0.16  5.72  7.95]
-26.719687 [ 57.312  -1.562 -35.875] [-0.27  5.75  7.93]
-26.821307 [ 57.812  -1.75  -35.875] [-0.3   5.75  7.93]
-26.923556 [ 58.875  -1.25  -36.   ] [-0.21  5.76  7.92]
-27.025329 [ 58.812  -1.125 -36.125] [-0.19  5.78  7.91]
-27.126793 [ 58.5    -2.062 -36.562] [-0.36  5.84  7.86]
-27.229147 [ 58.375  -3.5   -35.062] [-0.6   5.62  8.01]
-27.33279 [ 58.5    -3.625 -32.062] [-0.63  5.23  8.26]
-27.43541 [ 59.125  -3.562 -31.25 ] [-0.61  5.08  8.36]
-27.536801 [ 59.687  -2.937 -32.   ] [-0.5   5.19  8.3 ]
-27.638513 [ 59.937  -2.75  -32.875] [-0.47  5.32  8.22]
-27.740783 [ 59.875  -3.125 -33.375] [-0.54  5.38  8.17]
-27.844486 [ 60.187  -3.75  -33.375] [-0.63  5.39  8.16]
-27.947017 [ 60.437  -4.687 -32.562] [-0.8   5.26  8.23]
-28.048456 [ 59.812  -5.187 -30.687] [-0.89  4.98  8.39]
-28.150846 [ 58.25   -5.062 -29.812] [-0.86  4.86  8.47]
-28.254515 [ 47.875  -2.937 -29.375] [-0.53  4.8   8.53]
-28.356978 [ 46.25   -1.437 -28.875] [-0.24  4.73  8.58]
-28.458413 [ 45.687  -0.812 -28.562] [-0.14  4.69  8.6 ]
-28.560185 [ 45.625   0.    -28.812] [ 1.28  4.72  8.59]
-28.661548 [ 45.75    0.813 -29.312] [ 1.42  4.8   8.54]
-28.763027 [ 45.875   0.188 -29.625] [ 1.31  4.84  8.52]
-28.864539 [ 46.125  -2.    -29.375] [-0.34  4.81  8.53]
-28.966277 [ 46.375  -4.5   -27.875] [-0.74  4.6   8.62]
-29.067765 [ 46.687  -5.875 -18.187] [-0.99  4.33  8.73]
-29.16928 [ 47.562  -6.375 -24.5  ] [-1.09  4.04  8.86]
-29.270757 [ 56.812  -6.312 -23.312] [-1.08  3.86  8.94]
-29.372319 [ 57.437  -5.687 -23.625] [-0.98  3.91  8.93]
-29.473815 [ 56.75   -4.687 -24.812] [-0.8   4.1   8.86]
-29.575299 [ 47.312  -4.    -25.687] [-0.69  4.24  8.81]
-29.676854 [ 46.     -3.437 -26.375] [-0.6   4.34  8.76]
-29.778528 [ 45.187  -2.375 -26.75 ] [-0.43  4.41  8.74]
-29.880285 [ 44.562  -1.937 -26.187] [-0.33  4.33  8.79]
-29.981911 [ 44.687  -2.5   -25.937] [-0.43  4.28  8.8 ]
-30.084395 [ 45.5    -3.25  -25.875] [-0.56  4.27  8.8 ]
-30.18776 [ 46.062  -3.687 -25.375] [-0.64  4.2   8.83]
-30.2901 [ 45.687  -2.875 -24.75 ] [-0.5   4.1   8.89]
-30.391921 [ 44.625  -2.187 -24.437] [-0.38  4.06  8.91]
-30.49432 [ 43.5    -2.5   -24.312] [-0.43   4.031  8.92 ]
-30.597567 [ 43.25   -3.625 -25.687] [-0.6   4.22  8.82]
-30.700168 [ 51.437  -4.437 -26.   ] [-0.76  4.29  8.78]
-30.802242 [ 43.375  -5.062 -25.562] [-0.87  4.22  8.8 ]
-30.90417 [ 42.937  -6.375 -25.25 ] [-1.09  4.16  8.81]
-31.00725 [ 50.562  -6.25  -24.75 ] [-1.07  4.09  8.84]
-31.110578 [ 41.75   -6.    -23.625] [-1.03  3.91  8.93]
-31.212485 [ 41.25   -6.75  -23.625] [-1.16  3.91  8.91]
-31.314222 [ 41.562  -7.125 -24.187] [-1.21  3.99  8.87]
-31.415752 [ 41.875 -15.125 -24.5  ] [-1.22  4.04  8.85]
-31.516983 [ 41.625  -7.75  -24.625] [-0.04  4.05  8.83]
-31.618357 [ 41.312  -7.625 -24.125] [-0.02  3.98  8.86]
-31.719765 [ 41.437  -7.062 -24.937] [-1.23  4.09  8.82]
-31.821842 [ 41.625  -6.    -26.   ] [-1.03  4.27  8.76]
-31.923422 [ 41.687  -5.5   -26.75 ] [-0.94  4.39  8.71]
-32.024739 [ 42.    -6.   -27.25] [-1.02  4.46  8.66]
-32.125971 [ 43.125  -6.187 -27.312] [-1.06  4.48  8.65]
-32.227339 [ 44.562  -6.312 -27.375] [-1.08  4.48  8.65]
-32.328856 [ 45.5    -6.687 -27.   ] [-1.15  4.42  8.67]
-32.4305 [ 54.187  -8.125 -25.875] [-0.1   4.23  8.73]
-32.532239 [ 47.812 -10.125 -23.625] [-1.7   3.9   8.83]
-32.63379 [ 57.25  -10.937 -21.75 ] [-0.58  3.57  8.93]
-32.735144 [ 57.375 -11.375 -20.875] [-0.66  3.42  8.98]
-32.837316 [ 55.937 -12.812 -19.5  ] [-0.9   3.19  9.01]
-32.940895 [ 46.562 -13.25  -18.75 ] [-2.24  3.08  9.03]
-33.043541 [ 46.187 -13.062 -18.375] [-0.93  3.01  9.06]
-33.145102 [ 45.687 -12.937 -20.062] [-0.91  3.28  8.97]
-33.246966 [ 54.312 -13.125 -22.5  ] [-0.95  3.66  8.81]
-33.350197 [ 57.625 -13.25  -26.187] [-0.96  4.21  8.56]
-33.453404 [ 59.937 -11.187 -30.437] [-1.94  4.82  8.31]
-33.555323 [ 59.937  -8.937 -33.312] [-0.24  5.32  8.09]
-33.656811 [ 59.375  -8.125 -34.937] [-0.11  5.56  7.95]
-33.759464 [ 59.437  -8.5   -34.25 ] [-1.45  5.46  8.01]
-33.862789 [ 61.25   -8.125 -33.062] [-0.12  5.31  8.11]
-33.965318 [ 63.375  -8.375 -31.812] [-0.15  5.11  8.24]
-34.06664 [ 57.062  -8.375 -30.875] [-0.15  4.98  8.32]
-34.16807 [ 57.687  -8.875 -29.812] [-0.23  4.82  8.4 ]
-34.269713 [ 58.125  -7.937 -29.375] [-0.07  4.76  8.46]
-34.371149 [ 59.187  -5.875 -30.375] [-1.    4.93  8.41]
-34.472665 [ 60.     -4.625 -31.687] [-0.79  5.13  8.31]
-34.574242 [ 66.5    -5.375 -31.875] [-0.92  5.16  8.28]
-34.675963 [ 63.187  -7.687 -30.312] [ 326.4     4.92    8.38]
-34.777397 [ 61.  -8. -29.] [-0.08  4.71  8.49]
-34.878829 [ 62.187  -8.062 -30.437] [-0.1   4.92  8.36]
-34.980511 [ 56.812  -6.5   -31.437] [-1.11  5.08  8.31]
-35.081942 [ 58.437  -4.875 -32.125] [-0.83  5.2   8.27]
-35.183706 [ 58.75  -12.937 -32.625] [-0.84  5.27  8.22]
-35.285632 [ 58.75   -5.    -32.875] [-0.86  5.3   8.2 ]
-35.387128 [ 58.187  -4.687 -33.   ] [-0.8   5.32  8.19]
-35.488686 [ 63.75   -5.75  -32.812] [-0.99  5.29  8.19]
-35.590392 [ 60.75   -7.875 -32.187] [-0.06  5.17  8.21]
-35.693004 [ 58.437  -9.312 -31.125] [-0.31  5.    8.28]
-35.796265 [ 57.5    -9.312 -30.187] [-0.32  4.87  8.35]
-35.898247 [ 58.687  -8.375 -30.25 ] [-0.15  4.89  8.37]
-35.999633 [ 60.625  -7.937 -31.437] [-0.08  5.06  8.28]
-36.101456 [ 61.5  -7.5 -31.5] [-1.28  5.08  8.28]
-36.204509 [ 61.312  -7.562 -31.437] [-0.01  5.07  8.29]
-36.307673 [ 61.25   -7.    -31.562] [-1.2   5.1   8.28]
-36.409668 [ 61.5   -6.   -31.75] [-1.03  5.13  8.28]
-36.511093 [ 62.125  -6.125 -33.187] [-1.05  5.34  8.15]
-36.613334 [ 62.25   -6.437 -34.   ] [-1.1   5.45  8.07]
-36.716541 [ 61.125  -6.625 -34.5  ] [-1.13  5.51  8.02]
