-0.075117 [ 6.813 -2.812 -9.312] [-0.48  1.58  9.66]
-0.177605 [ 6.    -8.125 -8.062] [-1.33  1.46  9.6 ]
-0.279709 [ 5.25  -9.687 -3.5  ] [-0.37  0.59  9.64]
-0.381352 [  5.    -10.562  -0.75 ] [-0.52  0.13  9.63]
-0.483866 [  4.75  -10.812   0.125] [-1.84 -0.03  9.63]
-0.587375 [  4.75  -10.312   0.438] [ -1.76000000e+00  -8.00000000e-02  -3.18040000e+02]
-0.689331 [ 4.75  -9.687  0.375] [-0.37 -0.06  9.66]
-0.791047 [ 4.75  -8.75  -0.187] [-0.21  0.03  9.69]
-0.893094 [ 4.688 -7.562 -1.437] [-1.29  0.25  9.71]
-0.996442 [ 3.312 -6.75  -1.75 ] [-1.15  0.3   9.73]
-1.099612 [ 4.688 -5.812 -2.125] [-1.    0.36  9.74]
-1.20145 [ 4.625 -5.    -3.187] [-0.86  0.54  9.75]
-1.303319 [ 3.5   -4.687 -5.062] [-0.8   0.86  9.73]
-1.406788 [ 4.438 -4.625 -6.75 ] [-0.79  1.15  9.7 ]
-1.510243 [ 4.375 -4.562 -8.875] [-0.78  1.51  8.37]
-1.612462 [  4.25   -4.187 -11.75 ] [-0.71  1.99  9.57]
-1.714167 [  4.125  -3.25  -16.625] [-0.55  2.8   9.38]
-1.815653 [  4.188  -2.625 -19.562] [-0.45  3.28  9.22]
-1.917387 [  4.125  -2.5   -20.125] [-0.43  3.37  9.19]
-2.019112 [  4.188 -10.187 -20.   ] [-0.38  3.35  9.2 ]
-2.120992 [  4.25  -1.75 -19.5 ] [-0.3   4.56  9.23]
-2.222797 [  4.313  -1.25  -18.937] [-0.21  3.18  9.27]
-2.324485 [  4.625   0.313 -17.312] [ 1.33  2.92  9.36]
-2.425896 [  4.938   2.313 -14.937] [ 1.68  2.53  9.46]
-2.527421 [  5.375   3.25  -12.437] [ 1.84  2.11  9.55]
-2.629071 [  5.625   4.    -12.   ] [ 1.96  2.04  9.56]
-2.730797 [  5.938   5.125 -10.   ] [ 2.14  1.72  9.61]
-2.833141 [ 6.     6.188 -9.125] [ 2.34  1.54  9.62]
-2.935133 [ 6.063  6.688 -8.937] [ 2.42  1.51  9.62]
-3.037697 [ 6.125  8.75  -9.   ] [ 1.49  1.51  9.57]
-3.14116 [  6.063  10.     -9.437] [ 1.7   1.57  9.52]
-3.24386 [  6.     10.313 -10.312] [ 1.76  1.73  9.48]
-3.345555 [  6.     10.75  -10.312] [ 1.83  1.73  9.47]
-3.447954 [  6.063  10.813  -9.437] [ 1.84  1.58  9.5 ]
-3.551333 [  6.125  10.313  -8.312] [ 1.77  1.41  9.54]
-3.653974 [  6.313  10.063  -6.5  ] [ 1.71  1.09  9.59]
-3.755428 [ 6.313  9.563 -5.625] [ 1.63  0.95  9.62]
-3.857039 [ 6.188  8.125 -5.312] [ 1.39  0.9   9.66]
-3.959657 [ 4.938  4.    -4.562] [ 1.97  0.78  9.75]
-4.063355 [ 3.75  -1.562 -3.125] [-0.18  0.56  9.78]
-4.165654 [ 2.813 -7.25  -2.187] [-1.24  0.37  9.72]
-4.267049 [  2.    -10.875  -1.75 ] [-0.57  0.3   9.62]
-4.369086 [  1.625 -10.187  -1.062] [-0.46  0.17  9.64]
-4.471037 [  1.563 -10.062  -0.437] [-0.44  0.08  9.65]
-4.572907 [  1.5  -10.25   0.  ] [-0.46  0.    9.64]
-4.674749 [  1.5   -10.      0.563] [-0.43 -0.09  9.65]
-4.776452 [ 1.563 -9.375  0.5  ] [-0.32 -0.09  9.67]
-4.878228 [ 1.5   -8.875 -0.062] [-0.23  0.01  9.68]
-4.97989 [ 1.438 -8.    -0.812] [-0.08  0.14  9.7 ]
-5.08167 [ 1.375 -7.    -1.625] [-1.2   0.28  9.72]
-5.183407 [ 1.375 -6.125 -2.437] [-1.05  0.41  9.74]
-5.285436 [ 1.375 -5.875 -3.187] [-1.01  0.53  9.73]
-5.38764 [ 1.25  -5.687 -4.625] [-0.97  0.78  9.72]
-5.489115 [ 6.875 -5.5   -6.75 ] [-0.94  1.15  9.69]
-5.591574 [ 1.    -5.437 -9.   ] [-0.93  1.53  9.64]
-5.694177 [  7.187  -5.25  -12.187] [-0.9   2.06  9.54]
-5.79711 [  0.438  -5.375 -17.812] [-0.92  2.99  9.29]
-5.899844 [  7.937  -5.687 -18.937] [-0.97  3.16  9.22]
-6.002496 [  8.     -5.687 -19.25 ] [-0.97  3.22  9.2 ]
-6.105939 [  0.125  -5.25  -19.062] [-0.93  3.19  9.22]
-6.208522 [  0.5    -3.562 -18.25 ] [-0.61  3.07  9.29]
-6.310207 [  1.063  -0.625 -17.125] [-0.11  2.89  9.36]
-6.412444 [  1.438   1.438 -15.375] [ 1.53  2.6   9.45]
-6.515647 [  1.625   2.938 -13.375] [ 1.79  2.27  9.52]
-6.618475 [  1.688   3.5   -12.187] [ 1.88  2.07  9.56]
-6.720666 [  1.813   4.438 -11.625] [ 2.04  0.7   9.57]
-6.822333 [  1.938   5.188 -11.312] [ 2.17  1.92  9.57]
-6.924245 [ 2.125  6.25  -9.812] [ 2.35  1.66  9.6 ]
-7.025955 [ 2.125  6.938 -9.375] [ 2.47  1.59  9.6 ]
-7.127664 [ 2.25   8.875 -9.   ] [ 1.52  1.52  9.56]
-7.229527 [  2.25   10.188  -9.187] [ 1.73  1.54  9.52]
-7.331359 [  2.125  10.5    -9.937] [ 1.79  1.66  9.49]
-7.433342 [  2.125  11.     -9.937] [ 1.88  1.66  9.48]
-7.535094 [  2.188  11.188  -9.   ] [ 1.9  1.5  9.5]
-7.636578 [  2.313  11.125  -8.062] [ 1.89  1.35  9.52]
-7.73824 [  2.5    10.688  -6.187] [ 1.82  1.04  9.57]
-7.840162 [ 2.438  9.813 -5.562] [ 1.69  0.94  9.61]
-7.942146 [ 2.063  7.5   -5.187] [ 1.28  0.88  9.68]
-8.04365 [ 1.313  3.375 -4.375] [ 1.86  0.75  9.76]
-8.145923 [ 0.563 -1.375 -3.062] [-0.23  0.52  9.78]
-8.249102 [ 8.5   -7.875 -1.937] [-1.22  0.34  9.72]
-8.351581 [  9.312 -10.5    -0.875] [-0.51  0.15  9.63]
-8.453347 [  9.375 -10.375   0.063] [-0.49 -0.01  9.64]
-8.555117 [ 9.312 -9.75   0.375] [-0.38 -0.07  9.66]
-8.657997 [  9.375 -10.125   0.75 ] [-0.44 -0.13  9.65]
-8.761365 [  9.312 -10.062   1.063] [-1.71 -0.18  9.65]
-8.865062 [ 9.25  -9.5    0.938] [-0.34 -0.16  9.66]
-8.967631 [ 9.25  -8.625  0.438] [-0.19 -0.07  9.69]
-9.071086 [ 9.375 -7.    -1.062] [ -1.22000000e+00   1.60000000e-01  -3.17960000e+02]
-9.173251 [ 9.437 -6.187 -1.875] [-1.05  0.32  9.74]
-9.274744 [ 9.437 -5.375 -2.437] [-0.92  0.41  9.75]
-9.376152 [ 9.437 -5.062 -3.062] [-0.87  0.53  9.75]
-9.477667 [ 9.5   -4.687 -4.562] [-0.8   0.77  9.74]
-9.579622 [ 9.625 -4.437 -6.562] [-0.76  1.11  9.71]
-9.681635 [ 9.75  -4.312 -8.812] [-0.74  1.5   9.66]
-9.783814 [  9.937  -4.25  -12.5  ] [-0.72  2.05  9.56]
-9.885594 [ 10.187  -4.312 -17.062] [-0.74  2.87  9.34]
-9.987034 [ 10.437  -4.375 -18.062] [-0.75  3.03  9.29]
-10.088461 [ 10.375  -4.25  -18.25 ] [-0.73  3.06  9.28]
-10.191747 [ 10.375  -4.125 -18.25 ] [-0.71  3.06  9.28]
-10.293226 [ 10.187  -3.437 -17.687] [-0.6   2.99  9.31]
-10.396447 [  9.937  -2.25  -16.687] [-0.39  2.81  9.38]
-10.498481 [  9.562  -0.125 -14.625] [-0.02  2.48  9.48]
-10.601592 [  9.125   2.75  -13.187] [ 1.76  2.23  9.53]
-10.704797 [  9.      3.813 -11.937] [ 0.65  2.04  9.56]
-10.80688 [  8.937   4.625 -11.437] [ 2.07  1.93  9.58]
-10.908562 [  8.812   5.313 -10.937] [ 2.19  1.86  9.58]
-11.011305 [ 8.687  6.438 -9.312] [ 2.38  1.58  9.61]
-11.114809 [ 8.625  7.125 -8.937] [ 1.21  1.52  9.61]
-11.217057 [ 8.562  8.938 -8.562] [ 1.52  1.45  9.57]
-11.318767 [  8.562  10.563  -8.812] [ 1.8   1.47  9.52]
-11.421412 [  8.625  11.063  -9.5  ] [ 1.88  1.59  9.49]
-11.524814 [  8.625  11.25   -9.375] [ 1.91  1.59  9.48]
-11.627396 [  8.562  11.125  -8.562] [ 1.89  1.43  9.51]
-11.729083 [  8.5    11.     -7.812] [ 1.87  1.31  9.53]
-11.830856 [  8.312  10.75   -6.062] [ 1.83  1.02  9.57]
-11.933381 [  8.25   10.25   -4.875] [ 1.75  0.82  9.61]
-12.035266 [ 8.312  9.    -4.75 ] [ 1.53  0.8   9.65]
-12.137111 [ 8.625  4.5   -3.75 ] [ 2.13  0.67  9.74]
-12.238757 [ 9.25  -0.562 -2.437] [-0.1   0.42  9.79]
-12.34045 [ 9.937 -6.125 -1.5  ] [-1.05  0.25  9.74]
-12.44213 [ 10.437 -10.687  -1.   ] [-0.54  0.17  9.63]
-12.543878 [ 11.375  -9.875  -0.187] [-0.4   0.03  9.65]
-12.645346 [ 11.437  -9.625   0.25 ] [-0.36 -0.04  9.66]
-12.747404 [ 11.562  -9.937   0.813] [-0.41 -0.12  9.65]
-12.849342 [ 11.687  -9.687   1.375] [-0.38 -0.24  9.66]
-12.951233 [ 11.75   -9.      1.375] [-0.26 -0.24  9.68]
-13.05381 [ 11.75   -8.125   0.625] [-0.1 -0.1  9.7]
-13.157351 [ 11.812  -8.062  -0.562] [-0.1   0.08  9.7 ]
-13.259978 [ 11.875  -7.75   -0.937] [-0.04  0.16  9.71]
-13.361866 [ 11.875  -7.625  -1.187] [-0.03  0.21  9.71]
-13.464197 [ 11.937  -7.375  -2.187] [-1.26  0.37  9.71]
-13.567733 [ 12.062  -7.125  -4.062] [-1.22  0.65  9.7 ]
-13.670541 [ 12.25   -6.875  -5.937] [-1.17  1.01  9.68]
-13.77245 [ 12.375  -6.75   -8.   ] [-1.15  1.36  9.64]
-13.874206 [ 12.625  -6.687 -11.187] [-1.14  1.89  9.55]
-13.977439 [ 13.     -6.625 -15.562] [-1.13  2.61  9.38]
-14.080751 [ 13.375  -6.875 -18.562] [-1.17  3.1   9.22]
-14.182788 [ 13.25   -5.812 -18.437] [-0.99  3.08  9.25]
-14.284446 [ 12.937  -4.312 -17.937] [-0.74  3.01  9.3 ]
-14.385934 [ 12.562  -2.375 -17.375] [-0.4   2.92  9.35]
-14.487673 [ 12.187  -0.25  -16.5  ] [-0.04  2.79  9.39]
-14.589362 [ 11.875   1.563 -14.875] [ 1.55  2.52  9.47]
-14.691127 [ 11.687   3.188 -12.875] [ 1.82  2.21  9.53]
-14.793062 [ 11.5     3.75  -11.625] [ 1.92  1.97  9.58]
-14.89531 [ 11.312   4.625 -11.187] [ 2.07  1.89  9.58]
-14.997063 [ 11.187   5.438 -10.625] [ 2.21  1.8   9.59]
-15.09873 [ 11.      6.625  -9.062] [ 2.41  1.54  9.61]
-15.200741 [ 10.937   7.375  -8.625] [ 2.52  1.46  9.61]
-15.303044 [ 10.875   9.188  -8.375] [ 1.56  1.41  9.57]
-15.40473 [ 10.875  10.188  -8.187] [ 1.74  1.37  9.55]
-15.506584 [ 11.    10.75  -9.  ] [ 1.83  1.51  9.51]
-15.609637 [ 11.062  11.25   -9.812] [ 1.91  1.64  9.47]
-15.713036 [ 11.062  11.375  -9.437] [ 1.93  1.59  9.48]
-15.815204 [ 10.937  11.     -8.312] [ 1.87  1.39  9.52]
-15.917033 [ 10.75   10.688  -6.437] [ 1.82  1.08  9.57]
-16.019655 [ 10.625  10.188  -4.625] [ 1.73  0.77  9.62]
-16.123307 [ 10.625   8.625  -4.437] [ 1.51  0.76  9.65]
-16.225435 [ 9.875  4.25  -3.625] [ 2.01  0.62  9.75]
-16.327047 [ 9.875 -0.5   -2.312] [-0.09  0.4   9.79]
-16.430242 [ 10.375  -6.25   -1.187] [-1.06  0.21  9.74]
-16.533694 [ 11.    -10.312  -0.812] [-1.75  0.14  9.64]
-16.635938 [ 11.687  -9.5     0.   ] [-0.34  0.    9.67]
-16.737365 [ 11.75   -9.687   0.375] [-0.37 -0.06  9.66]
-16.83905 [ 11.812  -9.937   0.875] [-0.41 -0.15  9.65]
-16.940809 [ 12.     -9.687   1.375] [-0.37 -0.23  9.66]
-17.042532 [ 12.     -9.312   1.25 ] [-0.3  -0.21  9.67]
-17.144163 [ 12.062  -8.312   0.75 ] [-0.14 -0.12  9.7 ]
-17.245923 [ 12.125  -8.     -0.375] [-0.1   0.04  9.7 ]
-17.347917 [ 12.25   -7.437  -1.5  ] [-1.27  0.25  9.72]
-17.449627 [ 12.312  -7.     -2.062] [-1.19  0.35  9.72]
-17.551406 [ 12.375  -6.687  -3.   ] [-1.14  0.51  9.72]
-17.653022 [ 12.437  -6.625  -4.5  ] [-1.13  0.77  9.71]
-17.754844 [ 12.625  -6.5    -6.75 ] [ 326.57    1.15    9.67]
-17.857045 [ 12.812  -6.312  -9.625] [-1.08  1.58  9.61]
-17.958832 [ 13.125  -6.312 -13.625] [-1.08  2.29  9.47]
-18.060792 [ 13.5    -6.562 -17.187] [-1.12  2.88  9.3 ]
-18.163933 [ 13.625  -7.    -17.75 ] [-1.19  2.97  9.26]
-18.267176 [ 13.5    -6.75  -17.312] [-1.16  2.91  9.29]
-18.36906 [ 13.25   -5.5   -16.875] [-0.94  2.84  9.33]
-18.470747 [ 12.937  -3.562 -16.375] [-0.61  2.76  9.38]
-18.573307 [ 12.5    -1.125 -15.25 ] [-0.19  2.58  9.45]
-18.676805 [ 12.187   1.063 -13.812] [ 1.43  2.36  9.51]
-18.779098 [ 11.937   2.938 -12.75 ] [ 1.79  2.16  9.55]
-18.88087 [ 11.875   3.375 -11.812] [ 1.86  2.01  9.57]
-18.983292 [ 11.875   4.25  -11.125] [ 0.73  1.89  9.59]
-19.086722 [ 11.687   5.313  -9.75 ] [ 2.17  1.69  9.61]
-19.189693 [ 11.625   6.563  -8.875] [ 2.4   1.5   9.62]
-19.291438 [ 11.562   7.313  -8.562] [   2.53    1.45 -318.07]
-19.393819 [ 11.5     9.125  -8.312] [ 1.55  1.4   9.57]
-19.49562 [ 11.562  10.     -8.437] [ 1.7   1.41  9.55]
-19.597662 [ 11.625  10.375  -9.062] [ 1.77  1.52  9.52]
-19.69962 [ 11.562  11.     -8.75 ] [ 1.86  1.47  9.51]
-19.801622 [ 11.5    11.125  -8.062] [ 1.9   1.35  9.52]
-19.903395 [ 11.437  11.     -7.5  ] [ 1.88  1.25  9.54]
-20.005284 [ 11.312  10.688  -6.125] [ 1.82  1.03  9.57]
-20.107053 [ 11.375   9.938  -5.812] [ 1.69  0.98  9.6 ]
-20.208805 [ 11.      7.5    -5.375] [ 1.28  0.91  9.67]
-20.311074 [ 10.5     2.313  -4.437] [ 1.68  0.76  9.76]
-20.413031 [ 10.75   -2.875  -3.   ] [-0.49  0.52  9.78]
-20.515085 [ 11.375  -8.937  -1.937] [-1.53  0.33  9.68]
-20.618545 [ 11.875  -8.937  -0.875] [-0.24  0.15  9.68]
-20.721705 [ 12.     -9.187   0.438] [-0.28 -0.07  9.67]
-20.823938 [ 12.062  -9.937   1.375] [-0.41 -0.23  9.65]
-20.926787 [ 12.187 -10.062   1.625] [-0.43 -0.27  9.65]
-21.030498 [ 12.25   -9.812   1.563] [-0.39 -0.28  9.65]
-21.13303 [ 12.187  -9.437   1.313] [-0.32 -0.22  9.67]
-21.234795 [ 12.25   -8.25    1.063] [-0.12 -0.18  9.7 ]
-21.337101 [ 12.375  -8.062   0.125] [-0.1  -0.02  9.7 ]
-21.440496 [ 12.437  -7.312  -1.375] [-1.26  0.22  9.72]
-21.543392 [ 12.5    -6.875  -2.25 ] [-1.17  0.39  9.72]
-21.645301 [ 12.562  -6.625  -3.062] [-1.13  0.52  9.72]
-21.746863 [ 12.625  -6.437  -4.562] [-1.1   0.78  9.71]
-21.848515 [ 12.75   -6.187  -6.625] [-1.05  1.13  9.68]
-21.950177 [ 12.937  -6.062  -9.   ] [-1.03  1.53  9.63]
-22.051888 [ 13.187  -5.812 -12.75 ] [-0.99  2.15  9.51]
-22.153787 [ 13.562  -6.    -16.875] [-1.02  2.81  9.33]
-22.255603 [ 13.687  -6.5   -17.437] [-1.11  2.92  9.29]
-22.35738 [ 13.812  -7.125 -17.062] [-1.21  2.86  9.29]
-22.459083 [ 13.562  -6.187 -16.5  ] [-1.06  2.77  9.34]
-22.561057 [ 13.25   -4.437 -16.062] [-0.76  2.71  9.39]
-22.662719 [ 12.875 -10.125 -15.375] [-0.37  2.6   9.44]
-22.764784 [ 12.5     0.313 -14.125] [ 1.34  2.4   9.5 ]
-22.866823 [ 12.187   2.75  -13.062] [ 1.75  2.22  9.53]
-22.96905 [ 12.062   3.5   -12.187] [ 0.6   2.07  9.56]
-23.072476 [ 12.062   4.375 -11.437] [ 2.02  1.94  9.58]
-23.17556 [ 11.875   5.563  -9.437] [ 2.23  1.6   9.62]
-23.27744 [ 11.75    6.563  -8.812] [ 2.4   1.49  9.62]
-23.379466 [ 11.687   7.375  -8.375] [ 2.54  1.42  9.62]
-23.482493 [ 11.625   9.188  -8.187] [ 1.57  1.37  9.58]
-23.585573 [ 11.562  10.438  -7.937] [ 1.77  1.33  9.55]
-23.687636 [ 11.687  10.75   -8.875] [ 1.83  1.48  9.51]
-23.789175 [ 11.75   11.188  -9.312] [ 1.9   1.56  9.49]
-23.891976 [ 11.625  11.5    -8.562] [ 1.96  1.43  9.5 ]
-23.995394 [ 11.562  11.375  -7.812] [ 1.94  1.32  9.51]
-24.098028 [ 11.437  10.875  -6.125] [ 1.85  1.03  9.57]
-24.199647 [ 11.312  10.313  -4.875] [ 1.75  0.82  9.61]
-24.301057 [ 11.437   8.5    -4.562] [ 1.45  0.78  9.66]
-24.402734 [ 12.062   4.188  -3.75 ] [ 2.    0.64  9.75]
-24.504231 [ 12.687  -0.562  -2.437] [-0.09  0.41  9.79]
-24.605642 [ 13.437  -6.     -1.437] [-1.03  0.25  9.74]
-24.70748 [ 13.75   -9.937  -1.   ] [-0.44  0.18  9.65]
-24.809272 [ 13.375  -9.312  -0.187] [-0.31  0.03  9.67]
-24.910801 [ 13.375  -9.312   0.25 ] [-0.31 -0.04  9.67]
-25.02332 [ 13.437  -9.5     0.938] [-0.34 -0.16  9.67]
-25.126678 [ 13.5    -9.375   1.375] [-0.32 -0.23  9.67]
-25.229364 [ 13.375  -8.875   1.25 ] [-0.23 -0.22  9.68]
-25.331048 [ 13.375  -8.75    1.   ] [-0.21 -0.17  9.68]
-25.433446 [ 13.687  -7.25   -0.437] [-1.24  0.08  9.72]
-25.536782 [ 13.812  -6.937  -2.   ] [-1.19  0.34  9.72]
-25.639699 [ 13.812  -6.312  -2.937] [-1.08  0.5   9.73]
-25.741593 [ 13.875  -5.75   -3.562] [-0.99  0.61  9.73]
-25.843672 [ 13.937  -5.437  -5.062] [ 326.75    0.87    9.72]
-25.946828 [ 14.062  -5.125  -7.125] [-0.88  1.21  9.69]
-26.050209 [ 14.25   -5.062  -9.75 ] [-0.86  1.65  9.62]
-26.152462 [ 14.437  -4.937 -13.5  ] [-0.84  2.28  9.49]
-26.254216 [ 14.687  -5.    -16.312] [-0.85  2.74  9.37]
-26.355932 [ 14.75   -5.187 -16.812] [-0.89  2.83  9.34]
-26.457543 [ 14.687  -4.937 -16.375] [-0.84  2.76  9.37]
-26.55935 [ 14.625  -4.812 -16.125] [-0.82  2.71  9.38]
-26.661143 [ 14.562  -4.5   -15.75 ] [-0.78  2.66  9.4 ]
-26.763124 [ 14.312  -3.062 -15.187] [-0.52  2.57  9.44]
-26.864986 [ 13.875  -0.125 -14.125] [-0.02  2.4   9.5 ]
-26.966775 [ 13.5     2.625 -13.062] [ 1.73  2.21  9.54]
-27.068497 [ 13.25    4.438 -12.187] [ 2.04  2.06  9.55]
-27.170191 [ 13.062   5.    -11.437] [ 2.14  1.94  9.57]
-27.272485 [ 12.812   5.938  -9.875] [ 2.3   1.67  9.6 ]
-27.374301 [ 12.687   7.063  -9.   ] [ 2.49  1.52  9.61]
-27.476227 [ 12.687   7.5    -8.75 ] [ 1.28  1.48  9.6 ]
-27.579616 [ 12.687   9.438  -8.812] [ 1.61  1.48  9.55]
-27.682615 [ 12.75   10.75   -9.312] [ 1.82  1.56  9.5 ]
-27.784573 [ 12.75   10.938  -9.375] [ 1.86  1.57  9.49]
-27.886157 [ 12.687  11.5    -8.625] [ 1.95  1.44  9.49]
-27.988734 [ 12.562  11.875  -8.062] [ 2.01  1.35  9.5 ]
-28.092258 [ 12.5    11.813  -7.375] [ 2.01  1.25  9.51]
-28.19484 [ 12.375  11.375  -5.812] [ 1.93  0.98  9.56]
-28.29656 [ 12.187  10.875  -4.437] [ 1.85  0.75  9.6 ]
-28.399402 [ 12.312   9.313  -4.312] [ 1.59  0.73  9.64]
-28.503041 [ 13.562   4.563  -3.437] [ 2.15  0.6   9.74]
-28.60558 [ 14.375  -0.375  -2.062] [-0.06  0.36  9.79]
-28.707233 [ 15.062  -5.687  -1.125] [-0.97  0.19  9.75]
-28.809074 [ 15.437  -9.5    -0.75 ] [-0.34  1.41  9.67]
-28.911227 [ 15.187  -9.      0.   ] [-0.26  0.    9.68]
-29.013034 [ 15.125  -8.75    0.5  ] [-0.21 -0.08  9.69]
-29.115069 [ 15.187  -8.937   1.125] [-0.24 -0.18  9.68]
-29.216848 [ 15.187  -8.75    1.625] [-0.21 -0.27  9.68]
-29.318548 [ 15.125  -8.312   1.375] [-0.13 -0.23  9.7 ]
-29.420309 [ 15.062  -8.312   1.125] [-0.14 -0.19  9.7 ]
-29.522185 [ 15.312  -7.375   0.   ] [-1.26  0.    9.72]
-29.623897 [ 15.437  -6.562  -1.312] [-1.12  0.23  9.73]
-29.726252 [ 15.5    -6.125  -2.312] [-1.04  0.39  9.74]
-29.828284 [ 15.5    -5.5    -2.812] [-0.94  0.48  9.74]
-29.930773 [ 15.625  -5.375  -4.   ] [-0.92  0.68  9.73]
-30.034451 [ 15.812  -5.25   -6.687] [-0.9   1.09  9.7 ]
-30.137385 [ 16.     -5.     -9.312] [  -0.86    1.58 -318.05]
-30.239139 [  8.125  -5.187 -13.187] [-0.89  2.23  9.5 ]
-30.341321 [  8.25   -5.437 -16.625] [-0.93  2.79  9.35]
-30.444731 [ 16.312  -5.562 -16.937] [-0.95  2.84  9.33]
-30.547612 [  8.312  -5.875 -16.375] [-1.    2.75  9.35]
-30.64964 [  8.125  -5.062 -16.062] [-0.86  2.71  9.38]
-30.75192 [ 15.937  -3.625 -15.75 ] [-0.62  2.65  9.41]
-30.855352 [ 15.5    -1.187 -15.125] [-0.21  2.56  9.46]
-30.958481 [ 15.125   1.438 -13.937] [ 1.52  2.36  9.51]
-31.06046 [ 14.75    3.875 -12.75 ] [ 1.94  2.16  9.54]
-31.162191 [ 14.625   5.063 -11.937] [ 2.15  2.02  9.55]
-31.263989 [ 14.562   5.813 -11.312] [ 2.27  1.92  9.56]
-31.365812 [ 14.437   6.625  -9.75 ] [ 2.41  1.64  9.6 ]
-31.46767 [ 14.312   7.688  -8.687] [ 1.31  1.47  9.6 ]
-31.569308 [ 14.25    8.438  -8.375] [ 1.44  1.42  9.59]
-31.671014 [ 14.187  10.438  -8.062] [ 1.77  1.35  9.54]
-31.772736 [ 14.187  10.938  -7.937] [ 1.86  1.33  9.53]
-31.874459 [ 14.062  11.438  -7.437] [ 1.95  1.25  9.52]
-31.975916 [ 13.937  12.125  -7.   ] [ 2.06  1.17  9.51]
-32.077355 [ 13.875  12.5    -6.562] [ 2.12  1.1   9.5 ]
-32.179642 [ 13.875  12.063  -6.125] [ 2.06  1.03  9.53]
-32.281577 [ 13.875  11.688  -5.5  ] [ 1.98  0.92  9.55]
-32.383312 [ 13.937  10.75   -5.5  ] [ 1.83  0.93  9.58]
-32.485936 [ 14.062   8.313  -5.062] [ 1.41  0.86  9.66]
-32.589293 [ 14.625   3.688  -4.062] [ 1.99  0.71  9.75]
-32.691631 [ 15.062  -1.     -2.5  ] [-0.17  0.43  9.79]
-32.793299 [ 15.625  -6.375  -1.312] [-1.08  0.22  9.74]
-32.896469 [ 15.875  -9.562  -0.625] [-0.35  0.11  9.66]
-33.000056 [ 15.875  -8.937   0.813] [-0.26 -0.13  9.68]
-33.102503 [ 15.875  -8.687   0.875] [-0.2  -0.15  9.69]
-33.20423 [ 15.875  -9.062   1.313] [-0.26 -0.22  9.68]
-33.306775 [ 15.75   -8.875   1.5  ] [-0.24 -0.25  9.68]
-33.410262 [ 15.562  -8.437   1.375] [-0.17 -0.24  9.69]
-33.51307 [ 15.5   -7.75   0.75] [-0.04 -0.13  9.71]
-33.615204 [ 15.562  -7.25   -0.125] [-1.23  0.02  9.72]
-33.717049 [ 15.562  -6.187  -0.625] [-1.06  0.11  9.74]
-33.818807 [ 15.625  -5.437  -1.187] [-0.93  0.2   9.75]
-33.92046 [ 15.812  -4.75   -2.562] [-0.81  0.44  9.76]
-34.022301 [ 16.     -4.562  -4.687] [-0.78  0.76  9.74]
-34.124259 [ 8.125 -4.375 -7.125] [-0.75  1.21  9.7 ]
-34.225869 [ 8.312 -4.25  -9.25 ] [-0.73  1.57  9.65]
-34.327629 [  8.375  -4.125 -12.25 ] [-0.7   2.08  9.55]
-34.429648 [  8.312  -3.937 -15.75 ] [-0.67  2.66  9.41]
-34.531432 [  8.312  -3.812 -16.25 ] [-0.65  2.74  9.39]
-34.633635 [  8.25   -3.5   -16.062] [-0.6   2.71  9.4 ]
-34.735631 [  8.187  -3.125 -15.75 ] [-0.54  2.65  9.42]
-34.837476 [ 16.125  -2.687 -15.687] [-0.46  2.65  9.43]
-34.940845 [ 16.125  -2.5   -15.437] [-0.43  2.61  9.44]
-35.044184 [ 15.75  -0.5  -14.5 ] [-0.13  2.48  9.48]
-35.146222 [ 15.312   2.625 -13.312] [ 1.73  2.26  9.53]
-35.247984 [ 15.187   3.625 -12.562] [ 1.9   2.13  9.55]
-35.350766 [ 15.      4.688 -11.687] [ 2.08  1.98  9.56]
-35.454239 [ 14.75    5.813 -10.125] [ 2.25  1.74  9.6 ]
-35.556527 [ 14.625   7.     -9.437] [ 2.47  1.59  9.6 ]
-35.658212 [ 14.562   8.     -8.875] [ 1.37  1.5   9.59]
-35.760792 [ 14.562   9.5    -8.75 ] [ 1.62  1.47  9.55]
-35.864217 [ 14.5  11.   -8.5] [ 1.87  1.42  9.51]
-35.968128 [ 14.625  11.25   -9.312] [ 1.91  1.55  9.48]
-36.06991 [ 14.625  11.688  -9.687] [ 1.98  1.61  9.46]
-36.171579 [ 14.562  11.938  -9.   ] [ 2.03  1.5   9.47]
-36.273289 [ 14.437  11.875  -8.187] [ 2.02  1.36  9.49]
-36.375134 [ 14.312  11.438  -6.625] [ 1.94  1.11  9.54]
-36.476792 [ 14.125  10.938  -4.937] [ 1.87  0.83  9.58]
-36.578509 [ 14.25    9.5    -4.687] [ 1.62  0.79  9.63]
-36.680247 [ 14.937   5.75   -4.   ] [ 2.26  0.68  9.73]
-36.782004 [ 15.812   0.75   -2.625] [ 1.41  0.45  9.79]
