-0.045181 [ -2.04243700e+03  -1.03120000e+01  -1.12500000e+00] [-0.4   1.56  8.39]
-0.106055 [ -2.04250000e+03   2.03575000e+03  -1.37500000e+00] [ 326.95    1.59 -319.32]
-0.166622 [ 5.188 -7.875 -7.187] [-1.34  1.21  9.63]
-0.229588 [ 4.5   -9.312 -3.812] [-1.59  0.65  9.65]
-0.292279 [ -2.04381200e+03  -1.01870000e+01  -9.37000000e-01] [  -1.71    1.5  -319.31]
-0.353623 [-2044.      -10.687     8.   ] [  -1.82    1.28 -319.33]
-0.414374 [  3.938 -10.375   8.063] [ -1.77000000e+00  -1.00000000e-02  -3.18040000e+02]
-0.474928 [ 3.938 -9.812  8.063] [ -1.68000000e+00  -2.00000000e-02  -3.18020000e+02]
-0.535555 [ 3.938 -9.062  8.   ] [  -1.55    1.29 -319.28]
-0.596665 [ 3.875 -8.125 -0.312] [  -1.39    1.33 -319.26]
-0.65746 [  3.87500000e+00   2.03243800e+03  -7.50000000e-01] [  -1.3     1.41 -319.25]
-0.718061 [ 3.813 -7.062 -1.687] [-1.2   0.28  9.72]
-0.780932 [    3.75   2033.375    -2.875] [-1.13  0.49  9.72]
-0.843184 [    3.625  2033.813  2043.063] [ 326.61 -325.61 -319.25]
-0.904485 [    3.5    2033.938  2040.938] [ 326.65 -325.2  -319.29]
-0.965177 [  3.37500000e+00   2.03412500e+03  -1.31200000e+00] [ 326.68    1.58    8.34]
-1.025777 [    3.25  2034.25    -4.  ] [ 326.69 -325.65    8.26]
-1.086448 [    3.063  2034.625    -7.375] [ 326.76     3.87     8.131]
-1.147587 [    3.     2035.313   -19.   ] [ 326.88    4.46    7.95]
-1.232353 [ 10.875  -4.5   -20.   ] [-0.76  3.34  9.18]
-1.334562 [ 11.25   -3.062 -19.562] [-0.53  3.28  9.22]
-1.43609 [ 11.688  -0.625 -18.5  ] [-0.1   3.12  9.29]
-1.53762 [  4.      1.    -16.687] [ 1.46  2.82  9.39]
-1.640158 [ 12.25    1.75  -14.187] [ 1.58  2.4   9.5 ]
-1.743275 [ 12.625   2.563 -12.5  ] [ 1.71  2.12  9.56]
-1.845583 [ 12.688   3.5   -11.937] [ 1.88  2.02  9.57]
-1.946959 [ 12.813   4.563 -11.062] [ 2.06  1.88  9.59]
-2.048376 [ 12.938   5.813  -9.687] [ 2.27  1.64  9.61]
-2.149771 [ 13.      6.438  -9.062] [ 2.38  1.54  9.62]
-2.250888 [ 13.063   8.563  -8.875] [ 1.46  1.49  9.58]
-2.352268 [ 13.063   9.625  -8.687] [ 1.65  1.46  9.55]
-2.453503 [ 13.188   9.938  -8.187] [ 1.7   1.37  9.55]
-2.55494 [  5.125  10.563  -8.125] [ 1.79  1.36  9.54]
-2.656609 [ 13.063  10.563  -8.812] [ 1.8   1.47  9.52]
-2.757865 [ 13.063  10.313  -8.75 ] [ 1.75  1.47  9.53]
-2.859295 [ 13.25   10.063  -7.   ] [ 1.72  1.18  9.58]
-2.960624 [ 13.25    9.75   -5.875] [ 1.66  0.99  9.61]
-3.061877 [ 13.063   8.25   -5.437] [ 1.41  0.92  9.66]
-3.163047 [ 12.188   4.563  -4.812] [ 2.06  0.82  9.74]
-3.264448 [ 11.313   0.     -3.687] [ 1.28  0.63  9.78]
-3.366047 [ 10.438  -5.5    -2.375] [-0.84  0.42  9.76]
-3.468014 [  9.75  -10.312  -1.812] [-0.47  0.31  9.64]
-3.569599 [ 9.313 -9.125 -1.   ] [-0.28  0.17  9.67]
-3.671857 [ 9.313 -9.125 -0.562] [-0.27  0.09  9.68]
-3.774921 [ 1.188 -9.437  0.   ] [-0.33  0.    9.67]
-3.877719 [ 9.125 -9.25   0.688] [-1.59 -0.11  9.67]
-3.979428 [ 9.125 -8.625  0.625] [-0.19 -0.11  9.69]
-4.080806 [ 9.125 -8.375 -0.125] [-0.15  0.02  9.7 ]
-4.182796 [ 1.    -7.812 -0.875] [-0.05  0.15  9.71]
-4.286054 [ 1.    -6.375 -1.5  ] [-1.08  0.26  9.74]
-4.388917 [ 8.938 -5.312 -1.937] [-0.9   0.33  9.75]
-4.490916 [ 8.938 -4.562 -2.375] [-0.78  0.4   9.76]
-4.592592 [ 8.938 -4.125 -3.375] [-0.71  1.85  9.76]
-4.694781 [ 8.75  -4.    -6.062] [-0.69  1.03  9.72]
-4.797842 [ 8.563 -3.812 -9.625] [-0.66  1.58  9.65]
-4.900332 [  8.313  -3.625 -13.875] [-0.62  2.35  9.49]
-5.00183 [  8.125  -3.375 -18.75 ] [-0.58  3.14  9.26]
-5.103436 [  7.875  -3.25  -19.687] [-0.56  3.3   9.21]
-5.204677 [  7.938  -3.062 -19.875] [-0.52  3.33  9.2 ]
-5.306663 [  7.938  -3.    -19.812] [-0.51  3.32  9.21]
-5.408163 [  8.063  -2.437 -19.312] [-0.42  3.24  9.24]
-5.509916 [  8.625   0.25  -18.375] [ 1.28  3.11  9.29]
-5.611535 [  8.938   1.938 -16.625] [ 1.61  2.84  9.37]
-5.712928 [  9.313   2.625 -13.75 ] [ 1.73  2.33  9.51]
-5.81435 [  9.625   3.375 -12.5  ] [ 1.86  2.12  9.55]
-5.915711 [  9.938   4.313 -11.812] [ 2.02  2.    9.57]
-6.01702 [ 10.188   5.375 -10.125] [ 2.2   1.72  9.6 ]
-6.118389 [ 10.375   6.688  -9.25 ] [ 2.42  1.57  9.61]
-6.21998 [ 4.063  8.813 -7.75 ] [ 1.5   1.31  9.6 ]
-6.322761 [ 13.063   6.875  -8.937] [ 2.45  1.51  9.61]
-6.424259 [ 12.813   1.813  -9.25 ] [ 1.59  1.58  9.67]
-6.526038 [ 13.563   0.25   -9.5  ] [ 1.32  1.62  9.67]
-6.628761 [ 14.375   1.438  -9.687] [ 1.53  1.65  9.66]
-6.731873 [ 15.75    3.563  -9.75 ] [ 1.86  1.65  9.64]
-6.834005 [ 8.5    6.75  -9.687] [ 2.44  1.63  9.59]
-6.935478 [  9.188  11.     -7.562] [ 1.87  1.27  9.54]
-7.037377 [  9.875  10.438  -5.812] [ 1.77  0.97  9.59]
-7.140262 [ 9.938  7.688 -5.187] [ 1.31  0.88  9.67]
-7.243053 [ 9.875  3.375 -4.312] [ 0.65  0.75  9.75]
-7.345189 [ 9.625 -0.937 -3.   ] [-0.16  0.51  9.79]
-7.446585 [ 9.125 -5.937 -1.875] [-1.01  0.32  9.74]
-7.548931 [  8.75 -11.    -1.5 ] [-0.59  0.25  9.62]
-7.652293 [ 8.188 -9.75  -0.562] [-0.4   0.11  9.65]
-7.755323 [ 8.125 -9.812 -0.125] [-0.39  0.03  9.66]
-7.85692 [ 15.938 -10.062   0.375] [-0.43 -0.06  9.65]
-7.958317 [ 15.938  -9.875   0.625] [-0.4  -0.11  9.66]
-8.059806 [ 15.938  -9.062   0.5  ] [-0.27 -0.08  9.68]
-8.16115 [ 15.938  -8.312   0.   ] [-0.13  0.    9.7 ]
-8.262281 [ 15.875  -8.     -1.187] [-0.09  0.21  9.7 ]
-8.363774 [ 15.813  -7.125  -2.375] [-1.22  0.4   9.72]
-8.465455 [ 15.813  -6.562  -2.5  ] [-1.13  0.43  9.73]
-8.567165 [ 15.813  -6.187  -3.187] [-1.06  0.54  9.73]
-8.668649 [ 15.625  -5.937  -5.375] [-1.01  0.91  9.71]
-8.769882 [ 15.5    -5.75   -7.875] [-0.98  1.33  9.66]
-8.871141 [ 15.313  -5.562 -10.875] [-0.95  1.84  9.58]
-8.972492 [ 15.     -5.25  -15.687] [-0.9   2.64  9.4 ]
-9.073886 [ 14.75   -5.312 -18.187] [-0.9   3.05  9.27]
-9.175325 [ 14.688  -5.375 -18.687] [-0.92  3.13  9.24]
-9.277282 [ 14.688  -5.437 -18.375] [-0.93  3.08  9.26]
-9.379088 [ 14.75   -5.125 -18.062] [-0.87  3.03  9.28]
-9.480475 [ 15.     -3.875 -17.625] [-0.66  2.96  9.32]
-9.58268 [ 15.438  -1.625 -16.75 ] [-0.28  2.83  9.38]
-9.686072 [ 15.938   1.188 -15.062] [ 1.44  2.58  9.45]
-9.78828 [  8.125   2.438 -13.937] [ 1.7   2.36  9.5 ]
-9.889828 [    8.188     3.125  2035.188] [ 1.81  2.17  9.54]
-9.991035 [  8.25    4.    -12.187] [ 1.96  2.07  9.55]
-10.093243 [  8.375   5.    -10.75 ] [ 2.14  1.82  9.59]
-10.196456 [ 8.563  6.438 -9.437] [ 2.36  1.62  9.6 ]
-10.298979 [ 8.75   7.438 -8.75 ] [ 2.55  1.48  9.6 ]
-10.400616 [ 8.813  9.563 -8.562] [ 1.63  1.44  9.56]
-10.502043 [  8.813  10.5    -8.625] [ 1.78  1.45  9.53]
-10.604313 [  8.75   11.     -9.125] [ 1.87  1.52  9.5 ]
-10.707549 [  8.813  11.75   -9.125] [ 1.99  1.52  9.47]
-10.810088 [  8.813  12.     -8.687] [ 2.04  1.44  9.48]
-10.911734 [  8.875  11.625  -8.   ] [ 1.98  1.34  9.5 ]
-11.01311 [  8.938  11.25   -7.125] [ 1.91  1.2   9.54]
-11.114683 [    8.75     10.25   2041.125] [ 1.74  1.15  9.58]
-11.21603 [ 8.188  7.875 -6.25 ] [ 1.34  1.06  9.65]
-11.317283 [ 15.438   3.938  -5.25 ] [ 1.95  0.89  9.74]
-11.418645 [ 14.563  -0.812  -4.062] [-0.14  0.69  9.78]
-11.520354 [ 13.813  -6.625  -3.   ] [-1.02  0.52  9.73]
-11.622075 [ 13.     -9.062  -2.437] [-0.26  0.42  9.67]
-11.723433 [ 12.625  -8.437  -1.562] [-0.16  0.27  9.69]
-11.824857 [ 12.563  -8.937  -1.25 ] [-0.24  0.21  9.68]
-11.926263 [ 12.5    -9.25   -0.625] [-0.29  0.1   9.67]
-12.027592 [ -2.03556200e+03  -8.93700000e+00   1.25000000e-01] [-0.24 -0.02  9.68]
-12.128889 [ 12.438  -8.25    0.375] [-0.13 -0.06  9.7 ]
-12.230589 [ 12.375  -8.562   0.   ] [-0.18  0.    9.69]
-12.33251 [ 12.313  -7.312  -1.062] [-1.25  0.18  9.72]
-12.434085 [ 12.25   -6.312  -1.625] [-1.08  0.27  9.74]
-12.535612 [ 12.188  -5.625  -2.25 ] [-0.96  0.38  9.75]
-12.638091 [ 4.125 -4.937 -3.   ] [-0.84  0.51  9.75]
-12.741116 [ 12.063  -4.812  -4.5  ] [-0.82  0.73  9.74]
-12.843515 [ 11.813  -4.562  -7.625] [-0.78  1.3   9.68]
-12.944895 [ 11.563 -12.25  -11.375] [-0.73  1.93  9.58]
-13.046254 [ 11.25   -4.    -16.812] [-0.68  2.83  9.36]
-13.148552 [  2.875  -4.187 -18.5  ] [-0.72  3.11  9.27]
-13.251484 [ 10.875  -4.    -19.125] [-0.69  3.2   9.24]
-13.353966 [ 10.875  -4.    -19.062] [-0.68  3.2   9.24]
-13.455656 [ 10.938  -3.625 -18.687] [-0.62  3.14  9.26]
-13.557172 [ 11.188  -2.562 -18.187] [-0.43  3.05  9.3 ]
-13.659094 [ 11.625  -0.312 -17.375] [-0.06  2.93  9.35]
-13.762494 [ 12.125   2.5   -15.625] [ 1.67  2.67  9.42]
-13.865117 [ 12.375   3.625 -13.687] [ 1.9   2.31  9.5 ]
-13.966814 [ 12.563   4.125 -12.437] [ 1.98  2.11  9.55]
-14.068369 [ 12.625   5.125 -11.812] [ 2.15  2.    9.55]
-14.169729 [ 12.688   6.063 -11.437] [ 2.31  1.93  9.55]
-14.271009 [ 12.813   7.063  -9.875] [ 2.49  1.67  9.58]
-14.372422 [ 12.938   7.875  -9.187] [ 1.35  1.55  9.58]
-14.473759 [ 13.      9.688  -8.937] [ 1.65  1.5   9.54]
-14.575308 [ 12.938  11.125  -9.375] [ 1.88  1.55  9.49]
-14.676943 [ 12.875  11.375 -10.187] [ 1.94  1.7   9.46]
-14.778423 [ 12.875  11.875 -10.5  ] [ 2.02  1.75  9.43]
-14.879822 [ 13.     12.063  -9.625] [ 2.05  1.6   9.45]
-14.981522 [ 13.063  11.625  -8.687] [ 1.98  1.45  9.49]
-15.082836 [ 13.25   11.313  -7.125] [ 1.92  1.19  9.54]
-15.18415 [ 13.313  10.938  -5.687] [ 1.86  0.95  9.58]
-15.285879 [ 13.188   9.188  -5.375] [   1.61    0.92 -318.06]
-15.387764 [ 12.625   5.063  -4.5  ] [ 2.14  0.77  9.73]
-15.489249 [ 12.      0.375  -3.125] [ 1.35  0.54  9.79]
-15.591179 [ 11.375  -4.75   -2.187] [-0.82  0.37  9.76]
-15.694404 [ 10.813  -9.75   -1.687] [-0.38  0.28  9.66]
-15.797045 [ 10.188  -8.75   -0.75 ] [-1.52  0.15  9.68]
-15.898932 [ 10.125  -8.562  -0.25 ] [-0.18  0.05  9.69]
-16.000205 [ 10.063  -8.75    0.313] [-0.22 -0.05  9.69]
-16.102166 [ 10.063  -8.5     0.813] [-1.46 -0.13  9.69]
-16.205259 [ 10.063  -7.875   0.813] [-1.34 -0.14  9.71]
-16.30808 [ 10.     -7.562  -0.187] [-1.29  0.01  9.72]
-16.410048 [ 9.938 -7.312 -0.875] [-1.24  0.15  9.72]
-16.511374 [ 9.938 -6.062 -0.812] [-1.03  0.14  9.75]
-16.6136 [ 9.938 -5.062 -1.062] [-0.87  0.18  9.76]
-16.716816 [ 9.813 -4.625 -2.25 ] [-0.79  0.36  9.76]
-16.819568 [ 9.688 -4.25  -4.375] [-0.72  0.74  9.75]
-16.921193 [ 9.563 -4.062 -6.437] [-0.7   1.1   9.71]
-17.022545 [ 9.438 -3.937 -8.25 ] [-0.68  1.41  9.68]
-17.124147 [  9.25   -3.875 -10.875] [-0.66  1.84  9.6 ]
-17.225475 [  8.938  -3.875 -15.25 ] [-0.66  2.57  9.43]
-17.326793 [  8.688  -3.625 -19.   ] [-0.62  3.19  9.25]
-17.428453 [  8.438  -3.437 -19.812] [-0.59  3.32  9.2 ]
-17.530104 [  8.688  -2.312 -19.812] [-0.42  3.33  9.21]
-17.631603 [  9.063  -0.437 -19.25 ] [-0.08  3.23  9.25]
-17.732876 [  9.563   2.    -18.125] [ 1.62  3.05  9.31]
-17.834349 [  9.75    2.688 -16.312] [ 1.74  2.75  9.39]
-17.9357 [ 10.063   3.438 -13.437] [ 1.87  2.27  9.51]
-18.037211 [ 10.25   4.   -12.25] [ 1.97  2.08  9.55]
-18.138604 [ 10.063   5.188 -11.75 ] [ 2.17  1.99  9.56]
-18.240575 [ 10.125   6.563 -10.687] [ 2.38  1.82  9.57]
-18.342438 [ 10.25    7.688  -8.625] [ 1.31  1.46  9.6 ]
-18.443735 [ 10.438   9.313  -7.937] [ 1.58  1.34  9.58]
-18.545706 [ 10.563  11.438  -7.625] [ 1.94  1.28  9.52]
-18.648741 [ 10.5    12.125  -7.625] [ 2.06  1.27  9.5 ]
-18.751735 [ 10.438  12.625  -8.25 ] [ 2.14  1.36  9.47]
-18.853633 [ 10.375  13.     -8.75 ] [ 2.21  1.45  9.44]
-18.955122 [ 10.438  13.     -8.25 ] [ 2.21  1.37  9.45]
-19.057168 [  2.563  12.75   -7.437] [ 2.17  1.23  9.48]
-19.160215 [ 10.688  12.438  -6.125] [ 2.12  1.03  9.51]
-19.263213 [ 10.688  11.563  -5.937] [ 1.99  1.    9.54]
-19.365089 [ 11.188   9.063  -5.375] [ 1.55  0.91  9.63]
-19.466578 [ 11.75    4.688  -4.75 ] [ 2.08  0.81  9.73]
-19.568918 [ 11.75    0.     -3.437] [ 1.28  0.59  9.78]
-19.67192 [ 11.188  -5.375  -2.125] [-0.82  0.38  9.76]
-19.774567 [ 10.563  -9.25   -1.562] [-0.29  0.26  9.67]
-19.876271 [ 10.     -8.25   -0.812] [-0.12  0.13  9.7 ]
-19.977746 [ 9.938 -8.687 -0.5  ] [-0.2   0.09  9.69]
-20.079235 [ 9.813 -9.     0.   ] [-0.25  0.    9.68]
-20.180462 [ 9.688 -8.875  0.563] [-0.23 -0.1   9.68]
-20.281706 [ 9.438 -8.5    0.75 ] [-0.17 -0.13  9.69]
-20.382974 [ 9.25  -7.375  0.563] [-1.26 -0.1   9.72]
-20.484718 [ 9.25  -6.375 -0.875] [-1.11  0.13  9.74]
-20.586401 [ 9.125 -5.437 -2.375] [-0.93  0.41  9.75]
-20.687788 [ 9.125 -4.75  -2.75 ] [-0.81  0.47  9.76]
-20.78926 [ 9.125 -4.187 -3.25 ] [-0.72  0.55  9.76]
-20.890559 [    9.       -3.937  2042.563] [-0.68  0.92  9.73]
-20.99173 [ 8.75 -3.5  -9.  ] [-0.6   1.53  9.66]
-21.093125 [  8.5   -3.25 -13.5 ] [-0.56  2.28  9.51]
-21.194714 [  0.25   -3.    -16.937] [-0.52  2.85  9.36]
-21.296623 [  8.25   -2.562 -17.312] [-0.44  2.91  9.35]
-21.398478 [  8.313  -2.187 -17.5  ] [-0.37  2.95  9.34]
-21.500019 [  8.313  -2.    -17.562] [-0.35  2.96  9.34]
-21.601577 [  0.25   -2.687 -17.25 ] [-0.46  2.9   9.35]
-21.705119 [  8.25   -2.812 -17.   ] [-0.5   2.88  9.35]
-21.807585 [  8.5    -1.375 -16.187] [-0.23  2.73  9.41]
-21.909667 [  9.      1.125 -14.875] [ 1.47  2.52  9.47]
-22.011113 [  9.25   3.25 -13.75] [ 1.83  2.33  9.5 ]
-22.11364 [  9.375   3.875 -12.812] [ 1.94  2.17  9.53]
-22.216955 [  9.688   4.938 -12.062] [ 0.83  2.05  9.55]
-22.319262 [  9.875   6.25  -10.437] [ 2.34  1.77  9.58]
-22.420703 [ 10.      7.375  -9.5  ] [ 2.54  1.61  9.58]
-22.522516 [ 10.125   8.125  -8.875] [ 1.39  1.49  9.59]
-22.625491 [  2.188  10.125  -8.687] [ 1.73  1.46  9.54]
-22.72863 [ 10.188  11.563  -8.562] [ 1.95  1.43  9.5 ]
-22.830882 [ 10.313  11.688  -8.062] [ 1.99  1.35  9.5 ]
-22.932262 [ 10.25  12.25  -8.25] [ 2.08  1.37  9.48]
-23.033885 [ 10.188  12.438  -8.75 ] [ 2.11  1.46  9.46]
-23.13535 [ 10.75   12.813  -7.875] [ 2.17  1.31  9.47]
-23.236641 [ 12.125  12.625  -6.562] [ 2.14  1.09  9.5 ]
-23.338178 [ 11.625   7.75   -6.375] [ 1.33  1.08  9.65]
-23.439725 [ 11.875   1.313  -6.   ] [ 1.6   1.03  9.74]
-23.541258 [ 12.438  -4.187  -5.5  ] [-0.72  0.94  9.73]
-23.642479 [ 13.813 -10.937  -4.812] [-0.58  0.81  9.59]
-23.744107 [  9.125 -10.562  -3.687] [-0.52  0.62  9.61]
-23.845765 [ 12.5   -10.625  -2.75 ] [-0.52  0.47  9.62]
-23.947224 [ 24.75   -8.937  -2.   ] [-0.24  0.34  9.68]
-24.048545 [ 29.125 -10.312  -1.125] [-0.48  0.19  9.64]
-24.150379 [ 29.563 -10.875  -0.437] [-0.56  0.09  9.63]
-24.252496 [ 29.813 -10.875   0.313] [-0.57 -0.05  9.62]
-24.353877 [ 29.813 -10.25    0.375] [-0.47 -0.07  9.64]
-24.455557 [ 29.813  -9.437  -0.187] [-0.33  0.04  9.67]
-24.558706 [ 29.75   -9.437  -1.187] [-0.33  0.21  9.67]
-24.661622 [ 29.75   -9.125  -1.5  ] [-0.28  0.26  9.67]
-24.763974 [ 29.75   -8.562  -1.875] [-0.18  0.32  9.69]
-24.865968 [ 29.688  -8.125  -3.062] [-0.11  0.51  9.69]
-24.968773 [ 21.563  -8.     -5.062] [-0.09  0.86  9.67]
-25.072225 [ 29.5    -7.812  -6.812] [-0.05  1.13  9.64]
-25.174814 [ 29.375  -7.75   -8.5  ] [-0.04  1.44  9.6 ]
-25.277003 [ 29.188  -7.5   -12.   ] [-1.28  2.03  9.5 ]
-25.380492 [ 28.813  -7.375 -17.75 ] [-1.26  2.96  9.26]
-25.483429 [ 28.5    -7.437 -19.625] [-1.29  3.25  9.15]
-25.585671 [ 28.688  -6.25  -19.937] [-1.06  3.32  9.16]
-25.687199 [ 28.938  -4.875 -19.687] [-0.84  3.29  9.19]
-25.7887 [ 29.313  -2.937 -19.062] [-0.51  3.19  9.25]
-25.89004 [ 29.688  -1.    -18.25 ] [-0.17  3.07  9.31]
-25.991479 [ 30.      0.813 -16.687] [ 1.42  2.82  9.39]
-26.093043 [ 30.125   1.625 -14.5  ] [ 1.55  2.45  9.48]
-26.194678 [ 22.188   2.25  -12.5  ] [ 1.66  2.13  9.56]
-26.296608 [ 30.375   3.125 -12.125] [ 0.54  2.06  9.57]
-26.398328 [ 30.563   4.188 -10.875] [ 1.99  1.85  9.6 ]
-26.499809 [ 30.688   5.25   -9.562] [ 2.18  1.62  9.62]
-26.601003 [ 31.5     5.625  -8.812] [ 2.24  1.49  9.64]
-26.702415 [ 31.688   7.438  -8.562] [ 2.55  1.45  9.61]
-26.80378 [ 31.688   9.375  -8.812] [ 1.59  1.48  9.56]
-26.905551 [ 31.688   9.875  -9.187] [ 1.67  1.53  9.53]
-27.007421 [ 31.688  10.25   -9.25 ] [ 1.74  1.55  9.52]
-27.108753 [ 23.688  10.375  -9.125] [ 1.77  1.53  9.52]
-27.211091 [ 23.75   10.125  -8.437] [ 1.73  1.42  9.54]
-27.314683 [ 31.938   9.813  -6.625] [ 1.68  1.15  9.59]
-27.417181 [ 31.938   9.188  -5.812] [ 1.57  0.98  9.62]
-27.51896 [ 31.75    7.188  -5.375] [ 2.5   0.91  9.68]
-27.620501 [ 30.875   2.563  -4.625] [ 1.72  0.79  9.76]
-27.72286 [ 30.188  -1.875  -3.25 ] [-0.32  0.56  9.78]
-27.826278 [ 29.563  -6.875  -2.187] [-1.09  0.39  9.73]
-27.928538 [ 29.    -11.562  -1.75 ] [-0.68  0.29  9.6 ]
-28.02989 [ 28.688 -10.875  -1.062] [-0.57  0.18  9.62]
-28.131385 [ 28.625 -10.562  -0.437] [-0.52  0.08  9.63]
-28.233878 [ 28.5   -10.937   0.   ] [-0.58  0.01  9.62]
-28.337041 [ 28.438 -10.875   0.25 ] [-0.57 -0.06  9.63]
-28.439589 [ 28.438 -10.375   0.   ] [-0.49  0.    9.64]
-28.541259 [ 28.438  -9.312   0.   ] [-0.31  0.    9.67]
-28.642644 [ 28.375  -7.562  -1.062] [-0.01  0.18  9.71]
-28.744072 [ 28.375  -6.875  -1.625] [-1.17  0.28  9.73]
-28.845544 [ 28.375  -6.312  -2.187] [-1.08  0.37  9.73]
-28.946915 [ 28.313  -6.     -3.062] [-1.02  0.52  9.73]
-29.04835 [-2019.75    -5.75    -4.5 ] [-0.98  0.77  9.72]
-29.150024 [ 28.188  -5.687  -6.687] [-0.97  1.1   9.69]
-29.251353 [ 28.063  -5.562  -8.875] [-0.95  1.51  9.64]
-29.352652 [ 27.875  -5.375 -12.312] [-0.92  2.08  9.53]
-29.45397 [ 27.625  -5.312 -17.562] [-0.91  2.95  9.3 ]
-29.555402 [ 27.375  -5.625 -19.562] [-0.96  3.27  9.19]
-29.656822 [ 27.313  -5.687 -20.312] [-0.97  3.39  9.14]
-29.758195 [ 27.5    -4.937 -20.375] [-0.85  3.4   9.15]
-29.86021 [ 27.813  -3.375 -19.687] [-0.61  3.31  9.21]
-29.962065 [ 28.313  -0.687 -18.625] [-0.12  3.13  9.29]
-30.063429 [ 28.563   0.438 -16.937] [ 1.36  2.86  9.37]
-30.165102 [ 28.75    1.313 -14.125] [ 1.5   2.39  9.5 ]
-30.267783 [ 20.938   1.938 -12.875] [ 0.34  2.18  9.55]
-30.370917 [ 29.188   2.875 -12.25 ] [ 1.76  2.08  9.57]
-30.472857 [ 29.313   4.    -10.312] [ 1.97  1.75  9.62]
-30.574373 [ 29.375   5.125  -9.75 ] [ 2.15  1.65  9.62]
-30.67627 [ 29.438   5.75   -9.312] [ 2.26  1.58  9.62]
-30.779086 [ 29.5     7.688  -9.062] [ 1.32  1.53  9.59]
-30.882066 [ 29.5     8.813  -9.   ] [ 1.49  1.51  9.57]
-30.984102 [ 29.438   9.125  -9.875] [ 1.56  1.66  9.53]
-31.08548 [ 21.375   9.813 -10.312] [ 1.67  1.73  9.5 ]
-31.187793 [ 21.5     9.75   -9.437] [ 1.67  1.59  9.53]
-31.291012 [ 29.5     9.375  -8.687] [ 1.6   1.46  9.56]
-31.39378 [ 29.625   9.     -6.937] [ 1.54  1.17  9.61]
-31.495486 [ 29.688   8.625  -5.562] [ 1.47  0.95  9.64]
-31.596959 [ 29.625   7.188  -5.5  ] [ 2.51  0.93  9.68]
-31.698436 [ 28.875   3.063  -4.625] [ 1.8   0.79  9.75]
-31.799829 [ 28.063  -1.812  -3.312] [-0.31  0.57  9.78]
-31.901732 [ 27.438  -7.125  -2.375] [-1.21  0.4   9.72]
-32.003192 [ 27.    -11.375  -1.875] [-0.68  0.32  9.6 ]
-32.104902 [ 27.    -10.875  -1.   ] [-0.58  0.17  9.62]
-32.206793 [ 27.    -10.687  -0.5  ] [-0.54  0.09  9.63]
-32.308275 [ 26.938 -11.      0.   ] [-0.59  0.    9.62]
-32.40979 [ 26.875 -10.937   0.313] [-0.58 -0.05  9.62]
-32.511181 [ 26.875 -10.25    0.438] [-0.46 -0.07  9.64]
-32.612513 [ 27.125  -9.375   0.125] [-0.32 -0.02  9.67]
-32.713987 [ 19.938  -9.062  -1.187] [-0.27  0.2   9.68]
-32.815904 [ 28.625  -8.625  -2.625] [-1.48  0.43  9.68]
-32.917643 [ 28.688  -8.     -3.062] [-0.08  0.52  9.69]
-33.01917 [ 27.938  -7.625  -3.812] [-0.02  0.64  9.69]
-33.121189 [ 18.813  -7.312  -5.187] [-1.24  0.88  9.68]
-33.224406 [ 26.313  -7.062  -8.25 ] [-1.21  1.34  9.63]
-33.327045 [ 26.063  -6.812 -12.   ] [-1.16  2.03  9.52]
-33.428919 [ 25.75   -6.687 -17.062] [-1.15  2.86  9.3 ]
-33.530422 [ 25.438  -6.937 -18.687] [-1.18  3.12  9.21]
-33.633088 [ 25.375  -7.125 -19.187] [-1.21  3.2   9.18]
-33.736289 [ 25.563  -6.125 -19.25 ] [-1.06  3.21  9.2 ]
-33.838486 [ 25.813  -4.875 -19.062] [-0.83  3.19  9.23]
-33.939763 [ 26.188  -2.875 -18.375] [-0.49  3.09  9.29]
-34.041138 [ 26.563  -0.75  -17.687] [-0.12  2.98  9.34]
-34.143424 [ 26.875   0.938 -16.312] [ 1.44  2.75  9.41]
-34.247004 [ 27.      1.688 -13.875] [ 1.56  2.4   9.5 ]
-34.349718 [ 27.125   2.25  -12.687] [ 1.66  2.15  9.55]
-34.451179 [ 27.125   3.125 -12.062] [ 1.81  2.05  9.57]
-34.552748 [ 27.25    4.188 -10.937] [ 2.    1.85  9.6 ]
-34.654351 [ 27.375   5.313  -9.875] [ 2.19  1.67  9.61]
-34.755766 [ 27.438   6.     -9.312] [ 2.31  1.58  9.62]
-34.857178 [ 27.5     7.938  -9.187] [ 1.35  1.55  9.58]
-34.958872 [ 27.563   9.25   -8.875] [ 1.57  1.5   9.56]
-35.060529 [ 27.563   9.313  -8.5  ] [ 1.58  1.44  9.56]
-35.162051 [ 27.625  10.     -8.062] [ 1.7   1.35  9.56]
-35.263254 [ 27.688  10.25   -7.625] [ 1.75  1.28  9.56]
-35.364795 [ 27.688  10.063  -7.312] [ 1.71  1.23  9.57]
-35.466217 [ 27.75    9.75   -6.437] [ 1.66  1.09  9.6 ]
-35.56775 [ 27.813   9.25   -5.625] [ 1.58  0.95  9.63]
-35.669533 [ 27.688   7.313  -5.5  ] [ 1.3   0.94  9.67]
-35.771373 [ 27.      3.438  -4.812] [ 1.87  0.83  9.75]
-35.872815 [ 26.188  -1.375  -3.5  ] [-0.24  0.6   9.78]
