The flat matrix is [[ 0.  0.  0.]
 [ 0.  0.  0.]] 
-0.078422 [ 0.  0.  0.] [ 1.28  0.    0.  ]
-0.181188 [ 0.  0.  0.] [ 0.  0.  0.]
-0.283687 [ 0.  0.  0.] [ 0.  0.  0.]
-0.386327 [ 0.  0.  0.] [ 0.  0.  0.]
-0.488802 [ 0.  0.  0.] [ 1.28  0.    0.  ]
-0.591437 [ 0.  0.  0.] [ 0.  0.  0.]
-0.694046 [ 0.  0.  0.] [ 1.28  0.    0.  ]
-0.796928 [ 0.  0.  0.] [ 0.  0.  0.]
-0.899379 [ 0.  0.  0.] [ 0.  0.  0.]
-1.001612 [ 0.  0.  0.] [ 1.28  0.    0.  ]
-1.104135 [ 0.  0.  0.] [ 0.  0.  0.]
-1.206686 [ 0.  0.  0.] [ 0.  0.  0.]
-1.309205 [ 8.  0.  0.] [ 0.  0.  0.]
-1.41186 [ 8.  0.  0.] [ 0.  0.  0.]
-1.514457 [ 8.  0.  0.] [ 0.  0.  0.]
-1.617578 [ 0.  0.  0.] [ 0.  0.  0.]
-1.720096 [ 0.  0.  0.] [ 0.  0.  0.]
-1.822409 [ 8.  0.  0.] [ 0.  0.  0.]
-1.925217 [ 0.  0.  0.] [ 1.28  0.    0.  ]
-2.028346 [ 0.  0.  0.] [ 0.  0.  0.]
-2.130648 [ 0.  0.  0.] [ 0.  0.  0.]
-2.23315 [ 0.  0.  0.] [ 0.  0.  0.]
-2.335776 [ 0.  0.  0.] [ 0.  0.  0.]
-2.438415 [ 0.  0.  0.] [ 0.  0.  0.]
-2.5409 [ 0.  0.  0.] [ 0.  0.  0.]
-2.64346 [ 0.  0.  0.] [ 0.  0.  0.]
-2.74607 [ 0.  0.  0.] [ 0.  0.  0.]
-2.848627 [ 0.  0.  0.] [ 1.28  0.    0.  ]
-2.951215 [ 0.  0.  0.] [ 1.28  0.    0.  ]
-3.053663 [ 8.  0.  0.] [ 1.28  0.    0.  ]
-3.156678 [ 0.  0.  0.] [ 0.  0.  0.]
-3.259251 [ 0.  0.  0.] [ 0.  0.  0.]
-3.361792 [ 0.  0.  0.] [ 0.  0.  0.]
-3.464393 [ 0.  0.  0.] [ 0.  0.  0.]
-3.567012 [ 0.  0.  0.] [ 0.  0.  0.]
-3.669503 [ 0.  0.  0.] [ 0.  0.  0.]
-3.772222 [ 0.  0.  0.] [ 0.  0.  0.]
-3.874847 [ 0.  0.  0.] [ 0.  0.  0.]
-3.977109 [ 8.  0.  0.] [ 1.28  0.    0.  ]
-4.07977 [ 0.  0.  0.] [ 1.28  0.    0.  ]
-4.182244 [ 8.  0.  0.] [ 1.28  0.    0.  ]
-4.285225 [ 0.  0.  0.] [ 0.  0.  0.]
-4.387674 [ 0.  0.  0.] [ 0.  0.  0.]
-4.490113 [ 8.  0.  0.] [ 1.28  0.    0.  ]
-4.592924 [ 0.  0.  0.] [ 0.  0.  0.]
-4.695573 [ 0.  0.  0.] [ 0.  0.  0.]
-4.798021 [ 0.  0.  0.] [ 1.28  0.    0.  ]
-4.900526 [ 8.  0.  0.] [ 1.28  0.    0.  ]
-5.00322 [ 0.  0.  0.] [ 1.28  0.    0.  ]
-5.105753 [ 0.  0.  0.] [ 1.28  0.    0.  ]
-5.20868 [ 0.  0.  0.] [ 0.  0.  0.]
-5.311074 [ 0.  0.  0.] [ 0.  0.  0.]
-5.413452 [ 0.  0.  0.] [ 1.28  0.    0.  ]
-5.516373 [ 0.  0.  0.] [ 0.  0.  0.]
-5.618824 [ 0.  0.  0.] [ 0.  0.  0.]
-5.721273 [ 0.  0.  0.] [ 1.28  0.    0.  ]
-5.823917 [ 0.  0.  0.] [ 0.  0.  0.]
-5.926296 [ 8.  0.  0.] [ 1.28  0.    0.  ]
-6.028931 [ 0.  0.  0.] [ 1.28  0.    0.  ]
-6.131564 [ 0.  0.  0.] [ 1.28  0.    0.  ]
-6.234255 [ 0.  0.  0.] [ 0.  0.  0.]
-6.336661 [ 8.  0.  0.] [ 1.28  0.    0.  ]
-6.43952 [ 0.  0.  0.] [ 0.  0.  0.]
-6.542011 [ 0.  0.  0.] [ 0.  0.  0.]
-6.644664 [ 0.  0.  0.] [ 0.  0.  0.]
-6.747242 [ 0.  0.  0.] [ 0.  0.  0.]
-6.849761 [ 0.  0.  0.] [ 0.  0.  0.]
-6.95201 [ 0.  0.  0.] [ 1.28  0.    0.  ]
-7.0545 [ 0.  0.  0.] [ 0.  0.  0.]
-7.157239 [ 8.  0.  0.] [ 0.  0.  0.]
-7.259925 [ 8.  0.  0.] [ 1.28  0.    0.  ]
-7.362563 [ 8.  0.  0.] [ 1.28  0.    0.  ]
-7.465418 [ 0.  0.  0.] [ 0.  0.  0.]
-7.567883 [ 0.  0.  0.] [ 0.  0.  0.]
-7.670288 [ 8.  0.  0.] [ 1.28  0.    0.  ]
-7.773129 [ 0.  0.  0.] [ 0.  0.  0.]
-7.875755 [ 0.  0.  0.] [ 0.  0.  0.]
-7.978239 [ 0.  0.  0.] [ 0.  0.  0.]
-8.080494 [ 0.  0.  0.] [ 1.28  0.    0.  ]
-8.183149 [ 8.  0.  0.] [ 0.  0.  0.]
-8.286301 [ 0.  0.  0.] [ 0.  0.  0.]
-8.388798 [ 0.  0.  0.] [ 0.  0.  0.]
-8.491268 [ 0.  0.  0.] [ 0.  0.  0.]
-8.593707 [ 8.  0.  0.] [ 1.28  0.    0.  ]
-8.696576 [ 0.  0.  0.] [ 0.  0.  0.]
-8.798953 [ 0.  0.  0.] [ 1.28  0.    0.  ]
-8.901647 [ 0.  0.  0.] [ 0.  0.  0.]
-9.004054 [ 8.  0.  0.] [ 1.28  0.    0.  ]
-9.106908 [ 0.  0.  0.] [ 0.  0.  0.]
-9.209551 [ 0.  0.  0.] [ 0.  0.  0.]
-9.311901 [ 8.  0.  0.] [ 0.  0.  0.]
-9.414471 [ 8.  0.  0.] [ 0.  0.  0.]
-9.517243 [ 0.  0.  0.] [ 1.28  0.    0.  ]
-9.620095 [ 0.  0.  0.] [ 0.  0.  0.]
-9.722663 [ 0.  0.  0.] [ 0.  0.  0.]
-9.825323 [ 0.  0.  0.] [ 0.  0.  0.]
-9.927795 [ 0.  0.  0.] [ 0.  0.  0.]
-10.03009 [ 8.  0.  0.] [ 0.  0.  0.]
-10.132697 [ 8.  0.  0.] [ 0.  0.  0.]
-10.23542 [ 0.  0.  0.] [ 1.28  0.    0.  ]
-10.338069 [ 0.  0.  0.] [ 1.28  0.    0.  ]
-10.440736 [ 0.  0.  0.] [ 0.  0.  0.]
-10.543494 [ 0.  0.  0.] [ 0.  0.  0.]
-10.646152 [ 0.  0.  0.] [ 0.  0.  0.]
-10.748588 [ 0.  0.  0.] [ 0.  0.  0.]
-10.851191 [ 0.  0.  0.] [ 0.  0.  0.]
-10.953602 [ 0.  0.  0.] [ 1.28  0.    0.  ]
-11.056191 [ 0.  0.  0.] [ 1.28  0.    0.  ]
-11.158939 [ 0.  0.  0.] [ 0.  0.  0.]
-11.261625 [ 0.  0.  0.] [ 0.  0.  0.]
-11.364288 [ 0.  0.  0.] [ 0.  0.  0.]
-11.466863 [ 0.  0.  0.] [ 0.  0.  0.]
-11.569153 [ 0.  0.  0.] [ 1.28  0.    0.  ]
-11.671813 [ 0.  0.  0.] [ 0.  0.  0.]
-11.774433 [ 0.  0.  0.] [ 0.  0.  0.]
-11.877274 [ 0.  0.  0.] [ 0.  0.  0.]
-11.979551 [ 0.  0.  0.] [ 1.28  0.    0.  ]
-12.082154 [ 0.  0.  0.] [ 1.28  0.    0.  ]
-12.184872 [ 0.  0.  0.] [ 0.  0.  0.]
-12.287502 [ 0.  0.  0.] [ 0.  0.  0.]
-12.390148 [ 0.  0.  0.] [ 0.  0.  0.]
-12.492569 [ 8.  0.  0.] [ 1.28  0.    0.  ]
-12.595542 [ 0.  0.  0.] [ 0.  0.  0.]
-12.698081 [ 0.  0.  0.] [ 0.  0.  0.]
-12.80068 [ 0.  0.  0.] [ 0.  0.  0.]
-12.903323 [ 0.  0.  0.] [ 0.  0.  0.]
-13.005767 [ 0.  0.  0.] [ 1.28  0.    0.  ]
-13.10857 [ 0.  0.  0.] [ 0.  0.  0.]
-13.211275 [ 0.  0.  0.] [ 0.  0.  0.]
-13.313621 [ 0.  0.  0.] [ 0.  0.  0.]
-13.41608 [ 8.  0.  0.] [ 1.28  0.    0.  ]
-13.518992 [ 0.  0.  0.] [ 0.  0.  0.]
-13.621402 [ 0.  0.  0.] [ 0.  0.  0.]
-13.723915 [ 0.  0.  0.] [ 1.28  0.    0.  ]
-13.826709 [ 0.  0.  0.] [ 0.  0.  0.]
-13.929189 [ 0.  0.  0.] [ 1.28  0.    0.  ]
-14.032335 [ 8.  0.  0.] [ 0.  0.  0.]
-14.135376 [ 0.  0.  0.] [ 0.  0.  0.]
-14.238027 [ 0.  0.  0.] [ 0.  0.  0.]
-14.34065 [ 0.  0.  0.] [ 0.  0.  0.]
-14.443084 [ 8.  0.  0.] [ 1.28  0.    0.  ]
-14.545948 [ 0.  0.  0.] [ 0.  0.  0.]
-14.648459 [ 0.  0.  0.] [ 0.  0.  0.]
-14.75087 [ 8.  0.  0.] [ 1.28  0.    0.  ]
-14.853488 [ 8.  0.  0.] [ 1.28  0.    0.  ]
-14.956316 [ 0.  0.  0.] [ 0.  0.  0.]
-15.058972 [ 0.  0.  0.] [ 0.  0.  0.]
-15.161567 [ 0.  0.  0.] [ 0.  0.  0.]
-15.264183 [ 0.  0.  0.] [ 0.  0.  0.]
-15.366663 [ 0.  0.  0.] [ 0.  0.  0.]
-15.469177 [ 0.  0.  0.] [ 1.28  0.    0.  ]
-15.571756 [ 0.  0.  0.] [ 1.28  0.    0.  ]
-15.674473 [ 0.  0.  0.] [ 0.  0.  0.]
-15.777291 [ 0.  0.  0.] [ 0.  0.  0.]
-15.87977 [ 0.  0.  0.] [ 0.  0.  0.]
-15.982213 [ 0.  0.  0.] [ 1.28  0.    0.  ]
-16.085026 [ 0.  0.  0.] [ 0.  0.  0.]
-16.18781 [ 0.  0.  0.] [ 0.  0.  0.]
-16.290323 [ 0.  0.  0.] [ 0.  0.  0.]
-16.392825 [ 0.  0.  0.] [ 0.  0.  0.]
-16.495499 [ 0.  0.  0.] [ 0.  0.  0.]
-16.598104 [ 0.  0.  0.] [ 0.  0.  0.]
-16.700515 [ 0.  0.  0.] [ 0.  0.  0.]
-16.802996 [ 0.  0.  0.] [ 0.  0.  0.]
-16.905414 [ 8.  0.  0.] [ 1.28  0.    0.  ]
-17.008332 [ 0.  0.  0.] [ 0.  0.  0.]
-17.110687 [ 0.  0.  0.] [ 1.28  0.    0.  ]
-17.213574 [ 0.  0.  0.] [ 0.  0.  0.]
-17.316202 [ 0.  0.  0.] [ 0.  0.  0.]
-17.418664 [ 0.  0.  0.] [ 0.  0.  0.]
-17.520993 [ 8.  0.  0.] [ 1.28  0.    0.  ]
-17.623806 [ 0.  0.  0.] [ 0.  0.  0.]
-17.726327 [ 0.  0.  0.] [ 0.  0.  0.]
-17.828735 [ 8.  0.  0.] [ 1.28  0.    0.  ]
-17.931423 [ 0.  0.  0.] [ 1.28  0.    0.  ]
-18.034052 [ 0.  0.  0.] [ 1.28  0.    0.  ]
-18.137023 [ 0.  0.  0.] [ 0.  0.  0.]
-18.239465 [ 0.  0.  0.] [ 0.  0.  0.]
-18.341859 [ 0.  0.  0.] [ 0.  0.  0.]
-18.444428 [ 0.  0.  0.] [ 1.28  0.    0.  ]
-18.547176 [ 0.  0.  0.] [ 0.  0.  0.]
-18.649524 [ 0.  0.  0.] [ 1.28  0.    0.  ]
-18.752425 [ 0.  0.  0.] [ 0.  0.  0.]
-18.854937 [ 0.  0.  0.] [ 0.  0.  0.]
-18.957527 [ 0.  0.  0.] [ 1.28  0.    0.  ]
-19.060037 [ 0.  0.  0.] [ 1.28  0.    0.  ]
-19.162547 [ 8.  0.  0.] [ 1.28  0.    0.  ]
-19.26549 [ 0.  0.  0.] [ 0.  0.  0.]
-19.368057 [ 0.  0.  0.] [ 0.  0.  0.]
-19.470604 [ 0.  0.  0.] [ 0.  0.  0.]
-19.57294 [ 8.  0.  0.] [ 1.28  0.    0.  ]
-19.67577 [ 0.  0.  0.] [ 0.  0.  0.]
-19.778432 [ 0.  0.  0.] [ 0.  0.  0.]
-19.880885 [ 0.  0.  0.] [ 1.28  0.    0.  ]
-19.983659 [ 0.  0.  0.] [ 0.  0.  0.]
-20.086182 [ 0.  0.  0.] [ 0.  0.  0.]
-20.188922 [ 0.  0.  0.] [ 0.  0.  0.]
-20.291646 [ 0.  0.  0.] [ 0.  0.  0.]
-20.394262 [ 0.  0.  0.] [ 0.  0.  0.]
-20.496894 [ 0.  0.  0.] [ 0.  0.  0.]
-20.59917 [ 0.  0.  0.] [ 0.  0.  0.]
-20.701457 [ 8.  0.  0.] [ 1.28  0.    0.  ]
-20.804282 [ 0.  0.  0.] [ 1.28  0.    0.  ]
-20.907529 [ 8.  0.  0.] [ 0.  0.  0.]
-21.010032 [ 0.  0.  0.] [ 0.  0.  0.]
-21.112383 [ 0.  0.  0.] [ 0.  0.  0.]
-21.215032 [ 0.  0.  0.] [ 0.  0.  0.]
-21.317682 [ 0.  0.  0.] [ 0.  0.  0.]
-21.420265 [ 0.  0.  0.] [ 0.  0.  0.]
-21.522858 [ 0.  0.  0.] [ 0.  0.  0.]
-21.625547 [ 0.  0.  0.] [ 0.  0.  0.]
-21.728382 [ 0.  0.  0.] [ 1.28  0.    0.  ]
-21.831229 [ 0.  0.  0.] [ 1.28  0.    0.  ]
-21.933908 [ 0.  0.  0.] [ 1.28  0.    0.  ]
-22.036495 [ 0.  0.  0.] [ 1.28  0.    0.  ]
-22.139297 [ 0.  0.  0.] [ 0.  0.  0.]
-22.241779 [ 0.  0.  0.] [ 0.  0.  0.]
-22.344404 [ 0.  0.  0.] [ 0.  0.  0.]
-22.44699 [ 0.  0.  0.] [ 0.  0.  0.]
-22.549448 [ 8.  0.  0.] [ 1.28  0.    0.  ]
-22.652229 [ 0.  0.  0.] [ 0.  0.  0.]
-22.754628 [ 8.  0.  0.] [ 1.28  0.    0.  ]
-22.857516 [ 0.  0.  0.] [ 0.  0.  0.]
-22.960043 [ 0.  0.  0.] [ 0.  0.  0.]
-23.062358 [ 8.  0.  0.] [ 0.  0.  0.]
-23.165202 [ 0.  0.  0.] [ 1.28  0.    0.  ]
-23.268015 [ 0.  0.  0.] [ 0.  0.  0.]
-23.370605 [ 0.  0.  0.] [ 0.  0.  0.]
-23.473139 [ 0.  0.  0.] [ 0.  0.  0.]
-23.575685 [ 0.  0.  0.] [ 1.28  0.    0.  ]
-23.678451 [ 0.  0.  0.] [ 0.  0.  0.]
-23.780758 [ 8.  0.  0.] [ 1.28  0.    0.  ]
-23.883523 [ 0.  0.  0.] [ 1.28  0.    0.  ]
-23.98635 [ 0.  0.  0.] [ 0.  0.  0.]
-24.088761 [ 0.  0.  0.] [ 0.  0.  0.]
-24.191086 [ 8.  0.  0.] [ 0.  0.  0.]
-24.293717 [ 8.  0.  0.] [ 0.  0.  0.]
-24.396409 [ 8.  0.  0.] [ 1.28  0.    0.  ]
-24.499269 [ 0.  0.  0.] [ 0.  0.  0.]
-24.601903 [ 0.  0.  0.] [ 0.  0.  0.]
-24.704528 [ 0.  0.  0.] [ 0.  0.  0.]
-24.807231 [ 0.  0.  0.] [ 0.  0.  0.]
-24.909588 [ 0.  0.  0.] [ 0.  0.  0.]
-25.011824 [ 0.  0.  0.] [ 0.  0.  0.]
-25.114246 [ 0.  0.  0.] [ 0.  0.  0.]
-25.216924 [ 8.  0.  0.] [ 0.  0.  0.]
-25.319549 [ 8.  0.  0.] [ 0.  0.  0.]
-25.422194 [ 8.  0.  0.] [ 0.  0.  0.]
-25.524841 [ 0.  0.  0.] [ 0.  0.  0.]
-25.627328 [ 0.  0.  0.] [ 0.  0.  0.]
-25.729797 [ 0.  0.  0.] [ 0.  0.  0.]
-25.832338 [ 0.  0.  0.] [ 0.  0.  0.]
-25.934837 [ 0.  0.  0.] [ 0.  0.  0.]
-26.037236 [ 0.  0.  0.] [ 0.  0.  0.]
-26.139593 [ 8.  0.  0.] [ 0.  0.  0.]
-26.242416 [ 0.  0.  0.] [ 0.  0.  0.]
-26.344954 [ 0.  0.  0.] [ 1.28  0.    0.  ]
-26.447866 [ 0.  0.  0.] [ 0.  0.  0.]
-26.55019 [ 0.  0.  0.] [ 1.28  0.    0.  ]
-26.65284 [ 0.  0.  0.] [ 1.28  0.    0.  ]
-26.755602 [ 0.  0.  0.] [ 0.  0.  0.]
-26.85812 [ 0.  0.  0.] [ 0.  0.  0.]
-26.960616 [ 0.  0.  0.] [ 1.28  0.    0.  ]
-27.0633 [ 0.  0.  0.] [ 0.  0.  0.]
-27.165837 [ 0.  0.  0.] [ 1.28  0.    0.  ]
-27.268584 [ 0.  0.  0.] [ 0.  0.  0.]
-27.370896 [ 8.  0.  0.] [ 1.28  0.    0.  ]
-27.473711 [ 0.  0.  0.] [ 1.28  0.    0.  ]
-27.576659 [ 0.  0.  0.] [ 0.  0.  0.]
-27.679042 [ 0.  0.  0.] [ 0.  0.  0.]
-27.781563 [ 0.  0.  0.] [ 1.28  0.    0.  ]
-27.884422 [ 0.  0.  0.] [ 0.  0.  0.]
-27.986944 [ 0.  0.  0.] [ 0.  0.  0.]
-28.089214 [ 8.  0.  0.] [ 0.  0.  0.]
-28.19181 [ 8.  0.  0.] [ 0.  0.  0.]
-28.29449 [ 8.  0.  0.] [ 1.28  0.    0.  ]
-28.397327 [ 0.  0.  0.] [ 0.  0.  0.]
-28.499629 [ 8.  0.  0.] [ 0.  0.  0.]
-28.60222 [ 8.  0.  0.] [ 0.  0.  0.]
-28.704837 [ 8.  0.  0.] [ 1.28  0.    0.  ]
-28.807657 [ 0.  0.  0.] [ 0.  0.  0.]
-28.910361 [ 0.  0.  0.] [ 0.  0.  0.]
-29.01269 [ 0.  0.  0.] [ 1.28  0.    0.  ]
-29.115479 [ 0.  0.  0.] [ 0.  0.  0.]
-29.218115 [ 0.  0.  0.] [ 0.  0.  0.]
-29.320683 [ 0.  0.  0.] [ 0.  0.  0.]
-29.423231 [ 0.  0.  0.] [ 0.  0.  0.]
-29.525755 [ 0.  0.  0.] [ 1.28  0.    0.  ]
-29.628463 [ 0.  0.  0.] [ 0.  0.  0.]
-29.730914 [ 8.  0.  0.] [ 1.28  0.    0.  ]
-29.833799 [ 0.  0.  0.] [ 0.  0.  0.]
-29.936315 [ 0.  0.  0.] [ 0.  0.  0.]
-30.038622 [ 8.  0.  0.] [ 0.  0.  0.]
-30.141094 [ 0.  0.  0.] [ 1.28  0.    0.  ]
-30.243831 [ 8.  0.  0.] [ 0.  0.  0.]
-30.346664 [ 0.  0.  0.] [ 0.  0.  0.]
-30.449156 [ 0.  0.  0.] [ 1.28  0.    0.  ]
-30.551792 [ 0.  0.  0.] [ 1.28  0.    0.  ]
-30.654624 [ 0.  0.  0.] [ 0.  0.  0.]
-30.757257 [ 0.  0.  0.] [ 0.  0.  0.]
-30.859812 [ 0.  0.  0.] [ 0.  0.  0.]
-30.962223 [ 0.  0.  0.] [ 0.  0.  0.]
-31.064817 [ 0.  0.  0.] [ 0.  0.  0.]
-31.167435 [ 0.  0.  0.] [ 0.  0.  0.]
-31.270055 [ 0.  0.  0.] [ 0.  0.  0.]
-31.372384 [ 8.  0.  0.] [ 0.  0.  0.]
-31.475032 [ 8.  0.  0.] [ 0.  0.  0.]
-31.577631 [ 8.  0.  0.] [ 1.28  0.    0.  ]
-31.6805 [ 0.  0.  0.] [ 0.  0.  0.]
-31.783238 [ 0.  0.  0.] [ 0.  0.  0.]
-31.885961 [ 0.  0.  0.] [ 0.  0.  0.]
-31.988392 [ 0.  0.  0.] [ 0.  0.  0.]
-32.090822 [ 8.  0.  0.] [ 1.28  0.    0.  ]
-32.193483 [ 0.  0.  0.] [ 1.28  0.    0.  ]
-32.296495 [ 0.  0.  0.] [ 0.  0.  0.]
-32.398921 [ 0.  0.  0.] [ 0.  0.  0.]
-32.501456 [ 0.  0.  0.] [ 0.  0.  0.]
-32.603951 [ 0.  0.  0.] [ 1.28  0.    0.  ]
-32.706907 [ 0.  0.  0.] [ 0.  0.  0.]
-32.809362 [ 0.  0.  0.] [ 0.  0.  0.]
-32.91166 [ 8.  0.  0.] [ 1.28  0.    0.  ]
-33.014365 [ 0.  0.  0.] [ 1.28  0.    0.  ]
-33.117103 [ 0.  0.  0.] [ 0.  0.  0.]
-33.219586 [ 0.  0.  0.] [ 1.28  0.    0.  ]
-33.322363 [ 0.  0.  0.] [ 0.  0.  0.]
-33.424838 [ 0.  0.  0.] [ 1.28  0.    0.  ]
-33.527655 [ 0.  0.  0.] [ 0.  0.  0.]
-33.630141 [ 0.  0.  0.] [ 0.  0.  0.]
-33.732684 [ 0.  0.  0.] [ 0.  0.  0.]
-33.83554 [ 0.  0.  0.] [ 0.  0.  0.]
-33.938061 [ 0.  0.  0.] [ 0.  0.  0.]
-34.040307 [ 8.  0.  0.] [ 1.28  0.    0.  ]
-34.143035 [ 0.  0.  0.] [ 1.28  0.    0.  ]
-34.245722 [ 0.  0.  0.] [ 0.  0.  0.]
-34.348311 [ 0.  0.  0.] [ 0.  0.  0.]
-34.451034 [ 0.  0.  0.] [ 0.  0.  0.]
-34.553553 [ 0.  0.  0.] [ 0.  0.  0.]
-34.656124 [ 0.  0.  0.] [ 0.  0.  0.]
-34.758643 [ 0.  0.  0.] [ 1.28  0.    0.  ]
-34.861271 [ 0.  0.  0.] [ 1.28  0.    0.  ]
-34.964024 [ 0.  0.  0.] [ 0.  0.  0.]
-35.066528 [ 0.  0.  0.] [ 1.28  0.    0.  ]
-35.169211 [ 0.  0.  0.] [ 0.  0.  0.]
-35.271845 [ 0.  0.  0.] [ 0.  0.  0.]
-35.374505 [ 0.  0.  0.] [ 0.  0.  0.]
-35.477124 [ 0.  0.  0.] [ 0.  0.  0.]
-35.579469 [ 8.  0.  0.] [ 0.  0.  0.]
-35.682121 [ 8.  0.  0.] [ 1.28  0.    0.  ]
-35.785016 [ 0.  0.  0.] [ 0.  0.  0.]
-35.88753 [ 0.  0.  0.] [ 0.  0.  0.]
-35.990029 [ 0.  0.  0.] [ 1.28  0.    0.  ]
-36.092711 [ 0.  0.  0.] [ 0.  0.  0.]
-36.195187 [ 8.  0.  0.] [ 1.28  0.    0.  ]
-36.298042 [ 0.  0.  0.] [ 0.  0.  0.]
-36.400533 [ 0.  0.  0.] [ 0.  0.  0.]
-36.503028 [ 0.  0.  0.] [ 1.28  0.    0.  ]
-36.605651 [ 0.  0.  0.] [ 1.28  0.    0.  ]
-36.708539 [ 0.  0.  0.] [ 0.  0.  0.]
-36.810974 [ 0.  0.  0.] [ 0.  0.  0.]
-36.91378 [ 0.  0.  0.] [ 0.  0.  0.]
