The flat matrix is [[  9.313  -1.312 -14.437]
 [ -0.225   2.445   9.49 ]] 
-0.079134 [-2.5   -0.875 -2.   ] [-0.145  0.325 -0.1  ]286.220448 289.4002135 293.8543205 277.58057 268.388062 265.680623 286.266799 289.587115 
-0.181028 [-2.563 -1.875 -2.563] [-0.325  0.415 -0.13 ]285.331702 286.509466 293.7404255 280.571165 269.866675 266.1083825 285.4030465 286.706275 
-0.28451 [-2.125 -0.625  0.125] [-0.105 -0.025  0.   ]284.01312 283.5409985 293.2310455 283.843931 271.7370415 266.677836 284.116508 283.738584 
-0.386139 [-2.25 -0.75  1.  ] [-0.125 -0.165  0.03 ]282.1908775 280.621589 292.436041 287.192568 273.911402 267.3116975 282.3266805 280.8130075 
-0.487638 [-2.25  -0.875  1.187] [-0.155 -0.205  0.04 ]279.968272 277.820488 291.4652725 290.4107765 276.301994 267.9326795 280.1256985 278.002425 
-0.589108 [-2.188 -0.938  0.875] [-0.165 -0.145  0.03 ]277.5093855 275.1872085 290.4286015 293.2922575 278.8210765 268.4639685 277.677469 275.356399 
-0.690488 [-2.188 -1.313  0.562] [-0.225 -0.095  0.01 ]274.9783525 272.7712435 289.4358875 295.630711 281.3832685 268.884017 275.146133 272.924414 
-0.791752 [-2.188 -1.875  0.5  ] [-0.315 -0.085  0.01 ]272.5393085 270.622087 288.5969915 297.2198375 283.907729 269.277636 272.6958315 270.755957 
-0.892921 [-2.25  -2.125  0.562] [-0.365 -0.095  0.01 ]270.3563895 268.7892325 288.0104665 297.871338 286.314133 269.7417215 270.490706 268.9005125 
-0.994351 [-2.313 -2.5    0.562] [-0.415 -0.095  0.   ]268.59373 267.3221735 287.6495775 297.5963665 288.5221555 270.37317 268.6948975 267.407567 
-1.095666 [-2.313 -2.75   0.562] [-0.465 -0.095  0.   ]267.4154665 266.2704045 287.4095915 296.530245 290.4514715 271.268877 267.4725475 266.3266055 
-1.196999 [-2.375 -3.063  0.625] [-0.525 -0.115  0.   ]266.954443 265.6676695 287.184597 294.810172 292.0217565 272.5257385 266.962913 265.6945915 
-1.298967 [-2.438 -3.813  0.625] [-0.655 -0.105 -0.01 ]267.1776685 265.464244 286.8686825 292.5733455 293.152685 274.2406505 267.1432495 265.466958 
-1.401964 [-2.563 -4.313  0.5  ] [-0.745 -0.095 -0.02 ]267.997419 265.5828565 286.355937 289.956963 293.764534 276.5095515 267.925967 265.5665055 
-1.504624 [-2.563 -4.375  0.625] [-0.745 -0.115 -0.02 ]269.325936 265.9462165 285.540449 287.0982235 293.839594 279.329514 269.2233045 265.9159475 
-1.606446 [-2.563 -4.25   0.687] [-0.725 -0.125 -0.02 ]271.0754615 266.477035 284.316307 284.1343245 293.4752245 282.514167 270.947501 266.437998 
-1.707874 [-2.5   -4.188  0.625] [-0.715 -0.105 -0.02 ]273.158238 267.0980225 282.5926005 281.197592 292.7812865 285.8572115 273.0107955 267.0553705 
-1.809454 [-8.251 -4.     0.187] [-0.685 -0.035 -0.03 ]275.486507 267.73189 280.436948 278.3688665 291.8676405 289.1523475 275.325426 267.6907785 
-1.911916 [-2.125 -3.813 -0.375] [-0.655  0.055 -0.06 ]277.97251 268.301347 278.012187 275.698063 290.844147 292.193276 277.8036315 268.266936 
-2.014734 [-1.875 -3.313 -1.   ] [-0.575  0.145 -0.07 ]280.529454 268.7517115 275.4824525 273.2346755 289.820667 294.773696 280.3584215 268.724595 
-2.117231 [-1.813 -2.938 -1.625] [-0.505  0.255 -0.1  ]283.0754485 269.143357 273.01188 271.028198 288.9070605 296.687309 282.9076135 269.1171585 
-2.218986 [-1.75  -2.625 -2.063] [-0.455  0.335 -0.12 ]285.530162 269.573169 270.764605 269.1281235 288.212399 297.729072 285.370879 269.54143 
-2.321594 [-1.625 -1.938 -2.625] [-0.335  0.425 -0.14 ]287.8132615 270.1380475 268.904763 267.583946 287.773494 297.808976 287.667893 270.0943055 
-2.425025 [-1.5   -1.188 -3.125] [-0.215  0.505 -0.16 ]289.8444165 270.934894 267.596489 266.4451595 287.497856 297.042851 289.7183305 270.8726815 
-2.527864 [-1.375 -0.563 -3.438] [-0.095  0.565 -0.17 ]291.543294 272.0606085 266.989104 265.7538005 287.279574 295.567895 291.441867 271.973454 
-2.629645 [-1.313 -0.25  -3.688] [-0.045  0.605 -0.18 ]292.829563 273.612092 267.0824935 265.476693 287.012737 293.521306 292.758177 273.4935185 
-2.73151 [-1.313  0.    -3.813] [ 0.005  0.625 -0.19 ]293.6228905 275.6862445 267.7899595 265.537081 286.591433 291.040282 293.5869365 275.529771 
-2.834343 [-9.25   0.187 -3.938] [ 0.035  0.645 -0.19 ]293.8687215 278.338879 269.0237435 265.8576745 285.9097515 288.2620215 293.8684535 278.146213 
-2.93893 [-1.313  0.312 -3.938] [ 0.055  0.645 -0.19 ]293.638493 281.424968 270.6960885 266.3611845 284.8617805 285.3237225 293.6666725 281.209746 
-3.04317 [-1.313  0.25  -3.875] [ 0.045  0.635 -0.19 ]293.042081 284.738212 272.719235 266.9703215 283.342745 282.3622135 293.091379 284.51419 
-3.144751 [-1.375  0.25  -3.75 ] [ 0.045  0.615 -0.18 ]292.189372 288.072296 275.005426 267.607796 281.3406935 279.4841775 292.252433 287.8532455 
-3.24703 [-1.563  0.375 -3.5  ] [ 0.055  0.575 -0.17 ]291.19025 291.220905 277.466903 268.1963185 279.0038795 276.744266 291.259695 291.0206125 
-3.351542 [-1.75   0.375 -3.125] [ 0.065  0.515 -0.15 ]290.154601 293.977725 280.0163705 268.6694355 276.496438 274.191973 290.2230265 293.809992 
-3.454189 [-1.813  0.5   -2.625] [ 0.095  0.435 -0.12 ]289.1923105 296.1364405 282.5709815 269.0650755 273.9825045 271.876792 289.2522875 296.015084 
-3.557442 [-1.813  0.687 -2.188] [ 0.125  0.365 -0.1  ]288.413264 297.490738 285.0503775 269.479502 271.6262145 269.848217 288.457338 297.429589 
-3.659339 [-1.938  0.687 -1.938] [ 0.115  0.325 -0.09 ]287.8968205 297.882881 287.3742265 270.0096155 269.591703 268.1557415 287.923533 297.886221 
-3.762119 [-1.938  0.687 -0.813] [ 0.125  0.125 -0.03 ]287.579011 297.3832295 289.462197 270.752316 268.0431055 266.8488595 287.5952975 297.442044 
-3.866158 [-2.063  0.5    0.75 ] [ 0.085 -0.105  0.03 ]287.3538375 296.1290285 291.2339565 271.804505 267.143347 265.976455 287.3667825 296.2341565 
-3.969159 [-2.     0.625  1.25 ] [ 0.105 -0.205  0.05 ]287.115297 294.257532 292.609174 273.2630825 266.966534 265.5427085 287.1320765 294.399757 
-4.070973 [-1.938  0.687  1.437] [ 0.115 -0.235  0.06 ]286.7573855 291.905994 293.5075165 275.224949 267.4389005 265.4773725 286.785269 292.076043 
-4.172906 [-2.     0.437  1.187] [ 0.075 -0.195  0.05 ]286.1740995 289.2116675 293.861155 277.7670755 268.4726885 265.703159 286.220448 289.4002135 
-4.276091 [-8.813  0.75   0.937] [ 0.135 -0.155  0.04 ]285.2594355 286.311807 293.7173495 280.782976 269.9801395 266.142777 285.331702 286.509466 
-4.380006 [-1.75   0.75   0.687] [ 0.125 -0.115  0.03 ]283.90739 283.343666 293.1853835 284.067294 271.8734965 266.718938 284.01312 283.5409985 
-4.483738 [-1.813  0.687  0.5  ] [ 0.115 -0.085  0.02 ]282.051844 280.431527 292.375143 287.413715 274.065001 267.3543525 282.1908775 280.621589 
-4.592796 [-1.813  0.375  0.25 ] [ 0.065 -0.035  0.01 ]279.806576 277.6411655 291.396513 290.615924 276.4668945 267.97173 279.968272 277.820488 
-4.694153 [-1.875 -0.25   0.062] [-0.045 -0.015  0.   ]277.336062 275.0218675 290.3593785 293.467607 278.99146 268.494734 277.5093855 275.1872085 
-4.795601 [-1.938 -0.875  0.062] [-0.145 -0.015  0.   ]274.804782 272.6229195 289.3736255 295.762449 281.553664 268.9099915 274.9783525 272.7712435 
-4.897203 [-2.    -1.563  0.25 ] [-0.265 -0.045  0.   ]272.3772145 270.493607 288.5491395 297.294135 284.072786 269.3052755 272.5393085 270.622087 
-4.998903 [-2.125 -2.     0.437] [-0.335 -0.075  0.   ]270.217839 268.6832165 287.980827 297.880187 286.468494 269.777486 270.3563895 268.7892325 
-5.100416 [-2.125 -2.313  0.562] [-0.395 -0.095  0.01 ]268.491135 267.241034 287.63177 297.547916 288.6604555 270.4235235 268.59373 267.3221735 
-5.201843 [-2.188 -2.688  0.625] [-0.455 -0.105  0.   ]267.361582 266.2163445 287.3965495 296.4336445 290.5683395 271.3402895 267.4154665 266.2704045 
-5.30348 [-2.25  -3.     0.687] [-0.505 -0.115  0.   ]266.954696 265.639101 287.1691625 294.674627 292.1118135 272.624683 266.954443 265.6676695 
-5.405682 [-8.313 -3.25   0.687] [-0.555 -0.115  0.   ]267.2271585 265.455477 286.8436055 292.4081165 293.2105455 274.373606 267.1776685 265.464244 
-5.508686 [-2.313 -3.375  0.687] [-0.575 -0.115  0.   ]268.089929 265.5889595 286.313875 289.7713675 293.785378 276.6820865 267.997419 265.5828565 
-5.610816 [-2.313 -3.438  0.75 ] [-0.585 -0.125  0.   ]269.453966 265.9630345 285.4739665 286.9016335 293.8276045 279.532852 269.325936 265.9462165 
-5.712104 [-2.313 -3.438  0.75 ] [-0.595 -0.135  0.   ]271.2302275 266.5011875 284.217878 283.9361685 293.4377165 282.7345605 271.0754615 266.477035 
-5.813951 [-8.313 -3.438  0.75 ] [-0.585 -0.125  0.   ]273.3296735 267.1269055 282.459394 281.00579 292.7255995 286.0808985 273.158238 267.0980225 
-5.916633 [-8.438 -3.313  0.312] [-0.565 -0.055 -0.02 ]275.6632615 267.7636735 280.2789125 278.1871295 291.801139 289.36555 275.486507 267.73189 
-6.020436 [-2.    -3.063 -0.375] [-0.535  0.045 -0.04 ]278.1419505 268.334978 277.8402895 275.529676 290.77422 292.3822015 277.97251 268.301347 
-6.122473 [-1.875 -2.625 -0.875] [-0.455  0.145 -0.06 ]280.67886 268.7916035 275.3080045 273.0827155 289.7547285 294.9245375 280.529454 268.7517115 
-6.224064 [-1.813 -2.313 -1.5  ] [-0.395  0.245 -0.09 ]283.196107 269.1979845 272.846536 270.895533 288.852549 296.7862435 283.0754485 269.143357 
-6.330117 [-1.75 -2.   -2.25] [-0.345  0.355 -0.12 ]285.6181485 269.648127 270.620364 269.0174155 288.176069 297.7633905 285.530162 269.573169 
-6.433092 [-1.688 -1.688 -2.75 ] [-0.295  0.455 -0.14 ]287.8694415 270.236037 268.7939675 267.497648 287.751796 297.7823505 287.8132615 270.1380475 
-6.534748 [-1.625 -1.5   -3.188] [-0.255  0.515 -0.16 ]289.8744445 271.055721 267.5318255 266.385517 287.4837615 296.964409 289.8444165 270.934894 
-6.636307 [-1.625 -1.313 -3.375] [-0.225  0.555 -0.17 ]291.5576145 272.201185 266.978876 265.7206115 287.2659615 295.4468195 291.543294 272.0606085 
-6.738181 [-1.563 -1.063 -3.625] [-0.175  0.595 -0.18 ]292.8434085 273.7664355 267.122592 265.464385 286.992393 293.3668355 292.829563 273.612092 
-6.840032 [-1.563 -0.813 -3.75 ] [-0.145  0.615 -0.19 ]293.656285 275.8454785 267.8744245 265.5405675 286.557052 290.8617115 293.6228905 275.6862445 
-6.94171 [-1.5   -0.563 -3.875] [-0.105  0.635 -0.19 ]293.866649 277.9545515 269.145331 265.872645 285.8539355 288.068701 293.8687215 278.338879 
-7.043416 [-1.438 -0.313 -3.813] [-0.055  0.625 -0.19 ]293.6942075 280.9939095 270.8462715 266.3841035 284.7770395 285.125058 293.638493 281.424968 
-7.144797 [-1.375  0.187 -3.688] [ 0.035  0.605 -0.18 ]293.140597 284.2884175 272.8882035 266.9984295 283.222464 282.167352 293.042081 284.738212 
-7.24674 [-1.313  0.5   -3.563] [ 0.095  0.585 -0.17 ]292.3157525 287.6316675 275.1820865 267.6391085 281.191293 279.298009 292.189372 288.072296 
-7.348585 [-1.063  0.687 -3.313] [ 0.115  0.545 -0.16 ]291.329608 290.8172525 277.6388785 268.229627 278.836189 276.5701585 291.19025 291.220905 
-7.450145 [-0.688  0.687 -2.938] [ 0.115  0.475 -0.14 ]290.292098 293.6387645 280.170634 268.7073065 276.321631 274.033086 290.154601 293.977725 
-7.551755 [-0.5    0.75  -2.313] [ 0.125  0.395 -0.11 ]289.313157 295.889796 282.6978565 269.1162155 273.8120985 271.736078 289.1923105 296.1364405 
-7.653453 [-0.5    0.875 -1.938] [ 0.155  0.315 -0.09 ]288.502719 297.3639395 285.1449825 269.5500855 271.4720705 269.7284205 288.413264 297.490738 
-7.755155 [-0.625  0.875 -1.75 ] [ 0.155  0.285 -0.08 ]287.9513615 297.885602 287.436469 270.1029215 269.466026 268.0593985 287.8968205 297.882881 
-7.859194 [-0.625  0.875 -1.5  ] [ 0.155  0.245 -0.07 ]287.6125715 297.497423 289.4967735 270.86873 267.958445 266.778299 287.579011 297.3832295 
-7.962402 [-0.688  0.812 -0.25 ] [ 0.145  0.075 -0.02 ]287.3806515 296.336258 291.250353 271.9415175 267.1116075 265.933316 287.3538375 296.1290285 
-8.065152 [-0.75   0.687  1.062] [ 0.115 -0.175  0.04 ]287.14967 294.5393335 292.621666 273.41529 266.9871455 265.522702 287.115297 294.257532 
-8.167316 [-0.75   0.687  1.25 ] [ 0.115 -0.215  0.05 ]286.8136965 292.243877 293.535169 275.384054 267.506416 265.4751025 286.7573855 291.905994 
-8.270865 [-8.813  0.375  1.437] [ 0.065 -0.245  0.06 ]286.266799 289.587115 293.845723 277.3954615 268.580378 265.7140035 286.1740995 289.2116675 
-8.374514 [-0.813  0.375  1.125] [ 0.065 -0.185  0.05 ]285.4030465 286.706275 293.762707 280.359021 270.11999 266.162891 285.2594355 286.311807 
-8.476384 [-0.75   0.687  0.875] [ 0.115 -0.145  0.04 ]284.116508 283.738584 293.276536 283.6190115 272.03621 266.745252 283.90739 283.343666 
-8.579955 [-0.75   0.5    0.687] [ 0.095 -0.115  0.03 ]282.3266805 280.8130075 292.4971435 286.969026 274.2399975 267.384571 282.051844 280.431527 
-8.683885 [-0.813  0.187  0.437] [ 0.045 -0.075  0.02 ]280.1256985 278.002425 291.534464 290.2026565 276.642311 268.0043355 279.806576 277.6411655 
-8.78732 [-0.938 -0.625  0.312] [-0.105 -0.055  0.01 ]277.677469 275.356399 290.4984325 293.1134955 279.154239 268.529674 277.336062 275.0218675 
-8.889272 [-1.    -1.     0.437] [-0.175 -0.075  0.01 ]275.146133 272.924414 289.4989825 295.4951355 281.6923485 268.954921 274.804782 272.6229195 
-8.990962 [-1.063 -1.625  0.625] [-0.275 -0.105  0.01 ]272.6958315 270.755957 288.646049 297.1411695 284.1805785 269.367526 272.3772145 270.493607 
-9.092567 [-1.063 -2.     0.75 ] [-0.345 -0.135 -1.26 ]270.490706 268.9005125 288.041266 297.858403 286.543386 269.8614945 270.217839 268.6832165 
-9.194374 [-1.125 -2.313  0.812] [-0.395 -0.135  0.02 ]268.6948975 267.407567 287.66839 297.641289 288.705228 270.5308335 268.491135 267.241034 
-9.298805 [-1.125 -2.625  0.937] [-0.445 -0.155  0.02 ]267.4725475 266.3266055 287.4235705 296.623743 290.590563 271.4695485 267.361582 266.2163445 
-9.400734 [-1.188 -3.     1.125] [-0.515 -0.195  0.02 ]266.962913 265.6945915 287.200876 294.9429925 292.1238475 272.7716465 266.954696 265.639101 
-9.503076 [-1.125 -3.438  1.187] [-0.585 -0.205  0.02 ]267.1432495 265.466958 286.894375 292.736264 293.2295395 274.531133 267.2271585 265.455477 
-9.605975 [-1.125 -3.5    1.187] [-0.595 -0.205  0.02 ]267.925967 265.5665055 286.398137 290.140785 293.74142 276.339274 268.089929 265.5889595 
-9.707796 [-1.125 -3.5    1.187] [-0.595 -0.205  0.02 ]269.2233045 265.9159475 285.60623 287.2937825 293.8504485 279.1264665 269.453966 265.9630345 
-9.809611 [-1.125 -3.5    1.125] [-0.595 -0.195  0.01 ]270.947501 266.437998 284.4127235 284.332483 293.512347 282.2926535 271.2302275 266.5011875 
-9.912531 [-1.063 -3.438  0.937] [-0.595 -0.165  0.01 ]273.0107955 267.0553705 282.7227625 281.390516 292.837051 285.6314275 273.3296735 267.1269055 
-10.015838 [-1.    -3.375  0.437] [-0.575 -0.075 -0.01 ]275.325426 267.6907785 280.590927 278.552961 291.9344945 288.93638 275.6632615 267.7636735 
-10.117749 [-0.875 -3.188 -0.25 ] [-0.545  0.025 -0.04 ]277.8036315 268.266936 278.179016 275.8700645 290.9146115 292.001105 278.1419505 268.334978 
-10.219471 [-8.75  -2.813 -0.688] [-0.475  0.105 -0.05 ]280.3584215 268.724595 275.6511695 273.3913125 289.887337 294.6191935 280.67886 268.7916035 
-10.321933 [-0.688 -2.313 -0.875] [-0.405  0.135 -0.06 ]282.9076135 269.1171585 273.17153 271.166191 288.962605 296.5842385 283.196107 269.1979845 
-10.425352 [-0.563 -2.063 -1.563] [-0.355  0.245 -1.359]285.370879 269.54143 270.9042385 269.244185 288.2500005 297.690389 285.6181485 269.648127 
-10.527656 [-0.563 -1.75  -2.438] [-0.295  0.395 -0.13 ]287.667893 270.0943055 269.013435 267.6747805 287.7962415 297.831871 287.8694415 270.236037 
-10.629335 [-0.5   -1.438 -2.875] [-0.245  0.475 -0.15 ]289.7183305 270.8726815 267.6632625 266.5074635 287.512911 297.1180305 289.8744445 271.055721 
-10.731738 [-0.438 -1.25  -3.25 ] [-0.205  0.525 -0.16 ]291.441867 271.973454 267.0068545 265.786181 287.2940785 295.6860945 291.5576145 272.201185 
-10.838478 [-0.375 -0.938 -3.563] [-0.165  0.585 -0.18 ]292.758177 273.4935185 267.0561835 265.483837 287.033812 293.67329 292.8434085 273.7664355 
-10.940056 [-0.375 -0.813 -3.813] [-0.135  0.625 -0.19 ]293.5869365 275.529771 267.7254455 265.524131 286.6261805 291.216844 293.656285 275.8454785 
-11.041806 [-0.313 -0.563 -3.875] [-0.105  0.635 -0.19 ]293.8684535 278.146213 268.92688 265.829777 285.9652525 288.4539835 293.866649 277.9545515 
-11.143572 [-0.313 -0.375 -3.875] [-0.065  0.635 -0.19 ]293.6666725 281.209746 270.5727255 266.323489 284.9450975 285.521936 293.6942075 280.9939095 
-11.245006 [-0.25   0.062 -3.75 ] [ 0.015  0.615 -0.18 ]293.091379 284.51419 272.575221 266.92798 283.460308 282.5577575 293.140597 284.2884175 
-11.347815 [-0.25   0.375 -3.625] [ 0.065  0.595 -0.17 ]292.252433 287.8532455 274.8466055 267.5659635 281.4864625 279.672195 292.3157525 287.6316675 
-11.450404 [-0.313  0.5   -3.438] [ 0.085  0.565 -0.16 ]291.259695 291.0206125 277.299117 268.160154 279.1668845 276.921497 291.329608 290.8172525 
-11.552268 [-0.5  0.5 -3. ] [ 0.085  0.495 -0.14 ]290.2230265 293.809992 279.8453405 268.6413605 276.6657155 274.355149 290.292098 293.6387645 
-11.654143 [-0.625  0.625 -2.5  ] [ 0.115  0.405 -0.12 ]289.2522875 296.015084 282.4020785 269.03921 274.147096 272.022637 289.313157 295.889796 
-11.755933 [-0.625  0.812 -2.   ] [ 0.135  0.335 -0.09 ]288.457338 297.429589 284.8889555 269.449388 271.7751685 269.9734465 288.502719 297.3639395 
-11.857988 [-0.625  0.875 -1.688] [ 0.155  0.285 -0.08 ]287.923533 297.886221 287.225646 269.968791 269.7140725 268.257063 287.9513615 297.885602 
-11.960091 [-0.688  0.875 -0.938] [ 0.155  0.155 -0.04 ]287.5952975 297.442044 289.3318245 270.6943155 268.127951 266.922973 287.6125715 297.497423 
-12.061769 [-0.813  0.625  0.687] [ 0.115 -0.115  0.03 ]287.3667825 296.2341565 291.1271675 271.7228565 267.180363 266.0203695 287.3806515 296.336258 
-12.164794 [-0.875  0.75   1.437] [ 0.135 -0.235  0.06 ]287.1320765 294.399757 292.531349 273.151311 266.957145 265.55933 287.14967 294.5393335 
-12.268454 [-0.875  0.562  1.562] [ 0.105 -0.265  0.06 ]286.785269 292.076043 293.4640445 275.0765745 267.3889655 265.471843 286.8136965 292.243877 
-12.373336 [-0.875  0.375  1.375] [ 0.065 -0.235  0.06 ]286.220448 289.4002135 293.8543205 277.58057 268.388062 265.680623 286.266799 289.587115 
-12.477004 [-0.875  0.687  1.125] [ 0.115 -0.195  0.05 ]285.331702 286.509466 293.7404255 280.571165 269.866675 266.1083825 285.4030465 286.706275 
-12.579843 [-0.875  0.75   0.875] [ 0.135 -0.145  0.04 ]284.01312 283.5409985 293.2310455 283.843931 271.7370415 266.677836 284.116508 283.738584 
-12.681574 [-0.875  0.75   0.687] [ 0.125 -0.115  0.03 ]282.1908775 280.621589 292.436041 287.192568 273.911402 267.3116975 282.3266805 280.8130075 
-12.784132 [-0.875  0.437  0.437] [ 0.075 -0.075  0.02 ]279.968272 277.820488 291.4652725 290.4107765 276.301994 267.9326795 280.1256985 278.002425 
-12.887396 [-0.938 -0.438  0.25 ] [-0.045 -0.045  0.01 ]277.5093855 275.1872085 290.4286015 293.2922575 278.8210765 268.4639685 277.677469 275.356399 
-12.990682 [-1.    -0.938  0.312] [-0.165 -0.055 -1.27 ]274.9783525 272.7712435 289.4358875 295.630711 281.3832685 268.884017 275.146133 272.924414 
-13.092365 [-1.125 -1.5    0.5  ] [-0.265 -0.085  0.01 ]272.5393085 270.622087 288.5969915 297.2198375 283.907729 269.277636 272.6958315 270.755957 
-13.193832 [-1.188 -1.938  0.687] [-0.325 -0.115  0.01 ]270.3563895 268.7892325 288.0104665 297.871338 286.314133 269.7417215 270.490706 268.9005125 
-13.295692 [-1.25  -2.25   0.812] [-0.385 -0.135  0.01 ]268.59373 267.3221735 287.6495775 297.5963665 288.5221555 270.37317 268.6948975 267.407567 
-13.397451 [-1.313 -2.625  0.812] [-0.445 -0.145  0.01 ]267.4154665 266.2704045 287.4095915 296.530245 290.4514715 271.268877 267.4725475 266.3266055 
-13.499079 [-1.375 -2.938  0.812] [-0.505 -0.135  0.01 ]266.954443 265.6676695 287.184597 294.810172 292.0217565 272.5257385 266.962913 265.6945915 
-13.60126 [-1.375 -3.25   0.75 ] [-0.555 -0.135  0.   ]267.1776685 265.464244 286.8686825 292.5733455 293.152685 274.2406505 267.1432495 265.466958 
-13.702935 [-1.375 -3.313  0.75 ] [-0.565 -0.125  0.   ]267.997419 265.5828565 286.355937 289.956963 293.764534 276.5095515 267.925967 265.5665055 
-13.807583 [-9.188 -3.375  0.812] [-0.585 -0.135  0.   ]269.325936 265.9462165 285.540449 287.0982235 293.839594 279.329514 269.2233045 265.9159475 
-13.91074 [-1.438 -3.375  0.875] [-0.575 -0.145  0.   ]271.0754615 266.477035 284.316307 284.1343245 293.4752245 282.514167 270.947501 266.437998 
-14.012429 [-1.438 -3.375  0.687] [-0.575 -0.125  0.   ]273.158238 267.0980225 282.5926005 281.197592 292.7812865 285.8572115 273.0107955 267.0553705 
-14.114413 [-9.313 -3.25   0.312] [-0.555 -0.055 -0.02 ]275.486507 267.73189 280.436948 278.3688665 291.8676405 289.1523475 275.325426 267.6907785 
-14.217257 [-1.125 -3.    -0.25 ] [-0.515  0.035 -0.04 ]277.97251 268.301347 278.012187 275.698063 290.844147 292.193276 277.8036315 268.266936 
-14.321521 [-1.    -2.688 -0.688] [-0.455  0.115 -0.05 ]280.529454 268.7517115 275.4824525 273.2346755 289.820667 294.773696 280.3584215 268.724595 
-14.423689 [-0.938 -2.188 -1.063] [-0.375  0.165 -0.06 ]283.0754485 269.143357 273.01188 271.028198 288.9070605 296.687309 282.9076135 269.1171585 
-14.52587 [-0.938 -1.938 -1.625] [-0.335  0.265 -0.09 ]285.530162 269.573169 270.764605 269.1281235 288.212399 297.729072 285.370879 269.54143 
-14.629492 [-0.875 -1.688 -2.375] [-0.295  0.375 -0.12 ]287.8132615 270.1380475 268.904763 267.583946 287.773494 297.808976 287.667893 270.0943055 
-14.732368 [-0.813 -1.438 -2.938] [-0.245  0.475 -0.15 ]289.8444165 270.934894 267.596489 266.4451595 287.497856 297.042851 289.7183305 270.8726815 
-14.834323 [-0.75  -1.188 -3.25 ] [-0.205  0.535 -0.16 ]291.543294 272.0606085 266.989104 265.7538005 287.279574 295.567895 291.441867 271.973454 
-14.936757 [-0.75  -1.    -3.438] [-0.175  0.565 -0.17 ]292.829563 273.612092 267.0824935 265.476693 287.012737 293.521306 292.758177 273.4935185 
-15.040022 [-0.688 -0.813 -3.563] [-0.145  0.585 -0.18 ]293.6228905 275.6862445 267.7899595 265.537081 286.591433 291.040282 293.5869365 275.529771 
-15.142884 [-0.688 -0.563 -3.75 ] [-0.105  0.615 -0.18 ]293.8687215 278.338879 269.0237435 265.8576745 285.9097515 288.2620215 293.8684535 278.146213 
-15.244816 [-0.625 -0.313 -3.75 ] [-0.055  0.615 -0.18 ]293.638493 281.424968 270.6960885 266.3611845 284.8617805 285.3237225 293.6666725 281.209746 
-15.348335 [-0.563  0.125 -3.75 ] [ 0.025  0.615 -0.18 ]293.042081 284.738212 272.719235 266.9703215 283.342745 282.3622135 293.091379 284.51419 
-15.450048 [-0.5    0.437 -3.625] [ 0.075  0.595 -0.17 ]292.189372 288.072296 275.005426 267.607796 281.3406935 279.4841775 292.252433 287.8532455 
-15.552494 [-0.625  0.5   -3.375] [ 0.085  0.555 -0.16 ]291.19025 291.220905 277.466903 268.1963185 279.0038795 276.744266 291.259695 291.0206125 
-15.654179 [-0.75   0.562 -3.   ] [ 0.105  0.485 -0.14 ]290.154601 293.977725 280.0163705 268.6694355 276.496438 274.191973 290.2230265 293.809992 
-15.755474 [-0.875  0.75  -2.438] [ 0.125  0.405 -0.11 ]289.1923105 296.1364405 282.5709815 269.0650755 273.9825045 271.876792 289.2522875 296.015084 
-15.857004 [-0.875  0.875 -1.938] [ 0.145  0.325 -0.09 ]288.413264 297.490738 285.0503775 269.479502 271.6262145 269.848217 288.457338 297.429589 
-15.958467 [-0.938  0.875 -1.75 ] [ 0.145  0.285 -0.08 ]287.8968205 297.882881 287.3742265 270.0096155 269.591703 268.1557415 287.923533 297.886221 
-16.060005 [-0.938  0.937 -1.5  ] [ 0.165  0.255 -0.07 ]287.579011 297.3832295 289.462197 270.752316 268.0431055 266.8488595 287.5952975 297.442044 
-16.161603 [-1.     0.937 -0.313] [ 0.165  0.055 -0.01 ]287.3538375 296.1290285 291.2339565 271.804505 267.143347 265.976455 287.3667825 296.2341565 
-16.263459 [-1.     0.687  1.   ] [ 0.125 -0.155  0.04 ]287.115297 294.257532 292.609174 273.2630825 266.966534 265.5427085 287.1320765 294.399757 
-16.365166 [-1.     0.75   1.375] [ 0.125 -0.235  0.06 ]286.7573855 291.905994 293.5075165 275.224949 267.4389005 265.4773725 286.785269 292.076043 
-16.466676 [-1.     0.375  1.25 ] [ 0.065 -0.205  0.05 ]286.1740995 289.2116675 293.861155 277.7670755 268.4726885 265.703159 286.220448 289.4002135 
-16.56855 [-0.938  0.625  1.   ] [ 0.105 -0.165  0.04 ]285.2594355 286.311807 293.7173495 280.782976 269.9801395 266.142777 285.331702 286.509466 
-16.671581 [-8.938  0.687  0.75 ] [ 0.115 -0.125  0.03 ]283.90739 283.343666 293.1853835 284.067294 271.8734965 266.718938 284.01312 283.5409985 
-16.77416 [-0.938  0.562  0.5  ] [ 0.095 -0.095  0.02 ]282.051844 280.431527 292.375143 287.413715 274.065001 267.3543525 282.1908775 280.621589 
-16.87608 [-1.     0.25   0.312] [ 0.035 -0.055  0.01 ]279.806576 277.6411655 291.396513 290.615924 276.4668945 267.97173 279.968272 277.820488 
-16.977507 [-9.125 -0.563  0.187] [-0.105 -0.035  0.   ]277.336062 275.0218675 290.3593785 293.467607 278.99146 268.494734 277.5093855 275.1872085 
-17.080003 [-1.188 -0.875  0.312] [-0.155 -0.055  0.01 ]274.804782 272.6229195 289.3736255 295.762449 281.553664 268.9099915 274.9783525 272.7712435 
-17.182922 [-1.25  -1.625  0.437] [-0.265 -0.075  0.01 ]272.3772145 270.493607 288.5491395 297.294135 284.072786 269.3052755 272.5393085 270.622087 
-17.285473 [-1.313 -2.     0.687] [-0.335 -0.115  0.01 ]270.217839 268.6832165 287.980827 297.880187 286.468494 269.777486 270.3563895 268.7892325 
-17.38718 [-1.375 -2.313  0.687] [-0.395 -0.125  0.01 ]268.491135 267.241034 287.63177 297.547916 288.6604555 270.4235235 268.59373 267.3221735 
-17.489062 [-1.438 -2.625  0.812] [-0.455 -0.135  0.01 ]267.361582 266.2163445 287.3965495 296.4336445 290.5683395 271.3402895 267.4154665 266.2704045 
-17.591282 [-1.438 -2.875  0.812] [-0.495 -0.135  0.01 ]266.954696 265.639101 287.1691625 294.674627 292.1118135 272.624683 266.954443 265.6676695 
-17.694173 [-1.5   -3.188  0.812] [-0.545 -0.135  0.   ]267.2271585 265.455477 286.8436055 292.4081165 293.2105455 274.373606 267.1776685 265.464244 
-17.796437 [-1.5   -3.313  0.812] [-0.565 -0.145  0.   ]268.089929 265.5889595 286.313875 289.7713675 293.785378 276.6820865 267.997419 265.5828565 
-17.89788 [-1.5   -3.375  0.812] [-0.575 -0.145  0.   ]269.453966 265.9630345 285.4739665 286.9016335 293.8276045 279.532852 269.325936 265.9462165 
-17.99944 [-1.5   -3.375  0.875] [-0.575 -0.155  0.   ]271.2302275 266.5011875 284.217878 283.9361685 293.4377165 282.7345605 271.0754615 266.477035 
-18.100799 [-1.5   -3.313  0.687] [-0.565 -0.125  0.   ]273.3296735 267.1269055 282.459394 281.00579 292.7255995 286.0808985 273.158238 267.0980225 
-18.202084 [-1.375 -3.188  0.312] [-0.545 -0.055 -0.02 ]275.6632615 267.7636735 280.2789125 278.1871295 291.801139 289.36555 275.486507 267.73189 
-18.303404 [-1.188 -2.938 -0.25 ] [-0.505  0.035 -0.04 ]278.1419505 268.334978 277.8402895 275.529676 290.77422 292.3822015 277.97251 268.301347 
-18.405144 [-1.063 -2.563 -0.813] [-0.445  0.115 -0.05 ]280.67886 268.7916035 275.3080045 273.0827155 289.7547285 294.9245375 280.529454 268.7517115 
-18.506794 [-1.    -2.188 -1.375] [-0.375  0.225 -0.08 ]283.196107 269.1979845 272.846536 270.895533 288.852549 296.7862435 283.0754485 269.143357 
-18.608533 [-0.938 -2.    -1.938] [-0.335  0.315 -0.1  ]285.6181485 269.648127 270.620364 269.0174155 288.176069 297.7633905 285.530162 269.573169 
-18.710024 [-0.813 -1.688 -2.5  ] [-0.295  0.415 -0.13 ]287.8694415 270.236037 268.7939675 267.497648 287.751796 297.7823505 287.8132615 270.1380475 
-18.811511 [-0.813 -1.5   -3.   ] [-0.255  0.495 -0.15 ]289.8744445 271.055721 267.5318255 266.385517 287.4837615 296.964409 289.8444165 270.934894 
-18.91277 [-0.75  -1.25  -3.313] [-0.215  0.545 -0.17 ]291.5576145 272.201185 266.978876 265.7206115 287.2659615 295.4468195 291.543294 272.0606085 
-19.013844 [-0.688 -1.    -3.563] [-0.175  0.575 -0.18 ]292.8434085 273.7664355 267.122592 265.464385 286.992393 293.3668355 292.829563 273.612092 
-19.11534 [-8.625 -0.813 -3.688] [-0.135  0.595 -0.18 ]293.656285 275.8454785 267.8744245 265.5405675 286.557052 290.8617115 293.6228905 275.6862445 
-19.217181 [-0.625 -0.625 -3.688] [-0.105  0.605 -0.18 ]293.866649 277.9545515 269.145331 265.872645 285.8539355 288.068701 293.8687215 278.338879 
-19.318682 [-0.563 -0.313 -3.688] [-0.055  0.595 -0.18 ]293.6942075 280.9939095 270.8462715 266.3841035 284.7770395 285.125058 293.638493 281.424968 
-19.420188 [-0.563  0.125 -3.563] [ 0.025  0.585 -0.17 ]293.140597 284.2884175 272.8882035 266.9984295 283.222464 282.167352 293.042081 284.738212 
-19.522474 [-0.438  0.5   -3.5  ] [ 0.085  0.575 -0.17 ]292.3157525 287.6316675 275.1820865 267.6391085 281.191293 279.298009 292.189372 288.072296 
-19.625668 [-0.375  0.562 -3.188] [ 0.095  0.525 -0.15 ]291.329608 290.8172525 277.6388785 268.229627 278.836189 276.5701585 291.19025 291.220905 
-19.728125 [-0.625  0.625 -2.813] [ 0.105  0.465 -0.13 ]290.292098 293.6387645 280.170634 268.7073065 276.321631 274.033086 290.154601 293.977725 
-19.830363 [-0.688  0.625 -2.375] [ 0.105  0.385 -0.11 ]289.313157 295.889796 282.6978565 269.1162155 273.8120985 271.736078 289.1923105 296.1364405 
-19.932438 [-0.75   0.625 -1.813] [ 0.105  0.295 -0.08 ]288.502719 297.3639395 285.1449825 269.5500855 271.4720705 269.7284205 288.413264 297.490738 
-20.035952 [-0.75   0.75  -1.375] [ 0.125  0.235 -0.06 ]287.9513615 297.885602 287.436469 270.1029215 269.466026 268.0593985 287.8968205 297.882881 
-20.138797 [-0.75   0.875 -1.188] [ 0.155  0.195 -0.05 ]287.6125715 297.497423 289.4967735 270.86873 267.958445 266.778299 287.579011 297.3832295 
-20.240403 [-0.75   1.062 -0.688] [ 0.185  0.115 -0.03 ]287.3806515 296.336258 291.250353 271.9415175 267.1116075 265.933316 287.3538375 296.1290285 
-20.34256 [-0.75   1.125  1.5  ] [ 0.185 -0.245  0.06 ]287.14967 294.5393335 292.621666 273.41529 266.9871455 265.522702 287.115297 294.257532 
-20.445632 [-0.75   0.5    1.375] [ 0.085 -0.235  0.06 ]286.8136965 292.243877 293.535169 275.384054 267.506416 265.4751025 286.7573855 291.905994 
-20.54927 [-0.75   0.562  1.25 ] [ 0.095 -0.215  0.05 ]286.266799 289.587115 293.845723 277.3954615 268.580378 265.7140035 286.1740995 289.2116675 
-20.651343 [-0.75   0.687  1.187] [ 0.115 -0.195  0.05 ]285.4030465 286.706275 293.762707 280.359021 270.11999 266.162891 285.2594355 286.311807 
-20.753069 [-0.75   0.687  0.875] [ 0.115 -0.145  0.04 ]284.116508 283.738584 293.276536 283.6190115 272.03621 266.745252 283.90739 283.343666 
-20.854706 [-0.75   0.75   0.687] [ 0.135 -0.115  0.03 ]282.3266805 280.8130075 292.4971435 286.969026 274.2399975 267.384571 282.051844 280.431527 
-20.956322 [-0.75   0.437  0.437] [ 0.075 -0.075  0.02 ]280.1256985 278.002425 291.534464 290.2026565 276.642311 268.0043355 279.806576 277.6411655 
-21.058149 [-0.875 -0.313  0.375] [-0.035 -0.065  0.01 ]277.677469 275.356399 290.4984325 293.1134955 279.154239 268.529674 277.336062 275.0218675 
-21.160177 [-0.875 -1.063  0.437] [-0.185 -0.075  0.01 ]275.146133 272.924414 289.4989825 295.4951355 281.6923485 268.954921 274.804782 272.6229195 
-21.261799 [-0.938 -1.5    0.687] [-0.265 -0.115  0.02 ]272.6958315 270.755957 288.646049 297.1411695 284.1805785 269.367526 272.3772145 270.493607 
-21.365637 [-0.938 -1.938  0.812] [-0.335 -0.145  0.02 ]270.490706 268.9005125 288.041266 297.858403 286.543386 269.8614945 270.217839 268.6832165 
-21.467266 [-0.938 -2.25   0.937] [-0.385 -0.155  0.02 ]268.6948975 267.407567 287.66839 297.641289 288.705228 270.5308335 268.491135 267.241034 
-21.568705 [-1.    -2.563  1.125] [-0.435 -0.195  0.02 ]267.4725475 266.3266055 287.4235705 296.623743 290.590563 271.4695485 267.361582 266.2163445 
-21.670373 [-1.063 -2.938  1.25 ] [-0.495 -0.215  0.03 ]266.962913 265.6945915 287.200876 294.9429925 292.1238475 272.7716465 266.954696 265.639101 
-21.771884 [-1.063 -3.25   1.25 ] [-0.555 -0.215  0.02 ]267.1432495 265.466958 286.894375 292.736264 293.2295395 274.531133 267.2271585 265.455477 
-21.873114 [-1.125 -3.375  1.187] [-0.575 -0.205  0.02 ]267.925967 265.5665055 286.398137 290.140785 293.74142 276.339274 268.089929 265.5889595 
-21.975383 [-1.125 -3.5    1.25 ] [-0.595 -0.215  0.02 ]269.2233045 265.9159475 285.60623 287.2937825 293.8504485 279.1264665 269.453966 265.9630345 
-22.078801 [-1.125 -3.5    1.25 ] [-0.595 -0.215  0.02 ]270.947501 266.437998 284.4127235 284.332483 293.512347 282.2926535 271.2302275 266.5011875 
-22.181444 [-1.063 -3.438  0.937] [-0.595 -0.165  0.01 ]273.0107955 267.0553705 282.7227625 281.390516 292.837051 285.6314275 273.3296735 267.1269055 
-22.282862 [-0.938 -3.313  0.437] [-0.575 -0.085 -0.01 ]275.325426 267.6907785 280.590927 278.552961 291.9344945 288.93638 275.6632615 267.7636735 
-22.384216 [-0.688 -3.125 -0.125] [-0.535  0.015 -0.03 ]277.8036315 268.266936 278.179016 275.8700645 290.9146115 292.001105 278.1419505 268.334978 
-22.486503 [-8.5   -2.813 -0.688] [-0.485  0.115 -0.06 ]280.3584215 268.724595 275.6511695 273.3913125 289.887337 294.6191935 280.67886 268.7916035 
-22.589881 [-0.375 -2.438 -1.313] [-0.425  0.195 -0.08 ]282.9076135 269.1171585 273.17153 271.166191 288.962605 296.5842385 283.196107 269.1979845 
-22.692079 [-0.125 -2.188 -1.75 ] [-0.375  0.285 -0.1  ]285.370879 269.54143 270.9042385 269.244185 288.2500005 297.690389 285.6181485 269.648127 
-22.793795 [ 0.062 -1.938 -2.313] [-0.325  0.375 -0.12 ]287.667893 270.0943055 269.013435 267.6747805 287.7962415 297.831871 287.8694415 270.236037 
-22.895298 [-7.875 -1.563 -2.813] [-0.275  0.455 -0.14 ]289.7183305 270.8726815 267.6632625 266.5074635 287.512911 297.1180305 289.8744445 271.055721 
-22.998172 [-0.625 -1.375 -3.063] [-0.235  0.505 -0.16 ]291.441867 271.973454 267.0068545 265.786181 287.2940785 295.6860945 291.5576145 272.201185 
-23.101406 [-3.375 -0.688 -3.563] [-0.125  0.565 -0.17 ]292.758177 273.4935185 267.0561835 265.483837 287.033812 293.67329 292.8434085 273.7664355 
-23.203315 [-7.5    0.312 -3.813] [ 0.055  0.625 -0.19 ]293.5869365 275.529771 267.7254455 265.524131 286.6261805 291.216844 293.656285 275.8454785 
-23.304786 [ 0.562  1.25  -3.688] [ 0.215  0.605 -0.18 ]293.8684535 278.146213 268.92688 265.829777 285.9652525 288.4539835 293.866649 277.9545515 
-23.406252 [ 3.874  1.937 -3.375] [ 1.615  0.555 -0.16 ]293.6666725 281.209746 270.5727255 266.323489 284.9450975 285.521936 293.6942075 280.9939095 
-23.507555 [ 5.374  2.625 -2.938] [ 1.735  0.485 -0.14 ]293.091379 284.51419 272.575221 266.92798 283.460308 282.5577575 293.140597 284.2884175 
-23.609238 [ 4.562  2.812 -2.688] [ 1.765  0.445 -0.13 ]292.252433 287.8532455 274.8466055 267.5659635 281.4864625 279.672195 292.3157525 287.6316675 
-23.710622 [ 3.624  2.937 -2.5  ] [ 1.785  0.415 -0.12 ]291.259695 291.0206125 277.299117 268.160154 279.1668845 276.921497 291.329608 290.8172525 
-23.812136 [ 2.937  2.812 -2.375] [ 1.755  0.395 -0.11 ]290.2230265 293.809992 279.8453405 268.6413605 276.6657155 274.355149 290.292098 293.6387645 
-23.913578 [ 2.874  2.937 -2.188] [ 1.775  0.355 -0.1  ]289.2522875 296.015084 282.4020785 269.03921 274.147096 272.022637 289.313157 295.889796 
-24.014735 [ 2.812  2.875 -2.063] [ 1.775  0.335 -0.1  ]288.457338 297.429589 284.8889555 269.449388 271.7751685 269.9734465 288.502719 297.3639395 
-24.11605 [ 2.749  2.687 -1.75 ] [ 1.735  0.285 -0.08 ]287.923533 297.886221 287.225646 269.968791 269.7140725 268.257063 287.9513615 297.885602 
-24.217533 [ 2.687  2.625  0.312] [ 1.735 -0.045  0.01 ]287.5952975 297.442044 289.3318245 270.6943155 268.127951 266.922973 287.6125715 297.497423 
-24.319017 [ 2.312  2.937  1.5  ] [ 1.785 -0.255  0.06 ]287.3667825 296.2341565 291.1271675 271.7228565 267.180363 266.0203695 287.3806515 296.336258 
-24.420592 [ 2.312  2.5    1.562] [ 1.705 -0.255  0.06 ]287.1320765 294.399757 292.531349 273.151311 266.957145 265.55933 287.14967 294.5393335 
-24.522113 [ 2.187  2.937  1.312] [ 1.785 -0.225  0.05 ]286.785269 292.076043 293.4640445 275.0765745 267.3889655 265.471843 286.8136965 292.243877 
-24.623974 [ 2.124  2.937  1.25 ] [ 1.785 -0.215 -1.23 ]286.220448 289.4002135 293.8543205 277.58057 268.388062 265.680623 286.266799 289.587115 
-24.725858 [ 2.062  2.937  1.   ] [ 1.785 -0.175  0.04 ]285.331702 286.509466 293.7404255 280.571165 269.866675 266.1083825 285.4030465 286.706275 
-24.828944 [ 2.062  2.875  0.812] [ 1.775 -0.145  0.03 ]284.01312 283.5409985 293.2310455 283.843931 271.7370415 266.677836 284.116508 283.738584 
-24.932439 [ 2.062  2.687  0.75 ] [ 1.745 -0.125  0.03 ]282.1908775 280.621589 292.436041 287.192568 273.911402 267.3116975 282.3266805 280.8130075 
-25.035114 [ 2.062  2.312  0.5  ] [ 1.685 -0.085  0.02 ]279.968272 277.820488 291.4652725 290.4107765 276.301994 267.9326795 280.1256985 278.002425 
-25.136882 [ 2.062  1.562  0.375] [ 1.545 -0.065  0.02 ]277.5093855 275.1872085 290.4286015 293.2922575 278.8210765 268.4639685 277.677469 275.356399 
-25.239342 [ 2.062  0.937  0.312] [ 0.165 -0.055  0.01 ]274.9783525 272.7712435 289.4358875 295.630711 281.3832685 268.884017 275.146133 272.924414 
-25.343697 [ 2.187  0.062  0.375] [ 0.025 -0.055  0.01 ]272.5393085 270.622087 288.5969915 297.2198375 283.907729 269.277636 272.6958315 270.755957 
-25.446093 [ 2.187 -0.375  0.5  ] [-0.065 -0.085  0.02 ]270.3563895 268.7892325 288.0104665 297.871338 286.314133 269.7417215 270.490706 268.9005125 
-25.547986 [ 2.249 -0.75   0.625] [-0.135 -0.105  0.02 ]268.59373 267.3221735 287.6495775 297.5963665 288.5221555 270.37317 268.6948975 267.407567 
-25.65045 [ 2.249 -1.188  0.625] [-0.205 -0.105  0.02 ]267.4154665 266.2704045 287.4095915 296.530245 290.4514715 271.268877 267.4725475 266.3266055 
-25.753814 [ 2.312 -1.688  0.5  ] [-0.275 -0.085  0.01 ]266.954443 265.6676695 287.184597 294.810172 292.0217565 272.5257385 266.962913 265.6945915 
-25.858967 [ 2.312 -2.     0.5  ] [-0.345 -0.085  0.   ]267.1776685 265.464244 286.8686825 292.5733455 293.152685 274.2406505 267.1432495 265.466958 
-25.960729 [ 2.312 -2.188  0.437] [-0.375 -0.075  0.   ]267.997419 265.5828565 286.355937 289.956963 293.764534 276.5095515 267.925967 265.5665055 
-26.062354 [ 2.374 -2.313  0.437] [-0.405 -0.075  0.   ]269.325936 265.9462165 285.540449 287.0982235 293.839594 279.329514 269.2233045 265.9159475 
-26.165343 [ 2.374 -2.375  0.5  ] [-0.415 -0.085  0.   ]271.0754615 266.477035 284.316307 284.1343245 293.4752245 282.514167 270.947501 266.437998 
-26.267265 [ 2.374 -2.438  0.562] [-0.415 -0.095  0.   ]273.158238 267.0980225 282.5926005 281.197592 292.7812865 285.8572115 273.0107955 267.0553705 
-26.369494 [ 2.312 -2.313  0.187] [-0.395 -0.035 -0.01 ]275.486507 267.73189 280.436948 278.3688665 291.8676405 289.1523475 275.325426 267.6907785 
-26.471029 [ 2.124 -2.125 -0.438] [-0.365  0.065 -0.04 ]277.97251 268.301347 278.012187 275.698063 290.844147 292.193276 277.8036315 268.266936 
-26.572276 [ 1.999 -1.813 -0.875] [-0.315  0.145 -0.05 ]280.529454 268.7517115 275.4824525 273.2346755 289.820667 294.773696 280.3584215 268.724595 
-26.673645 [ 1.937 -1.375 -1.375] [-0.235  0.225 -0.07 ]283.0754485 269.143357 273.01188 271.028198 288.9070605 296.687309 282.9076135 269.1171585 
-26.775589 [ 1.812 -1.125 -1.75 ] [-0.195  0.275 -0.08 ]285.530162 269.573169 270.764605 269.1281235 288.212399 297.729072 285.370879 269.54143 
-26.877204 [ 1.624 -0.938 -2.438] [-0.155  0.405 -0.12 ]287.8132615 270.1380475 268.904763 267.583946 287.773494 297.808976 287.667893 270.0943055 
-26.978548 [ 1.562 -0.688 -2.938] [-0.115  0.485 -0.14 ]289.8444165 270.934894 267.596489 266.4451595 287.497856 297.042851 289.7183305 270.8726815 
-27.080804 [ 1.562 -0.438 -3.375] [-0.065  0.555 -0.16 ]291.543294 272.0606085 266.989104 265.7538005 287.279574 295.567895 291.441867 271.973454 
-27.182818 [ 1.499 -0.188 -3.625] [-0.035  0.595 -0.18 ]292.829563 273.612092 267.0824935 265.476693 287.012737 293.521306 292.758177 273.4935185 
-27.285927 [ 1.437  0.    -3.75 ] [-0.005  0.615 -0.18 ]293.6228905 275.6862445 267.7899595 265.537081 286.591433 291.040282 293.5869365 275.529771 
-27.387767 [ 1.437  0.125 -3.813] [ 0.025  0.625 -0.18 ]293.8687215 278.338879 269.0237435 265.8576745 285.9097515 288.2620215 293.8684535 278.146213 
-27.489229 [ 1.374  0.375 -3.75 ] [ 0.065  0.615 -0.18 ]293.638493 281.424968 270.6960885 266.3611845 284.8617805 285.3237225 293.6666725 281.209746 
-27.590712 [ 1.312  0.812 -3.688] [ 0.135  0.605 -0.18 ]293.042081 284.738212 272.719235 266.9703215 283.342745 282.3622135 293.091379 284.51419 
-27.69304 [ 1.249  1.125 -3.563] [ 0.195  0.585 -0.17 ]292.189372 288.072296 275.005426 267.607796 281.3406935 279.4841775 292.252433 287.8532455 
-27.796123 [ 1.312  1.125 -3.313] [ 0.195  0.545 -0.16 ]291.19025 291.220905 277.466903 268.1963185 279.0038795 276.744266 291.259695 291.0206125 
-27.898353 [ 1.374  1.125 -2.938] [ 0.195  0.475 -0.14 ]290.154601 293.977725 280.0163705 268.6694355 276.496438 274.191973 290.2230265 293.809992 
-27.999856 [ 1.374  1.25  -2.313] [ 0.215  0.385 -0.11 ]289.1923105 296.1364405 282.5709815 269.0650755 273.9825045 271.876792 289.2522875 296.015084 
-28.101885 [ 1.374  1.312 -1.875] [ 1.505  0.305 -0.08 ]288.413264 297.490738 285.0503775 269.479502 271.6262145 269.848217 288.457338 297.429589 
-28.204854 [ 1.374  1.312 -1.625] [ 0.225  0.275 -0.07 ]287.8968205 297.882881 287.3742265 270.0096155 269.591703 268.1557415 287.923533 297.886221 
-28.307825 [ 1.374  1.312 -1.313] [ 1.505  0.225 -0.06 ]287.579011 297.3832295 289.462197 270.752316 268.0431055 266.8488595 287.5952975 297.442044 
-28.410037 [ 1.374  1.25   0.437] [ 0.205 -0.075  0.02 ]287.3538375 296.1290285 291.2339565 271.804505 267.143347 265.976455 287.3667825 296.2341565 
-28.511414 [ 1.312  1.312  0.562] [ 1.505 -0.085  0.02 ]287.115297 294.257532 292.609174 273.2630825 266.966534 265.5427085 287.1320765 294.399757 
-28.613023 [ 1.249  1.375  0.562] [ 1.515 -0.085  0.02 ]286.7573855 291.905994 293.5075165 275.224949 267.4389005 265.4773725 286.785269 292.076043 
-28.714356 [ 1.249  1.375  0.562] [ 1.515 -0.085  0.02 ]286.1740995 289.2116675 293.861155 277.7670755 268.4726885 265.703159 286.220448 289.4002135 
-28.816331 [ 1.249  1.375  0.437] [ 1.515 -0.065  0.02 ]285.2594355 286.311807 293.7173495 280.782976 269.9801395 266.142777 285.331702 286.509466 
-28.918121 [ 1.249  1.312  0.187] [ 0.225 -0.035  0.01 ]283.90739 283.343666 293.1853835 284.067294 271.8734965 266.718938 284.01312 283.5409985 
-29.019649 [ 1.312  1.25   0.062] [ 0.215 -0.015  0.   ]282.051844 280.431527 292.375143 287.413715 274.065001 267.3543525 282.1908775 280.621589 
-29.121 [ 1.312  1.062 -0.063] [ 0.185  0.015  0.   ]279.806576 277.6411655 291.396513 290.615924 276.4668945 267.97173 279.968272 277.820488 
-29.222196 [ 1.312  0.437 -0.125] [ 0.075  0.025 -0.01 ]277.336062 275.0218675 290.3593785 293.467607 278.99146 268.494734 277.5093855 275.1872085 
-29.323821 [ 1.312 -0.375 -0.188] [-0.065  0.035 -0.01 ]274.804782 272.6229195 289.3736255 295.762449 281.553664 268.9099915 274.9783525 272.7712435 
-29.425488 [ 1.437 -1.188 -0.125] [-0.205  0.015 -0.01 ]272.3772145 270.493607 288.5491395 297.294135 284.072786 269.3052755 272.5393085 270.622087 
-29.52695 [ 1.499 -1.5    0.125] [-0.255 -0.025 -0.01 ]270.217839 268.6832165 287.980827 297.880187 286.468494 269.777486 270.3563895 268.7892325 
-29.628913 [ 1.499 -1.813  0.25 ] [ -3.05000000e-01  -3.27715000e+02   0.00000000e+00]268.491135 267.241034 287.63177 297.547916 288.6604555 270.4235235 268.59373 267.3221735 
-29.73038 [ 1.562 -2.125  0.312] [-0.365 -0.055  0.   ]267.361582 266.2163445 287.3965495 296.4336445 290.5683395 271.3402895 267.4154665 266.2704045 
-29.831589 [ 1.624 -2.5    0.312] [-0.435 -0.055 -0.01 ]266.954696 265.639101 287.1691625 294.674627 292.1118135 272.624683 266.954443 265.6676695 
-29.932825 [ 1.687 -2.813  0.312] [-0.475 -0.055 -0.01 ]267.2271585 265.455477 286.8436055 292.4081165 293.2105455 274.373606 267.1776685 265.464244 
-30.035342 [ 1.687 -3.     0.312] [-0.515 -0.055 -0.01 ]268.089929 265.5889595 286.313875 289.7713675 293.785378 276.6820865 267.997419 265.5828565 
-30.138502 [ 1.687 -3.063  0.312] [-0.525 -0.055 -0.01 ]269.453966 265.9630345 285.4739665 286.9016335 293.8276045 279.532852 269.325936 265.9462165 
-30.240594 [  1.68700000e+00  -3.06300000e+00   2.04837500e+03] [-0.525 -0.065 -0.01 ]271.2302275 266.5011875 284.217878 283.9361685 293.4377165 282.7345605 271.0754615 266.477035 
-30.342135 [ 1.687 -3.125  0.375] [-0.525 -0.065 -0.01 ]273.3296735 267.1269055 282.459394 281.00579 292.7255995 286.0808985 273.158238 267.0980225 
-30.44413 [ 1.624 -3.     0.062] [-0.505 -0.015 -0.02 ]275.6632615 267.7636735 280.2789125 278.1871295 291.801139 289.36555 275.486507 267.73189 
-30.547772 [ 1.437 -2.75  -0.563] [-0.475  0.085 -0.05 ]278.1419505 268.334978 277.8402895 275.529676 290.77422 292.3822015 277.97251 268.301347 
-30.650666 [ 1.374 -2.375 -0.938] [-0.415  0.145 -0.06 ]280.67886 268.7916035 275.3080045 273.0827155 289.7547285 294.9245375 280.529454 268.7517115 
-30.752251 [ 1.249 -2.063 -1.5  ] [-0.345  0.235 -0.08 ]283.196107 269.1979845 272.846536 270.895533 288.852549 296.7862435 283.0754485 269.143357 
-30.853967 [ 1.187 -1.75  -2.   ] [-0.305  0.325 -0.11 ]285.6181485 269.648127 270.620364 269.0174155 288.176069 297.7633905 285.530162 269.573169 
-30.956652 [ 1.124 -1.5   -2.563] [-0.255  0.425 -0.13 ]287.8694415 270.236037 268.7939675 267.497648 287.751796 297.7823505 287.8132615 270.1380475 
-31.060444 [ 1.062 -1.313 -3.063] [-0.225  0.505 -0.16 ]289.8744445 271.055721 267.5318255 266.385517 287.4837615 296.964409 289.8444165 270.934894 
-31.162933 [ 0.999 -1.063 -3.438] [-0.185  0.565 -0.17 ]291.5576145 272.201185 266.978876 265.7206115 287.2659615 295.4468195 291.543294 272.0606085 
-31.26468 [ 0.999 -0.813 -3.688] [-0.135  0.605 -0.18 ]292.8434085 273.7664355 267.122592 265.464385 286.992393 293.3668355 292.829563 273.612092 
-31.36633 [ 0.937 -0.625 -3.813] [-0.105  1.905 -0.19 ]293.656285 275.8454785 267.8744245 265.5405675 286.557052 290.8617115 293.6228905 275.6862445 
-31.467966 [ 0.874 -0.438 -3.875] [-0.075  0.635 -0.19 ]293.866649 277.9545515 269.145331 265.872645 285.8539355 288.068701 293.8687215 278.338879 
-31.569801 [ 0.874 -0.188 -3.813] [-0.035  0.625 -0.19 ]293.6942075 280.9939095 270.8462715 266.3841035 284.7770395 285.125058 293.638493 281.424968 
-31.671532 [ 0.812  0.25  -3.75 ] [ 0.035  0.615 -0.18 ]293.140597 284.2884175 272.8882035 266.9984295 283.222464 282.167352 293.042081 284.738212 
-31.773074 [ 0.749  0.562 -3.688] [ 0.105  0.605 -0.18 ]292.3157525 287.6316675 275.1820865 267.6391085 281.191293 279.298009 292.189372 288.072296 
-31.877222 [ 0.812  0.687 -3.438] [ 0.115  0.565 -0.17 ]291.329608 290.8172525 277.6388785 268.229627 278.836189 276.5701585 291.19025 291.220905 
-31.978979 [ 0.937  0.687 -2.938] [ 0.115  0.485 -0.14 ]290.292098 293.6387645 280.170634 268.7073065 276.321631 274.033086 290.154601 293.977725 
-32.080763 [ 0.874  0.812 -2.375] [ 0.135  0.405 -0.11 ]289.313157 295.889796 282.6978565 269.1162155 273.8120985 271.736078 289.1923105 296.1364405 
-32.183027 [ 0.812  0.812 -1.813] [ 0.145  0.305 -0.08 ]288.502719 297.3639395 285.1449825 269.5500855 271.4720705 269.7284205 288.413264 297.490738 
-32.28471 [ 0.812  0.812 -1.625] [ 0.145  0.275 -0.07 ]287.9513615 297.885602 287.436469 270.1029215 269.466026 268.0593985 287.8968205 297.882881 
-32.387262 [ 0.812  0.937 -1.438] [ 0.155  0.235 -0.06 ]287.6125715 297.497423 289.4967735 270.86873 267.958445 266.778299 287.579011 297.3832295 
-32.490613 [ 0.812  0.812  0.062] [ 0.145  0.015  0.   ]287.3806515 296.336258 291.250353 271.9415175 267.1116075 265.933316 287.3538375 296.1290285 
-32.593362 [ 0.749  0.875  1.25 ] [ 0.155 -0.215  0.05 ]287.14967 294.5393335 292.621666 273.41529 266.9871455 265.522702 287.115297 294.257532 
-32.69502 [ 0.687  0.75   1.5  ] [ 0.135 -0.245  0.06 ]286.8136965 292.243877 293.535169 275.384054 267.506416 265.4751025 286.7573855 291.905994 
-32.797429 [ 0.624  0.75   1.187] [ 0.125 -0.205  0.05 ]286.266799 289.587115 293.845723 277.3954615 268.580378 265.7140035 286.1740995 289.2116675 
-32.900926 [ 0.624  0.937  1.   ] [ 0.165 -0.175  0.04 ]285.4030465 286.706275 293.762707 280.359021 270.11999 266.162891 285.2594355 286.311807 
-33.003102 [ 0.624  0.937  0.812] [ 0.155 -0.135  0.03 ]284.116508 283.738584 293.276536 283.6190115 272.03621 266.745252 283.90739 283.343666 
-33.104705 [ 0.624  0.875  0.625] [ 0.145 -0.105  0.03 ]282.3266805 280.8130075 292.4971435 286.969026 274.2399975 267.384571 282.051844 280.431527 
-33.206386 [ 0.687  0.625  0.437] [ 0.105 -0.075  0.02 ]280.1256985 278.002425 291.534464 290.2026565 276.642311 268.0043355 279.806576 277.6411655 
-33.309076 [ 0.624 -0.25   0.375] [-0.045 -0.055  0.01 ]277.677469 275.356399 290.4984325 293.1134955 279.154239 268.529674 277.336062 275.0218675 
-33.415253 [ 0.687 -0.938  0.312] [-0.155 -0.055  0.01 ]275.146133 272.924414 289.4989825 295.4951355 281.6923485 268.954921 274.804782 272.6229195 
-33.517017 [ 0.749 -1.563  0.437] [-0.265 -0.075  0.01 ]272.6958315 270.755957 288.646049 297.1411695 284.1805785 269.367526 272.3772145 270.493607 
-33.618561 [ 0.812 -1.938  0.625] [-0.325 -0.105  0.01 ]270.490706 268.9005125 288.041266 297.858403 286.543386 269.8614945 270.217839 268.6832165 
-33.720365 [ 0.874 -2.188  0.687] [-0.365 -0.125  0.01 ]268.6948975 267.407567 287.66839 297.641289 288.705228 270.5308335 268.491135 267.241034 
-33.821951 [ 0.937 -2.563  0.687] [-0.435 -0.125  0.01 ]267.4725475 266.3266055 287.4235705 296.623743 290.590563 271.4695485 267.361582 266.2163445 
-33.923588 [ 0.937 -2.875  0.75 ] [-0.495 -0.125  0.01 ]266.962913 265.6945915 287.200876 294.9429925 292.1238475 272.7716465 266.954696 265.639101 
-34.025739 [ 0.999 -3.188  0.75 ] [-0.545 -0.125  0.   ]267.1432495 265.466958 286.894375 292.736264 293.2295395 274.531133 267.2271585 265.455477 
-34.127426 [ 0.999 -3.313  0.687] [-0.565 -0.125  0.   ]267.925967 265.5665055 286.398137 290.140785 293.74142 276.339274 268.089929 265.5889595 
-34.230434 [ 0.999 -3.375  0.75 ] [-0.575 -0.125  0.   ]269.2233045 265.9159475 285.60623 287.2937825 293.8504485 279.1264665 269.453966 265.9630345 
-34.333644 [ 0.999 -3.375  0.812] [-0.575 -0.145  0.   ]270.947501 266.437998 284.4127235 284.332483 293.512347 282.2926535 271.2302275 266.5011875 
-34.435732 [ 0.999 -3.375  0.75 ] [-0.575 -0.135  0.   ]273.0107955 267.0553705 282.7227625 281.390516 292.837051 285.6314275 273.3296735 267.1269055 
-34.537293 [ 0.874 -3.25   0.312] [-0.555 -0.055 -0.02 ]275.325426 267.6907785 280.590927 278.552961 291.9344945 288.93638 275.6632615 267.7636735 
-34.638903 [ 0.749 -3.125 -0.313] [-0.535  0.045 -0.04 ]277.8036315 268.266936 278.179016 275.8700645 290.9146115 292.001105 278.1419505 268.334978 
-34.742091 [ 0.499 -2.625 -0.938] [-0.455  0.135 -0.06 ]280.3584215 268.724595 275.6511695 273.3913125 289.887337 294.6191935 280.67886 268.7916035 
-34.845917 [ 0.437 -2.25  -1.375] [-0.385  0.215 -0.08 ]282.9076135 269.1171585 273.17153 271.166191 288.962605 296.5842385 283.196107 269.1979845 
-34.947568 [ 0.374 -2.    -1.938] [-0.345  0.315 -0.1  ]285.370879 269.54143 270.9042385 269.244185 288.2500005 297.690389 285.6181485 269.648127 
-35.050009 [ 0.249 -1.813 -2.5  ] [-0.305  0.405 -0.13 ]287.667893 270.0943055 269.013435 267.6747805 287.7962415 297.831871 287.8694415 270.236037 
-35.153023 [ 0.187 -1.563 -3.   ] [-0.265  0.485 -0.15 ]289.7183305 270.8726815 267.6632625 266.5074635 287.512911 297.1180305 289.8744445 271.055721 
-35.255127 [ 0.187 -1.313 -3.313] [-0.215  0.545 -0.17 ]291.441867 271.973454 267.0068545 265.786181 287.2940785 295.6860945 291.5576145 272.201185 
-35.356829 [ 0.124 -1.063 -3.5  ] [-0.175  0.575 -0.18 ]292.758177 273.4935185 267.0561835 265.483837 287.033812 293.67329 292.8434085 273.7664355 
-35.458471 [ 0.124 -0.875 -3.75 ] [-0.145  0.615 -0.19 ]293.5869365 275.529771 267.7254455 265.524131 286.6261805 291.216844 293.656285 275.8454785 
-35.560723 [ 0.062 -0.625 -3.813] [-0.115  0.625 -0.19 ]293.8684535 278.146213 268.92688 265.829777 285.9652525 288.4539835 293.866649 277.9545515 
-35.663992 [ -1.00000000e-03  -3.13000000e-01  -3.81300000e+00] [-0.065  0.625 -0.19 ]293.6666725 281.209746 270.5727255 266.323489 284.9450975 285.521936 293.6942075 280.9939095 
-35.766325 [-0.063  0.125 -3.75 ] [ 0.025  0.615 -0.18 ]293.091379 284.51419 272.575221 266.92798 283.460308 282.5577575 293.140597 284.2884175 
-35.867748 [-0.063  0.375 -3.688] [ 0.065  0.605 -0.18 ]292.252433 287.8532455 274.8466055 267.5659635 281.4864625 279.672195 292.3157525 287.6316675 
-35.969157 [ -1.00000000e-03   4.37000000e-01  -3.50000000e+00] [ 0.075  0.575 -0.17 ]291.259695 291.0206125 277.299117 268.160154 279.1668845 276.921497 291.329608 290.8172525 
-36.070431 [ 0.062  0.5   -3.125] [ 0.085  0.515 -0.15 ]290.2230265 293.809992 279.8453405 268.6413605 276.6657155 274.355149 290.292098 293.6387645 
-36.17172 [ 0.062  0.625 -2.563] [ 0.105  0.425 -0.12 ]289.2522875 296.015084 282.4020785 269.03921 274.147096 272.022637 289.313157 295.889796 
-36.273074 [ 0.062  0.812 -2.   ] [ 0.135  0.325 -0.09 ]288.457338 297.429589 284.8889555 269.449388 271.7751685 269.9734465 288.502719 297.3639395 
-36.375313 [ 0.062  0.812 -1.688] [ 0.135  0.285 -0.08 ]287.923533 297.886221 287.225646 269.968791 269.7140725 268.257063 287.9513615 297.885602 
-36.477422 [ 0.062  0.875 -1.5  ] [ 0.145  0.245 -0.07 ]287.5952975 297.442044 289.3318245 270.6943155 268.127951 266.922973 287.6125715 297.497423 
-36.579211 [ 0.124  0.75   0.125] [ 0.135 -0.025  0.01 ]287.3667825 296.2341565 291.1271675 271.7228565 267.180363 266.0203695 287.3806515 296.336258 
-36.680839 [ -1.00000000e-03   8.12000000e-01   1.25000000e+00] [ 0.135 -0.205  0.05 ]287.1320765 294.399757 292.531349 273.151311 266.957145 265.55933 287.14967 294.5393335 
-36.786652 [ -1.00000000e-03   5.00000000e-01   1.12500000e+00] [ 0.085 -0.195  0.05 ]286.785269 292.076043 293.4640445 275.0765745 267.3889655 265.471843 286.8136965 292.243877 
