-0.074981 [ 7.375 -2.437 -9.187] [-0.36  1.55  9.67]
-0.176934 [ 6.625 -7.75  -7.75 ] [-0.04  1.31  9.62]
-0.278405 [ 5.313 -9.437 -3.5  ] [-0.33  0.59  9.65]
-0.379892 [  5.125 -10.25   -1.   ] [-0.46  0.17  9.64]
-0.48145 [  4.938 -10.562   0.313] [-0.52 -0.05  9.63]
-0.583064 [  4.875 -10.125   0.375] [-0.45 -0.07  9.65]
-0.685895 [ 4.875 -9.562  0.438] [-1.64 -0.07  9.66]
-0.787813 [ 4.813 -8.5   -0.5  ] [-0.17  0.08  9.69]
-0.8893 [ 4.75  -8.187 -1.875] [-0.11  0.32  9.7 ]
-0.991791 [ 3.25  -7.375 -2.375] [-1.26  0.4   9.71]
-1.095231 [ 4.75  -6.625 -2.5  ] [-1.15  0.42  9.72]
-1.197588 [ 4.75  -6.125 -3.25 ] [-1.05  0.55  9.73]
-1.299017 [ 4.688 -5.812 -4.812] [-0.99  0.82  9.72]
-1.400552 [ 4.563 -5.562 -7.312] [-0.95  1.24  9.68]
-1.503282 [ 4.375 -5.437 -9.875] [-0.93  1.68  9.61]
-1.606422 [  4.188  -5.187 -14.062] [-0.9   2.29  9.49]
-1.708566 [  4.     -4.937 -18.375] [-0.84  3.08  9.27]
-1.810102 [  4.     -4.625 -18.812] [-0.79  3.15  9.24]
-1.912408 [  4.063  -4.312 -18.5  ] [-0.74  3.11  9.26]
-2.015928 [  3.875  -4.    -18.062] [-0.68  3.03  9.29]
-2.119469 [  4.188  -3.937 -17.75 ] [-0.68  2.99  9.31]
-2.221262 [  4.438  -2.75  -17.062] [-0.47  2.87  9.36]
-2.323056 [  4.938   0.125 -15.562] [ 1.3   2.63  9.44]
-2.424697 [  5.25    2.313 -14.187] [ 1.68  2.4   9.49]
-2.526129 [  5.313   2.938 -13.312] [ 1.78  2.26  9.52]
-2.62753 [  5.438   3.813 -12.625] [ 1.93  2.14  9.54]
-2.729286 [  5.688   4.938 -11.125] [   2.1  -325.76    9.58]
-2.831064 [  5.75   6.   -10.5 ] [ 2.31  1.78  9.58]
-2.932727 [ 5.813  6.875 -9.937] [ 2.46  1.68  9.58]
-3.034551 [ 5.875  8.625 -9.687] [ 1.47  1.64  9.55]
-3.136161 [ 5.875  9.813 -9.75 ] [ 1.67  1.63  9.52]
-3.237518 [  5.813  10.25  -10.5  ] [ 1.75  1.75  9.48]
-3.339303 [  5.688  10.75  -11.25 ] [ 1.82  1.87  9.45]
-3.441346 [  5.813  10.875 -10.562] [ 1.85  1.77  9.46]
-3.542953 [  5.875  10.75   -9.5  ] [ 1.83  1.59  9.5 ]
-3.64554 [  6.063  10.375  -7.875] [ 1.77  1.32  9.55]
-3.748954 [ 6.188  9.813 -6.   ] [ 1.67  1.01  9.6 ]
-3.851583 [ 6.063  8.063 -5.687] [ 1.37  0.96  9.66]
-3.953522 [ 5.313  4.188 -5.   ] [ 2.    0.85  9.74]
-4.055075 [ 4.5   -0.562 -3.562] [-0.1   0.61  9.78]
-4.157594 [ 3.875 -5.625 -2.5  ] [-0.96  0.43  9.74]
-4.260977 [  3.063 -10.812  -2.   ] [-0.55  0.34  9.62]
-4.363479 [  2.938 -10.     -1.25 ] [-0.43  0.21  9.65]
-4.465256 [ 2.938 -9.875 -0.875] [-0.41  0.14  9.65]
-4.567582 [  2.875 -10.125  -0.375] [-0.44  0.07  9.65]
-4.67101 [ 2.813 -9.937  0.   ] [-1.69  0.    9.65]
-4.773586 [ 2.875 -9.562  0.063] [-0.35 -0.01  9.66]
-4.87537 [ 2.75  -8.5   -0.687] [-0.17  0.12  9.69]
-4.976771 [ 2.688 -7.062 -1.937] [-1.21  0.33  9.72]
-5.078171 [ 2.688 -6.125 -2.25 ] [-1.04  0.39  9.74]
-5.180136 [ 2.75  -5.25  -2.625] [-0.89  0.45  9.75]
-5.28182 [ 2.688 -4.687 -3.5  ] [-0.81  0.6   9.75]
-5.383522 [ 2.625 -4.062 -4.937] [-0.71  0.82  9.74]
-5.485281 [ 2.563 -3.812 -6.75 ] [-0.65  1.15  9.71]
-5.58675 [ 2.5   -3.687 -9.125] [-0.64  1.55  9.66]
-5.688244 [  2.313  -3.562 -12.25 ] [-0.61  2.08  9.56]
-5.789622 [  2.125  -3.312 -17.437] [-0.57  2.93  9.33]
-5.891258 [  2.188  -2.937 -19.187] [-0.5   3.22  7.96]
-5.993273 [  5.875  -3.125 -19.375] [-0.53  3.25  9.23]
-6.095659 [  2.063  -3.562 -19.625] [-0.61  3.28  9.21]
-6.198177 [  5.875  -3.187 -19.125] [-0.55  3.21  9.24]
-6.30136 [  2.5    -1.625 -18.062] [-0.28  3.04  9.31]
-6.40505 [  3.      1.125 -16.062] [ 1.43  2.74  9.41]
-6.507288 [  3.313   3.188 -14.062] [ 1.83  2.38  9.49]
-6.609023 [  4.625   3.688 -13.125] [ 1.91  2.22  9.52]
-6.712138 [  3.5     4.563 -12.437] [ 2.06  2.1   9.54]
-6.815831 [  3.688   5.625 -11.25 ] [ 0.94  1.94  9.56]
-6.918748 [  3.813   6.813 -10.25 ] [ 2.44  1.73  9.58]
-7.02778 [ 3.875  7.563 -9.812] [ 1.29  1.66  9.57]
-7.129307 [ 3.938  9.375 -9.5  ] [ 1.6   1.59  9.54]
-7.230983 [  4.     10.063  -9.25 ] [ 1.71  1.55  9.52]
-7.332409 [  4.063  10.625  -8.75 ] [ 1.81  1.46  9.52]
-7.433966 [  4.125  11.188  -8.312] [ 1.9   1.39  9.51]
-7.535534 [  4.188  11.5    -7.875] [ 1.95  1.31  9.51]
-7.637257 [  4.25   11.188  -7.312] [ 1.91  1.23  9.53]
-7.738938 [  4.375  10.875  -6.25 ] [ 1.85  1.05  9.57]
-7.840782 [  4.313  10.125  -6.187] [ 1.72  1.04  9.59]
-7.942436 [ 4.     7.813 -5.875] [ 1.34  1.    8.38]
-8.043909 [ 2.938  3.5   -5.   ] [ 1.88  0.86  9.74]
-8.146325 [ 2.063 -1.187 -3.625] [-0.2   0.62  9.78]
-8.248134 [ 1.25  -7.    -2.562] [-1.09  0.45  9.73]
-8.349875 [  0.813 -10.437  -2.125] [-0.49  0.35  9.63]
-8.451618 [ 0.813 -9.437 -1.187] [-0.32  0.2   9.67]
-8.553593 [ 7.25  -9.562 -0.812] [-0.35  0.14  9.66]
-8.656687 [ 0.688 -9.812 -0.312] [-0.39  0.05  9.66]
-8.759518 [ 0.75  -9.687  0.125] [-0.37 -0.01  9.66]
-8.861622 [ 0.75  -8.937  0.125] [-0.25 -0.02  9.68]
-8.963171 [ 7.312 -8.937 -0.187] [-0.24  0.03  9.68]
-9.065536 [ 7.437 -8.5   -1.125] [-1.44  0.19  9.69]
-9.168619 [ 0.5   -7.625 -2.187] [-0.02  0.35  9.71]
-9.271282 [ 0.438 -6.937 -3.437] [-1.18  0.59  9.71]
-9.372984 [ 0.375 -6.437 -4.562] [-1.1   0.77  9.71]
-9.474749 [ 7.687 -6.312 -5.75 ] [-1.08  0.98  9.69]
-9.57732 [ 0.188 -6.062 -7.687] [-1.04  1.3   9.66]
-9.681014 [  0.  -6. -10.] [-1.03  1.65  9.6 ]
-9.783307 [  8.25   -5.875 -13.312] [-1.    2.24  9.49]
-9.885021 [  8.562  -5.875 -17.875] [-1.    2.99  9.28]
-9.986648 [  8.75   -6.062 -18.937] [ 326.65    3.17    9.22]
-10.088066 [  8.687  -6.    -18.875] [-1.02  3.16  9.22]
-10.189542 [  8.562  -5.25  -18.625] [-0.89  3.12  9.25]
-10.291007 [  8.312  -4.125 -18.187] [-0.7   3.05  9.29]
-10.39293 [  0.125  -1.812 -17.125] [-0.36  2.91  9.35]
-10.494937 [  0.563   0.688 -15.312] [ 1.4   2.59  8.17]
-10.596459 [  0.938   3.125 -13.937] [ 1.82  2.35  9.5 ]
-10.697869 [  1.063   3.813 -13.062] [ 1.93  2.21  9.52]
-10.799321 [  1.313   4.563 -12.375] [ 2.06  2.1   9.54]
-10.901057 [  1.375   5.375 -12.125] [ 2.2   2.05  9.54]
-11.003274 [  1.563   6.625 -10.625] [ 2.39  1.8   9.57]
-11.105355 [  1.625   7.313 -10.187] [ 2.53  1.72  9.57]
-11.207676 [ 6.312  8.938 -9.937] [ 1.52  1.68  9.54]
-11.310441 [ 1.75   9.938 -9.625] [ 1.7   1.61  9.52]
-11.413845 [  1.688  10.25  -10.25 ] [ 1.74  1.7   9.49]
-11.516206 [  1.625  10.813 -10.75 ] [ 1.84  1.79  9.46]
-11.617908 [  1.75   11.063  -9.875] [ 1.88  1.65  9.48]
-11.720461 [  1.75   10.625  -9.25 ] [ 1.81  1.55  9.51]
-11.823854 [  1.938  10.313  -7.375] [ 1.76  1.27  9.56]
-11.926195 [ 2.     9.875 -5.875] [ 1.68  0.98  9.6 ]
-12.027619 [ 1.938  8.563 -5.625] [ 1.46  0.95  9.64]
-12.12929 [ 7.187  4.813 -4.937] [ 2.1   0.84  9.73]
-12.232172 [ 8.187  0.125 -3.562] [ 1.3   0.61  9.78]
-12.335544 [ 9.062 -5.5   -2.5  ] [-0.84  0.44  9.76]
-12.437508 [  9.75 -10.5   -2.  ] [-0.5   0.34  9.63]
-12.538966 [ 9.75  -9.812 -1.375] [-0.4   0.23  9.65]
-12.641098 [ 9.687 -9.312 -0.812] [-0.31  0.14  9.67]
-12.742749 [ 9.75  -9.625 -0.5  ] [-0.36  0.09  9.66]
-12.844506 [ 9.812 -9.562  0.   ] [-1.63  0.    9.66]
-12.947171 [ 9.687 -9.312 -0.062] [-0.31  0.01  9.67]
-13.048989 [ 9.75  -8.187 -0.5  ] [-0.12  0.08  9.7 ]
-13.150709 [  9.812 -15.687  -1.625] [-0.04  0.28  9.71]
-13.252182 [ 9.875 -6.937 -2.75 ] [-1.19  0.47  9.72]
-13.353596 [ 9.875 -6.062 -3.25 ] [-1.04  0.56  9.73]
-13.455256 [ 9.875 -5.5   -4.   ] [-0.94  0.68  9.73]
-13.556989 [ 10.     -5.25   -5.812] [-0.91  0.95  9.71]
-13.658982 [ 10.125  -5.062  -7.875] [-0.87  1.33  9.67]
-13.760669 [ 10.25   -5.    -10.062] [-0.86  1.7   9.61]
-13.862136 [ 10.5    -4.875 -13.437] [-0.83  2.28  9.5 ]
-13.964639 [ 10.75   -4.75  -17.687] [-0.81  2.97  9.31]
-14.067881 [ 10.812  -4.812 -18.437] [-0.82  3.08  9.27]
-14.171116 [ 10.75   -4.562 -18.   ] [-0.78  3.03  9.29]
-14.273247 [ 10.687  -4.437 -17.5  ] [-0.76  2.94  9.32]
-14.376439 [ 10.562  -3.812 -17.25 ] [-0.65  2.9   9.34]
-14.479297 [ 10.312  -2.375 -16.5  ] [-0.44  2.8   9.38]
-14.581368 [  9.875   0.    -15.437] [ 1.28  2.61  9.45]
-14.683059 [  9.437   2.813 -14.187] [ 1.76  2.41  9.49]
-14.785634 [  9.312   3.813 -13.187] [ 0.66  2.23  9.52]
-14.889005 [  9.      4.688 -12.375] [ 2.07  2.1   9.54]
-14.991591 [  8.937   5.5   -11.5  ] [ 2.22  1.95  9.56]
-15.093266 [  8.812   6.563 -10.312] [ 2.4   1.74  9.58]
-15.194996 [ 8.75   7.25  -9.812] [ 2.52  1.66  9.58]
-15.296907 [ 8.687  9.125 -9.625] [ 1.56  1.61  9.54]
-15.398629 [  8.562  10.313  -9.25 ] [ 1.75  1.55  9.52]
-15.500472 [  8.625  10.75   -9.875] [ 1.82  1.64  9.49]
-15.602209 [  8.687  11.188 -10.125] [ 1.9   1.69  9.47]
-15.704687 [  8.562  11.313  -9.375] [ 1.92  1.57  9.48]
-15.806358 [  8.5    10.938  -8.687] [ 1.87  1.46  9.51]
-15.907892 [  8.5    10.688  -7.687] [ 1.82  1.29  9.54]
-16.009387 [ 8.562  9.813 -7.5  ] [ 1.67  1.26  9.57]
-16.11166 [ 9.5    6.75  -6.875] [ 2.49  1.17  9.65]
-16.213861 [ 10.437   2.313  -6.   ] [ 1.68  1.03  9.74]
-16.315333 [ 11.187  -2.625  -4.625] [-0.44  0.8   9.76]
-16.417605 [ 11.875  -8.125  -3.75 ] [-0.11  0.63  9.68]
-16.521042 [ 11.937  -9.312  -2.5  ] [-0.33  0.45  9.66]
-16.623858 [ 12.     -8.812  -0.875] [-0.22  0.15  9.68]
-16.725544 [ 12.062  -9.375  -0.312] [-0.32  0.05  9.67]
-16.827263 [ 12.125  -9.687  -0.062] [-0.37  0.01  9.66]
-16.929923 [ 12.062  -9.562   0.25 ] [-0.35 -0.04  9.66]
-17.033548 [ 11.937  -9.125   0.125] [-1.57 -0.02  9.67]
-17.135954 [ 12.     -8.125  -0.25 ] [-0.11  0.05  9.7 ]
-17.23787 [ 12.062  -7.75   -1.25 ] [-0.05  0.21  9.71]
-17.340777 [ 12.125  -6.812  -2.125] [-1.16  0.36  9.72]
-17.444185 [ 12.125  -6.125  -3.125] [-1.05  0.52  9.73]
-17.546189 [ 12.187  -5.625  -4.062] [-0.96  0.69  9.73]
-17.648053 [ 12.312  -5.375  -5.437] [-0.92  0.93  9.71]
-17.749571 [ 12.437  -5.187  -7.437] [-0.89  1.26  9.68]
-17.851352 [ 12.562  -5.187  -9.437] [-0.88  1.61  9.63]
-17.953083 [ 12.75   -5.    -12.812] [-0.86  2.17  9.52]
-18.055045 [ 13.062  -5.125 -17.687] [-0.87  2.93  8.03]
-18.156944 [ 13.312  -5.5   -18.562] [-0.94  3.11  9.25]
-18.258424 [ 13.312  -5.5   -18.125] [-0.95  3.03  9.27]
-18.359973 [ 13.25   -5.312 -17.875] [-0.91  3.    9.29]
-18.461576 [ 13.     -4.187 -17.437] [-0.71  2.93  9.32]
-18.563074 [ 12.562  -2.    -16.5  ] [-0.34  2.78  9.39]
-18.665311 [ 12.062   1.    -15.   ] [ 1.41  2.56  9.46]
-18.767272 [ 11.75    3.063 -13.937] [ 1.81  2.36  9.5 ]
-18.868738 [ 11.687   3.625 -13.125] [ 1.9   2.22  9.53]
-18.970461 [ 11.5     4.5   -12.437] [ 2.05  2.1   9.54]
-19.073065 [ 11.375   5.438 -10.937] [ 2.21  1.85  9.58]
-19.176407 [ 11.25    6.625 -10.125] [ 2.4   1.72  9.58]
-19.278686 [ 11.187   7.438  -9.687] [ 2.54  1.64  9.58]
-19.380122 [ 11.125   9.438  -9.5  ] [ 1.61  1.59  9.54]
-19.482151 [ 11.062  10.188  -9.187] [ 1.73  1.54  9.52]
-19.585608 [ 11.     10.5    -8.812] [ 1.79  1.47  9.52]
-19.68844 [ 10.937  11.188  -8.312] [ 1.91  1.39  9.51]
-19.790437 [ 10.875  11.5    -7.937] [ 1.96  1.33  9.51]
-19.892447 [ 10.875  11.188  -7.562] [ 1.9   1.26  9.53]
-19.995586 [ 10.75   10.813  -6.437] [ 1.84  1.08  9.57]
-20.098827 [ 10.875  10.063  -6.437] [ 1.73  1.08  9.59]
-20.201828 [ 11.062   8.125  -6.   ] [ 1.38  1.01  9.65]
-20.303514 [ 12.5     3.313  -5.   ] [ 1.85  0.86  9.75]
-20.404969 [ 13.5    -1.687  -3.687] [-0.29  0.63  9.78]
-20.506358 [   14.312  2040.75     -2.75 ] [-1.24  0.46  9.71]
-20.607833 [ 14.375  -9.875  -2.375] [-0.4   0.4   9.65]
-20.709441 [ 14.375  -8.812  -1.437] [-0.23  0.26  9.68]
-20.811346 [ 14.437  -9.25   -1.062] [-0.3   0.18  9.67]
-20.913051 [ 14.5    -9.5    -0.375] [-0.34  0.06  9.67]
-21.014743 [ 14.562  -9.375   0.   ] [-0.32  0.    9.67]
-21.116249 [ 14.375  -9.25    0.   ] [-0.3   0.    9.67]
-21.217637 [ 14.437  -8.625   0.   ] [-0.19  0.    9.69]
-21.319643 [ 14.562  -8.187  -0.812] [-0.14  0.12  9.7 ]
-21.421854 [ 14.687  -7.562  -2.   ] [-0.02  0.33  9.71]
-21.523606 [ 14.75   -6.812  -3.062] [-1.16  0.52  9.72]
-21.625616 [ 14.812  -6.562  -3.812] [-1.12  0.65  9.71]
-21.729861 [ 14.875  -6.312  -5.437] [-1.08  0.89  9.7 ]
-21.832438 [ 15.     -6.     -7.312] [-1.02  1.25  9.67]
-21.934146 [ 15.187  -5.812  -9.75 ] [-0.99  1.66  9.61]
-22.036091 [ 15.437  -5.625 -13.625] [-0.96  2.3   9.48]
-22.139334 [ 15.812  -5.5   -17.687] [-0.94  2.97  9.29]
-22.242277 [ 15.937  -5.812 -18.437] [-0.99  3.08  9.25]
-22.344182 [ 16.     -6.5   -18.125] [-1.11  3.03  9.25]
-22.44558 [ 15.812  -5.562 -17.687] [-0.95  2.96  9.29]
-22.54761 [ 15.5    -3.75  -17.187] [-0.64  2.89  9.34]
-22.651012 [ 15.     -1.125 -16.312] [-0.23  2.76  9.4 ]
-22.754115 [ 14.625   1.    -15.25 ] [ 1.45  2.58  9.45]
-22.855594 [ 14.312   3.063 -14.312] [ 1.8   2.43  9.48]
-22.957123 [ 14.312   3.625 -13.25 ] [ 1.9   2.24  9.52]
-23.058808 [ 14.062   4.5   -12.375] [ 2.05  2.1   9.54]
-23.160729 [ 13.875   5.438 -10.812] [ 2.21  1.83  9.58]
-23.262369 [ 13.75    6.625 -10.062] [ 2.41  1.7   9.59]
-23.364151 [ 13.687   7.563  -9.562] [ 2.55  1.63  9.58]
-23.465944 [ 13.625   9.5    -9.375] [ 1.62  1.57  9.54]
-23.56761 [ 13.562  10.563  -9.187] [ 1.8   1.54  9.51]
-23.669156 [ 13.687  10.813 -10.125] [ 1.84  1.7   9.47]
-23.770651 [ 13.687  11.313 -10.25 ] [ 1.92  1.71  9.46]
-23.872228 [ 13.625  11.5    -9.375] [ 1.96  1.57  9.47]
-23.973868 [ 13.5   11.25  -8.5 ] [ 1.92  1.44  9.5 ]
-24.075531 [ 13.375  10.875  -6.812] [ 1.85  1.18  9.55]
-24.177512 [ 13.375  10.375  -6.062] [ 1.76  1.02  9.59]
-24.279285 [ 13.437   8.875  -5.812] [ 1.52  0.98  9.63]
-24.381877 [ 14.625   4.875  -5.   ] [ 2.11  0.85  9.73]
-24.485246 [ 15.687  -0.375  -3.562] [ 1.28  0.63  9.78]
-24.587876 [ 8.312 -5.187 -2.562] [-0.89  0.43  9.75]
-24.690136 [ 16.937  -9.875  -2.125] [-0.4   0.35  9.65]
-24.793389 [ 8.562 -9.187 -1.437] [-1.56  0.24  9.67]
-24.896419 [ 8.625 -9.062 -0.875] [-0.26  0.15  9.68]
-24.998421 [ 8.687 -9.25  -0.312] [-0.3   0.05  9.67]
-25.100153 [ 8.687 -9.187  0.188] [-0.29 -0.03  9.67]
-25.202806 [ 16.75   -8.75    0.125] [-1.49 -0.02  9.69]
-25.306134 [ 8.812 -8.25  -0.062] [-0.12  0.    9.7 ]
-25.408576 [ 8.937 -8.312 -1.125] [-0.13  0.19  9.7 ]
-25.509964 [ 9.    -7.687 -2.187] [-0.03  0.37  9.71]
-25.611563 [ 9.062 -7.062 -3.125] [-1.21  0.53  9.71]
-25.713285 [ 9.125 -6.812 -4.062] [-1.17  0.69  9.71]
-25.814961 [ 9.25  -6.375 -5.437] [-1.09  0.93  9.7 ]
-25.916376 [ 9.375 -6.125 -7.25 ] [-1.04  1.23  9.67]
-26.018111 [ 9.5   -6.    -9.562] [-1.03  1.58  9.62]
-26.119867 [  9.75   -5.875 -12.937] [-1.    2.18  9.5 ]
-26.222395 [ 10.187  -5.875 -17.5  ] [-1.01  2.93  9.3 ]
-26.324112 [ 10.312 -14.187 -18.625] [-1.06  3.12  9.23]
-26.425904 [ 10.437  -6.75  -18.5  ] [-1.16  3.09  9.23]
-26.527514 [ 10.125  -5.687 -17.875] [-0.97  3.    9.28]
-26.629825 [  9.625  -3.    -17.312] [-0.56  2.92  9.34]
-26.73186 [  9.25   -0.687 -16.437] [-0.12  2.78  9.4 ]
-26.833561 [ 16.875   1.5   -15.187] [ 1.53  2.56  9.46]
-26.936132 [  8.562   3.25  -14.125] [ 1.84  2.39  9.49]
-27.039425 [  8.5     3.75  -13.187] [ 1.92  2.24  9.52]
-27.142023 [  8.187   4.625 -12.5  ] [ 2.07  2.12  9.54]
-27.243493 [  8.062   5.688 -11.   ] [ 2.25  1.86  9.57]
-27.345531 [ 15.937   6.813 -10.125] [ 2.44  1.72  9.58]
-27.448784 [ 15.875   7.5    -9.875] [ 1.28  1.67  9.57]
-27.551676 [ 15.812   9.5    -9.5  ] [ 1.62  1.6   9.53]
-27.654167 [ 15.75   10.438  -9.312] [ 1.78  1.56  9.51]
-27.756735 [ 15.812  10.75  -10.062] [ 1.83  1.69  9.48]
-27.860147 [ 15.937  11.313 -10.875] [ 1.92  1.81  9.44]
-27.963261 [ 15.875  11.313 -10.375] [ 1.92  1.73  9.45]
-28.06469 [ 15.75   11.     -9.125] [ 1.88  1.53  9.5 ]
-28.16621 [ 15.562  10.688  -7.312] [ 1.82  1.22  9.55]
-28.267533 [ 15.5     2.188  -6.125] [ 1.73  1.03  9.59]
-28.369022 [ 15.625   8.563  -5.875] [ 1.46  0.99  9.64]
-28.470453 [ 8.812  4.313 -5.   ] [ 2.02  0.85  9.74]
-28.571866 [ 9.937 -0.625 -3.562] [-0.11  0.61  9.78]
-28.673522 [ 10.75   -6.25   -2.437] [-0.96  0.43  9.74]
-28.77523 [ 11.187  -9.875  -1.875] [-0.4   0.31  9.65]
-28.876746 [ 11.187  -8.937  -0.062] [-0.24  0.01  9.68]
-28.978174 [ 11.187  -8.937   0.   ] [-0.24  0.    9.68]
-29.079569 [ 11.25   -9.187   0.25 ] [-0.29 -0.04  9.67]
-29.181959 [ 11.125  -9.062   0.5  ] [-0.26 -0.09  9.68]
-29.283837 [ 10.937  -8.437   0.375] [-0.17 -0.06  9.69]
-29.385855 [ 10.937  -8.25    0.   ] [-0.13  0.    9.7 ]
-29.487318 [ 11.125  -7.375  -1.25 ] [-1.26  0.22  9.72]
-29.589522 [ 19.187  -6.812  -2.312] [-1.16  0.4   9.72]
-29.693063 [ 11.187  -6.187  -3.   ] [-1.06  0.5   9.73]
-29.795948 [ 11.25  -5.75  -3.75] [-0.99  0.63  9.73]
-29.897672 [ 11.312  -5.437  -5.187] [-0.93  0.88  9.72]
-29.999891 [ 11.437  -5.25   -7.5  ] [-0.89  1.28  9.68]
-30.103338 [ 19.625  -5.125  -9.812] [-0.87  1.66  9.62]
-30.206462 [ 11.875  -5.    -13.   ] [-0.85  2.2   9.51]
-30.308199 [ 12.125  -4.812 -17.062] [-0.83  2.87  9.33]
-30.409933 [ 20.312  -5.062 -18.25 ] [-0.87  3.06  9.27]
-30.513104 [ 20.25   -5.062 -18.   ] [-0.87  3.02  9.28]
-30.616412 [ 12.187  -4.687 -17.625] [-0.82  2.97  9.3 ]
-30.719301 [ 12.     -3.687 -17.25 ] [-0.64  2.91  9.34]
-30.821061 [ 11.687  -2.    -16.437] [-0.34  2.77  9.39]
-30.922752 [ 11.187   0.75  -15.375] [ 1.41  2.6   9.45]
-31.024439 [ 10.812   3.313 -14.25 ] [ 1.85  2.41  9.48]
-31.126172 [ 10.625   4.625 -13.312] [ 2.08  2.25  9.51]
-31.22788 [ 10.437   5.375 -12.625] [ 2.18  2.14  9.52]
-31.329653 [ 10.25   6.25 -11.  ] [ 2.35  1.86  9.56]
-31.431197 [ 10.125   7.188 -10.062] [ 2.51  1.71  9.57]
-31.53274 [ 10.062   7.938  -9.562] [ 1.36  1.61  9.57]
-31.634416 [ 10.     10.063  -9.375] [ 1.72  1.58  9.52]
-31.735945 [  9.875  11.438  -9.125] [ 1.94  1.52  9.48]
-31.838205 [  9.25   12.813  -7.937] [ 2.15  1.34  9.47]
-31.940199 [  8.875  13.     -8.312] [ 2.2   1.38  9.45]
-32.041833 [  9.562  12.875  -8.187] [ 2.19  1.36  9.46]
-32.144439 [ 11.     12.438  -8.187] [ 2.12  1.36  9.47]
-32.248706 [ 12.062  11.625  -8.25 ] [ 1.99  1.39  9.49]
-32.35073 [ 20.5    10.188  -7.375] [ 1.74  1.24  9.57]
-32.452443 [ 12.437   7.875  -6.5  ] [ 1.34  1.1   9.65]
-32.554727 [ 12.437   4.375  -5.25 ] [ 2.03  0.9   9.73]
-32.658063 [ 12.937   1.188  -3.562] [ 1.53  0.63  9.78]
-32.760696 [ 14.312  -2.312  -2.625] [-0.39  0.45  9.78]
-32.862381 [ 25.125  -7.25   -1.687] [-1.24  0.29  9.72]
-32.964176 [ 25.75   -8.125  -1.062] [-0.1   0.18  9.7 ]
-33.066729 [ 25.75   -8.75   -0.812] [-0.21  0.14  9.69]
-33.16994 [ 25.875  -9.187  -0.187] [-0.28  0.05  9.68]
-33.272496 [ 25.937  -8.937   0.188] [-0.25 -0.03  9.68]
-33.374158 [ 25.937  -8.25    0.313] [-0.13 -0.05  9.7 ]
-33.475597 [ 25.937  -8.062   0.063] [-0.09 -0.01  9.7 ]
-33.577277 [ 26.062  -7.437  -0.812] [-1.27  0.13  9.72]
-33.679526 [ 26.125  -6.187  -1.937] [-1.06  0.33  9.74]
-33.781517 [ 26.187  -5.375  -3.   ] [-0.92  0.49  9.75]
-33.883354 [ 26.25   -5.25   -3.937] [-0.9   0.67  9.74]
-33.984992 [ 26.312  -4.937  -5.5  ] [-0.85  0.93  9.72]
-34.086467 [ 26.5   -4.75  -7.5 ] [-0.81  1.28  9.68]
-34.18783 [ 26.625  -4.625  -9.875] [-0.79  1.68  9.62]
-34.289253 [ 26.875  -4.437 -13.625] [-0.76  2.3   9.5 ]
-34.390951 [ 27.25   -4.437 -18.25 ] [-0.76  3.06  9.28]
-34.493163 [ 27.562  -4.75  -19.   ] [-0.81  3.18  9.23]
-34.595261 [ 27.5    -4.812 -18.687] [-0.82  3.13  9.25]
-34.696948 [ 27.375  -4.375 -18.187] [-0.74  3.05  9.28]
-34.79957 [ 27.187  -3.312 -17.812] [-0.56  2.99  9.31]
-34.903079 [ 26.75   -1.187 -17.   ] [-0.24  2.88  9.36]
-35.00529 [ 26.312   1.5   -15.75 ] [ 1.54  2.66  9.43]
-35.106967 [ 25.937   3.875 -14.125] [ 1.94  2.38  9.48]
-35.209859 [ 25.875   4.375 -12.937] [ 2.03  2.19  9.52]
-35.313333 [ 25.687   5.313 -12.375] [ 0.89  2.1   9.53]
-35.415536 [ 25.625   6.125 -11.937] [ 2.32  2.01  9.53]
-35.516993 [ 25.437   7.313 -10.187] [ 2.52  1.72  9.57]
-35.618984 [ 25.375   7.938  -9.687] [ 1.35  1.63  9.57]
-35.721994 [ 25.312   9.688  -9.375] [ 1.65  1.58  9.53]
-35.825262 [ 25.25   10.938  -9.   ] [ 1.86  1.52  8.22]
-35.927584 [ 25.187  11.125  -8.562] [ 1.89  1.43  9.51]
-36.029088 [ 25.125  11.813  -8.125] [ 2.01  1.35  9.5 ]
-36.130682 [ 25.062  12.188  -7.625] [ 2.07  1.27  9.5 ]
-36.232412 [ 25.     12.063  -7.25 ] [ 2.05  1.21  9.51]
-36.334171 [ 24.875  11.75   -6.187] [ 1.99  1.03  9.54]
-36.436017 [ 25.     10.875  -6.312] [ 1.87  1.06  9.56]
-36.537849 [ 25.187   9.063  -6.   ] [ 1.54  1.01  9.63]
-36.639305 [ 26.312   4.938  -5.187] [ 2.12  0.89  9.72]
-36.741768 [ 27.437   0.     -3.812] [ 1.28  0.65  9.78]
