-0.045225 [ -1.68806200e+03  -1.04370000e+01  -1.06200000e+00] [  -0.42    1.54 -319.29]
-0.106204 [ 0.312 -4.812 -9.437] [-0.82  1.6   9.63]
-0.169101 [ 0.625 -8.125 -0.187] [-1.39  1.38  9.6 ]
-0.231578 [-1688.937    -9.625  2043.75 ] [  -1.62 -325.6  -319.33]
-0.292904 [ -1.68918700e+03  -1.05000000e+01  -1.68700000e+00] [  -1.79    1.57 -319.33]
-0.353529 [ -1.68931200e+03  -1.09370000e+01  -3.75000000e-01] [  -1.86    1.34 -319.34]
-0.414268 [ -1.68937500e+03  -1.06250000e+01  -6.20000000e-02] [  -1.81    1.29 -319.33]
-0.474833 [-1689.375    -9.812     8.   ] [  -1.67    1.28 -319.3 ]
-0.535791 [ -1.68937500e+03  -9.37500000e+00  -4.37000000e-01] [  -1.6     1.35 -319.29]
-0.596414 [ -1.68937500e+03  -8.50000000e+00  -1.06200000e+00] [  -1.45    1.46 -319.27]
-0.656964 [ 1.312 -7.5   -1.562] [-1.28  0.26  9.71]
-0.736404 [ 6.75  -6.812 -1.875] [-1.17  0.31  9.73]
-0.837866 [ 6.938 -5.937 -2.312] [-1.02  0.4   9.74]
-0.939244 [ 7.688 -4.187 -2.25 ] [-0.71  0.38  9.77]
-1.04074 [ 8.625 -3.5   -2.   ] [-0.6   0.34  9.78]
-1.142475 [ 8.625 -3.687 -3.562] [-0.63  0.59  9.76]
-1.2439 [ 8.625 -3.687 -5.062] [-0.63  0.86  9.74]
-1.345327 [ 8.5   -3.687 -7.937] [-0.63  1.35  9.69]
-1.446616 [  7.75   -3.562 -12.625] [-0.61  2.14  9.54]
-1.54805 [  6.563  -3.    -21.25 ] [-0.51  3.54  9.12]
-1.649513 [  6.563  -2.187 -21.5  ] [-0.37  3.59  9.11]
-1.750763 [  6.813  -0.812 -19.687] [-0.14  3.3   9.23]
-1.852432 [  7.313   0.313 -16.437] [ 1.32  2.82  9.39]
-1.954392 [  8.313   1.125 -13.125] [ 1.48  2.22  9.54]
-2.055861 [  9.438   2.438 -12.375] [ 1.7   2.1   9.56]
-2.157247 [  9.063   3.813 -11.562] [ 1.94  1.96  9.58]
-2.259533 [  0.      5.5   -11.125] [ 0.94  1.89  9.57]
-2.362683 [  7.438   6.938 -10.062] [ 2.43  1.72  9.58]
-2.465217 [ 7.688  8.438 -8.687] [ 1.44  1.47  9.58]
-2.567 [  7.625  10.438  -7.5  ] [ 1.77  1.26  9.56]
-2.668704 [  0.312  12.     -6.375] [ 2.04  1.07  9.53]
-2.771233 [  7.5    12.563  -6.812] [ 2.14  1.13  9.5 ]
-2.874436 [  7.438  12.688  -7.187] [ 2.16  1.19  9.49]
-2.976527 [  7.5    12.125  -7.562] [ 2.06  1.26  9.5 ]
-3.078107 [  7.625  11.125  -7.875] [ 1.89  1.32  9.53]
-3.18009 [ 7.688  9.938 -8.062] [ 1.69  1.36  9.56]
-3.282981 [ 7.813  8.125 -7.937] [ 1.39  1.34  9.61]
-3.385943 [ 8.313  3.688 -7.125] [ 0.71  1.23  9.7 ]
-3.488145 [ 8.5   -0.625 -5.5  ] [-0.11  0.94  9.76]
-3.589635 [ 8.188 -4.75  -3.312] [-0.81  0.56  9.75]
-3.690996 [  7.875 -10.5    -2.062] [-0.51  0.35  9.63]
-3.792458 [  7.25  -12.062  -0.75 ] [-0.77  0.12  9.58]
-3.893861 [  7.375 -10.562  -0.375] [-0.51  0.07  9.63]
-3.995186 [  7.313 -10.562  -0.187] [-0.52  0.03  9.63]
-4.096821 [  7.25  -10.812   0.188] [-0.57 -0.02  9.63]
-4.198533 [  7.188 -10.437   0.625] [-0.5  -0.11  9.64]
-4.299853 [ 7.25  -9.812  0.5  ] [-0.39 -0.09  9.66]
-4.401263 [ 7.188 -9.5   -1.   ] [-0.34  0.17  9.66]
-4.5028 [ 7.125 -7.875 -1.875] [-0.07  0.32  9.7 ]
-4.60421 [ 7.125 -6.562 -1.75 ] [-1.12  0.3   9.73]
-4.70562 [ 7.063 -5.687 -2.125] [-0.97  0.36  9.75]
-4.807238 [ 7.063 -4.875 -3.   ] [-0.85  0.5   9.75]
-4.909434 [ 7.063 -4.125 -4.25 ] [-0.71  0.72  9.75]
-5.01122 [ 7.125 -3.75  -5.437] [-0.64  0.93  9.74]
-5.112829 [ 7.188 -3.125 -7.125] [-0.54  2.5   9.71]
-5.215735 [  0.812  -2.562 -10.187] [-0.44  1.73  9.64]
-5.319011 [  5.75   -2.937 -16.25 ] [-0.46  2.62  9.43]
-5.420986 [  3.313  -2.312 -24.75 ] [-0.4   4.1   8.89]
-5.522509 [  5.25   -2.    -22.937] [-0.34  3.82  9.02]
-5.624975 [  3.375  -1.625 -21.187] [-0.28  3.55  9.13]
-5.728887 [  3.688  -1.187 -19.5  ] [-0.22  3.3   9.23]
-5.831684 [  3.813  -0.562 -17.5  ] [-0.1   2.95  9.34]
-5.933319 [  4.063   0.    -14.937] [ 1.28  2.52  9.47]
-6.035653 [  4.188   1.063 -13.875] [ 1.46  2.35  9.51]
-6.138988 [  4.25   2.75 -13.  ] [ 1.73  2.21  9.54]
-6.241561 [  4.313   4.    -12.187] [ 1.96  2.07  9.55]
-6.342999 [  4.438   5.313 -10.062] [ 2.19  1.7   9.61]
-6.444512 [ 4.5    6.75  -8.687] [ 2.43  1.47  9.62]
-6.546105 [ 4.5    8.813 -7.75 ] [ 1.5   1.31  9.6 ]
-6.647602 [  4.375  11.563  -7.687] [ 1.96  1.29  9.52]
-6.749027 [  4.125  12.938  -8.312] [ 2.2   1.38  9.45]
-6.850974 [  4.125  13.375  -8.5  ] [ 2.27  1.41  9.43]
-6.953074 [  4.125  13.188  -8.687] [ 2.24  1.44  9.43]
-7.05476 [  4.25   12.563  -8.937] [ 2.13  1.49  9.45]
-7.156233 [  4.313  11.5    -9.187] [ 1.96  1.54  9.48]
-7.257793 [  4.563  10.625  -7.437] [ 1.81  1.25  9.55]
-7.359375 [ 4.813  9.813 -5.687] [ 1.67  0.96  9.61]
-7.461221 [ 5.625  5.625 -5.375] [ 2.32  0.92  9.7 ]
-7.563274 [ 6.313  1.438 -4.437] [ 1.53  0.76  9.77]
-7.664651 [ 6.563 -3.125 -3.187] [-0.53  0.55  9.77]
-7.766117 [ 1.562 -8.75  -2.437] [-0.22  0.41  9.68]
-7.868431 [  6.25  -11.     -2.125] [-0.59  0.35  9.61]
-7.97184 [  5.875 -10.437  -1.312] [-0.49  0.23  9.64]
-8.073949 [  5.813 -10.937  -0.937] [-0.58  0.16  9.62]
-8.175499 [  5.688 -11.062  -0.25 ] [-0.6   0.05  9.62]
-8.276914 [  5.625 -10.625   0.313] [-0.53 -0.06  9.63]
-8.379057 [ 5.688 -9.937  0.313] [-1.69 -0.05  9.65]
-8.482696 [ 5.563 -8.687 -0.625] [-1.51  0.09  9.68]
-8.58503 [ 5.5   -7.375 -1.437] [-1.26  0.24  9.72]
-8.686696 [ 5.563 -6.312 -1.375] [-1.08  0.23  9.74]
-8.788435 [ 2.437 -5.062 -1.562] [-0.87  0.26  9.76]
-8.89128 [ 5.875 -4.625 -0.937] [-0.79  0.16  9.77]
-8.994564 [ 6.25  -4.312  0.25 ] [-0.74 -0.03  9.77]
-9.096567 [ 6.25  -4.375 -1.5  ] [-0.74  0.25  9.77]
-9.198341 [ 6.188 -4.312 -3.437] [-0.73  0.58  9.76]
-9.299886 [ 6.563 -4.312 -5.687] [-0.74  0.97  9.72]
-9.40139 [ 6.688 -3.187 -6.5  ] [-0.55  1.11  9.72]
-9.502786 [ 6.688 -2.562 -6.562] [-0.44  1.12  9.73]
-9.604113 [ 6.563 -2.687 -7.937] [-0.46  1.36  9.7 ]
-9.705774 [  6.313  -2.812 -10.312] [-0.49  1.7   9.64]
-9.807625 [  5.938  -2.375 -14.625] [-0.41  2.48  9.47]
-9.909309 [  5.813  -1.187 -18.75 ] [-0.2   3.15  9.28]
-10.010824 [  7.375  -0.437 -15.875] [-0.08  2.68  9.43]
-10.112853 [  8.125   0.5   -14.375] [ 1.36  2.44  9.49]
-10.214316 [  8.313   1.75  -13.562] [ 1.58  2.29  8.24]
-10.3162 [  8.438   3.125 -12.625] [ 1.8   2.15  9.55]
-10.418194 [  8.688   4.5   -10.875] [ 2.05  1.84  9.59]
-10.519896 [ 8.875  5.75  -9.375] [ 2.26  1.59  9.62]
-10.622178 [ 8.75   7.75  -8.437] [ 1.32  1.43  9.61]
-10.725322 [  0.438  10.688  -7.187] [ 1.82  1.2   9.55]
-10.828801 [  8.438  11.875  -7.062] [ 2.02  1.19  9.52]
-10.930827 [  0.438  12.125  -7.312] [ 2.06  1.22  9.5 ]
-11.032978 [  0.438  12.063  -7.625] [ 2.05  1.27  9.5 ]
-11.136547 [  8.625  11.313  -7.562] [ 1.93  1.29  9.52]
-11.239294 [  8.688  11.375  -6.562] [ 1.93  1.1   9.54]
-11.341077 [  8.688  10.688  -6.875] [ 1.82  1.16  9.56]
-11.442781 [ 0.938  9.    -6.875] [ 1.53  1.16  9.61]
-11.545898 [ 1.5    5.625 -6.125] [ 0.96  1.05  9.7 ]
-11.649256 [ 9.688  0.875 -5.125] [ 0.23  0.89  9.76]
-11.751322 [ 9.625 -3.625 -3.812] [-0.62  0.65  9.76]
-11.852806 [ 9.25  -9.562 -2.937] [-0.35  0.49  9.65]
-11.954211 [  9.125 -11.125  -2.437] [  -0.61    0.41 -318.07]
-12.055721 [  9.25  -10.875  -1.687] [-0.57  0.29  9.62]
-12.157329 [  9.25  -11.25   -1.312] [-0.64  0.22  9.61]
-12.258951 [  9.188 -11.25   -0.687] [-0.63  0.11  9.61]
-12.360518 [  9.188 -10.625   0.125] [-0.54 -0.01  9.63]
-12.462026 [ 9.188 -9.812  0.063] [-0.39 -0.02  9.66]
-12.563279 [  9.063 -10.125  -0.562] [-0.44  0.1   9.65]
-12.664507 [ 9.063 -9.437 -0.875] [-0.33  0.15  9.67]
-12.7661 [ 9.5   -6.75   0.313] [-1.15 -0.06  9.73]
-12.867896 [ 10.063  -6.187   1.5  ] [-1.06 -0.25  9.74]
-12.969546 [ 10.75   -6.062   0.25 ] [-1.04 -0.04  9.75]
-13.071683 [ 10.188  -5.5    -1.562] [-0.95  0.23  9.75]
-13.173614 [ 9.25  -3.812 -1.812] [-0.65  0.31  9.77]
-13.274981 [ 0.5   -2.625 -1.875] [-0.45  0.32  9.79]
-13.377325 [ 0.188 -3.5   -4.125] [-0.6   0.7   9.76]
-13.480675 [ 8.063 -4.25  -6.625] [-0.73  1.1   9.71]
-13.582978 [ 7.938 -4.312 -8.875] [-0.74  1.51  9.66]
-13.684534 [  7.688  -4.125 -12.187] [-0.7   2.06  9.55]
-13.785884 [  7.188  -3.25  -18.812] [-0.56  4.44  9.26]
-13.888398 [  0.125  -1.187 -20.125] [-0.2   3.38  9.2 ]
-13.991883 [  8.688   0.125 -19.625] [ 1.3   3.32  9.22]
-14.094264 [  8.938   0.688 -16.937] [ 1.4   2.86  9.37]
-14.195952 [  9.125   1.563 -13.625] [ 1.55  2.31  9.52]
-14.298168 [  9.25    2.313 -12.562] [ 1.68  2.14  9.56]
-14.401554 [  1.5     3.25  -11.875] [ 1.84  2.02  9.57]
-14.505019 [  9.813   4.438 -11.125] [ 2.04  1.88  9.59]
-14.606453 [ 9.938  5.688 -9.312] [ 2.25  1.58  9.62]
-14.708007 [ 10.      7.313  -8.437] [ 2.53  1.42  9.62]
-14.809529 [ 10.     10.     -7.937] [ 1.7   1.34  9.56]
-14.911092 [  9.813  11.938  -8.062] [ 2.03  1.35  9.49]
-15.012659 [  9.625  13.     -8.062] [ 2.2   1.34  9.45]
-15.114047 [  9.688  12.938  -8.25 ] [ 2.2   1.37  9.45]
-15.215895 [  9.75   12.438  -8.625] [ 2.12  1.43  9.46]
-15.317374 [  9.875  11.438  -8.812] [ 1.95  1.47  9.49]
-15.419035 [ 10.063  10.125  -8.562] [ 1.73  1.43  9.54]
-15.520474 [ 10.375   7.813  -8.062] [ 1.34  1.37  9.61]
-15.622122 [ 10.688   4.063  -6.312] [ 1.97  1.07  9.72]
-15.72361 [ 10.563   1.063  -4.062] [ 1.47  0.7   9.77]
-15.825319 [ 10.438  -2.5    -3.062] [-0.36  1.81  9.78]
-15.927278 [ 10.188  -7.062  -2.187] [-1.2   0.38  9.72]
-16.028809 [  9.813 -11.875  -1.875] [-0.73  0.31  9.59]
-16.131264 [  9.875 -11.125  -1.187] [-0.62  0.2   9.61]
-16.234482 [  1.875 -11.437  -0.875] [-0.67  0.15  9.6 ]
-16.337029 [  9.875 -11.437  -0.562] [-1.96  0.1   9.6 ]
-16.438979 [  9.875 -11.     -0.25 ] [-0.59  0.04  9.62]
-16.540403 [  9.875 -10.25   -0.125] [ -4.70000000e-01   2.00000000e-02  -3.18040000e+02]
-16.642526 [ 1.813 -9.5   -1.062] [-1.61  0.18  9.67]
-16.74575 [ 9.688 -8.937 -2.375] [-0.25  0.39  9.67]
-16.848435 [ 9.688 -8.375 -3.25 ] [-0.15  0.55  9.68]
-16.949936 [    9.688  2040.188    -3.625] [-0.05  0.61  9.69]
-17.051635 [ 1.75  -7.25  -3.375] [-1.24  0.57  9.7 ]
-17.154488 [ 9.688 -6.5   -5.562] [-1.11  0.94  9.69]
-17.258246 [ 9.625 -6.187 -8.187] [-1.06  1.35  9.65]
-17.360417 [  9.5    -6.062 -10.937] [-1.04  1.85  9.57]
-17.461817 [  9.313  -5.5   -14.625] [-0.94  2.46  9.44]
-17.563359 [  9.875  -3.937 -21.437] [-0.67  3.57  9.1 ]
-17.664971 [ 10.938  -2.875 -23.125] [-0.5   3.85  9.  ]
-17.766691 [ 11.375  -2.75  -23.062] [-0.47  3.84  9.01]
-17.868412 [ 11.375  -2.625 -21.5  ] [-0.46  3.63  9.09]
-17.969926 [ 11.75  -1.75 -19.5 ] [-0.3   3.27  9.23]
-18.072254 [ 12.938  -1.375 -15.937] [-0.24  2.69  9.42]
-18.174116 [ 14.563  -0.812 -13.187] [-0.14  2.24  9.54]
-18.276419 [ 15.625   0.063 -13.562] [ 1.29  2.3   9.53]
-18.377917 [ 15.875   1.125 -12.812] [ 1.48  2.17  9.56]
-18.480528 [  8.      2.375 -12.25 ] [ 0.41  2.08  9.57]
-18.582522 [  8.188   3.875 -10.187] [ 1.94  1.73  9.62]
-18.684105 [ 8.25   5.063 -8.875] [   2.15    1.51 -318.03]
-18.786476 [ 8.     7.125 -7.875] [ 2.5   1.34  9.63]
-18.889978 [ 15.688  10.     -7.312] [ 1.68  1.25  9.57]
-18.992472 [ 15.625  11.188  -6.875] [ 1.9   1.16  9.54]
-19.093961 [  7.625  11.688  -7.125] [ 1.98  1.19  9.52]
-19.19647 [  7.688  11.438  -7.437] [ 1.95  1.24  9.52]
-19.299911 [ 15.813  10.688  -7.875] [ 1.84  1.31  9.54]
-19.402878 [ 15.938   9.688  -8.125] [ 1.65  1.36  9.56]
-19.504449 [ 8.063  8.438 -8.25 ] [ 1.44  1.39  9.59]
-19.606231 [ 8.438  6.625 -7.875] [ 2.41  1.33  9.64]
-19.709224 [ 8.75   3.438 -6.25 ] [ 1.87  1.06  9.73]
-19.812781 [ 8.563  0.    -3.312] [ 1.28  0.57  9.78]
-19.914761 [ 8.5   -3.312 -2.562] [-0.57  0.44  9.77]
-20.016187 [ 8.188 -8.375 -1.875] [-0.15  0.32  9.69]
-20.117657 [ 15.875 -12.062  -1.562] [-0.77  0.26  9.58]
-20.219264 [  8.25  -11.812  -0.75 ] [-0.73  0.13  9.59]
-20.320704 [  8.25  -12.125  -0.375] [  3.26900000e+02   6.00000000e-02   9.58000000e+00]
-20.421989 [  8.125 -12.062   0.125] [-0.77 -0.02  9.58]
-20.523474 [  8.125 -11.625   0.563] [-0.7 -0.1  9.6]
-20.625166 [  8.125 -10.812   0.125] [-0.56 -0.02  9.63]
-20.726569 [  8.063 -10.062  -0.875] [-0.43  0.15  9.65]
-20.828199 [ 15.875  -9.875  -2.687] [-0.4   0.45  9.64]
-20.929634 [ 15.875  -8.562  -3.25 ] [-0.18  0.55  9.68]
-21.031279 [ 15.938  -7.562  -2.687] [-0.02  0.46  8.42]
-21.132699 [ 15.938  -7.062  -3.5  ] [-1.2   0.59  9.71]
-21.234403 [ 15.875  -6.687  -5.437] [-1.15  2.15  9.69]
-21.33622 [ 15.875  -6.25   -8.625] [-1.07  1.46  9.63]
-21.437832 [  8.     -5.375 -13.   ] [-0.92  2.2   9.51]
-21.540622 [  8.563  -4.25  -19.75 ] [-0.73  3.3   9.2 ]
-21.645323 [  8.438  -3.437 -23.187] [-0.59  3.82  9.  ]
-21.747234 [  8.438  -3.187 -23.312] [-0.55  3.88  8.98]
-21.848806 [  9.313  -3.    -20.812] [-0.52  3.48  9.15]
-21.951289 [ 12.313  -3.937 -14.5  ] [-0.67  2.45  9.47]
-22.054751 [ 24.188  -3.187  -5.   ] [-0.58  0.96  9.74]
-22.156964 [ 15.813   1.25   -4.437] [ 1.49  0.76  9.77]
-22.258592 [ 13.25    3.938  -2.75 ] [ 1.95  0.47  9.77]
-22.360719 [ 12.875   6.625  -1.437] [ 1.13  0.24  9.73]
-22.46384 [ 13.188   8.813  -0.062] [ 1.5   0.01  9.69]
-22.5668 [ 13.063  10.438   1.   ] [ 1.78 -0.17  9.64]
-22.668718 [ 12.813  11.25    1.875] [ 1.91 -0.32  9.61]
-22.770195 [ 13.438  10.813   2.75 ] [ 1.84 -0.46  9.61]
-22.871829 [ 14.688  10.375   4.688] [ 1.77 -0.79  9.61]
-22.973295 [ 14.875   9.125   6.75 ] [ 1.56 -1.14  9.61]
-23.074797 [ 12.875   6.438   7.125] [ 2.38 -1.21  9.66]
-23.176098 [ 10.625   4.      7.875] [ 1.97 -1.34  9.68]
-23.277573 [ 9.375  1.875  9.313] [ 0.35 -1.56  9.67]
-23.379746 [  9.563   0.5    10.063] [ 1.37 -1.72  9.65]
-23.481271 [ 11.125   1.375  10.   ] [ 1.51 -1.7   9.65]
-23.582886 [ 14.313   3.813  10.563] [ 1.93 -1.8   9.61]
-23.684425 [ 26.625   5.563  10.688] [ 2.23 -1.81  9.59]
-23.785883 [ 30.688   6.25    8.25 ] [ 2.35 -1.4   9.64]
-23.887531 [ 26.938   7.375   3.5  ] [ 1.23 -0.68  9.7 ]
-23.989702 [ 30.438  10.25   -1.062] [ 1.75  0.18  9.64]
-24.091348 [ 40.625  13.5    -4.562] [ 2.29  0.76  9.5 ]
-24.193408 [ 40.75   13.813  -5.875] [ 2.34  0.97  9.47]
-24.296175 [ 29.625  11.688  -5.5  ] [ 1.99  0.93  9.55]
-24.39959 [ 30.625   8.875  -4.312] [ 1.51  0.73  9.66]
-24.501244 [ 24.063   4.938  -3.125] [ 2.12  0.54  9.75]
-24.602938 [ 10.75    1.688  -2.   ] [ 1.57  0.35  9.79]
-24.705666 [ 15.875   0.063  -0.937] [ 1.29  0.16  9.8 ]
-24.809287 [ 15.25    0.938  -0.812] [ 1.42  0.13  9.8 ]
-24.911332 [ 15.563   1.938  -1.75 ] [ 1.61  0.3   9.79]
-25.012835 [ 8.063  2.188 -2.125] [ 1.65  0.36  9.79]
-25.114577 [ 8.125  1.875 -1.75 ] [ 1.6   0.3   9.79]
-25.217147 [ 15.75    1.563  -1.812] [ 1.55  0.31  9.79]
-25.320291 [ 8.     1.25  -1.687] [ 0.21  0.29  9.79]
-25.422532 [ 9.75   2.313 -1.25 ] [ 1.68  0.22  9.79]
-25.524226 [ 14.      4.375  -1.375] [ 2.03  0.24  9.77]
-25.625562 [ 29.313   7.25   -2.375] [ 2.52  0.41  9.71]
-25.727019 [ 29.813  10.438  -4.25 ] [ 1.78  0.71  9.61]
-25.828499 [ 45.063  12.188  -6.25 ] [-325.61    1.05    9.52]
-25.929955 [ 41.75   12.563  -7.75 ] [ 2.13  1.29  9.48]
-26.031648 [ 44.5    11.938  -8.875] [ 2.05  1.46  9.47]
-26.133284 [ 46.063  10.625 -10.187] [ 1.81  1.7   9.48]
-26.234759 [ 56.125   9.688 -10.937] [ 1.65  1.83  9.49]
-26.336171 [ 58.438   9.625 -10.75 ] [ 1.64  1.81  9.49]
-26.437648 [ 60.438  10.438 -10.75 ] [ 1.77  1.8   9.47]
-26.539064 [ 61.875  11.375 -10.312] [ 1.94  1.72  9.45]
-26.640947 [ 62.563  12.188  -9.375] [ 2.07  1.56  9.45]
-26.742957 [ 62.625  13.25   -8.812] [ 2.25  1.46  9.43]
-26.844821 [ 62.75   14.25   -8.375] [ 2.41  1.38  9.4 ]
-26.946193 [ 63.188  14.938 -15.687] [ 2.53  1.27  9.38]
-27.04791 [ 63.563  15.438  -7.75 ] [ 3.89  1.28  9.36]
-27.149553 [ 63.75  15.5   -8.5 ] [ 3.9   1.39  9.34]
-27.25274 [ 56.063  15.625  -9.125] [ 3.92  1.49  9.32]
-27.354783 [ 56.438  15.563  -9.187] [ 3.91  1.51  9.32]
-27.456236 [ 56.688  15.875  -9.75 ] [ 3.96  1.6   9.29]
-27.558529 [ 56.688  15.938 -10.25 ] [ 3.97  1.68  9.27]
-27.661249 [ 63.625  16.125 -10.   ] [ 4.    1.64  9.27]
-27.76386 [ 60.188  15.75   -9.625] [ 2.67  1.58  9.29]
-27.865871 [ 45.813  14.063  -9.062] [ 2.38  1.5   9.39]
-27.96731 [ 44.938  11.938  -8.937] [ 2.03  1.49  9.47]
-28.069122 [ 27.563   9.938  -9.   ] [ 1.7   1.51  9.53]
-28.172531 [ 26.438   8.125  -7.5  ] [ 1.41  1.3   9.61]
-28.275313 [ 12.      6.188  -5.062] [ 2.33  0.86  9.71]
-28.377264 [ 14.563   4.75   -2.375] [ 2.09  0.41  9.76]
-28.478956 [ 10.125   3.688   0.438] [ 1.91 -0.08  9.78]
-28.58065 [ 6.938  2.563  2.313] [ 1.72 -0.4   9.78]
-28.682137 [ 4.938  2.125  2.688] [ 1.64 -0.46  9.78]
-28.783536 [ 4.125  2.375  2.5  ] [ 1.69 -0.43  9.78]
-28.885084 [ 4.375  3.     1.625] [ 1.77 -0.3   9.78]
-28.986499 [ 4.313  3.813  0.438] [ 1.92 -0.09  9.78]
-29.088152 [ 3.125  4.188 -0.5  ] [ 1.99  0.09  9.77]
-29.189901 [ 0.563  3.938 -1.687] [ 1.95  0.29  9.77]
-29.291529 [ 11.5     3.438  -3.937] [ 1.87  0.67  9.76]
-29.39299 [ 8.375  3.125 -6.5  ] [ 1.82  1.11  9.72]
-29.494269 [ 12.5     2.938  -8.062] [ 1.78  1.37  9.69]
-29.5956 [ 15.375   3.188  -8.437] [ 1.83  1.43  9.68]
-29.697275 [ 24.687   4.375  -8.687] [ 2.02  1.48  9.66]
-29.798985 [ 15.562   5.625  -9.312] [ 2.24  1.58  9.63]
-29.900528 [ 10.437   6.5   -10.   ] [ 2.39  1.69  9.59]
-30.002986 [  8.437   8.    -11.625] [ 1.36  1.96  9.51]
-30.10609 [ 15.375   9.938 -13.875] [ 1.66  2.29  9.38]
-30.20859 [ 30.75   11.813 -16.187] [ 2.    2.67  9.21]
-30.310136 [ 44.313  12.5   -17.375] [ 2.12  2.86  9.13]
-30.41218 [ 46.063  12.313 -17.5  ] [ 2.09  2.88  9.13]
-30.51538 [ 60.313  12.188 -17.687] [ 2.07  2.91  9.12]
-30.618259 [ 56.    11.   -17.75] [ 1.89  2.93  9.16]
-30.720043 [ 57.813  10.    -17.75 ] [ 1.7   2.94  9.19]
-30.821632 [ 59.188   9.75  -17.   ] [ 1.66  2.83  9.24]
-30.923343 [ 59.875  10.313 -16.562] [ 1.75  2.75  9.24]
-31.026451 [ 59.563  11.    -17.25 ] [ 1.87  2.86  9.18]
-31.129468 [ 58.938  11.625 -18.187] [ 1.98  3.    9.12]
-31.231567 [ 58.438  12.125 -18.75 ] [ 2.06  3.09  9.07]
-31.333056 [ 58.438  12.438 -19.437] [ 2.11  3.19  9.02]
-31.434534 [ 58.938  12.875 -20.375] [ 2.18  3.33  8.95]
-31.536319 [ 59.5    13.063 -21.187] [ 2.22  3.45  8.9 ]
-31.637829 [ 59.625  13.188 -29.5  ] [ 2.24  3.5   8.88]
-31.739608 [ 59.375  13.438 -21.25 ] [ 2.28  3.46  8.88]
-31.841372 [ 59.313  13.563 -20.937] [ 2.3   3.41  8.89]
-31.942752 [ 59.188  13.688 -20.5  ] [ 2.33  3.34  8.91]
-32.04418 [ 59.188  14.313 -20.25 ] [ 2.42  3.29  8.91]
-32.145503 [ 59.625  14.875 -19.937] [ 2.52  3.23  8.9 ]
-32.247932 [ 59.75  15.25 -19.25] [ 3.86  3.12  8.92]
-32.349578 [ 59.625  15.75  -18.5  ] [ 3.93  3.01  8.94]
-32.451267 [ 60.313  16.75  -17.687] [ 4.08  2.87  8.94]
-32.552881 [ 61.063  17.625 -16.875] [ 4.25  2.71  8.93]
-32.654293 [ 61.688  18.688 -16.375] [ 4.42  2.62  8.9 ]
-32.755635 [ 62.563  20.125 -16.   ] [ 4.66  2.54  8.84]
-32.858424 [ 63.25   21.813 -15.   ] [ 4.93  2.35  8.78]
-32.961552 [ 60.688  22.813 -13.062] [ 3.81  2.08  8.79]
-33.063505 [ 63.125  21.813 -10.562] [ 4.92  1.67  8.94]
-33.165083 [ 48.     19.938  -7.687] [ 4.62  1.24  9.13]
-33.267576 [ 42.125  18.438  -4.875] [ 4.38  0.79  9.26]
-33.371019 [ 47.875  17.438  -3.25 ] [ 4.22  0.54  9.33]
-33.473278 [ 47.563  17.125  -3.75 ] [ 4.17  0.62  9.34]
-33.57478 [ 45.875  17.125  -6.562] [ 4.17  1.07  9.3 ]
-33.676193 [ 41.688  16.063 -10.687] [ 3.99  1.75  9.25]
-33.778255 [-2.437 -0.062 -0.062] [ 2.26  2.26  9.26]
-33.881102 [ 26.125  10.375 -14.125] [ 1.8   2.37  9.34]
-33.983895 [ 11.313   8.25  -11.   ] [ 1.41  1.85  9.52]
-34.085729 [ 15.5     5.375  -7.437] [ 2.2   1.26  9.68]
-34.187318 [ 13.813   5.     -3.562] [ 2.14  0.61  9.74]
-34.288963 [ 13.688   5.75   -1.125] [ 2.26  0.19  9.75]
-34.390492 [ 14.438   6.188   0.375] [ 2.34 -0.06  9.74]
-34.49211 [ 15.125   5.75    1.875] [ 2.27 -0.32  9.75]
-34.593919 [ 14.938   5.438   2.438] [ 2.22 -0.41  9.75]
-34.695952 [ 14.438   5.125   2.125] [ 2.15 -0.37  9.76]
-34.798227 [ 14.063   5.      1.5  ] [ 2.14 -0.26  9.76]
-34.90048 [ 14.063   5.25    1.313] [ 2.18 -0.22  9.76]
-35.002165 [ 14.313   5.563   1.5  ] [ 2.23 -0.26  9.75]
-35.103467 [ 14.563   5.813   2.188] [ 2.28 -0.37  9.74]
-35.205205 [ 14.75    5.938   2.875] [ 2.3  -0.48  9.74]
-35.306897 [ 14.75    5.563   3.063] [ 2.23 -0.52  9.74]
-35.408394 [ 14.625   5.188   3.063] [ 2.17 -0.52  9.75]
-35.51012 [ 14.438   4.938   2.875] [ 2.12 -0.49  9.75]
-35.612788 [ 14.375   4.688   2.938] [ 0.81 -0.5   9.75]
-35.715666 [ 14.375   4.625   3.313] [ 0.79 -0.56  9.75]
-35.817612 [ 14.375   4.375   3.75 ] [ 2.03 -0.64  9.75]
-35.919975 [ 6.625  4.25   4.25 ] [ 2.   -0.72  9.75]
-36.022513 [ 14.813   3.75    4.875] [ 1.92 -0.83  9.74]
-36.125343 [ 14.688   3.563   5.5  ] [ 1.89 -0.93  9.74]
-36.227602 [ 14.875   3.688   6.063] [ 1.91 -1.03  9.73]
