-0.074759 [ 1.    -2.312 -8.125] [-0.39  1.38  9.69]
-0.177053 [ 6.188 -7.437 -7.375] [-1.27  1.25  9.64]
-0.280275 [ 5.313 -9.375 -3.062] [-0.3   0.56  9.66]
-0.382737 [  5.063 -10.25   -0.812] [-0.46  0.14  9.64]
-0.484075 [  4.938 -10.562   0.375] [-0.52 -0.06  9.63]
-0.585207 [  4.688 -10.187   0.5  ] [-0.45 -0.08  9.65]
-0.686521 [ 4.688 -9.562  0.375] [-0.35 -0.07  9.66]
-0.787879 [ 4.688 -8.625  0.   ] [-0.19  0.    9.69]
-0.888928 [ 4.688 -8.125 -1.   ] [-0.11  0.17  9.7 ]
-0.990063 [ 4.688 -7.312 -1.875] [-1.25  0.32  9.72]
-1.09101 [ 4.625 -6.75  -3.   ] [-1.15  0.51  9.72]
-1.19199 [ 4.563 -6.312 -3.937] [-1.08  0.67  9.72]
-1.293291 [ 4.438 -5.812 -5.812] [-1.    0.96  9.7 ]
-1.394779 [ 4.375 -5.625 -7.875] [-0.97  1.3   9.67]
-1.496153 [  4.188  -5.5   -10.312] [-0.94  1.75  9.6 ]
-1.597666 [  3.938  -5.312 -14.187] [-0.91  2.39  9.46]
-1.699293 [  3.688  -5.437 -17.812] [-0.93  2.99  9.29]
-1.800904 [  3.563  -5.812 -18.25 ] [-0.99  3.06  9.26]
-1.902312 [  3.563  -6.062 -17.875] [-1.04  2.99  9.27]
-2.003903 [  3.688  -5.687 -17.375] [-0.99  2.92  9.3 ]
-2.105423 [  3.875  -4.562 -16.937] [-0.78  2.84  9.35]
-2.207018 [  4.188  -2.812 -16.187] [-0.48  2.73  9.4 ]
-2.308355 [  4.688   0.188 -15.   ] [ 1.31  2.53  9.47]
-2.410296 [  2.937   2.625 -13.875] [ 1.73  2.35  9.5 ]
-2.513079 [  2.812   3.5   -13.125] [ 1.88  2.22  9.53]
-2.615755 [  5.5     4.313 -12.312] [ 0.73  2.08  9.55]
-2.717648 [  5.625   5.188 -11.062] [ 2.16  1.88  9.58]
-2.818981 [  5.75    6.188 -10.25 ] [ 2.34  1.74  9.59]
-2.921005 [  5.75    6.75  -10.062] [ 2.43  1.7   9.58]
-3.02404 [ 2.125  8.625 -9.625] [ 1.47  1.62  9.55]
-3.126855 [ 5.938  9.875 -9.312] [ 1.68  1.57  9.53]
-3.228348 [  5.938  10.125  -9.062] [ 1.72  1.52  9.53]
-3.329871 [  6.     10.688  -8.437] [ 1.82  1.41  9.53]
-3.431831 [  6.063  10.938  -8.125] [ 1.86  1.36  9.52]
-3.534798 [  6.125  10.875  -7.625] [ 1.85  1.28  9.54]
-3.637431 [  6.125  10.438  -7.125] [ 1.79  1.19  9.56]
-3.739149 [ 6.     9.438 -7.062] [ 1.61  1.19  9.59]
-3.840445 [ 5.625  6.5   -6.312] [ 2.39  1.07  9.68]
-3.941572 [ 5.     1.875 -5.5  ] [ 1.6   0.94  9.75]
-4.042564 [ 4.375 -3.375 -4.062] [-0.57  0.69  9.76]
-4.143629 [ 3.688 -9.687 -3.187] [-0.37  0.54  9.65]
-4.244612 [  3.188 -10.312  -1.75 ] [-0.47  0.3   9.64]
-4.345905 [ 3.125 -9.562 -0.125] [-0.35  0.02  9.66]
-4.447042 [ 3.125 -9.812  0.313] [-0.39 -0.05  9.66]
-4.548528 [  3.063 -10.187   0.5  ] [-0.45 -0.08  9.65]
-4.649944 [  3.063 -10.      0.813] [-0.42 -0.14  9.65]
-4.75144 [ 3.125 -9.312  0.75 ] [-0.31 -0.13  9.67]
-4.852539 [ 3.188 -8.312  0.063] [-0.14 -0.01  9.7 ]
-4.953651 [ 3.125 -7.5   -1.062] [-1.28  0.18  9.71]
-5.054634 [ 3.063 -6.75  -1.937] [-1.15  0.33  9.73]
-5.155767 [ 3.063 -6.    -2.625] [-1.03  0.44  9.74]
-5.257033 [ 3.    -5.625 -3.437] [-0.96  0.59  9.74]
-5.358373 [ 2.938 -5.187 -5.062] [-0.89  0.83  9.72]
-5.460054 [ 2.813 -5.062 -7.25 ] [-0.87  1.2   9.69]
-5.561527 [ 2.625 -5.    -9.562] [-0.85  1.62  9.63]
-5.662767 [  2.438  -5.062 -12.937] [-0.87  2.19  9.51]
-5.76431 [  2.188  -5.25  -17.062] [-0.9   2.87  9.33]
-5.867016 [  2.063  -5.5   -17.687] [-0.94  2.97  9.29]
-5.970058 [  2.125  -5.25  -17.75 ] [-0.9   2.98  9.29]
-6.07195 [  2.188  -5.25  -17.437] [-0.9   2.92  9.31]
-6.173098 [  2.375  -4.375 -16.875] [-0.75  2.84  9.35]
-6.274781 [  5.25   -2.062 -15.687] [-0.36  2.65  9.43]
-6.377283 [  3.188   0.563 -14.062] [ 1.38  2.39  9.5 ]
-6.480284 [  3.563   2.875 -12.812] [ 1.76  2.19  9.54]
-6.582203 [  3.625   3.313 -12.062] [ 1.84  2.04  9.57]
-6.683363 [  3.75    4.188 -11.375] [ 2.    1.92  9.58]
-6.784745 [  4.062   5.125 -10.   ] [ 2.16  1.69  9.61]
-6.886787 [ 4.     6.125 -9.5  ] [ 2.32  1.61  9.61]
-6.989888 [ 4.     6.938 -9.25 ] [ 2.47  1.56  9.6 ]
-7.092549 [ 4.063  8.375 -9.062] [ 1.43  1.52  9.57]
-7.194312 [ 4.063  9.125 -9.125] [ 1.55  1.53  9.55]
-7.295758 [  4.  10. -10.] [ 1.7   1.68  9.5 ]
-7.397195 [  4.     10.313 -10.25 ] [ 1.76  1.72  9.49]
-7.49868 [  4.063  10.25   -9.312] [ 1.75  1.56  9.52]
-7.600078 [  4.188  10.     -8.25 ] [ 1.7   1.38  9.55]
-7.701429 [ 4.375  9.688 -6.375] [ 1.65  1.08  9.6 ]
-7.803134 [ 4.5    9.188 -4.75 ] [ 1.58  0.8   9.64]
-7.904614 [ 4.438  7.938 -4.562] [ 1.35  0.77  9.68]
-8.006055 [ 3.625  3.438 -3.625] [ 1.86  0.62  9.76]
-8.107209 [ 2.875 -2.    -2.312] [-0.34  0.4   9.79]
-8.208432 [ 2.125 -8.5   -1.562] [-0.17  0.26  9.69]
-8.309888 [  1.938 -10.687  -1.125] [-0.54  0.19  9.63]
-8.411308 [  1.875 -10.062  -0.25 ] [-0.43  0.04  9.65]
-8.512592 [  6.25 -10.25   0.25] [-0.46 -0.04  9.64]
-8.614287 [  1.75  -10.312   0.938] [-1.75 -0.14  9.64]
-8.715958 [  1.75  -10.062   1.375] [-0.43 -0.23  9.65]
-8.81724 [ 1.75  -9.437  1.438] [-0.33 -0.24  9.67]
-8.918546 [ 6.25  -8.687  1.188] [-0.2  -0.2   9.69]
-9.021204 [ 1.688 -8.125  0.438] [-0.11 -0.07  9.7 ]
-9.12443 [ 1.625 -7.125 -0.562] [-1.23  0.08  8.44]
-9.226343 [ 1.563 -6.562 -1.562] [-1.13  0.26  9.73]
-9.328153 [ 1.438 -6.312 -2.937] [-1.08  0.5   9.73]
-9.430261 [ 1.313 -5.937 -4.812] [-1.01  0.82  9.71]
-9.533159 [ 6.812 -5.75  -6.625] [-0.98  1.12  9.69]
-9.635755 [ 1.063 -5.625 -9.312] [-0.97  1.53  9.63]
-9.737482 [  0.813  -5.687 -12.875] [-0.97  2.17  9.51]
-9.838713 [  0.563  -5.687 -16.687] [-0.97  2.8   9.34]
-9.940626 [  0.438  -5.937 -17.375] [-1.01  2.91  9.3 ]
-10.043683 [  0.438  -6.    -17.25 ] [-1.02  2.89  9.31]
-10.146449 [  0.5    -5.75  -16.875] [-0.99  2.84  9.33]
-10.24842 [  0.75   -4.625 -16.312] [-0.79  2.75  9.37]
-10.349687 [  1.125  -2.562 -15.375] [-0.44  2.6   9.44]
-10.450776 [  1.563   0.313 -14.   ] [ 1.34  2.37  9.51]
-10.551786 [  1.875   2.75  -12.875] [ 1.75  2.18  9.54]
-10.652752 [  2.      4.063 -11.75 ] [ 1.97  2.    9.57]
-10.754184 [  2.125   4.625 -11.062] [ 2.08  1.88  9.59]
-10.855519 [  2.313   5.438 -10.687] [ 2.21  1.81  9.59]
-10.957035 [ 2.438  6.563 -9.187] [ 2.39  1.56  9.61]
-11.058568 [ 2.5   7.   -8.75] [ 2.47  1.49  9.61]
-11.159852 [ 2.563  8.563 -8.625] [ 1.46  1.45  9.58]
-11.261005 [ 2.5    9.875 -9.062] [ 1.68  1.52  9.53]
-11.362114 [  2.438  10.25   -9.562] [ 1.75  1.6   9.51]
-11.463269 [  2.375  10.875  -9.812] [ 1.85  1.64  9.48]
-11.564207 [  2.5    11.188  -8.875] [ 1.9   1.49  9.5 ]
-11.665376 [  2.625  11.     -7.75 ] [ 1.88  1.3   9.53]
-11.766745 [  2.75   10.625  -6.   ] [ 1.81  1.01  9.58]
-11.868613 [ 2.813  9.875 -5.062] [ 1.7   0.85  9.61]
-11.970482 [ 2.875  7.438 -4.75 ] [ 2.55  0.81  9.68]
-12.071667 [ 2.875  2.75  -3.687] [ 1.75  0.63  9.77]
-12.173582 [ 2.438 -2.187 -2.312] [-0.37  0.4   9.79]
-12.276714 [ 6.125 -7.875 -1.312] [-0.06  0.23  9.71]
-12.379567 [ 1.375 -9.812 -0.312] [-1.64  0.08  9.66]
-12.481566 [  1.25  -10.187   1.   ] [-0.45 -0.16  9.64]
-12.583263 [ 1.25  -9.937  1.   ] [-0.42 -0.17  9.65]
-12.685583 [  1.188 -10.25    1.375] [-0.47 -0.24  9.64]
-12.78872 [  1.188 -10.062   1.688] [-1.72 -0.29  9.64]
-12.89089 [ 1.188 -9.5    1.688] [-0.34 -0.29  9.66]
-12.992477 [ 1.25  -8.875  0.938] [-0.24 -0.16  9.68]
-13.093687 [ 1.125 -8.5    0.   ] [-0.16  0.    9.69]
-13.195748 [ 1.125 -7.812 -0.75 ] [-0.06  0.13  9.71]
-13.298775 [ 1.    -7.125 -1.75 ] [-1.22  0.28  9.72]
-13.401533 [ 1.    -6.875 -2.625] [-1.17  0.45  9.72]
-13.503279 [ 0.875 -6.562 -4.062] [-1.12  0.69  9.71]
-13.604419 [ 0.75  -6.312 -6.312] [-1.08  1.07  9.68]
-13.705553 [ 0.563 -6.187 -8.625] [-1.06  1.46  9.63]
-13.807229 [  0.375  -6.187 -11.812] [-1.06  1.99  9.54]
-13.908727 [  0.     -6.25  -16.562] [-1.07  2.78  9.34]
-14.010351 [  8.25   -6.687 -17.937] [-1.14  3.    9.26]
-14.112419 [  8.25   -6.75  -17.562] [-1.17  2.95  9.27]
-14.214008 [  0.     -5.625 -17.125] [-0.96  2.87  9.32]
-14.315216 [  0.375  -3.75  -16.5  ] [-0.64  2.78  9.38]
-14.416534 [  0.813  -1.25  -15.625] [-0.22  2.64  9.43]
-14.517987 [  1.125   1.    -14.062] [ 1.45  2.39  9.5 ]
-14.619364 [  1.438   3.125 -12.75 ] [ 1.82  2.16  9.54]
-14.720829 [  1.438   3.563 -11.75 ] [ 1.89  2.    9.58]
-14.822604 [  1.563   4.438 -11.062] [ 2.03  1.89  9.59]
-14.92424 [ 1.688  5.5   -9.25 ] [ 2.22  1.57  9.63]
-15.02569 [ 1.75   6.563 -8.562] [ 2.4   1.45  9.63]
-15.127302 [ 1.75   7.125 -8.312] [ 2.5   1.41  9.62]
-15.23019 [ 1.813  8.938 -8.062] [ 1.53  1.36  9.58]
-15.333309 [  1.813  10.188  -8.187] [ 1.72  1.36  9.55]
-15.435009 [  1.75   10.563  -9.   ] [ 1.8   1.51  9.51]
-15.536292 [  1.688  11.125  -9.437] [ 1.89  1.58  9.49]
-15.63783 [  1.875  11.375  -8.437] [ 1.93  1.41  9.5 ]
-15.740283 [  6.062  11.125  -7.5  ] [ 1.9   1.25  9.53]
-15.843099 [  2.125  10.75   -5.625] [ 1.83  0.97  9.58]
-15.945162 [  2.188  10.     -5.   ] [ 1.7   0.85  9.61]
-16.046527 [ 2.438  7.688 -4.625] [ 1.31  0.79  9.68]
-16.147808 [ 2.938  3.313 -3.75 ] [ 1.84  0.64  9.76]
-16.249864 [ 2.875 -1.812 -2.375] [-0.31  0.41  9.79]
-16.352692 [ 5.75  -7.687 -1.25 ] [-1.31  0.22  9.71]
-16.455335 [  1.    -10.312  -0.625] [-1.79  0.12  9.64]
-16.557051 [ 0.75  -9.937  0.   ] [-0.41  0.    9.65]
-16.658359 [  0.75  -10.125   0.313] [-0.45 -0.05  9.65]
-16.759606 [  0.688 -10.312   0.813] [-0.47 -0.13  9.64]
-16.860989 [  0.625 -10.25    1.25 ] [-0.47 -0.21  9.64]
-16.962139 [ 0.5   -9.875  1.25 ] [-0.4  -0.21  9.65]
-17.063456 [ 0.5   -8.625  0.75 ] [-0.19 -0.13  9.69]
-17.164634 [ 0.438 -7.687 -0.125] [-0.04  0.02  9.71]
-17.266113 [ 0.313 -6.875 -1.187] [-1.18  0.19  9.73]
-17.367471 [ 0.25  -6.25  -2.375] [-1.07  0.41  9.73]
-17.46861 [ 0.188 -5.937 -3.5  ] [-1.02  0.6   9.73]
-17.57004 [ 0.125 -5.687 -5.187] [-0.98  0.89  9.71]
-17.671279 [ 0.    -5.437 -7.25 ] [-0.93  1.23  9.68]
-17.772712 [ 8.125 -5.312 -9.625] [-0.91  1.63  9.62]
-17.873818 [  8.375  -5.312 -13.375] [-0.9   2.26  9.49]
-17.974972 [  8.5    -4.812 -16.5  ] [-0.83  2.77  9.36]
-18.076814 [  8.562  -4.812 -17.125] [-0.83  2.88  9.33]
-18.178736 [  8.5  -4.5 -17. ] [-0.77  2.86  9.34]
-18.280116 [  8.562  -4.625 -16.687] [-0.8   2.81  9.36]
-18.382114 [  8.5    -4.375 -16.312] [-0.75  2.74  9.38]
-18.485009 [  8.25   -3.187 -15.562] [-0.54  2.63  9.43]
-18.5878 [  0.188  -0.75  -14.25 ] [-0.17  2.44  9.49]
-18.68951 [  0.625   2.375 -13.   ] [ 1.68  2.21  9.54]
-18.791058 [  7.25    3.375 -12.437] [ 1.86  2.11  9.55]
-18.893078 [  0.75    4.313 -11.562] [ 2.02  1.96  9.57]
-18.996237 [  7.125   5.25  -10.312] [ 2.17  1.75  9.6 ]
-19.098934 [ 0.938  6.375 -9.562] [ 2.36  1.62  9.61]
-19.200476 [ 0.938  7.375 -9.312] [ 2.54  1.58  9.59]
-19.301706 [ 1.     8.563 -9.125] [ 1.46  1.54  9.57]
-19.402834 [ 1.063  9.25  -9.   ] [ 1.57  1.52  9.55]
-19.505418 [  6.875  10.     -8.562] [ 1.7   1.44  9.54]
-19.608782 [  1.188  10.625  -8.   ] [ 1.8   1.35  9.54]
-19.710848 [  1.25   10.938  -7.562] [ 1.86  1.26  9.54]
-19.812162 [  1.25   10.563  -7.125] [ 1.79  1.2   9.56]
-19.913451 [  1.375  10.25   -6.187] [ 1.74  1.04  9.59]
-20.014769 [ 1.438  9.625 -4.875] [ 1.64  0.82  9.63]
-20.116193 [ 1.375  8.125 -4.687] [ 1.38  0.79  9.67]
-20.217478 [ 0.938  3.875 -3.937] [ 1.94  0.67  9.76]
-20.318727 [ 0.188 -1.625 -2.5  ] [-0.28  0.43  9.79]
-20.420132 [ 8.812 -8.875 -1.437] [-0.1   0.25  9.7 ]
-20.521525 [  9.    -10.562  -1.062] [-0.51  0.18  9.63]
-20.622734 [ 9.375 -9.437 -0.125] [-0.33  0.02  9.67]
-20.724002 [ 9.437 -9.812  0.188] [-0.39 -0.03  9.66]
-20.825093 [ 9.5   -9.937  0.75 ] [-0.41 -0.13  9.65]
-20.926476 [ 9.625 -9.812  1.188] [-0.39 -0.2   9.65]
-21.027813 [ 9.812 -9.125  1.25 ] [-0.27 -0.21  9.67]
-21.129114 [ 9.812 -8.812  0.938] [-0.22 -0.16  9.68]
-21.230802 [ 9.875 -7.937  0.063] [-0.09 -0.03  9.7 ]
-21.332742 [ 10.     -7.062  -1.25 ] [-1.2   0.21  9.72]
-21.434087 [ 10.062  -6.562  -2.437] [-1.12  0.42  9.73]
-21.535531 [ 10.125  -6.062  -3.5  ] [-1.03  0.59  9.73]
-21.637787 [ 10.25   -5.812  -5.25 ] [-0.99  0.9   9.71]
-21.741087 [ 10.375  -5.687  -7.375] [-0.97  1.22  9.68]
-21.843115 [ 10.562  -5.562  -9.75 ] [-0.95  1.66  9.61]
-21.944236 [ 10.75   -5.375 -13.562] [-0.92  2.29  9.49]
-22.04549 [ 11.062  -5.75  -16.687] [-0.98  2.8   9.34]
-22.147666 [ 11.187  -6.187 -17.25 ] [-1.05  2.89  9.3 ]
-22.250672 [ 11.312  -6.875 -17.125] [-1.17  2.87  9.3 ]
-22.352922 [ 11.125  -6.312 -16.625] [-1.11  2.8   9.33]
-22.454608 [ 10.875  -4.687 -16.125] [-0.81  2.71  9.38]
-22.555772 [ 10.5    -2.312 -15.562] [-0.4   2.62  9.43]
-22.657468 [ 10.062   0.313 -14.312] [ 1.33  2.42  9.5 ]
-22.760578 [  9.687   2.75  -13.187] [ 1.75  2.23  9.53]
-22.863638 [  9.625   3.313 -12.687] [ 0.56  2.15  9.54]
-22.965573 [  9.687   4.25  -11.937] [ 2.01  2.02  9.56]
-23.066836 [  9.562   5.438 -10.437] [ 2.21  1.77  9.59]
-23.168026 [ 9.437  6.625 -9.687] [ 2.41  1.64  9.6 ]
-23.269153 [ 9.375  7.563 -9.437] [ 1.29  1.59  9.58]
-23.370418 [ 9.312  8.438 -9.312] [ 1.44  1.57  9.57]
-23.471637 [ 9.25   9.563 -9.062] [ 1.63  1.53  9.54]
-23.5729 [  9.25   10.188  -8.687] [ 1.73  1.46  9.53]
-23.674216 [  9.125  10.75   -8.187] [ 1.82  1.38  9.53]
-23.775868 [  9.125  10.875  -7.625] [ 1.85  1.28  9.54]
-23.877233 [  9.062  10.438  -7.25 ] [ 1.78  1.21  9.56]
-23.978588 [  9.     10.125  -6.187] [ 1.73  1.04  9.59]
-24.079837 [ 8.875  9.75  -5.   ] [ 1.66  0.84  9.62]
-24.181057 [ 8.875  8.625 -4.187] [ 1.47  0.71  9.66]
-24.282457 [ 9.687  4.938 -3.5  ] [ 2.13  0.6   9.75]
-24.383818 [ 10.562  -0.25   -2.187] [-0.04  0.38  9.79]
-24.485863 [ 11.375  -6.687  -1.25 ] [-1.02  0.22  9.75]
-24.587444 [ 11.937 -10.062  -0.875] [-0.43  0.15  9.65]
-24.688587 [ 12.625  -9.312   0.   ] [-0.31  0.    9.67]
-24.790266 [ 12.75   -9.437   0.438] [-0.33 -0.08  9.67]
-24.892911 [ 12.75   -9.5     0.938] [-1.62 -0.16  9.66]
-24.995917 [ 12.75   -9.375   1.313] [-1.6  -0.22  9.67]
-25.097633 [ 12.75  -8.75   1.25] [-0.22 -0.21  9.68]
-25.198738 [ 12.75   -8.437   1.   ] [-0.16 -0.17  9.69]
-25.3001 [ 12.812  -7.875   0.   ] [-0.06  0.    8.43]
-25.401959 [ 12.937  -7.062  -1.187] [-1.21  0.2   9.72]
-25.505025 [ 13.062  -6.437  -2.562] [-1.11  0.42  9.73]
-25.607544 [ 13.125  -6.062  -3.437] [-1.05  0.57  9.73]
-25.709156 [ 13.187  -5.625  -5.125] [-0.96  0.87  9.71]
-25.810459 [ 13.312  -5.437  -7.062] [-0.93  1.2   9.68]
-25.912504 [ 13.5    -5.312  -9.375] [-0.91  1.59  9.63]
-26.015554 [ 13.75   -5.25  -13.062] [-0.9   2.2   9.51]
-26.11822 [ 14.125  -5.625 -16.687] [-0.96  2.78  9.35]
-26.219936 [ 14.25   -6.187 -17.125] [-1.05  2.88  9.31]
-26.321165 [ 14.312  -6.625 -16.937] [-1.13  2.83  9.31]
-26.422309 [ 14.125  -5.937 -16.312] [-1.01  2.74  9.36]
-26.523329 [ 13.875  -4.187 -15.875] [-0.71  2.68  9.4 ]
-26.624394 [ 13.437  -1.75  -15.125] [-0.3   2.56  9.46]
-26.725608 [ 13.     0.75 -14.  ] [ 1.41  2.37  9.51]
-26.826763 [ 12.687   3.063 -12.812] [ 1.8   2.18  9.54]
-26.928263 [ 12.5     4.438 -12.125] [ 2.04  2.06  9.55]
-27.029937 [ 12.437   5.25  -11.125] [ 2.17  1.88  9.58]
-27.131062 [ 12.375   5.938 -10.562] [ 2.3   1.79  9.58]
-27.232156 [ 12.25    7.063  -9.   ] [ 2.49  1.52  9.61]
-27.333438 [ 12.187   7.75   -8.625] [ 1.32  1.46  9.6 ]
-27.434784 [ 12.125   9.5    -8.25 ] [ 1.61  1.39  9.57]
-27.536152 [ 12.062  10.438  -8.062] [ 1.78  1.35  9.54]
-27.637227 [ 12.187  10.813  -8.875] [ 1.84  1.48  9.51]
-27.738551 [ 12.25   11.375  -9.5  ] [ 1.94  1.59  9.47]
-27.840223 [ 12.125  11.625  -8.562] [ 1.98  1.46  9.49]
-27.941745 [ 12.062  11.188  -7.625] [ 1.91  1.27  9.53]
-28.042903 [ 11.875  10.938  -5.875] [ 1.87  0.99  9.57]
-28.144586 [ 11.812  10.5    -4.687] [ 1.78  0.79  9.6 ]
-28.247243 [ 11.812   9.188  -4.562] [ 1.57  0.77  9.64]
-28.350232 [ 11.937   4.313  -3.5  ] [ 0.82  0.62  9.75]
-28.451949 [ 12.375  -1.     -2.187] [-0.17  0.37  9.79]
-28.553261 [ 13.125  -7.125  -1.187] [-1.22  0.21  9.72]
-28.654648 [ 13.375  -9.75   -0.875] [-0.38  0.15  9.66]
-28.757064 [ 13.937  -9.062   0.   ] [-0.27  0.    9.68]
-28.860827 [ 14.     -9.375   0.375] [-1.59 -0.06  9.67]
-28.962706 [ 14.062  -9.375   1.   ] [-0.32 -0.17  9.67]
-29.063981 [ 14.062  -9.25    1.5  ] [-0.29 -0.26  9.67]
-29.165541 [ 13.937  -8.75    1.438] [-0.21 -0.24  9.68]
-29.268381 [ 13.875  -8.562   1.125] [-1.46 -0.19  9.69]
-29.371564 [ 14.     -7.812   0.063] [-0.07 -0.03  9.71]
-29.473508 [ 14.125  -7.312  -1.25 ] [-1.25  0.22  9.72]
-29.574639 [ 14.187  -6.625  -2.5  ] [-1.13  0.43  9.73]
-29.675792 [ 14.25   -6.187  -3.437] [-1.05  0.58  9.73]
-29.777712 [ 14.375  -5.937  -5.25 ] [-1.02  0.89  9.71]
-29.878952 [ 14.562  -5.75   -7.562] [-0.98  1.29  9.67]
-29.980267 [ 14.75   -5.562 -10.25 ] [-0.95  1.74  9.6 ]
-30.081502 [ 15.     -5.437 -13.875] [-0.93  2.35  9.47]
-30.182917 [ 15.187  -5.625 -15.625] [-0.96  2.62  9.39]
-30.284467 [ 15.312  -5.937 -16.125] [-1.01  2.71  9.36]
-30.385882 [ 15.312  -6.375 -15.937] [-1.09  2.68  9.36]
-30.487651 [ 15.312  -6.375 -15.625] [-1.09  2.63  9.38]
-30.589476 [ 15.125  -4.937 -15.5  ] [-0.85  2.61  9.41]
-30.690727 [ 14.687  -2.625 -14.937] [-0.45  2.52  9.46]
-30.792349 [ 14.312   0.    -14.312] [ 1.28  2.42  9.5 ]
-30.894824 [ 13.875   2.688 -13.312] [ 1.74  2.26  9.53]
-30.996591 [ 13.75    3.875 -12.375] [ 1.94  2.1   9.55]
-31.09923 [ 13.5     4.625 -11.5  ] [ 2.07  1.95  9.57]
-31.202609 [ 13.375   5.75   -9.625] [ 2.24  1.66  9.61]
-31.305695 [ 13.312   6.75   -9.312] [ 2.43  1.57  9.6 ]
-31.407049 [ 13.25    7.938  -8.75 ] [ 1.35  1.48  9.59]
-31.508584 [ 13.187   9.063  -8.625] [ 1.54  1.46  9.57]
-31.61124 [ 13.187   9.688  -8.75 ] [ 1.66  1.48  9.55]
-31.714283 [ 13.312  10.313  -9.875] [ 1.75  1.64  9.5 ]
-31.81646 [ 13.312  10.938 -10.062] [ 1.86  1.68  9.47]
-31.917976 [ 13.187  11.125  -9.25 ] [ 1.9   1.54  9.49]
-32.019724 [ 13.125  11.     -8.187] [ 1.87  1.38  9.52]
-32.122518 [ 12.937  10.625  -6.437] [ 1.8   1.08  9.57]
-32.225516 [ 12.75   10.     -4.625] [ 1.71  0.8   9.62]
-32.327685 [ 12.812   8.688  -4.25 ] [ 1.48  0.71  9.66]
-32.42894 [ 13.437   4.625  -3.437] [ 2.07  0.59  9.75]
-32.53043 [ 14.312  -0.75   -2.062] [-0.13  0.36  9.79]
-32.631645 [ 15.062  -6.875  -1.187] [-1.17  0.2   9.73]
-32.733425 [ 15.437  -9.937  -0.75 ] [-0.41  0.12  9.65]
-32.835006 [ 15.25   -9.437   0.063] [-0.33 -0.01  9.67]
-32.936522 [ 15.375  -9.625   0.5  ] [-0.36 -0.08  9.66]
-33.037995 [ 15.375  -9.625   1.063] [-0.36 -0.18  9.66]
-33.139321 [ 15.437  -9.562   1.313] [-0.35 -0.22  9.66]
-33.241071 [ 15.375  -9.125   1.313] [-0.28 -0.22  9.67]
-33.342339 [ 15.312  -8.312   0.938] [-0.14 -0.16  9.7 ]
-33.443633 [ 15.187  -8.      0.   ] [-0.08  0.01  9.71]
-33.544825 [ 15.375  -7.125  -1.687] [-1.22  0.29  9.72]
-33.646268 [ 15.5    -6.562  -3.187] [-1.12  0.54  9.72]
-33.748215 [ 15.562  -6.25   -4.312] [-1.06  0.73  9.72]
-33.849731 [ 15.687  -6.     -6.125] [-1.02  1.04  9.69]
-33.950884 [ 15.812  -5.75   -8.312] [-0.99  1.41  9.65]
-34.052137 [ 16.     -5.625 -11.062] [-0.96  1.87  9.57]
-34.154745 [ 16.187  -5.562 -13.937] [-0.95  2.35  9.47]
-34.25765 [  8.187  -5.312 -14.687] [-0.92  2.48  9.44]
-34.359533 [ 16.187  -5.062 -15.187] [-0.87  2.56  9.42]
-34.460779 [  8.25   -5.312 -15.687] [-0.9   2.64  9.39]
-34.561953 [  8.25   -5.5   -15.562] [-0.94  2.62  9.4 ]
-34.664021 [  8.187  -5.187 -15.687] [-0.89  2.64  9.4 ]
-34.767329 [ 15.937  -3.687 -15.25 ] [-0.67  2.58  9.43]
-34.87168 [ 15.687  -1.75  -14.937] [-0.3   2.53  9.46]
-34.973629 [ 15.25    1.125 -14.062] [ 1.47  2.38  9.51]
-35.075961 [ 14.812   3.75  -12.937] [ 1.92  2.19  9.53]
-35.179411 [ 14.562   5.063 -11.75 ] [ 2.14  2.    9.56]
-35.28159 [ 14.312   5.813 -10.312] [ 2.27  1.75  9.59]
-35.382973 [ 14.187   6.938  -9.437] [ 2.46  1.6   9.6 ]
-35.484524 [ 14.187   7.5    -9.125] [ 1.28  1.54  9.59]
-35.585975 [ 14.125   9.125  -8.937] [ 1.56  1.51  9.56]
-35.687241 [ 14.062  10.25   -8.687] [ 1.74  1.46  9.53]
-35.788561 [ 14.     10.688  -8.312] [ 1.81  1.4   9.53]
-35.890209 [ 13.937  11.125  -7.75 ] [ 1.88  1.3   9.53]
-35.991582 [ 13.875  11.5    -7.312] [ 1.96  1.23  9.52]
-36.09284 [ 13.812  11.563  -6.875] [ 1.97  1.15  9.53]
-36.193903 [ 13.75   11.188  -5.812] [ 1.91  0.97  9.56]
-36.295142 [ 13.687  10.75   -4.75 ] [ 1.82  0.8   9.6 ]
-36.396521 [ 13.75    9.125  -4.625] [ 1.55  0.78  9.65]
-36.497816 [ 14.125   5.063  -3.812] [ 2.14  0.65  9.74]
-36.599176 [ 15.062  -0.437  -2.437] [-0.08  0.41  9.79]
