-0.075189 [ 7.688 -2.125 -8.   ] [-0.29  1.37  9.7 ]
-0.178042 [ 7.25  -7.937 -7.187] [-0.07  1.22  9.63]
-0.280946 [ 6.625 -9.937 -2.937] [-0.41  0.49  9.64]
-0.384822 [  6.313 -11.25    0.563] [-0.62 -0.04  9.62]
-0.487472 [  6.063 -11.312   2.25 ] [-0.64 -0.38  9.6 ]
-0.589756 [  5.875 -10.937   2.   ] [-0.58 -0.33  9.62]
-0.693192 [  2.187 -10.25    1.75 ] [-0.47 -0.29  9.64]
-0.796757 [ 5.75  -9.25   1.188] [-0.29 -0.2   9.67]
-0.899071 [ 2.375 -8.125  0.125] [-0.1  -0.03  9.7 ]
-1.001949 [ 5.563 -7.437 -0.375] [-1.26  0.06  9.72]
-1.105992 [ 5.563 -6.562 -1.25 ] [-1.13  0.2   9.73]
-1.208827 [ 5.5   -5.937 -2.25 ] [-1.02  0.38  9.74]
-1.313664 [    5.375    -5.437  2043.75 ] [-0.93  0.72  9.73]
-1.416331 [ 5.313 -5.25  -7.375] [-0.9   1.21  9.68]
-1.518774 [  5.125  -5.    -10.375] [-0.86  1.76  9.6 ]
-1.620947 [  4.875  -4.875 -14.5  ] [-0.83  2.45  9.45]
-1.722916 [  4.813  -4.875 -18.625] [-0.84  3.12  9.25]
-1.824846 [  4.625  -5.125 -19.937] [-0.87  3.33  9.18]
-1.926804 [  4.563  -5.25  -20.125] [-0.9   3.36  9.16]
-2.029556 [  4.75   -4.625 -19.75 ] [-0.79  3.3   9.19]
-2.131888 [  5.125  -2.875 -18.75 ] [-0.49  3.15  9.27]
-2.235131 [  2.375  -0.562 -17.312] [-0.1   2.92  9.36]
-2.338506 [  6.063   2.063 -15.562] [ 1.64  2.63  9.43]
-2.440889 [  6.188   3.188 -14.125] [ 1.82  2.39  9.49]
-2.543695 [  1.625   3.938 -13.375] [ 0.67  2.27  9.51]
-2.647679 [  6.688   5.25  -12.562] [ 0.87  2.15  9.52]
-2.753213 [  6.875   6.625 -10.312] [ 2.41  1.75  9.58]
-2.857191 [ 7.063  8.313 -9.   ] [ 1.39  1.53  9.58]
-2.96034 [  6.938  10.5    -7.75 ] [ 1.79  1.3   9.55]
-3.062401 [  6.438  13.5    -8.187] [ 2.29  1.36  9.43]
-3.164317 [  6.375  15.     -8.312] [ 2.54  1.36  9.37]
-3.266276 [  6.375  15.375  -8.187] [ 3.88  1.35  9.35]
-3.368406 [  6.5    15.688  -8.25 ] [ 3.94  1.35  9.34]
-3.47064 [  6.75   15.688  -6.812] [ 3.93  1.12  9.37]
-3.572617 [  6.625  15.75   -6.5  ] [ 3.95  1.07  9.37]
-3.67451 [  6.375  14.813  -6.5  ] [ 2.5   1.07  9.41]
-3.776527 [  6.063  13.25   -6.   ] [ 2.25  1.    9.49]
-3.879098 [ 5.5    9.313 -5.   ] [ 1.66  0.87  9.62]
-3.981726 [ 4.563  4.375 -3.875] [ 2.03  0.66  9.75]
-4.083769 [ 3.875 -0.312 -2.875] [-0.05  0.49  9.79]
-4.186976 [ 4.687 -5.187 -1.562] [-0.89  0.27  9.76]
-4.293294 [  5.875 -11.875  -0.937] [-0.74  0.16  9.59]
-4.396314 [  5.812 -11.187   0.   ] [-1.91  0.    9.61]
-4.500129 [  2.25  -10.812   0.813] [-0.56 -0.13  9.63]
-4.602628 [  2.188 -10.875   1.25 ] [-0.57 -0.21  9.62]
-4.70449 [  2.063 -10.5     1.688] [-0.51 -0.29  9.63]
-4.807744 [ 2.063 -9.687  9.75 ] [-0.37 -0.29  9.66]
-4.911194 [ 2.    -9.062  1.188] [-1.54 -0.22  9.68]
-5.013695 [ 1.938 -8.875  0.375] [-0.23 -0.06  9.68]
-5.116035 [ 1.813 -7.875 -0.562] [-0.07  0.1   9.71]
-5.218325 [ 1.75  -7.312 -1.687] [-1.25  0.29  9.72]
-5.320583 [ 1.688 -6.5   -2.687] [-1.11  0.46  9.73]
-5.422567 [  1.56300000e+00  -6.06200000e+00   2.04362500e+03] [-1.04  0.75  9.72]
-5.524175 [  1.37500000e+00   2.04212500e+03  -7.50000000e+00] [-1.    1.28  9.67]
-5.625823 [  1.188  -5.687 -11.125] [-0.97  1.88  9.57]
-5.727737 [  0.938  -5.375 -15.75 ] [-0.92  2.65  9.39]
-5.833065 [  0.938  -5.125 -18.312] [-0.88  3.07  9.27]
-5.935129 [  0.875  -5.375 -18.875] [-0.92  3.15  9.23]
-6.038099 [  7.125  -5.75  -18.625] [-0.98  3.12  9.24]
-6.141998 [  0.938  -5.562 -18.   ] [-0.97  3.03  9.27]
-6.244524 [  1.313  -3.875 -17.125] [-0.66  2.88  9.34]
-6.346679 [  6.25   -1.312 -16.187] [-0.22  2.74  9.41]
-6.450216 [  5.812   1.313 -15.125] [ 0.22  2.56  9.46]
-6.553747 [  2.625   3.813 -13.875] [ 1.93  2.35  9.49]
-6.655955 [  2.813   4.688 -13.   ] [ 2.08  0.92  9.52]
-6.758855 [  5.      5.625 -12.312] [ 0.96  2.08  9.53]
-6.862582 [  3.25    7.125 -10.062] [ 1.19  1.72  9.57]
-6.965166 [ 3.375  8.563 -9.062] [ 1.46  1.53  9.57]
-7.067205 [  3.375  10.563  -8.125] [ 1.8   1.37  9.54]
-7.169363 [  3.375  13.188  -7.5  ] [ 2.24  1.25  9.46]
-7.273983 [  2.938  16.     -7.125] [ 3.99  1.17  9.35]
-7.376327 [  2.813  16.938  -6.75 ] [ 4.14  1.1   9.31]
-7.47869 [  2.375  17.063  -6.875] [ 4.15  1.12  9.3 ]
-7.580934 [  1.75   16.688  -7.125] [ 4.1   1.16  9.31]
-7.683087 [  1.375  15.875  -7.25 ] [ 3.98  1.19  9.35]
-7.78555 [  1.375  14.5    -6.875] [ 2.45  1.13  9.42]
-7.88749 [  6.812  12.5    -6.375] [ 2.12  1.06  9.51]
-7.990351 [ 7.312  8.75  -5.5  ] [ 1.49  0.93  9.64]
-8.094051 [ 8.187  3.438 -4.125] [ 1.95  0.73  9.75]
-8.196618 [ 8.625 -1.125 -2.   ] [-0.2   0.34  9.79]
-8.298752 [ 9.187 -5.875 -0.062] [-1.    0.01  9.75]
-8.402246 [  9.875 -12.437   0.313] [-0.83 -0.05  9.57]
-8.505449 [  9.562 -12.437   1.25 ] [-0.84 -0.21  9.57]
-8.608981 [  9.375 -11.062   2.375] [-0.6  -0.4   9.61]
-8.712605 [  9.437 -11.187   2.5  ] [-0.62 -0.42  9.61]
-8.818578 [  9.687 -10.687   2.625] [-0.54 -0.44  9.62]
-8.920624 [  9.687 -10.      2.438] [-0.43 -0.41  9.64]
-9.022552 [ 9.75  -9.062  1.875] [-0.27 -0.32  9.67]
-9.124409 [ 9.875 -8.125  0.563] [-0.11 -0.09  9.7 ]
-9.226661 [ 9.937 -7.312 -0.125] [-1.24  0.02  9.72]
-9.328839 [ 9.937 -6.375 -0.937] [-1.09  0.16  9.74]
-9.430883 [ 10.     -6.     -2.125] [ 326.66    0.36    9.74]
-9.532849 [ 10.125  -5.687  -4.437] [-0.97  0.75  9.72]
-9.634923 [ 10.312  -5.375  -7.625] [-0.92  1.3   9.67]
-9.737534 [ 10.5    -5.125 -11.625] [-0.88  1.97  9.56]
-9.839679 [ 10.687  -4.937 -16.125] [-0.84  2.71  9.38]
-9.942581 [ 10.812  -5.25  -16.5  ] [-0.9   2.77  9.36]
-10.046551 [ 10.812  -5.    -17.062] [-0.86  2.85  9.34]
-10.149191 [ 10.812  -4.875 -17.687] [-0.83  2.97  9.3 ]
-10.254514 [ 10.812  -4.75  -17.75 ] [-0.82  2.98  9.3 ]
-10.358756 [ 10.687  -4.437 -16.937] [-0.76  2.85  9.35]
-10.461358 [ 10.437  -2.875 -16.   ] [-0.49  2.7   9.41]
-10.565505 [  9.937   0.125 -14.875] [-0.03  2.53  9.47]
-10.670081 [  9.437   3.063 -14.187] [ 1.8   2.4   9.49]
-10.772819 [  9.062   4.688 -13.187] [ 2.08  2.23  9.51]
-10.875411 [  8.812   5.563 -12.187] [ 2.24  2.06  9.53]
-10.978095 [  8.5    7.   -10.25] [ 1.17  1.75  9.57]
-11.081152 [ 8.375  8.375 -9.187] [ 1.43  1.55  9.57]
-11.183901 [ 8.312  9.813 -8.937] [ 1.68  1.5   9.54]
-11.286602 [  8.25   11.563  -8.812] [ 1.96  1.47  9.49]
-11.389765 [  8.187  12.563  -8.437] [ 2.13  1.4   9.46]
-11.492476 [  8.125  13.25   -8.   ] [ 2.24  1.33  9.45]
-11.596031 [  8.25   14.188  -8.312] [ 2.4   1.37  9.4 ]
-11.700246 [  0.063  15.125  -6.875] [ 3.84  1.14  9.39]
-11.802795 [  0.25   15.438  -6.   ] [ 3.89  0.99  9.39]
-11.906962 [  8.125  14.25   -5.937] [ 2.44  0.99  9.44]
-12.010823 [  8.187  12.625  -5.687] [ 2.14  0.95  9.52]
-12.113284 [ 8.25   9.438 -4.75 ] [ 1.6   0.8   9.64]
-12.217567 [ 8.562  4.438 -3.437] [ 2.11  0.6   9.75]
-12.321728 [ 8.937 -0.25  -2.437] [-0.05  0.41  9.79]
-12.424509 [ 9.5   -5.437 -1.312] [-0.93  0.23  9.75]
-12.527358 [ 10.625 -12.25   -0.625] [-0.8   0.11  9.58]
-12.630222 [ 10.562 -11.687   0.375] [-0.72 -0.04  9.59]
-12.733207 [ 10.5   -11.437   1.188] [-0.66 -0.2   9.6 ]
-12.83595 [ 10.562 -11.5     1.625] [-0.67 -0.28  9.6 ]
-12.938745 [ 10.687 -10.937   2.063] [-0.58 -0.35  9.62]
-13.041826 [ 10.687 -10.25    2.188] [-0.46 -0.36  9.64]
-13.144267 [ 10.687  -9.687   1.688] [-0.37 -0.29  9.66]
-13.248317 [ 10.75   -9.25    1.063] [-1.58 -0.18  9.67]
-13.352282 [ 10.812  -8.25    0.063] [-0.12 -0.02  9.7 ]
-13.455015 [ 10.937  -7.187  -0.812] [-1.22  0.14  9.72]
-13.559469 [ 11.     -6.375  -1.937] [-1.11  0.3   9.73]
-13.662898 [ 11.125  -6.     -4.   ] [-1.02  0.68  9.72]
-13.765502 [ 11.25   -5.875  -6.812] [-1.    1.15  9.68]
-13.869814 [ 11.375  -5.687  -9.562] [-0.98  1.58  9.62]
-13.973391 [ 11.5    -5.375 -12.687] [-0.92  2.14  9.52]
-14.076093 [ 11.625  -4.937 -17.25 ] [-0.84  2.9   9.32]
-14.17894 [ 11.375  -4.25  -19.062] [-0.73  3.19  9.24]
-14.28183 [ 11.312  -3.937 -19.   ] [-0.68  3.19  9.24]
-14.384588 [ 11.25   -3.625 -18.625] [-0.62  3.12  9.27]
-14.487149 [ 11.187  -3.437 -17.875] [-0.59  3.    9.31]
-14.590021 [ 11.   -2.5 -16.5] [-0.43  2.78  9.39]
-14.693195 [ 10.562   0.    -15.062] [ 1.28  2.55  9.46]
-14.795919 [ 10.125   3.    -13.937] [ 1.79  2.35  9.5 ]
-14.899934 [ 10.      3.938 -13.062] [ 1.96  2.21  9.52]
-15.003959 [  9.75    5.    -12.187] [ 2.14  2.07  9.54]
-15.1068 [  9.562   6.438 -10.062] [ 2.38  1.7   9.59]
-15.211378 [ 9.437  7.938 -9.187] [ 1.33  1.56  9.58]
-15.314968 [ 9.375  9.563 -8.625] [ 1.63  1.45  9.55]
-15.417838 [  9.375  11.625  -8.625] [ 1.98  1.44  9.49]
-15.522275 [  9.75   13.688  -9.125] [ 2.29  1.5   9.41]
-15.625736 [  9.5    14.938  -7.687] [ 2.53  1.27  9.38]
-15.728462 [  9.625  16.188  -6.812] [ 4.01  1.11  9.35]
-15.831182 [  9.5    16.063  -6.937] [ 3.99  1.14  9.35]
-15.933717 [  9.125  15.     -7.125] [ 3.84  1.17  9.39]
-16.036322 [  8.625  13.625  -6.812] [ 2.31  1.13  9.46]
-16.13989 [  8.062  11.938  -6.375] [ 2.03  1.07  9.53]
-16.242646 [ 7.187  8.875 -5.25 ] [ 1.52  0.89  9.64]
-16.345957 [ 1.813  3.438 -4.   ] [ 1.86  0.68  9.76]
-16.448401 [ 2.125 -1.375 -3.   ] [-0.23  0.51  9.79]
-16.552278 [ 6.125 -6.75  -1.437] [-1.06  0.27  9.74]
-16.656056 [  1.5   -12.75   -0.562] [-0.88  0.09  9.56]
-16.75886 [  1.063 -12.687   1.375] [-0.87 -0.23  9.56]
-16.863118 [  1.063 -11.875   2.438] [-2.02 -0.4   9.58]
-16.966611 [  1.063 -11.937   2.5  ] [-0.75 -0.42  9.58]
-17.069303 [  1.    -11.687   2.5  ] [-0.7  -0.42  9.59]
-17.173404 [  1.125 -10.875   2.   ] [-0.59 -0.35  9.61]
-17.277204 [  1.125 -10.5     1.375] [-0.51 -0.23  9.63]
-17.379793 [ 1.063 -9.312  0.625] [-0.31 -0.11  9.67]
-17.482241 [ 1.    -8.437 -0.187] [-0.16  0.04  9.69]
-17.585224 [ 0.938 -7.375 -1.187] [-1.28  0.18  9.72]
-17.68812 [ 0.938 -6.937 -2.437] [-1.19  0.41  9.72]
-17.790993 [ 0.813 -6.5   -4.437] [-1.11  0.76  9.71]
-17.893725 [ 0.688 -6.312 -7.187] [-1.08  1.22  9.66]
-17.996596 [  0.563  -6.187 -10.437] [-1.06  1.71  9.59]
-18.099462 [  0.375  -6.125 -14.25 ] [-1.05  2.4   9.44]
-18.203325 [  0.375  -6.125 -17.875] [-1.04  2.99  9.27]
-18.30752 [  0.375  -5.937 -18.5  ] [-1.01  3.1   9.24]
-18.410079 [  0.375  -6.062 -18.375] [-1.03  3.07  9.25]
-18.513641 [  0.313  -6.375 -17.875] [-1.09  2.99  9.27]
-18.618253 [  0.438  -5.75  -17.375] [-0.99  2.92  9.3 ]
-18.720959 [  7.187  -3.687 -16.312] [-0.64  2.75  9.38]
-18.824836 [  6.75   -0.875 -15.375] [-0.15  2.6   9.45]
-18.929116 [  1.813   1.75  -14.625] [ 1.58  2.47  9.48]
-19.032155 [  2.125   2.688 -13.562] [ 1.74  2.29  9.52]
-19.135126 [  2.375   3.938 -11.75 ] [ 1.96  1.99  9.57]
-19.238017 [ 2.375  5.688 -9.937] [ 2.22  1.7   9.61]
-19.3409 [ 2.438  7.188 -9.375] [ 2.5   1.59  9.59]
-19.443547 [ 2.5    8.5   -9.125] [ 1.45  1.53  9.57]
-19.546303 [  5.437  10.375  -8.937] [ 1.77  1.5   9.52]
-19.649397 [  2.313  11.813  -9.75 ] [ 2.01  1.63  9.45]
-19.752097 [  2.438  13.125  -9.25 ] [ 2.23  1.53  9.42]
-19.855814 [  2.563  14.063  -8.125] [ 2.39  1.35  9.41]
-19.959832 [  2.875  14.875  -6.5  ] [ 2.52  1.07  9.41]
-20.06242 [  5.312  14.938  -6.25 ] [ 2.53  1.03  9.41]
-20.166316 [  5.625  13.875  -6.125] [ 2.35  1.01  9.46]
-20.270459 [  2.063  11.938  -5.625] [ 2.03  0.94  9.54]
-20.373367 [ 1.5    8.438 -4.812] [ 1.43  0.82  9.66]
-20.477527 [ 0.75   3.313 -3.687] [ 0.65  0.65  9.76]
-20.581617 [ 0.25  -1.562 -2.687] [-0.27  0.46  9.79]
-20.684361 [ 8.375 -7.125 -1.625] [-1.21  0.28  9.72]
-20.787105 [  9.312 -12.25   -0.937] [-0.8   0.16  9.58]
-20.890095 [  9.312 -11.25    0.125] [-0.64  0.    9.61]
-20.992975 [  9.437 -11.437   0.813] [-0.67 -0.13  9.6 ]
-21.095719 [  9.5   -11.437   1.25 ] [-0.66 -0.21  9.6 ]
-21.198425 [  9.562 -10.937   1.75 ] [-0.58 -0.29  9.62]
-21.301282 [  9.625 -10.687   1.813] [-0.54 -0.31  9.63]
-21.403848 [ 9.625 -9.75   1.563] [-0.38 -0.26  9.66]
-21.507465 [ 9.75  -8.25   0.438] [-1.41 -0.08  9.7 ]
-21.611761 [ 9.812 -7.125 -0.312] [-1.22  0.06  9.72]
-21.714504 [ 9.812 -6.625 -1.062] [-1.13  0.18  9.73]
-21.818359 [ 9.875 -6.187 -2.437] [-1.06  0.41  9.73]
-21.922791 [ 10.     -5.875  -4.875] [-1.    0.83  9.71]
-22.025548 [ 10.125  -5.687  -7.937] [-0.97  1.35  9.66]
-22.129979 [ 10.375  -5.437 -11.5  ] [-0.93  1.88  9.57]
-22.23382 [ 10.562  -5.312 -16.187] [-0.9   2.72  9.37]
-22.336711 [ 10.625  -5.812 -18.5  ] [-0.99  3.09  9.25]
-22.439716 [ 10.75   -6.187 -19.187] [-1.06  3.21  9.2 ]
-22.54259 [ 10.75   -6.375 -19.187] [-1.08  3.2   9.2 ]
-22.645308 [ 10.625  -5.812 -18.625] [-0.99  3.11  9.24]
-22.748624 [ 10.375  -4.687 -17.625] [-0.8   2.96  9.31]
-22.851971 [  9.937  -2.375 -16.5  ] [-0.45  2.8   9.38]
-22.955098 [  9.437   0.375 -15.562] [ 1.35  2.64  9.44]
-23.058498 [  9.062   2.875 -14.437] [ 1.77  2.44  9.48]
-23.162815 [  8.812   4.313 -13.5  ] [ 0.74  2.29  9.5 ]
-23.265694 [  8.562   5.25  -12.687] [ 2.18  2.14  9.52]
-23.368969 [  8.25    6.375 -10.937] [ 1.09  1.85  9.56]
-23.473412 [  8.125   7.688 -10.062] [ 1.31  1.7   9.56]
-23.57622 [ 8.062  8.75  -9.812] [ 1.49  1.65  9.54]
-23.680601 [  8.062  11.25   -9.562] [ 1.92  1.6   9.48]
-23.785083 [  0.063  12.438  -9.187] [ 2.11  1.53  9.45]
-23.888045 [  0.     13.313  -9.562] [ 2.26  1.58  9.4 ]
-23.990789 [  0.125  13.938  -8.75 ] [ 2.37  1.44  9.4 ]
-24.093502 [  0.313  14.5    -7.75 ] [ 2.45  1.3   9.4 ]
-24.196358 [  0.5    14.563  -6.75 ] [ 2.47  1.12  9.42]
-24.299167 [  0.438  13.938  -6.812] [ 2.36  1.13  9.44]
-24.401841 [  4.38000000e-01   1.21880000e+01   2.04156300e+03] [ 2.08  1.07  9.52]
-24.504685 [ 0.063  8.688 -5.437] [ 1.48  0.92  9.64]
-24.607707 [ 8.375  3.875 -4.312] [ 1.94  0.73  9.75]
-24.711416 [ 8.812 -1.062 -3.375] [-0.19  0.58  9.78]
-24.815652 [ 9.437 -7.312 -1.812] [-1.25  0.31  9.72]
-24.918156 [ 10.375 -12.937  -0.375] [-0.92  0.06  9.55]
-25.021757 [ 11.125 -13.25    1.438] [-0.97 -0.24  9.54]
-25.125942 [ 10.937 -11.25    2.188] [-0.63 -0.36  9.61]
-25.228795 [ 10.937 -11.      2.313] [-0.59 -0.39  9.61]
-25.332939 [ 11.062 -10.875   2.25 ] [-0.57 -0.38  9.62]
-25.437097 [ 11.062 -10.187   2.   ] [-0.45 -0.33  9.64]
-25.539817 [ 11.062  -9.25    1.375] [-0.3  -0.23  9.67]
-25.642645 [ 11.125  -8.75    0.313] [-0.21 -0.05  9.69]
-25.745127 [ 11.187  -7.937  -0.5  ] [-0.08  0.07  9.71]
-25.84815 [ 11.25  -7.5   -1.5 ] [-1.28  0.26  9.71]
-25.950705 [ 11.312  -7.062  -2.625] [-1.2   0.44  9.72]
-26.053171 [ 11.437  -6.562  -4.312] [-1.12  0.74  9.71]
-26.156054 [ 11.562  -6.312  -7.312] [-1.08  1.19  9.67]
-26.25919 [ 11.75   -6.187 -10.5  ] [-1.05  1.77  9.58]
-26.361915 [ 12.     -6.125 -15.125] [-1.04  2.55  9.41]
-26.466089 [ 12.125  -6.187 -18.312] [-1.05  3.03  9.26]
-26.569296 [ 12.375  -6.687 -19.125] [-1.15  3.19  9.2 ]
-26.672544 [ 12.437  -7.062 -18.562] [-1.2   3.09  9.22]
-26.777105 [ 12.187  -6.125 -17.75 ] [-1.07  2.99  9.27]
-26.880132 [ 11.812  -4.    -17.062] [-0.69  2.87  9.35]
-26.983467 [ 11.375  -1.625 -16.062] [-0.27  2.71  9.41]
-27.088163 [ 10.937   0.938 -15.062] [ 1.44  2.54  9.46]
-27.190873 [ 10.625   3.    -13.75 ] [ 1.8   2.33  9.51]
-27.293486 [ 10.437   4.313 -12.937] [ 2.02  2.19  9.52]
-27.39622 [ 10.312   5.188 -12.125] [ 2.16  2.06  9.54]
-27.499225 [ 10.062   6.5   -10.187] [ 2.39  1.72  9.58]
-27.601931 [ 9.937  7.688 -9.25 ] [ 1.31  1.56  9.59]
-27.704532 [ 9.812  8.875 -9.187] [ 1.52  1.55  9.56]
-27.807262 [  9.75   11.188  -8.812] [ 1.88  1.48  9.5 ]
-27.910679 [  9.75   11.938  -8.687] [ 2.02  1.45  9.48]
-28.013718 [  9.875  12.875  -9.5  ] [ 2.19  1.57  9.42]
-28.118456 [  9.812  13.813  -8.562] [ 2.33  1.43  9.41]
-28.221445 [  9.625  14.25   -7.5  ] [ 2.42  1.24  9.42]
-28.324895 [  9.562  14.25   -6.812] [ 2.42  1.13  9.43]
-28.42963 [  9.687  13.125  -6.687] [ 2.23  1.11  9.48]
-28.532493 [  9.812  11.375  -6.187] [ 1.93  1.04  9.55]
-28.636365 [ 10.25    7.688  -5.25 ] [ 1.31  0.89  9.67]
-28.740836 [ 10.812   2.438  -4.125] [ 1.69  0.7   9.77]
-28.843386 [ 11.125  -2.562  -2.562] [-0.44  0.44  9.78]
-28.945687 [ 11.875  -8.812  -0.625] [-0.23  0.11  9.68]
-29.048407 [ 12.937 -13.437   1.063] [-1.01 -0.14  9.53]
-29.151266 [ 13.812 -12.625   1.688] [-0.87 -0.28  9.56]
-29.253875 [ 14.187 -11.062   2.313] [-0.6  -0.39  9.61]
-29.356454 [ 14.25  -11.187   2.375] [-0.63 -0.4   9.6 ]
-29.460822 [ 14.312 -10.562   2.563] [-0.52 -0.43  9.62]
-29.563486 [ 14.312  -9.875   2.438] [-0.4  -0.41  9.65]
-29.667493 [ 14.375  -9.687   1.75 ] [-0.37 -0.3   9.66]
-29.772103 [ 14.437  -9.187   1.063] [-0.28 -0.18  9.67]
-29.874806 [ 14.562  -8.187   0.125] [-0.12 -0.02  9.7 ]
-29.979233 [ 14.625  -7.437  -0.687] [-1.28  0.11  9.72]
-30.082688 [ 14.687  -6.625  -1.5  ] [-1.13  0.25  9.73]
-30.186259 [ 14.812  -6.125  -3.5  ] [-1.05  0.59  9.73]
-30.290832 [ 14.937  -5.937  -6.812] [-1.02  1.11  9.68]
-30.393759 [ 15.125  -5.687 -10.   ] [-0.97  1.69  9.6 ]
-30.496444 [ 15.375  -6.    -14.5  ] [-1.03  2.45  9.43]
-30.599316 [ 15.625  -6.812 -18.875] [-1.16  3.15  9.21]
-30.702331 [ 15.75   -6.625 -20.312] [-1.14  3.38  9.13]
-30.804991 [ 15.625  -5.937 -20.187] [-1.01  3.37  9.15]
-30.907649 [ 15.375  -4.812 -19.875] [-0.82  3.32  9.18]
-31.010103 [ 14.937  -2.687 -18.75 ] [-0.46  3.15  9.27]
-31.113245 [ 14.437  -0.187 -17.437] [-0.03  2.94  9.35]
-31.216104 [ 14.125   1.813 -15.875] [ 0.31  2.68  9.42]
-31.320694 [ 13.875   3.25  -13.75 ] [ 1.83  2.36  9.5 ]
-31.424428 [ 13.75    4.063 -12.5  ] [ 1.97  2.12  9.54]
-31.527723 [ 13.437   4.938 -11.875] [ 2.13  2.01  9.55]
-31.632303 [ 13.062   6.125 -10.125] [ 1.03  1.74  9.59]
-31.73531 [ 13.      7.563  -9.125] [ 1.29  1.54  9.59]
-31.838893 [ 12.937   8.875  -8.625] [ 1.51  1.45  9.57]
-31.943206 [ 12.812  11.188  -8.25 ] [ 1.9   1.38  9.52]
-32.046107 [ 12.812  12.313  -7.937] [ 2.09  1.33  9.48]
-32.148649 [ 12.875  13.5    -8.437] [ 2.29  1.4   9.43]
-32.251399 [ 12.625  14.438  -7.062] [ 2.44  1.17  9.42]
-32.354095 [ 12.625  14.938  -6.75 ] [ 2.53  1.12  9.4 ]
-32.456978 [ 12.625  14.125  -6.937] [ 2.39  1.15  9.43]
-32.559566 [ 12.437  12.75   -6.75 ] [ 2.17  1.12  9.49]
-32.662135 [ 12.312  10.563  -6.312] [ 1.84  1.07  9.57]
-32.765166 [ 12.312   6.688  -5.187] [ 2.42  0.89  9.69]
-32.868607 [ 12.437   2.188  -2.625] [ 1.66  0.45  9.78]
-32.973062 [ 12.812  -1.687  -1.312] [-0.24  0.25  9.8 ]
-33.076354 [ 13.062  -5.812  -0.125] [-0.99  0.02  9.75]
-33.179933 [ 13.687 -11.812   0.375] [-0.73 -0.07  9.59]
-33.284659 [ 13.562 -11.812   1.313] [-0.73 -0.22  9.59]
-33.387496 [ 13.5   -11.375   2.188] [-0.66 -0.37  9.6 ]
-33.491225 [ 13.625 -11.5     2.563] [-0.67 -0.43  9.59]
-33.595439 [ 13.75  -11.062   2.625] [-0.6  -0.44  9.61]
-33.698135 [ 13.687 -10.25    2.375] [-0.47 -0.4   9.64]
-33.800864 [ 13.625  -9.437   1.813] [-0.33 -0.31  9.66]
-33.903308 [ 13.687  -9.125   1.063] [-0.28 -0.18  9.67]
-34.006195 [ 13.75   -8.312   0.313] [-0.14 -0.05  9.7 ]
-34.109059 [ 13.812  -7.75   -0.625] [-0.05  0.11  9.71]
-34.211773 [ 13.937  -7.125  -2.062] [-1.22  0.35  9.72]
-34.314922 [ 14.062  -6.5    -4.437] [-1.12  0.71  9.71]
-34.418231 [ 14.187  -6.25   -7.25 ] [-1.07  1.23  9.66]
-34.521803 [ 14.375  -6.125 -10.375] [-1.04  1.75  9.59]
-34.626113 [ 14.687  -5.937 -15.437] [-1.02  2.59  9.4 ]
-34.728982 [ 14.562  -5.687 -18.25 ] [-0.98  3.06  9.26]
-34.832699 [ 14.75   -6.    -18.937] [-1.03  3.17  9.22]
-34.937028 [ 14.812  -6.562 -18.687] [-1.12  3.13  9.22]
-35.039868 [ 14.812  -6.562 -18.25 ] [-1.12  3.06  9.24]
-35.144023 [ 14.437  -4.875 -17.312] [-0.86  2.92  9.31]
-35.248038 [ 13.937  -2.437 -16.062] [-0.42  2.71  9.41]
-35.350826 [ 13.562   0.063 -14.687] [ 1.29  1.21  9.48]
-35.453399 [ 13.187   2.313 -13.75 ] [ 1.68  2.33  9.51]
-35.55608 [ 12.937   4.125 -12.75 ] [ 1.98  2.16  9.53]
-35.658954 [ 12.687   5.    -11.75 ] [ 2.13  1.99  9.56]
-35.761811 [ 12.437   6.    -10.812] [ 2.31  1.83  9.57]
-35.864584 [ 12.25    7.313  -9.312] [ 2.53  1.58  9.59]
-35.967849 [ 12.125   8.688  -8.687] [ 1.48  1.47  9.58]
-36.070764 [ 12.062  10.625  -8.5  ] [ 1.81  1.42  9.53]
-36.174572 [-1700.       11.375    -8.187] [ 1.94  1.37  9.51]
-36.278283 [ 12.125  12.375  -8.875] [ 2.11  1.47  9.46]
-36.380773 [ 12.062  13.188  -8.375] [ 2.24  1.39  9.44]
-36.484518 [ 11.875  13.813  -7.312] [ 2.34  1.22  9.44]
-36.588619 [ 11.5    13.875  -5.875] [ 2.36  0.97  9.46]
-36.691383 [ 11.437  13.438  -5.687] [ 2.28  0.95  9.48]
-36.795405 [ 11.125  11.813  -5.437] [ 2.01  0.91  9.55]
-36.899546 [ 10.375   7.938  -4.687] [ 1.35  0.79  9.67]
-37.002271 [ 9.812  3.25  -3.562] [ 1.84  0.61  8.49]
-37.104861 [ 9.812 -1.375 -2.5  ] [-0.24  0.42  9.79]
