The flat matrix is [[ -1.68862500e+03  -8.87500000e+00   2.04150000e+03]
 [ -1.50000000e-01  -1.61380000e+02   9.49000000e+00]] 
-0.078756 [ 1698.438     6.75  -2057.   ] [ -2.20000000e-01   1.64000000e+02  -5.00000000e-02]274.493101 269.49310095 268.9438875 263.9438874 255.814709 250.81470905 261.798602 256.79860195 
-0.182005 [ 1698.75      8.875 -2055.062] [  1.10000000e-01   1.63710000e+02   3.00000000e-02]274.8798395 269.87983975 267.529996 262.5299959 255.2960635 250.296063419 263.2426755 258.24267555 
-0.284746 [ 1698.625     8.875 -2055.75 ] [  1.43000000e+00   1.63800000e+02   1.00000000e-02]274.99901 269.99900985 266.0658185 261.06581865 255.029741 250.029740863 264.721438 259.721438 
-0.386722 [ 1698.625     8.813 -2056.125] [  1.40000000e-01   1.63860000e+02  -1.00000000e-02]274.833728 269.833728 264.580559 259.5805592 255.0433625 250.043362546 266.2056675 261.2056677 
-0.488155 [ 1698.563     8.813 -2056.5  ] [  1.40000000e-01   1.63920000e+02  -2.00000000e-02]274.405555 269.4055551 263.1034445 258.1034447 255.334854 250.334854105 267.666146 262.66614625 
-0.589618 [ 1698.438     8.813 -2056.812] [  1.30000000e-01   1.63970000e+02  -4.00000000e-02]273.743654 268.74365405 261.663744 256.663744 255.8758995 250.87589956 269.0736565 264.07365665 
-0.691118 [ 1698.438     8.625 -2057.   ] [  1.10000000e-01   1.64000000e+02  -5.00000000e-02]272.877188 267.87718785 260.2907305 255.29073025 256.63728 251.63727976 270.398982 265.39898195 
-0.792739 [ 1698.375     8.438 -2057.25 ] [  8.00000000e-02   1.64050000e+02  -6.00000000e-02]271.8353195 266.83531945 259.013677 254.013676775 257.5897755 252.589775535 271.612905 266.6129051 
-0.894457 [ 1698.188     8.188 -2057.625] [  3.00000000e-02   1.64100000e+02  -1.35900000e+00]270.647212 265.6472118 257.8618565 252.8618567 258.7041675 253.704167735 272.686209 267.68620915 
-0.996135 [ 1698.125     8.    -2057.937] [  0.00000000e+00   1.64150000e+02  -9.00000000e-02]269.342028 264.3420278 256.8645435 251.86454326 259.951237 254.95123719 273.589677 268.58967705 
-1.098172 [ 1698.125     7.813 -2058.187] [ -3.00000000e-02   1.64190000e+02  -1.00000000e-01]267.9489305 262.94893045 256.0510095 251.05100965 261.301765 256.30176475 274.294092 269.29409185 
-1.199875 [ 1698.063     7.563 -2058.312] [ -7.00000000e-02   1.64220000e+02  -1.10000000e-01]266.4970825 261.4970827 255.450529 250.450529086 262.726531 257.72653125 274.7702365 269.7702365 
-1.301656 [ 1698.        7.313 -2058.437] [ -1.20000000e-01   1.64240000e+02  -1.20000000e-01]265.0156475 260.01564745 255.092375 250.092374773 264.1963175 259.19631755 274.988894 269.98889405 
-1.403319 [ 1697.875     6.938 -2058.5  ] [ -1.80000000e-01   1.64250000e+02  -1.20000000e-01]263.533799 258.53379905 255.005749 250.005748838 265.6819045 260.6819045 274.9245465 269.92454675 
-1.505336 [ 1697.813     6.438 -2058.562] [ -2.60000000e-01   1.64250000e+02  -1.30000000e-01]262.080758 257.0807582 255.2034985 250.2034985 267.1540755 262.1540754 274.5868015 269.58680165 
-1.607003 [ 1697.75      6.188 -2058.562] [ -3.10000000e-01   1.64250000e+02  -1.30000000e-01]260.685758 255.6857578 255.6613285 250.66132832 268.583616 263.58361595 274.004672 269.0046722 
-1.708449 [ 1697.688     5.875 -2058.562] [ -3.70000000e-01   1.64250000e+02  -1.30000000e-01]259.3780305 254.37803073 256.3498145 251.34981448 269.941312 264.94131205 273.207376 268.20737605 
-1.810812 [ 1689.625     5.625 -2058.562] [ -4.00000000e-01   1.64250000e+02  -1.40000000e-01]258.18681 253.186809815 257.239533 252.23953316 271.1979495 266.1979496 272.224131 267.22413105 
-1.913861 [ 1697.625     5.438 -2058.562] [ -4.40000000e-01   1.64250000e+02  -1.40000000e-01]257.141328 252.141327915 258.3010605 253.301060535 272.3243145 267.32431445 271.084155 266.0841548 
-2.016573 [ 1697.563     5.25  -2058.562] [ -4.70000000e-01   1.64250000e+02  -1.40000000e-01]256.270818 251.270817875 259.504973 254.504972795 273.2911925 268.2911925 269.816665 264.8166651 
-2.118165 [ 1697.563     5.125 -2058.5  ] [ -4.90000000e-01   1.64240000e+02  -1.40000000e-01]255.6045125 250.604512555 260.821846 255.8218461 274.0693695 269.06936965 268.4508795 263.4508796 
-2.219925 [ 1689.563     5.    -2058.375] [ -5.10000000e-01   1.64220000e+02  -1.40000000e-01]255.171645 250.171644799 262.2222565 257.22225665 274.6296315 269.62963175 267.016016 262.01601605 
-2.322557 [ 1697.5       4.938 -2058.25 ] [ -5.20000000e-01   1.64200000e+02  -1.30000000e-01]255.0014475 250.001447463 263.6767805 258.67678065 274.9427645 269.9427647 265.541292 260.5412922 
-2.425929 [ 1697.5       4.938 -2057.812] [ -5.30000000e-01   1.64140000e+02  -1.10000000e-01]255.116026 250.116026178 265.1559945 260.15599445 274.9800495 269.98004965 264.055926 259.05592575 
-2.527922 [ 1697.5       4.938 -2057.375] [ -5.30000000e-01   1.64060000e+02  -9.00000000e-02]255.4990605 250.499060641 266.6306925 261.6306927 274.735851 269.7358509 262.589135 257.5891349 
-2.629333 [ 1697.5       4.938 -2057.187] [ -5.30000000e-01   1.64030000e+02  -8.00000000e-02]256.121338 251.12133825 268.072309 263.072309 274.236943 269.2369432 261.170138 256.170138 
-2.730852 [ 1689.5       4.938 -2057.   ] [ -5.30000000e-01   1.64000000e+02  -7.00000000e-02]256.953637 251.95363696 269.452393 264.45239305 273.51253 268.51252995 259.8281535 254.82815357 
-2.833842 [ 1697.5       4.938 -2056.812] [ -5.30000000e-01   1.63960000e+02  -6.00000000e-02]257.9667345 252.96673473 270.7424945 265.74249465 272.5918145 267.59181445 258.5924 253.59240002 
-2.937103 [ 1697.5       4.938 -2056.562] [ -5.30000000e-01   1.63930000e+02  -5.00000000e-02]259.1314095 254.131409515 271.9141635 266.9141635 271.504 266.504 257.492096 252.492095795 
-3.039284 [ 1697.438     4.938 -2056.312] [ -5.30000000e-01   1.63880000e+02  -4.00000000e-02]260.4184395 255.4184393 272.9389495 267.93894945 270.27829 265.2782899 256.5564595 251.556459325 
-3.142116 [ 1697.438     4.938 -2056.187] [ -5.30000000e-01   1.63860000e+02  -3.00000000e-02]261.798602 256.79860195 274.493101 269.49310095 268.9438875 263.9438874 255.814709 250.81470905 
-3.243778 [ 1697.5       5.063 -2055.937] [ -5.10000000e-01   1.63820000e+02  -2.00000000e-02]263.2426755 258.24267555 274.8798395 269.87983975 267.529996 262.5299959 255.2960635 250.296063419 
-3.345307 [ 1697.5       5.375 -2055.812] [ -4.40000000e-01   1.63800000e+02  -1.00000000e-02]264.721438 259.721438 274.99901 269.99900985 266.0658185 261.06581865 255.029741 250.029740863 
-3.447312 [ 1697.625     6.188 -2055.812] [  -0.32  163.8     0.  ]266.2056675 261.2056677 274.833728 269.833728 264.580559 259.5805592 255.0433625 250.043362546 
-3.549648 [ 1697.688     6.75  -2055.75 ] [  -0.21  163.8     0.  ]267.666146 262.66614625 274.405555 269.4055551 263.1034445 258.1034447 255.334854 250.334854105 
-3.651742 [ 1697.688     6.938 -2055.75 ] [  -0.18  163.8     0.  ]269.0736565 264.07365665 273.743654 268.74365405 261.663744 256.663744 255.8758995 250.87589956 
-3.753584 [ 1697.75      7.063 -2055.75 ] [ -1.60000000e-01   1.63790000e+02   0.00000000e+00]270.398982 265.39898195 272.877188 267.87718785 260.2907305 255.29073025 256.63728 251.63727976 
-3.855231 [ 1697.75      7.313 -2055.75 ] [ -1.20000000e-01   1.63790000e+02   0.00000000e+00]271.612905 266.6129051 271.8353195 266.83531945 259.013677 254.013676775 257.5897755 252.589775535 
-3.956776 [ 1689.813     7.5   -2055.75 ] [ -9.00000000e-02   1.63790000e+02   1.00000000e-02]272.686209 267.68620915 270.647212 265.6472118 257.8618565 252.8618567 258.7041675 253.704167735 
-4.058673 [ 1697.813     7.688 -2055.75 ] [ -6.00000000e-02   1.63790000e+02   1.00000000e-02]273.589677 268.58967705 269.342028 264.3420278 256.8645435 251.86454326 259.951237 254.95123719 
-4.160184 [ 1697.875     8.063 -2055.812] [  1.00000000e-02   1.63800000e+02   1.00000000e-02]274.294092 269.29409185 267.9489305 262.94893045 256.0510095 251.05100965 261.301765 256.30176475 
-4.261919 [ 1689.875     8.188 -2056.   ] [  3.00000000e-02   1.63840000e+02   0.00000000e+00]274.7702365 269.7702365 266.4970825 261.4970827 255.450529 250.450529086 262.726531 257.72653125 
-4.364373 [ 1697.875     8.313 -2056.312] [  5.00000000e-02   1.63880000e+02  -1.00000000e-02]274.988894 269.98889405 265.0156475 260.01564745 255.092375 250.092374773 264.1963175 259.19631755 
-4.468246 [ 1697.875     8.313 -2056.562] [  6.00000000e-02   1.63920000e+02  -3.00000000e-02]274.9245465 269.92454675 263.533799 258.53379905 255.005749 250.005748838 265.6819045 260.6819045 
-4.570538 [ 1697.875     8.313 -2056.812] [  6.00000000e-02   1.63970000e+02  -4.00000000e-02]274.5868015 269.58680165 262.080758 257.0807582 255.2034985 250.2034985 267.1540755 262.1540754 
-4.672181 [ 1697.875     8.313 -2057.   ] [  6.00000000e-02   1.64000000e+02  -5.00000000e-02]274.004672 269.0046722 260.685758 255.6857578 255.6613285 250.66132832 268.583616 263.58361595 
-4.77384 [ 1697.875     8.375 -2057.187] [  6.00000000e-02   1.64030000e+02  -6.00000000e-02]273.207376 268.20737605 259.3780305 254.37803073 256.3498145 251.34981448 269.941312 264.94131205 
-4.877113 [ 1689.875     8.375 -2057.437] [  6.00000000e-02   1.64070000e+02  -7.00000000e-02]272.224131 267.22413105 258.18681 253.186809815 257.239533 252.23953316 271.1979495 266.1979496 
-4.980076 [ 1697.875     8.375 -2057.75 ] [  6.00000000e-02   1.64120000e+02  -8.00000000e-02]271.084155 266.0841548 257.141328 252.141327915 258.3010605 253.301060535 272.3243145 267.32431445 
-5.081827 [ 1697.875     8.313 -2057.937] [  6.00000000e-02   1.64160000e+02  -9.00000000e-02]269.816665 264.8166651 256.270818 251.270817875 259.504973 254.504972795 273.2911925 268.2911925 
-5.183315 [ 1697.875     8.188 -2058.062] [  3.00000000e-02   1.64180000e+02  -1.00000000e-01]268.4508795 263.4508796 255.6045125 250.604512555 260.821846 255.8218461 274.0693695 269.06936965 
-5.285568 [ 1689.813     8.    -2058.125] [  0.00000000e+00   1.64190000e+02  -1.00000000e-01]267.016016 262.01601605 255.171645 250.171644799 262.2222565 257.22225665 274.6296315 269.62963175 
-5.389053 [ 1697.75      7.813 -2058.25 ] [ -2.00000000e-02   1.64210000e+02  -1.10000000e-01]265.541292 260.5412922 255.0014475 250.001447463 263.6767805 258.67678065 274.9427645 269.9427647 
-5.491876 [ 1697.688     7.5   -2058.312] [ -9.00000000e-02   1.64220000e+02  -1.10000000e-01]264.055926 259.05592575 255.116026 250.116026178 265.1559945 260.15599445 274.9800495 269.98004965 
-5.593348 [ 1697.625     7.063 -2058.437] [ -1.60000000e-01   1.64240000e+02  -1.20000000e-01]262.589135 257.5891349 255.4990605 250.499060641 266.6306925 261.6306927 274.735851 269.7358509 
-5.695001 [ 1697.563     6.625 -2058.562] [ -2.30000000e-01   1.64260000e+02  -1.30000000e-01]261.170138 256.170138 256.121338 251.12133825 268.072309 263.072309 274.236943 269.2369432 
-5.797367 [ 1697.5       6.313 -2058.625] [ -2.90000000e-01   1.65540000e+02  -1.30000000e-01]259.8281535 254.82815357 256.953637 251.95363696 269.452393 264.45239305 273.51253 268.51252995 
-5.898974 [ 1697.438     6.063 -2058.625] [ -3.30000000e-01   1.64260000e+02  -1.40000000e-01]258.5924 253.59240002 257.9667345 252.96673473 270.7424945 265.74249465 272.5918145 267.59181445 
-6.000772 [ 1697.375     5.75  -2058.625] [ -3.80000000e-01   1.64260000e+02  -1.40000000e-01]257.492096 252.492095795 259.1314095 254.131409515 271.9141635 266.9141635 271.504 266.504 
-6.102517 [ 1697.375     5.563 -2058.625] [ -4.10000000e-01   1.64260000e+02  -1.40000000e-01]256.5564595 251.556459325 260.4184395 255.4184393 272.9389495 267.93894945 270.27829 265.2782899 
-6.20388 [ 1697.313     5.438 -2058.562] [ -4.40000000e-01   1.64250000e+02  -1.40000000e-01]255.814709 250.81470905 261.798602 256.79860195 274.493101 269.49310095 268.9438875 263.9438874 
-6.305196 [ 1697.313     5.25  -2058.375] [ -4.70000000e-01   1.64220000e+02  -1.30000000e-01]255.2960635 250.296063419 263.2426755 258.24267555 274.8798395 269.87983975 267.529996 262.5299959 
-6.40647 [ 1697.25      5.063 -2058.25 ] [ -5.00000000e-01   1.64200000e+02  -1.30000000e-01]255.029741 250.029740863 264.721438 259.721438 274.99901 269.99900985 266.0658185 261.06581865 
-6.507611 [ 1697.25      5.063 -2057.75 ] [ -5.10000000e-01   1.64120000e+02  -1.00000000e-01]255.0433625 250.043362546 266.2056675 261.2056677 274.833728 269.833728 264.580559 259.5805592 
-6.608813 [ 1697.25      5.063 -2057.437] [ -5.10000000e-01   1.64070000e+02  -9.00000000e-02]255.334854 250.334854105 267.666146 262.66614625 274.405555 269.4055551 263.1034445 258.1034447 
-6.711702 [ 1697.25      5.063 -2057.25 ] [ -5.10000000e-01   1.64040000e+02  -8.00000000e-02]255.8758995 250.87589956 269.0736565 264.07365665 273.743654 268.74365405 261.663744 256.663744 
-6.813373 [ 1697.25      5.063 -2057.062] [ -5.10000000e-01   1.64010000e+02  -7.00000000e-02]256.63728 251.63727976 270.398982 265.39898195 272.877188 267.87718785 260.2907305 255.29073025 
-6.914755 [ 1697.25      5.    -2056.875] [ -5.10000000e-01   1.63980000e+02  -6.00000000e-02]257.5897755 252.589775535 271.612905 266.6129051 271.8353195 266.83531945 259.013677 254.013676775 
-7.016015 [ 1697.25      5.    -2056.812] [ -5.10000000e-01   1.63960000e+02  -6.00000000e-02]258.7041675 253.704167735 272.686209 267.68620915 270.647212 265.6472118 257.8618565 252.8618567 
-7.118282 [ 1697.25     5.   -2056.75] [ -5.10000000e-01   1.63950000e+02  -6.00000000e-02]259.951237 254.95123719 273.589677 268.58967705 269.342028 264.3420278 256.8645435 251.86454326 
-7.22415 [ 1697.188     5.063 -2056.25 ] [  -0.51  163.88   -1.32]261.301765 256.30176475 274.294092 269.29409185 267.9489305 262.94893045 256.0510095 251.05100965 
-7.325831 [ 1697.25      5.188 -2056.062] [ -4.80000000e-01   1.63840000e+02  -3.00000000e-02]262.726531 257.72653125 274.7702365 269.7702365 266.4970825 261.4970827 255.450529 250.450529086 
-7.427747 [ 1697.313     5.625 -2055.937] [ -4.10000000e-01   1.63830000e+02  -2.00000000e-02]264.1963175 259.19631755 274.988894 269.98889405 265.0156475 260.01564745 255.092375 250.092374773 
-7.530245 [ 1697.375     6.188 -2055.937] [ -3.10000000e-01   1.63820000e+02  -1.00000000e-02]265.6819045 260.6819045 274.9245465 269.92454675 263.533799 258.53379905 255.005749 250.005748838 
-7.633251 [ 1697.438     6.625 -2055.875] [  -0.24  163.81    0.  ]267.1540755 262.1540754 274.5868015 269.58680165 262.080758 257.0807582 255.2034985 250.2034985 
-7.736067 [ 1697.438     6.813 -2055.875] [  -0.2   163.81    0.  ]268.583616 263.58361595 274.004672 269.0046722 260.685758 255.6857578 255.6613285 250.66132832 
-7.837553 [ 1697.5       7.    -2055.812] [  -0.17  163.81    0.  ]269.941312 264.94131205 273.207376 268.20737605 259.3780305 254.37803073 256.3498145 251.34981448 
-7.940315 [ 1697.5       7.188 -2055.812] [ -1.40000000e-01   1.63810000e+02   0.00000000e+00]271.1979495 266.1979496 272.224131 267.22413105 258.18681 253.186809815 257.239533 252.23953316 
-8.043547 [ 1697.563     7.438 -2055.812] [ -1.10000000e-01   1.63810000e+02   0.00000000e+00]272.3243145 267.32431445 271.084155 266.0841548 257.141328 252.141327915 258.3010605 253.301060535 
-8.1455 [ 1697.563     7.688 -2055.812] [ -6.00000000e-02   1.63800000e+02   0.00000000e+00]273.2911925 268.2911925 269.816665 264.8166651 256.270818 251.270817875 259.504973 254.504972795 
-8.246831 [ 1697.625     7.938 -2055.812] [ -1.00000000e-02   1.63800000e+02   0.00000000e+00]274.0693695 269.06936965 268.4508795 263.4508796 255.6045125 250.604512555 260.821846 255.8218461 
-8.348132 [ 1697.625     8.125 -2055.937] [  2.00000000e-02   1.63830000e+02   0.00000000e+00]274.6296315 269.62963175 267.016016 262.01601605 255.171645 250.171644799 262.2222565 257.22225665 
-8.449309 [ 1697.625     8.188 -2056.187] [  3.00000000e-02   1.63860000e+02  -1.00000000e-02]274.9427645 269.9427647 265.541292 260.5412922 255.0014475 250.001447463 263.6767805 258.67678065 
-8.55038 [ 1697.688     8.188 -2056.5  ] [  4.00000000e-02   1.63920000e+02  -2.00000000e-02]274.9800495 269.98004965 264.055926 259.05592575 255.116026 250.116026178 265.1559945 260.15599445 
-8.651527 [ 1697.688     8.25  -2056.75 ] [  4.00000000e-02   1.63960000e+02  -3.00000000e-02]274.735851 269.7358509 262.589135 257.5891349 255.4990605 250.499060641 266.6306925 261.6306927 
-8.755962 [ 1697.688     8.25  -2056.937] [  4.00000000e-02   1.63990000e+02  -5.00000000e-02]274.236943 269.2369432 261.170138 256.170138 256.121338 251.12133825 268.072309 263.072309 
-8.857541 [ 1697.688     8.25  -2057.187] [  5.00000000e-02   1.64030000e+02  -6.00000000e-02]273.51253 268.51252995 259.8281535 254.82815357 256.953637 251.95363696 269.452393 264.45239305 
-8.958879 [ 1697.688     8.25  -2057.437] [  5.00000000e-02   1.64070000e+02  -7.00000000e-02]272.5918145 267.59181445 258.5924 253.59240002 257.9667345 252.96673473 270.7424945 265.74249465 
-9.060292 [ 1697.688     8.25  -2057.625] [  5.00000000e-02   1.64110000e+02  -8.00000000e-02]271.504 266.504 257.492096 252.492095795 259.1314095 254.131409515 271.9141635 266.9141635 
-9.161783 [ 1697.688     8.25  -2057.875] [  5.00000000e-02   1.64150000e+02  -9.00000000e-02]270.27829 265.2782899 256.5564595 251.556459325 260.4184395 255.4184393 272.9389495 267.93894945 
-9.26309 [ 1697.688     8.25  -2058.   ] [  4.00000000e-02   1.64170000e+02  -1.00000000e-01]268.9438875 263.9438874 255.814709 250.81470905 261.798602 256.79860195 274.493101 269.49310095 
-9.364399 [ 1697.625     8.    -2058.25 ] [  0.00000000e+00   1.64210000e+02  -1.10000000e-01]267.529996 262.5299959 255.2960635 250.296063419 263.2426755 258.24267555 274.8798395 269.87983975 
-9.466484 [ 1697.563     7.625 -2058.375] [ -6.00000000e-02   1.64220000e+02  -1.10000000e-01]266.0658185 261.06581865 255.029741 250.029740863 264.721438 259.721438 274.99901 269.99900985 
-9.5682 [ 1697.5       7.313 -2058.5  ] [ -1.20000000e-01   1.64250000e+02  -1.20000000e-01]264.580559 259.5805592 255.0433625 250.043362546 266.2056675 261.2056677 274.833728 269.833728 
-9.669518 [ 1697.438     6.875 -2058.625] [ -2.00000000e-01   1.64270000e+02  -1.30000000e-01]263.1034445 258.1034447 255.334854 250.334854105 267.666146 262.66614625 274.405555 269.4055551 
-9.771147 [ 1697.375     6.563 -2058.687] [ -2.40000000e-01   1.64270000e+02  -1.30000000e-01]261.663744 256.663744 255.8758995 250.87589956 269.0736565 264.07365665 273.743654 268.74365405 
-9.873926 [ 1689.375     6.313 -2058.687] [ -2.90000000e-01   1.64270000e+02  -1.40000000e-01]260.2907305 255.29073025 256.63728 251.63727976 270.398982 265.39898195 272.877188 267.87718785 
-9.9768 [ 1697.313     6.    -2058.687] [ -3.40000000e-01   1.64270000e+02  -1.40000000e-01]259.013677 254.013676775 257.5897755 252.589775535 271.612905 266.6129051 271.8353195 266.83531945 
-10.078004 [ 1697.25      5.75  -2058.687] [ -3.90000000e-01   1.64270000e+02  -1.40000000e-01]257.8618565 252.8618567 258.7041675 253.704167735 272.686209 267.68620915 270.647212 265.6472118 
-10.179079 [ 1697.188     5.563 -2058.687] [ -4.20000000e-01   1.64270000e+02  -1.40000000e-01]256.8645435 251.86454326 259.951237 254.95123719 273.589677 268.58967705 269.342028 264.3420278 
-10.283183 [ 1697.188     5.375 -2058.562] [ -4.40000000e-01   1.64250000e+02  -1.40000000e-01]256.0510095 251.05100965 261.301765 256.30176475 274.294092 269.29409185 267.9489305 262.94893045 
-10.386284 [ 1697.188     5.25  -2058.5  ] [ -4.60000000e-01   1.64250000e+02  -1.40000000e-01]255.450529 250.450529086 262.726531 257.72653125 274.7702365 269.7702365 266.4970825 261.4970827 
-10.488202 [ 1697.125     5.125 -2058.312] [ -4.90000000e-01   1.64220000e+02  -1.30000000e-01]255.092375 250.092374773 264.1963175 259.19631755 274.988894 269.98889405 265.0156475 260.01564745 
-10.589283 [ 1697.125     5.125 -2057.812] [ -4.90000000e-01   1.64130000e+02  -1.00000000e-01]255.005749 250.005748838 265.6819045 260.6819045 274.9245465 269.92454675 263.533799 258.53379905 
-10.690426 [ 1697.125     5.063 -2057.625] [ -5.00000000e-01   1.64100000e+02  -1.00000000e-01]255.2034985 250.2034985 267.1540755 262.1540754 274.5868015 269.58680165 262.080758 257.0807582 
-10.791585 [ 1689.125     5.063 -2057.375] [ -5.00000000e-01   1.64060000e+02  -9.00000000e-02]255.6613285 250.66132832 268.583616 263.58361595 274.004672 269.0046722 260.685758 255.6857578 
-10.893828 [ 1697.125     5.063 -2057.187] [ -5.00000000e-01   1.64020000e+02  -8.00000000e-02]256.3498145 251.34981448 269.941312 264.94131205 273.207376 268.20737605 259.3780305 254.37803073 
-10.996766 [ 1697.125     5.063 -2057.   ] [ -5.00000000e-01   1.64000000e+02  -7.00000000e-02]257.239533 252.23953316 271.1979495 266.1979496 272.224131 267.22413105 258.18681 253.186809815 
-11.099279 [ 1697.125     5.063 -2056.625] [ -5.10000000e-01   1.63930000e+02  -5.00000000e-02]258.3010605 253.301060535 272.3243145 267.32431445 271.084155 266.0841548 257.141328 252.141327915 
-11.200465 [ 1697.125     5.063 -2056.437] [ -5.10000000e-01   1.63900000e+02  -4.00000000e-02]259.504973 254.504972795 273.2911925 268.2911925 269.816665 264.8166651 256.270818 251.270817875 
-11.30175 [ 1697.125     5.063 -2056.375] [ -5.10000000e-01   1.63900000e+02  -4.00000000e-02]260.821846 255.8218461 274.0693695 269.06936965 268.4508795 263.4508796 255.6045125 250.604512555 
-11.403043 [ 1697.125     5.125 -2056.25 ] [ -4.90000000e-01   1.63870000e+02  -3.00000000e-02]262.2222565 257.22225665 274.6296315 269.62963175 267.016016 262.01601605 255.171645 250.171644799 
-11.504431 [ 1697.188     5.438 -2056.062] [ -4.40000000e-01   1.63850000e+02  -2.00000000e-02]263.6767805 258.67678065 274.9427645 269.9427647 265.541292 260.5412922 255.0014475 250.001447463 
-11.605486 [ 1697.25      6.063 -2056.   ] [ -3.30000000e-01   1.63840000e+02  -1.00000000e-02]265.1559945 260.15599445 274.9800495 269.98004965 264.055926 259.05592575 255.116026 250.116026178 
-11.706678 [ 1697.313     6.688 -2056.   ] [ -2.30000000e-01   1.63840000e+02  -1.00000000e-02]266.6306925 261.6306927 274.735851 269.7358509 262.589135 257.5891349 255.4990605 250.499060641 
-11.810346 [ 1697.375     6.875 -2056.   ] [ -1.90000000e-01   1.63830000e+02  -1.00000000e-02]268.072309 263.072309 274.236943 269.2369432 261.170138 256.170138 256.121338 251.12133825 
-11.911601 [ 1697.375     7.    -2056.   ] [ -1.70000000e-01   1.63830000e+02  -1.00000000e-02]269.452393 264.45239305 273.51253 268.51252995 259.8281535 254.82815357 256.953637 251.95363696 
-12.012826 [ 1697.375     7.25  -2056.   ] [ -1.30000000e-01   1.63830000e+02  -1.00000000e-02]270.7424945 265.74249465 272.5918145 267.59181445 258.5924 253.59240002 257.9667345 252.96673473 
-12.114336 [ 1697.438     7.375 -2056.   ] [ -1.10000000e-01   1.63830000e+02   0.00000000e+00]271.9141635 266.9141635 271.504 266.504 257.492096 252.492095795 259.1314095 254.131409515 
-12.217314 [ 1697.438     7.5   -2056.   ] [ -9.00000000e-02   1.63830000e+02   0.00000000e+00]272.9389495 267.93894945 270.27829 265.2782899 256.5564595 251.556459325 260.4184395 255.4184393 
-12.319337 [ 1697.5       7.938 -2055.937] [ -2.00000000e-02   1.63830000e+02   0.00000000e+00]274.493101 269.49310095 268.9438875 263.9438874 255.814709 250.81470905 261.798602 256.79860195 
-12.421042 [ 1697.563     8.25  -2056.062] [  4.00000000e-02   1.63840000e+02   0.00000000e+00]274.8798395 269.87983975 267.529996 262.5299959 255.2960635 250.296063419 263.2426755 258.24267555 
-12.522209 [ 1697.563     8.313 -2056.312] [  5.00000000e-02   1.63880000e+02  -2.00000000e-02]274.99901 269.99900985 266.0658185 261.06581865 255.029741 250.029740863 264.721438 259.721438 
-12.623463 [ 1697.563     8.313 -2056.562] [  6.00000000e-02   1.63920000e+02  -3.00000000e-02]274.833728 269.833728 264.580559 259.5805592 255.0433625 250.043362546 266.2056675 261.2056677 
-12.72585 [ 1697.563     8.375 -2056.812] [  6.00000000e-02   1.63970000e+02  -4.00000000e-02]274.405555 269.4055551 263.1034445 258.1034447 255.334854 250.334854105 267.666146 262.66614625 
-12.828713 [ 1697.563     8.375 -2057.062] [  6.00000000e-02   1.64010000e+02  -5.00000000e-02]273.743654 268.74365405 261.663744 256.663744 255.8758995 250.87589956 269.0736565 264.07365665 
-12.930954 [ 1697.563     8.375 -2057.312] [  6.00000000e-02   1.64050000e+02  -6.00000000e-02]272.877188 267.87718785 260.2907305 255.29073025 256.63728 251.63727976 270.398982 265.39898195 
-13.03232 [ 1697.563     8.375 -2057.5  ] [  6.00000000e-02   1.64090000e+02  -7.00000000e-02]271.8353195 266.83531945 259.013677 254.013676775 257.5897755 252.589775535 271.612905 266.6129051 
-13.13338 [ 1697.563     8.375 -2057.687] [  6.00000000e-02   1.64120000e+02  -8.00000000e-02]270.647212 265.6472118 257.8618565 252.8618567 258.7041675 253.704167735 272.686209 267.68620915 
-13.238239 [ 1697.563     8.313 -2058.   ] [  5.00000000e-02   1.64160000e+02  -9.00000000e-02]269.342028 264.3420278 256.8645435 251.86454326 259.951237 254.95123719 273.589677 268.58967705 
-13.340801 [ 1697.563     8.188 -2058.187] [  4.00000000e-02   1.64200000e+02  -1.00000000e-01]267.9489305 262.94893045 256.0510095 251.05100965 261.301765 256.30176475 274.294092 269.29409185 
-13.442646 [ 1697.5       8.    -2058.312] [  0.00000000e+00   1.64220000e+02  -1.10000000e-01]266.4970825 261.4970827 255.450529 250.450529086 262.726531 257.72653125 274.7702365 269.7702365 
-13.54386 [ 1697.438     7.75  -2058.437] [ -4.00000000e-02   1.64240000e+02  -1.20000000e-01]265.0156475 260.01564745 255.092375 250.092374773 264.1963175 259.19631755 274.988894 269.98889405 
-13.64589 [ 1697.438     7.438 -2058.562] [ -1.00000000e-01   1.64260000e+02  -1.30000000e-01]263.533799 258.53379905 255.005749 250.005748838 265.6819045 260.6819045 274.9245465 269.92454675 
-13.748844 [ 1689.313     7.    -2058.625] [ -1.70000000e-01   1.64270000e+02  -1.30000000e-01]262.080758 257.0807582 255.2034985 250.2034985 267.1540755 262.1540754 274.5868015 269.58680165 
-13.851598 [ 1697.25      6.563 -2058.687] [ -2.40000000e-01   1.64280000e+02  -1.40000000e-01]260.685758 255.6857578 255.6613285 250.66132832 268.583616 263.58361595 274.004672 269.0046722 
-13.953802 [ 1697.188     6.25  -2058.75 ] [ -2.90000000e-01   1.64280000e+02  -1.40000000e-01]259.3780305 254.37803073 256.3498145 251.34981448 269.941312 264.94131205 273.207376 268.20737605 
-14.055267 [ 1697.188     6.    -2058.75 ] [ -3.40000000e-01   1.64280000e+02  -1.40000000e-01]258.18681 253.186809815 257.239533 252.23953316 271.1979495 266.1979496 272.224131 267.22413105 
-14.156825 [ 1697.125     5.75  -2058.75 ] [ -3.80000000e-01   1.64280000e+02  -1.40000000e-01]257.141328 252.141327915 258.3010605 253.301060535 272.3243145 267.32431445 271.084155 266.0841548 
-14.258225 [ 1697.125     5.563 -2058.75 ] [ -4.10000000e-01   1.64280000e+02  -1.50000000e-01]256.270818 251.270817875 259.504973 254.504972795 273.2911925 268.2911925 269.816665 264.8166651 
-14.359618 [ 1697.063     5.438 -2058.687] [ -4.40000000e-01   1.64270000e+02  -1.40000000e-01]255.6045125 250.604512555 260.821846 255.8218461 274.0693695 269.06936965 268.4508795 263.4508796 
-14.462295 [ 1697.063     5.25  -2058.625] [ -4.60000000e-01   1.64260000e+02  -1.40000000e-01]255.171645 250.171644799 262.2222565 257.22225665 274.6296315 269.62963175 267.016016 262.01601605 
-14.564022 [ 1697.063     5.25  -2058.5  ] [ -4.80000000e-01   1.64240000e+02  -1.40000000e-01]255.0014475 250.001447463 263.6767805 258.67678065 274.9427645 269.9427647 265.541292 260.5412922 
-14.665101 [ 1697.        5.188 -2057.937] [ -4.80000000e-01   1.64150000e+02  -1.10000000e-01]255.116026 250.116026178 265.1559945 260.15599445 274.9800495 269.98004965 264.055926 259.05592575 
-14.769118 [ 1697.        5.125 -2057.75 ] [ -4.90000000e-01   1.64120000e+02  -1.00000000e-01]255.4990605 250.499060641 266.6306925 261.6306927 274.735851 269.7358509 262.589135 257.5891349 
-14.872298 [ 1697.        5.125 -2057.562] [ -4.90000000e-01   1.64100000e+02  -1.00000000e-01]256.121338 251.12133825 268.072309 263.072309 274.236943 269.2369432 261.170138 256.170138 
-14.973784 [ 1697.        5.125 -2057.312] [ -4.90000000e-01   1.64050000e+02  -8.00000000e-02]256.953637 251.95363696 269.452393 264.45239305 273.51253 268.51252995 259.8281535 254.82815357 
-15.075057 [ 1697.        5.125 -2057.125] [ -4.90000000e-01   1.64010000e+02  -7.00000000e-02]257.9667345 252.96673473 270.7424945 265.74249465 272.5918145 267.59181445 258.5924 253.59240002 
-15.176197 [ 1697.        5.125 -2056.812] [ -4.90000000e-01   1.63970000e+02  -6.00000000e-02]259.1314095 254.131409515 271.9141635 266.9141635 271.504 266.504 257.492096 252.492095795 
-15.277526 [ 1697.        5.125 -2056.687] [ -4.90000000e-01   1.63950000e+02  -5.00000000e-02]260.4184395 255.4184393 272.9389495 267.93894945 270.27829 265.2782899 256.5564595 251.556459325 
-15.379669 [ 1697.        5.125 -2056.5  ] [ -4.90000000e-01   1.63910000e+02  -4.00000000e-02]261.798602 256.79860195 274.493101 269.49310095 268.9438875 263.9438874 255.814709 250.81470905 
-15.482902 [ 1697.        5.188 -2056.25 ] [ -4.90000000e-01   1.63870000e+02  -3.00000000e-02]263.2426755 258.24267555 274.8798395 269.87983975 267.529996 262.5299959 255.2960635 250.296063419 
-15.585161 [ 1697.063     5.438 -2056.187] [ -4.40000000e-01   1.63860000e+02  -3.00000000e-02]264.721438 259.721438 274.99901 269.99900985 266.0658185 261.06581865 255.029741 250.029740863 
-15.68645 [ 1697.125     6.125 -2056.062] [ -3.20000000e-01   1.63850000e+02  -2.00000000e-02]266.2056675 261.2056677 274.833728 269.833728 264.580559 259.5805592 255.0433625 250.043362546 
-15.787587 [ 1697.188     6.688 -2056.062] [ -2.30000000e-01   1.63840000e+02  -1.00000000e-02]267.666146 262.66614625 274.405555 269.4055551 263.1034445 258.1034447 255.334854 250.334854105 
-15.889091 [ 1697.188     6.938 -2056.   ] [ -1.80000000e-01   1.63840000e+02  -1.00000000e-02]269.0736565 264.07365665 273.743654 268.74365405 261.663744 256.663744 255.8758995 250.87589956 
-15.992163 [ 1689.25      7.063 -2056.   ] [ -1.60000000e-01   1.63830000e+02  -1.00000000e-02]270.398982 265.39898195 272.877188 267.87718785 260.2907305 255.29073025 256.63728 251.63727976 
-16.094695 [ 1697.25     7.25 -2056.  ] [ -1.30000000e-01   1.63830000e+02  -1.00000000e-02]271.612905 266.6129051 271.8353195 266.83531945 259.013677 254.013676775 257.5897755 252.589775535 
-16.196492 [ 1697.313     7.563 -2056.   ] [ -8.00000000e-02   1.63830000e+02   0.00000000e+00]272.686209 267.68620915 270.647212 265.6472118 257.8618565 252.8618567 258.7041675 253.704167735 
-16.30064 [ 1697.313     7.688 -2056.   ] [ -5.00000000e-02   1.63830000e+02   0.00000000e+00]273.589677 268.58967705 269.342028 264.3420278 256.8645435 251.86454326 259.951237 254.95123719 
-16.403814 [ 1697.375     8.063 -2056.062] [  0.00000000e+00   1.63840000e+02  -1.00000000e-02]274.294092 269.29409185 267.9489305 262.94893045 256.0510095 251.05100965 261.301765 256.30176475 
-16.506272 [ 1697.375     8.313 -2048.25 ] [  5.00000000e-02   1.63870000e+02  -1.00000000e-02]274.7702365 269.7702365 266.4970825 261.4970827 255.450529 250.450529086 262.726531 257.72653125 
-16.607549 [ 1697.438     8.375 -2056.562] [  6.00000000e-02   1.63920000e+02  -3.00000000e-02]274.988894 269.98889405 265.0156475 260.01564745 255.092375 250.092374773 264.1963175 259.19631755 
-16.708589 [ 1697.438     8.438 -2056.75 ] [  8.00000000e-02   1.63960000e+02  -4.00000000e-02]274.9245465 269.92454675 263.533799 258.53379905 255.005749 250.005748838 265.6819045 260.6819045 
-16.809815 [ 1697.438     8.5   -2057.   ] [  8.00000000e-02   1.64000000e+02  -5.00000000e-02]274.5868015 269.58680165 262.080758 257.0807582 255.2034985 250.2034985 267.1540755 262.1540754 
-16.910806 [ 1697.438     8.5   -2057.187] [  8.00000000e-02   1.64030000e+02  -6.00000000e-02]274.004672 269.0046722 260.685758 255.6857578 255.6613285 250.66132832 268.583616 263.58361595 
-17.012113 [ 1697.438     8.5   -2057.437] [  8.00000000e-02   1.64070000e+02  -7.00000000e-02]273.207376 268.20737605 259.3780305 254.37803073 256.3498145 251.34981448 269.941312 264.94131205 
-17.113254 [ 1697.438     8.5   -2057.625] [  8.00000000e-02   1.64110000e+02  -8.00000000e-02]272.224131 267.22413105 258.18681 253.186809815 257.239533 252.23953316 271.1979495 266.1979496 
-17.214665 [ 1697.438     8.5   -2057.875] [  8.00000000e-02   1.64150000e+02  -9.00000000e-02]271.084155 266.0841548 257.141328 252.141327915 258.3010605 253.301060535 272.3243145 267.32431445 
-17.316026 [ 1697.438     8.5   -2058.187] [  8.00000000e-02   1.64190000e+02  -1.00000000e-01]269.816665 264.8166651 256.270818 251.270817875 259.504973 254.504972795 273.2911925 268.2911925 
-17.417588 [ 1697.438     8.375 -2058.25 ] [  7.00000000e-02   1.64210000e+02  -1.10000000e-01]268.4508795 263.4508796 255.6045125 250.604512555 260.821846 255.8218461 274.0693695 269.06936965 
-17.519159 [ 1697.375     8.188 -2058.375] [  3.00000000e-02   1.64220000e+02  -1.10000000e-01]267.016016 262.01601605 255.171645 250.171644799 262.2222565 257.22225665 274.6296315 269.62963175 
-17.62053 [ 1697.375     7.938 -2058.437] [ -1.00000000e-02   1.64240000e+02  -1.20000000e-01]265.541292 260.5412922 255.0014475 250.001447463 263.6767805 258.67678065 274.9427645 269.9427647 
-17.725517 [ 1697.313     7.625 -2058.562] [ -6.00000000e-02   1.64260000e+02  -1.20000000e-01]264.055926 259.05592575 255.116026 250.116026178 265.1559945 260.15599445 274.9800495 269.98004965 
-17.828257 [ 1697.25      7.188 -2058.625] [ -1.40000000e-01   1.64270000e+02  -1.30000000e-01]262.589135 257.5891349 255.4990605 250.499060641 266.6306925 261.6306927 274.735851 269.7358509 
-17.929512 [ 1697.125     6.813 -2058.687] [ -2.00000000e-01   1.64280000e+02  -1.30000000e-01]261.170138 256.170138 256.121338 251.12133825 268.072309 263.072309 274.236943 269.2369432 
-18.030833 [ 1697.063     6.5   -2058.687] [ -2.60000000e-01   1.64280000e+02  -1.40000000e-01]259.8281535 254.82815357 256.953637 251.95363696 269.452393 264.45239305 273.51253 268.51252995 
-18.132323 [ 1689.063     6.25  -2058.687] [ -3.00000000e-01   1.64280000e+02  -1.40000000e-01]258.5924 253.59240002 257.9667345 252.96673473 270.7424945 265.74249465 272.5918145 267.59181445 
-18.235001 [ 1697.        6.    -2058.687] [ -3.50000000e-01   1.64280000e+02  -1.40000000e-01]257.492096 252.492095795 259.1314095 254.131409515 271.9141635 266.9141635 271.504 266.504 
-18.33772 [ 1697.        5.75  -2058.687] [ -3.80000000e-01   1.64280000e+02  -1.40000000e-01]256.5564595 251.556459325 260.4184395 255.4184393 272.9389495 267.93894945 270.27829 265.2782899 
-18.439487 [ 1696.938     5.563 -2058.625] [ -4.10000000e-01   1.64270000e+02  -1.40000000e-01]255.814709 250.81470905 261.798602 256.79860195 274.493101 269.49310095 268.9438875 263.9438874 
-18.540749 [ 1696.938     5.438 -2058.5  ] [ -4.40000000e-01   1.64250000e+02  -1.40000000e-01]255.2960635 250.296063419 263.2426755 258.24267555 274.8798395 269.87983975 267.529996 262.5299959 
-18.642278 [ 1696.875     5.313 -2058.437] [ -4.60000000e-01   1.64230000e+02  -1.30000000e-01]255.029741 250.029740863 264.721438 259.721438 274.99901 269.99900985 266.0658185 261.06581865 
-18.744728 [ 1696.875     5.25  -2058.   ] [ -4.70000000e-01   1.64160000e+02  -1.10000000e-01]255.0433625 250.043362546 266.2056675 261.2056677 274.833728 269.833728 264.580559 259.5805592 
-18.847555 [ 1696.875     5.25  -2057.625] [ -4.70000000e-01   1.64100000e+02  -1.00000000e-01]255.334854 250.334854105 267.666146 262.66614625 274.405555 269.4055551 263.1034445 258.1034447 
-18.949676 [ 1696.875     5.25  -2057.437] [ -4.70000000e-01   1.64070000e+02  -9.00000000e-02]255.8758995 250.87589956 269.0736565 264.07365665 273.743654 268.74365405 261.663744 256.663744 
-19.050951 [ 1696.875     5.25  -2057.25 ] [ -4.70000000e-01   1.64040000e+02  -8.00000000e-02]256.63728 251.63727976 270.398982 265.39898195 272.877188 267.87718785 260.2907305 255.29073025 
-19.152099 [ 1696.875     5.25  -2057.062] [ -4.70000000e-01   1.64010000e+02  -7.00000000e-02]257.5897755 252.589775535 271.612905 266.6129051 271.8353195 266.83531945 259.013677 254.013676775 
-19.257028 [ 1688.875     5.25  -2056.75 ] [ -4.70000000e-01   1.63950000e+02  -5.00000000e-02]258.7041675 253.704167735 272.686209 267.68620915 270.647212 265.6472118 257.8618565 252.8618567 
-19.360158 [ 1696.875     5.25  -2056.562] [ -4.70000000e-01   1.63930000e+02  -5.00000000e-02]259.951237 254.95123719 273.589677 268.58967705 269.342028 264.3420278 256.8645435 251.86454326 
-19.46195 [ 1696.875     5.25  -2056.375] [ -4.70000000e-01   1.63900000e+02  -4.00000000e-02]261.301765 256.30176475 274.294092 269.29409185 267.9489305 262.94893045 256.0510095 251.05100965 
-19.563372 [ 1696.875     5.438 -2056.25 ] [ -4.40000000e-01   1.63870000e+02  -3.00000000e-02]262.726531 257.72653125 274.7702365 269.7702365 266.4970825 261.4970827 255.450529 250.450529086 
-19.664552 [ 1696.938     5.813 -2056.125] [ -3.80000000e-01   1.63850000e+02  -2.00000000e-02]264.1963175 259.19631755 274.988894 269.98889405 265.0156475 260.01564745 255.092375 250.092374773 
-19.76619 [ 1697.        6.375 -2056.062] [ -2.70000000e-01   1.63840000e+02  -1.00000000e-02]265.6819045 260.6819045 274.9245465 269.92454675 263.533799 258.53379905 255.005749 250.005748838 
-19.867548 [ 1697.063     6.875 -2056.   ] [ -1.90000000e-01   1.63840000e+02  -1.00000000e-02]267.1540755 262.1540754 274.5868015 269.58680165 262.080758 257.0807582 255.2034985 250.2034985 
-19.968888 [ 1697.125     7.063 -2056.   ] [ -1.60000000e-01   1.63840000e+02  -1.00000000e-02]268.583616 263.58361595 274.004672 269.0046722 260.685758 255.6857578 255.6613285 250.66132832 
-20.070219 [ 1697.125     7.25  -2056.   ] [ -1.30000000e-01   1.63840000e+02  -1.00000000e-02]269.941312 264.94131205 273.207376 268.20737605 259.3780305 254.37803073 256.3498145 251.34981448 
-20.171913 [ 1697.125     7.375 -2056.   ] [ -1.10000000e-01   1.63830000e+02  -1.00000000e-02]271.1979495 266.1979496 272.224131 267.22413105 258.18681 253.186809815 257.239533 252.23953316 
-20.273286 [ 1697.188     7.563 -2056.   ] [ -8.00000000e-02   1.63830000e+02   0.00000000e+00]272.3243145 267.32431445 271.084155 266.0841548 257.141328 252.141327915 258.3010605 253.301060535 
-20.374551 [ 1697.188     7.938 -2056.   ] [ -1.00000000e-02   1.63830000e+02   0.00000000e+00]273.2911925 268.2911925 269.816665 264.8166651 256.270818 251.270817875 259.504973 254.504972795 
-20.475891 [ 1697.25      8.188 -2056.   ] [  3.00000000e-02   1.63830000e+02   0.00000000e+00]274.0693695 269.06936965 268.4508795 263.4508796 255.6045125 250.604512555 260.821846 255.8218461 
-20.578782 [ 1697.25      8.25  -2056.062] [  4.00000000e-02   1.63850000e+02  -1.00000000e-02]274.6296315 269.62963175 267.016016 262.01601605 255.171645 250.171644799 262.2222565 257.22225665 
-20.680486 [ 1697.25      8.375 -2056.312] [  7.00000000e-02   1.63880000e+02  -1.00000000e-02]274.9427645 269.9427647 265.541292 260.5412922 255.0014475 250.001447463 263.6767805 258.67678065 
-20.784118 [ 1697.25      8.438 -2056.562] [  8.00000000e-02   1.63930000e+02  -3.00000000e-02]274.9800495 269.98004965 264.055926 259.05592575 255.116026 250.116026178 265.1559945 260.15599445 
-20.886213 [ 1697.25      8.438 -2056.875] [  8.00000000e-02   1.63980000e+02  -4.00000000e-02]274.735851 269.7358509 262.589135 257.5891349 255.4990605 250.499060641 266.6306925 261.6306927 
-20.988719 [ 1697.25      8.5   -2057.062] [  8.00000000e-02   1.64020000e+02  -5.00000000e-02]274.236943 269.2369432 261.170138 256.170138 256.121338 251.12133825 268.072309 263.072309 
-21.091639 [ 1689.25      8.438 -2057.312] [  8.00000000e-02   1.64050000e+02  -6.00000000e-02]273.51253 268.51252995 259.8281535 254.82815357 256.953637 251.95363696 269.452393 264.45239305 
-21.193748 [ 1697.25      8.438 -2057.562] [  8.00000000e-02   1.64090000e+02  -7.00000000e-02]272.5918145 267.59181445 258.5924 253.59240002 257.9667345 252.96673473 270.7424945 265.74249465 
-21.295402 [ 1697.313     8.5   -2057.75 ] [  8.00000000e-02   1.64120000e+02  -8.00000000e-02]271.504 266.504 257.492096 252.492095795 259.1314095 254.131409515 271.9141635 266.9141635 
-21.397844 [ 1697.313     8.5   -2058.   ] [  8.00000000e-02   1.64160000e+02  -9.00000000e-02]270.27829 265.2782899 256.5564595 251.556459325 260.4184395 255.4184393 272.9389495 267.93894945 
-21.501315 [ 1697.25      8.438 -2058.187] [  8.00000000e-02   1.64190000e+02  -1.00000000e-01]268.9438875 263.9438874 255.814709 250.81470905 261.798602 256.79860195 274.493101 269.49310095 
-21.603804 [ 1697.25      8.188 -2058.25 ] [  3.00000000e-02   1.64200000e+02  -1.10000000e-01]267.529996 262.5299959 255.2960635 250.296063419 263.2426755 258.24267555 274.8798395 269.87983975 
-21.705638 [ 1697.188     7.875 -2058.312] [ -2.00000000e-02   1.64220000e+02  -1.10000000e-01]266.0658185 261.06581865 255.029741 250.029740863 264.721438 259.721438 274.99901 269.99900985 
-21.807224 [ 1697.125     7.563 -2058.437] [ -8.00000000e-02   1.64240000e+02  -1.20000000e-01]264.580559 259.5805592 255.0433625 250.043362546 266.2056675 261.2056677 274.833728 269.833728 
-21.911368 [ 1697.063     7.063 -2058.562] [ -1.50000000e-01   1.64250000e+02  -1.20000000e-01]263.1034445 258.1034447 255.334854 250.334854105 267.666146 262.66614625 274.405555 269.4055551 
-22.014146 [ 1697.        6.813 -2058.562] [ -2.10000000e-01   1.64250000e+02  -1.30000000e-01]261.663744 256.663744 255.8758995 250.87589956 269.0736565 264.07365665 273.743654 268.74365405 
-22.116039 [ 1697.        6.438 -2058.562] [ -2.60000000e-01   1.64250000e+02  -1.30000000e-01]260.2907305 255.29073025 256.63728 251.63727976 270.398982 265.39898195 272.877188 267.87718785 
-22.218161 [ 1696.938     6.188 -2058.562] [ -3.10000000e-01   1.64250000e+02  -1.30000000e-01]259.013677 254.013676775 257.5897755 252.589775535 271.612905 266.6129051 271.8353195 266.83531945 
-22.320477 [ 1696.875     5.938 -2058.562] [ -3.50000000e-01   1.64250000e+02  -1.30000000e-01]257.8618565 252.8618567 258.7041675 253.704167735 272.686209 267.68620915 270.647212 265.6472118 
-22.422226 [ 1696.875     5.75  -2058.562] [ -3.90000000e-01   1.64250000e+02  -1.40000000e-01]256.8645435 251.86454326 259.951237 254.95123719 273.589677 268.58967705 269.342028 264.3420278 
-22.523998 [ 1696.813     5.563 -2058.5  ] [ -4.10000000e-01   1.64240000e+02  -1.30000000e-01]256.0510095 251.05100965 261.301765 256.30176475 274.294092 269.29409185 267.9489305 262.94893045 
-22.627933 [ 1696.813     5.438 -2058.437] [ -4.40000000e-01   1.64230000e+02  -1.30000000e-01]255.450529 250.450529086 262.726531 257.72653125 274.7702365 269.7702365 266.4970825 261.4970827 
-22.737774 [ 1696.813     5.313 -2058.187] [ -4.60000000e-01   1.64190000e+02  -1.20000000e-01]255.092375 250.092374773 264.1963175 259.19631755 274.988894 269.98889405 265.0156475 260.01564745 
-22.841002 [ 1696.75     5.25 -2057.75] [ -4.70000000e-01   1.64110000e+02  -1.00000000e-01]255.005749 250.005748838 265.6819045 260.6819045 274.9245465 269.92454675 263.533799 258.53379905 
-22.944298 [ 1696.75      5.25  -2057.562] [ -4.70000000e-01   1.64090000e+02  -9.00000000e-02]255.2034985 250.2034985 267.1540755 262.1540754 274.5868015 269.58680165 262.080758 257.0807582 
-23.046286 [ 1696.75      5.25  -2057.375] [ -4.70000000e-01   1.64060000e+02  -8.00000000e-02]255.6613285 250.66132832 268.583616 263.58361595 274.004672 269.0046722 260.685758 255.6857578 
-23.147538 [ 1696.75      5.25  -2057.125] [ -4.70000000e-01   1.64020000e+02  -7.00000000e-02]256.3498145 251.34981448 269.941312 264.94131205 273.207376 268.20737605 259.3780305 254.37803073 
-23.249611 [ 1688.75      5.25  -2056.812] [ -4.70000000e-01   1.63970000e+02  -6.00000000e-02]257.239533 252.23953316 271.1979495 266.1979496 272.224131 267.22413105 258.18681 253.186809815 
-23.352686 [ 1696.75      5.25  -2056.687] [ -4.70000000e-01   1.63940000e+02  -5.00000000e-02]258.3010605 253.301060535 272.3243145 267.32431445 271.084155 266.0841548 257.141328 252.141327915 
-23.455537 [ 1696.75     5.25 -2056.5 ] [ -4.70000000e-01   1.63920000e+02  -4.00000000e-02]259.504973 254.504972795 273.2911925 268.2911925 269.816665 264.8166651 256.270818 251.270817875 
-23.557588 [ 1696.75      5.25  -2056.375] [ -4.70000000e-01  -1.63790000e+02  -4.00000000e-02]260.821846 255.8218461 274.0693695 269.06936965 268.4508795 263.4508796 255.6045125 250.604512555 
-23.658963 [ 1696.75      5.375 -2056.25 ] [ -4.50000000e-01   1.63870000e+02  -3.00000000e-02]262.2222565 257.22225665 274.6296315 269.62963175 267.016016 262.01601605 255.171645 250.171644799 
-23.761336 [ 1696.75      5.625 -2056.125] [ -4.10000000e-01   1.63850000e+02  -2.00000000e-02]263.6767805 258.67678065 274.9427645 269.9427647 265.541292 260.5412922 255.0014475 250.001447463 
-23.864979 [ 1696.875     6.25  -2056.062] [ -3.10000000e-01   1.63840000e+02  -2.00000000e-02]265.1559945 260.15599445 274.9800495 269.98004965 264.055926 259.05592575 255.116026 250.116026178 
-23.967598 [ 1696.938     6.813 -2056.   ] [ -2.10000000e-01   1.63830000e+02  -1.00000000e-02]266.6306925 261.6306927 274.735851 269.7358509 262.589135 257.5891349 255.4990605 250.499060641 
-24.069472 [ 1696.938     7.    -2056.   ] [ -1.70000000e-01   1.63830000e+02  -1.00000000e-02]268.072309 263.072309 274.236943 269.2369432 261.170138 256.170138 256.121338 251.12133825 
-24.170847 [ 1697.        7.063 -2056.   ] [ -1.60000000e-01  -1.63850000e+02  -1.00000000e-02]269.452393 264.45239305 273.51253 268.51252995 259.8281535 254.82815357 256.953637 251.95363696 
-24.272341 [ 1697.063     7.438 -2056.   ] [ -1.00000000e-01   1.63830000e+02   0.00000000e+00]270.7424945 265.74249465 272.5918145 267.59181445 258.5924 253.59240002 257.9667345 252.96673473 
-24.37383 [ 1697.063     7.813 -2056.   ] [ -3.00000000e-02   1.63830000e+02   0.00000000e+00]271.9141635 266.9141635 271.504 266.504 257.492096 252.492095795 259.1314095 254.131409515 
-24.475392 [ 1697.125     8.125 -2055.937] [  2.00000000e-02   1.63830000e+02   0.00000000e+00]272.9389495 267.93894945 270.27829 265.2782899 256.5564595 251.556459325 260.4184395 255.4184393 
-24.577651 [ 1697.125     8.25  -2055.937] [  4.00000000e-02   1.63830000e+02   0.00000000e+00]274.493101 269.49310095 268.9438875 263.9438874 255.814709 250.81470905 261.798602 256.79860195 
-24.679309 [ 1697.188     8.438 -2056.062] [  7.00000000e-02   1.63850000e+02  -1.00000000e-02]274.8798395 269.87983975 267.529996 262.5299959 255.2960635 250.296063419 263.2426755 258.24267555 
-24.781199 [ 1697.188     8.563 -2056.375] [  1.00000000e-01   1.63890000e+02  -2.00000000e-02]274.99901 269.99900985 266.0658185 261.06581865 255.029741 250.029740863 264.721438 259.721438 
-24.882778 [ 1697.188     8.625 -2056.562] [  1.10000000e-01   1.63930000e+02  -3.00000000e-02]274.833728 269.833728 264.580559 259.5805592 255.0433625 250.043362546 266.2056675 261.2056677 
-24.984454 [ 1697.188     8.625 -2056.812] [  1.10000000e-01   1.63970000e+02  -4.00000000e-02]274.405555 269.4055551 263.1034445 258.1034447 255.334854 250.334854105 267.666146 262.66614625 
-25.086376 [ 1697.188     8.625 -2057.062] [  1.10000000e-01   1.64010000e+02  -5.00000000e-02]273.743654 268.74365405 261.663744 256.663744 255.8758995 250.87589956 269.0736565 264.07365665 
-25.188019 [ 1697.188     8.625 -2057.375] [  1.10000000e-01   1.64060000e+02  -6.00000000e-02]272.877188 267.87718785 260.2907305 255.29073025 256.63728 251.63727976 270.398982 265.39898195 
-25.289992 [ 1697.188     8.625 -2057.5  ] [  1.10000000e-01   1.64090000e+02  -7.00000000e-02]271.8353195 266.83531945 259.013677 254.013676775 257.5897755 252.589775535 271.612905 266.6129051 
-25.391919 [ 1697.188     8.625 -2057.687] [  1.10000000e-01   1.64110000e+02  -8.00000000e-02]270.647212 265.6472118 257.8618565 252.8618567 258.7041675 253.704167735 272.686209 267.68620915 
-25.493976 [ 1697.188     8.625 -2057.937] [  1.10000000e-01   1.64160000e+02  -9.00000000e-02]269.342028 264.3420278 256.8645435 251.86454326 259.951237 254.95123719 273.589677 268.58967705 
-25.597389 [ 1697.188     8.375 -2058.187] [  7.00000000e-02   1.64200000e+02  -1.00000000e-01]267.9489305 262.94893045 256.0510095 251.05100965 261.301765 256.30176475 274.294092 269.29409185 
-25.699638 [ 1697.125     8.188 -2058.312] [  3.00000000e-02   1.64210000e+02  -1.10000000e-01]266.4970825 261.4970827 255.450529 250.450529086 262.726531 257.72653125 274.7702365 269.7702365 
-25.801042 [ 1697.063     7.938 -2058.437] [ -1.00000000e-02   1.64230000e+02  -1.20000000e-01]265.0156475 260.01564745 255.092375 250.092374773 264.1963175 259.19631755 274.988894 269.98889405 
-25.902705 [ 1697.        7.625 -2058.562] [ -6.00000000e-02   1.64250000e+02  -1.20000000e-01]263.533799 258.53379905 255.005749 250.005748838 265.6819045 260.6819045 274.9245465 269.92454675 
-26.005919 [ 1696.938     7.188 -2058.625] [ -1.40000000e-01   1.64260000e+02  -1.30000000e-01]262.080758 257.0807582 255.2034985 250.2034985 267.1540755 262.1540754 274.5868015 269.58680165 
-26.108718 [ 1696.875     6.75  -2058.687] [ -2.10000000e-01   1.64280000e+02  -1.30000000e-01]260.685758 255.6857578 255.6613285 250.66132832 268.583616 263.58361595 274.004672 269.0046722 
-26.210704 [ 1696.813     6.5   -2058.687] [ -2.60000000e-01   1.64280000e+02  -1.40000000e-01]259.3780305 254.37803073 256.3498145 251.34981448 269.941312 264.94131205 273.207376 268.20737605 
-26.312749 [ 1696.813     6.188 -2058.687] [ -3.10000000e-01   1.64280000e+02  -1.40000000e-01]258.18681 253.186809815 257.239533 252.23953316 271.1979495 266.1979496 272.224131 267.22413105 
-26.415266 [ 1688.75      5.938 -2058.687] [ -3.50000000e-01   1.64280000e+02  -1.40000000e-01]257.141328 252.141327915 258.3010605 253.301060535 272.3243145 267.32431445 271.084155 266.0841548 
-26.51872 [ 1696.688     5.75  -2058.687] [ -3.80000000e-01   1.64280000e+02  -1.40000000e-01]256.270818 251.270817875 259.504973 254.504972795 273.2911925 268.2911925 269.816665 264.8166651 
-26.621029 [ 1696.688     5.625 -2058.625] [ -4.00000000e-01   1.64260000e+02  -1.40000000e-01]255.6045125 250.604512555 260.821846 255.8218461 274.0693695 269.06936965 268.4508795 263.4508796 
-26.722449 [ 1696.688     5.5   -2058.562] [ -4.30000000e-01   1.64250000e+02  -1.40000000e-01]255.171645 250.171644799 262.2222565 257.22225665 274.6296315 269.62963175 267.016016 262.01601605 
-26.824686 [ 1696.688     5.438 -2058.5  ] [ -4.40000000e-01   1.64240000e+02  -1.30000000e-01]255.0014475 250.001447463 263.6767805 258.67678065 274.9427645 269.9427647 265.541292 260.5412922 
-26.92615 [ 1696.625     5.438 -2058.   ] [ -4.40000000e-01   1.64160000e+02  -1.10000000e-01]255.116026 250.116026178 265.1559945 260.15599445 274.9800495 269.98004965 264.055926 259.05592575 
-27.027572 [ 1696.625     5.438 -2057.687] [ -4.40000000e-01   1.64110000e+02  -1.00000000e-01]255.4990605 250.499060641 266.6306925 261.6306927 274.735851 269.7358509 262.589135 257.5891349 
-27.129269 [ 1696.625     5.438 -2057.437] [ -4.40000000e-01   1.64080000e+02  -9.00000000e-02]256.121338 251.12133825 268.072309 263.072309 274.236943 269.2369432 261.170138 256.170138 
-27.231152 [ 1696.625     5.438 -2057.25 ] [ -4.40000000e-01   1.64040000e+02  -8.00000000e-02]256.953637 251.95363696 269.452393 264.45239305 273.51253 268.51252995 259.8281535 254.82815357 
-27.333012 [ 1696.625     5.438 -2057.062] [ -4.40000000e-01   1.64000000e+02  -7.00000000e-02]257.9667345 252.96673473 270.7424945 265.74249465 272.5918145 267.59181445 258.5924 253.59240002 
-27.434619 [ 1696.625     5.438 -2056.75 ] [ -4.40000000e-01   1.63960000e+02  -5.00000000e-02]259.1314095 254.131409515 271.9141635 266.9141635 271.504 266.504 257.492096 252.492095795 
-27.536082 [ 1696.625    -2.562 -2056.625] [ -4.40000000e-01   1.63930000e+02  -5.00000000e-02]260.4184395 255.4184393 272.9389495 267.93894945 270.27829 265.2782899 256.5564595 251.556459325 
-27.637444 [ 1696.625     5.375 -2056.375] [ -4.50000000e-01   1.63900000e+02  -4.00000000e-02]261.798602 256.79860195 274.493101 269.49310095 268.9438875 263.9438874 255.814709 250.81470905 
-27.738706 [ 1696.625     5.375 -2056.187] [ -4.40000000e-01   1.63870000e+02  -3.00000000e-02]263.2426755 258.24267555 274.8798395 269.87983975 267.529996 262.5299959 255.2960635 250.296063419 
-27.839947 [ 1696.625     5.688 -2056.125] [ -4.10000000e-01   1.63850000e+02  -2.00000000e-02]264.721438 259.721438 274.99901 269.99900985 266.0658185 261.06581865 255.029741 250.029740863 
-27.942038 [ 1696.75     6.25 -2056.  ] [ -3.00000000e-01   1.63840000e+02  -1.00000000e-02]266.2056675 261.2056677 274.833728 269.833728 264.580559 259.5805592 255.0433625 250.043362546 
-28.043554 [ 1696.813     6.813 -2056.   ] [ -2.00000000e-01   1.63840000e+02  -1.00000000e-02]267.666146 262.66614625 274.405555 269.4055551 263.1034445 258.1034447 255.334854 250.334854105 
-28.144973 [ 1688.813     7.063 -2056.   ] [ -1.60000000e-01   1.63830000e+02  -1.00000000e-02]269.0736565 264.07365665 273.743654 268.74365405 261.663744 256.663744 255.8758995 250.87589956 
-28.24755 [ 1688.875     7.188 -2056.   ] [ -1.40000000e-01   1.63830000e+02  -1.00000000e-02]270.398982 265.39898195 272.877188 267.87718785 260.2907305 255.29073025 256.63728 251.63727976 
-28.351114 [ 1696.875     7.438 -2056.   ] [ -1.00000000e-01   1.63830000e+02   0.00000000e+00]271.612905 266.6129051 271.8353195 266.83531945 259.013677 254.013676775 257.5897755 252.589775535 
-28.45416 [ 1696.938     7.688 -2056.   ] [ -6.00000000e-02   1.63830000e+02   0.00000000e+00]272.686209 267.68620915 270.647212 265.6472118 257.8618565 252.8618567 258.7041675 253.704167735 
-28.556205 [ 1688.938     7.938 -2056.   ] [ -2.00000000e-02   1.63830000e+02   0.00000000e+00]273.589677 268.58967705 269.342028 264.3420278 256.8645435 251.86454326 259.951237 254.95123719 
-28.658422 [ 1697.       8.25 -2056.  ] [  4.00000000e-02   1.63830000e+02   0.00000000e+00]274.294092 269.29409185 267.9489305 262.94893045 256.0510095 251.05100965 261.301765 256.30176475 
-28.761693 [ 1697.        8.438 -2056.187] [  8.00000000e-02   1.63870000e+02  -1.00000000e-02]274.7702365 269.7702365 266.4970825 261.4970827 255.450529 250.450529086 262.726531 257.72653125 
-28.864222 [ 1697.063     8.563 -2056.437] [  9.00000000e-02   1.63910000e+02  -2.00000000e-02]274.988894 269.98889405 265.0156475 260.01564745 255.092375 250.092374773 264.1963175 259.19631755 
-28.965871 [ 1697.063     8.563 -2056.687] [  1.00000000e-01   1.63950000e+02  -3.00000000e-02]274.9245465 269.92454675 263.533799 258.53379905 255.005749 250.005748838 265.6819045 260.6819045 
-29.06744 [ 1697.063     8.563 -2056.937] [  1.00000000e-01   1.63990000e+02  -4.00000000e-02]274.5868015 269.58680165 262.080758 257.0807582 255.2034985 250.2034985 267.1540755 262.1540754 
-29.170081 [ 1697.063     8.563 -2057.187] [  1.00000000e-01   1.64030000e+02  -5.00000000e-02]274.004672 269.0046722 260.685758 255.6857578 255.6613285 250.66132832 268.583616 263.58361595 
-29.273213 [ 1697.063     8.563 -2057.375] [  1.00000000e-01   1.64060000e+02  -6.00000000e-02]273.207376 268.20737605 259.3780305 254.37803073 256.3498145 251.34981448 269.941312 264.94131205 
-29.375786 [ 1697.063     8.563 -2057.562] [  1.00000000e-01   1.64100000e+02  -7.00000000e-02]272.224131 267.22413105 258.18681 253.186809815 257.239533 252.23953316 271.1979495 266.1979496 
-29.477669 [ 1697.063     8.563 -2057.875] [  1.00000000e-01   1.64140000e+02  -9.00000000e-02]271.084155 266.0841548 257.141328 252.141327915 258.3010605 253.301060535 272.3243145 267.32431445 
-29.579364 [ 1697.063     8.563 -2058.062] [  1.00000000e-01   1.64180000e+02  -1.00000000e-01]269.816665 264.8166651 256.270818 251.270817875 259.504973 254.504972795 273.2911925 268.2911925 
-29.680829 [ 1697.063     8.5   -2058.187] [  8.00000000e-02   1.64200000e+02  -1.00000000e-01]268.4508795 263.4508796 255.6045125 250.604512555 260.821846 255.8218461 274.0693695 269.06936965 
-29.78256 [ 1697.        8.313 -2058.25 ] [  5.00000000e-02   1.64210000e+02  -1.10000000e-01]267.016016 262.01601605 255.171645 250.171644799 262.2222565 257.22225665 274.6296315 269.62963175 
-29.884391 [ 1697.        8.063 -2058.437] [  1.00000000e-02   1.64230000e+02  -1.10000000e-01]265.541292 260.5412922 255.0014475 250.001447463 263.6767805 258.67678065 274.9427645 269.9427647 
-29.986134 [ 1696.938     7.688 -2058.5  ] [ -5.00000000e-02   1.64240000e+02  -1.20000000e-01]264.055926 259.05592575 255.116026 250.116026178 265.1559945 260.15599445 274.9800495 269.98004965 
-30.087579 [ 1696.875     7.313 -2058.5  ] [ -1.20000000e-01   1.64250000e+02  -1.20000000e-01]262.589135 257.5891349 255.4990605 250.499060641 266.6306925 261.6306927 274.735851 269.7358509 
-30.189084 [ 1696.813     6.875 -2058.562] [ -1.90000000e-01   1.64250000e+02  -1.30000000e-01]261.170138 256.170138 256.121338 251.12133825 268.072309 263.072309 274.236943 269.2369432 
-30.290732 [ 1696.75      6.563 -2058.562] [ -2.40000000e-01   1.64260000e+02  -1.30000000e-01]259.8281535 254.82815357 256.953637 251.95363696 269.452393 264.45239305 273.51253 268.51252995 
-30.392348 [ 1696.688     6.313 -2058.562] [ -2.90000000e-01   1.64260000e+02  -1.30000000e-01]258.5924 253.59240002 257.9667345 252.96673473 270.7424945 265.74249465 272.5918145 267.59181445 
-30.493874 [ 1696.688     6.063 -2058.562] [ -3.30000000e-01   1.64260000e+02  -1.30000000e-01]257.492096 252.492095795 259.1314095 254.131409515 271.9141635 266.9141635 271.504 266.504 
-30.59611 [ 1696.625     5.875 -2058.625] [ -3.70000000e-01   1.64260000e+02  -1.40000000e-01]256.5564595 251.556459325 260.4184395 255.4184393 272.9389495 267.93894945 270.27829 265.2782899 
-30.697677 [ 1696.625     5.688 -2058.562] [ -3.90000000e-01   1.64250000e+02  -1.40000000e-01]255.814709 250.81470905 261.798602 256.79860195 274.493101 269.49310095 268.9438875 263.9438874 
-30.799252 [ 1696.563     5.5   -2058.5  ] [ -4.20000000e-01   1.64240000e+02  -1.30000000e-01]255.2960635 250.296063419 263.2426755 258.24267555 274.8798395 269.87983975 267.529996 262.5299959 
-30.902118 [ 1696.563     5.375 -2058.375] [ -4.50000000e-01   1.64220000e+02  -1.30000000e-01]255.029741 250.029740863 264.721438 259.721438 274.99901 269.99900985 266.0658185 261.06581865 
-31.005336 [ 1696.563     5.375 -2057.812] [ -4.50000000e-01   1.64140000e+02  -1.10000000e-01]255.0433625 250.043362546 266.2056675 261.2056677 274.833728 269.833728 264.580559 259.5805592 
-31.10717 [ 1696.563     5.375 -2057.625] [ -4.50000000e-01   1.64100000e+02  -9.00000000e-02]255.334854 250.334854105 267.666146 262.66614625 274.405555 269.4055551 263.1034445 258.1034447 
-31.208575 [ 1696.563     5.375 -2057.5  ] [ -4.50000000e-01   1.64070000e+02  -9.00000000e-02]255.8758995 250.87589956 269.0736565 264.07365665 273.743654 268.74365405 261.663744 256.663744 
-31.310474 [ 1696.5       5.375 -2057.25 ] [ -4.50000000e-01   1.64040000e+02  -8.00000000e-02]256.63728 251.63727976 270.398982 265.39898195 272.877188 267.87718785 260.2907305 255.29073025 
-31.413824 [ 1688.75      5.375 -2057.062] [ -4.50000000e-01   1.64010000e+02  -7.00000000e-02]257.5897755 252.589775535 271.612905 266.6129051 271.8353195 266.83531945 259.013677 254.013676775 
-31.516844 [ 1696.5       5.375    -9.   ] [ -4.50000000e-01   1.63990000e+02  -6.00000000e-02]258.7041675 253.704167735 272.686209 267.68620915 270.647212 265.6472118 257.8618565 252.8618567 
-31.618748 [ 1696.5       5.375 -2056.812] [ -4.50000000e-01   1.63960000e+02  -6.00000000e-02]259.951237 254.95123719 273.589677 268.58967705 269.342028 264.3420278 256.8645435 251.86454326 
-31.720442 [ 1696.5       5.375 -2056.437] [ -4.50000000e-01  -1.63770000e+02  -4.00000000e-02]261.301765 256.30176475 274.294092 269.29409185 267.9489305 262.94893045 256.0510095 251.05100965 
-31.823023 [ 1696.5      5.5  -2056.25] [ -4.30000000e-01   1.63880000e+02  -3.00000000e-02]262.726531 257.72653125 274.7702365 269.7702365 266.4970825 261.4970827 255.450529 250.450529086 
-31.926213 [ 1696.563     5.875 -2056.125] [ -3.70000000e-01   1.63860000e+02  -2.00000000e-02]264.1963175 259.19631755 274.988894 269.98889405 265.0156475 260.01564745 255.092375 250.092374773 
-32.028394 [ 1696.688     6.5   -2056.125] [ -2.50000000e-01   1.63850000e+02  -2.00000000e-02]265.6819045 260.6819045 274.9245465 269.92454675 263.533799 258.53379905 255.005749 250.005748838 
-32.129787 [ 1696.75      7.    -2056.062] [ -1.70000000e-01   1.63850000e+02  -1.00000000e-02]267.1540755 262.1540754 274.5868015 269.58680165 262.080758 257.0807582 255.2034985 250.2034985 
-32.231392 [ 1696.75      7.25  -2056.062] [ -1.30000000e-01   1.63840000e+02  -1.00000000e-02]268.583616 263.58361595 274.004672 269.0046722 260.685758 255.6857578 255.6613285 250.66132832 
-32.333021 [ 1696.75      7.375 -2056.062] [ -1.10000000e-01   1.63840000e+02  -1.00000000e-02]269.941312 264.94131205 273.207376 268.20737605 259.3780305 254.37803073 256.3498145 251.34981448 
-32.435363 [ 1696.813     7.438 -2056.062] [ -1.00000000e-01   1.63840000e+02  -1.00000000e-02]271.1979495 266.1979496 272.224131 267.22413105 258.18681 253.186809815 257.239533 252.23953316 
-32.537011 [ 1696.813     7.75  -2056.   ] [ -4.00000000e-02   1.63840000e+02  -1.00000000e-02]272.3243145 267.32431445 271.084155 266.0841548 257.141328 252.141327915 258.3010605 253.301060535 
-32.638365 [ 1696.875     7.938 -2056.   ] [ -1.00000000e-02   1.63840000e+02   0.00000000e+00]273.2911925 268.2911925 269.816665 264.8166651 256.270818 251.270817875 259.504973 254.504972795 
-32.740443 [ 1696.875     8.125 -2056.   ] [  3.00000000e-02   1.63840000e+02   0.00000000e+00]274.0693695 269.06936965 268.4508795 263.4508796 255.6045125 250.604512555 260.821846 255.8218461 
-32.841995 [ 1696.938     8.375 -2056.125] [  6.00000000e-02   1.63860000e+02  -1.00000000e-02]274.6296315 269.62963175 267.016016 262.01601605 255.171645 250.171644799 262.2222565 257.22225665 
-32.943467 [ 1696.938     8.438 -2056.375] [  7.00000000e-02   1.63900000e+02  -2.00000000e-02]274.9427645 269.9427647 265.541292 260.5412922 255.0014475 250.001447463 263.6767805 258.67678065 
-33.044981 [ 1696.938     8.438 -2056.625] [  8.00000000e-02   1.63940000e+02  -3.00000000e-02]274.9800495 269.98004965 264.055926 259.05592575 255.116026 250.116026178 265.1559945 260.15599445 
-33.146478 [ 1696.938     8.5   -2056.875] [  9.00000000e-02   1.63980000e+02  -4.00000000e-02]274.735851 269.7358509 262.589135 257.5891349 255.4990605 250.499060641 266.6306925 261.6306927 
-33.248341 [ 1696.938     8.5   -2057.125] [  9.00000000e-02   1.64010000e+02  -5.00000000e-02]274.236943 269.2369432 261.170138 256.170138 256.121338 251.12133825 268.072309 263.072309 
-33.350493 [ 1696.938     8.5   -2057.375] [  9.00000000e-02   1.64060000e+02  -6.00000000e-02]273.51253 268.51252995 259.8281535 254.82815357 256.953637 251.95363696 269.452393 264.45239305 
-33.452055 [ 1688.938     8.5   -2057.562] [  9.00000000e-02   1.64090000e+02  -7.00000000e-02]272.5918145 267.59181445 258.5924 253.59240002 257.9667345 252.96673473 270.7424945 265.74249465 
-33.554463 [ 1696.938     8.5   -2057.75 ] [  9.00000000e-02   1.64120000e+02  -8.00000000e-02]271.504 266.504 257.492096 252.492095795 259.1314095 254.131409515 271.9141635 266.9141635 
-33.657565 [ 1696.938     8.5   -2058.062] [  8.00000000e-02   1.64170000e+02  -9.00000000e-02]270.27829 265.2782899 256.5564595 251.556459325 260.4184395 255.4184393 272.9389495 267.93894945 
-33.760062 [ 1696.938     8.438 -2058.187] [  8.00000000e-02   1.64200000e+02  -1.00000000e-01]268.9438875 263.9438874 255.814709 250.81470905 261.798602 256.79860195 274.493101 269.49310095 
-33.861885 [ 1696.938     8.25  -2058.25 ] [  4.00000000e-02   1.64210000e+02  -1.10000000e-01]267.529996 262.5299959 255.2960635 250.296063419 263.2426755 258.24267555 274.8798395 269.87983975 
-33.963718 [ 1688.875     8.    -2058.437] [  0.00000000e+00   1.64230000e+02  -1.20000000e-01]266.0658185 261.06581865 255.029741 250.029740863 264.721438 259.721438 274.99901 269.99900985 
-34.066849 [ 1696.813     7.625 -2058.5  ] [ -7.00000000e-02   1.64240000e+02  -1.20000000e-01]264.580559 259.5805592 255.0433625 250.043362546 266.2056675 261.2056677 274.833728 269.833728 
-34.169921 [ 1696.75      7.125 -2058.5  ] [ -1.40000000e-01   1.64250000e+02  -1.20000000e-01]263.1034445 258.1034447 255.334854 250.334854105 267.666146 262.66614625 274.405555 269.4055551 
-34.272187 [ 1696.688     6.813 -2058.562] [ -2.10000000e-01   1.64260000e+02  -1.30000000e-01]261.663744 256.663744 255.8758995 250.87589956 269.0736565 264.07365665 273.743654 268.74365405 
-34.373857 [ 1696.625     6.5   -2058.562] [ -2.50000000e-01   1.64260000e+02  -1.30000000e-01]260.2907305 255.29073025 256.63728 251.63727976 270.398982 265.39898195 272.877188 267.87718785 
-34.476128 [ 1688.625     6.25  -2058.562] [ -3.00000000e-01   1.64260000e+02  -1.30000000e-01]259.013677 254.013676775 257.5897755 252.589775535 271.612905 266.6129051 271.8353195 266.83531945 
-34.579491 [ 1696.563     6.    -2058.562] [ -3.40000000e-01   1.64260000e+02  -1.30000000e-01]257.8618565 252.8618567 258.7041675 253.704167735 272.686209 267.68620915 270.647212 265.6472118 
-34.682281 [ 1696.5       5.75  -2058.562] [ -3.90000000e-01   1.64260000e+02  -1.40000000e-01]256.8645435 251.86454326 259.951237 254.95123719 273.589677 268.58967705 269.342028 264.3420278 
-34.783902 [ 1696.5       5.563 -2058.5  ] [ -4.10000000e-01   1.64240000e+02  -1.30000000e-01]256.0510095 251.05100965 261.301765 256.30176475 274.294092 269.29409185 267.9489305 262.94893045 
-34.88535 [ 1696.5       5.438 -2058.437] [ -4.30000000e-01   1.64230000e+02  -1.30000000e-01]255.450529 250.450529086 262.726531 257.72653125 274.7702365 269.7702365 266.4970825 261.4970827 
-34.987299 [ 1696.5       5.375 -2058.312] [ -4.50000000e-01   1.64210000e+02  -1.30000000e-01]255.092375 250.092374773 264.1963175 259.19631755 274.988894 269.98889405 265.0156475 260.01564745 
-35.088569 [ 1696.438     5.313 -2057.812] [ -4.60000000e-01   1.64130000e+02  -1.00000000e-01]255.005749 250.005748838 265.6819045 260.6819045 274.9245465 269.92454675 263.533799 258.53379905 
-35.190385 [ 1696.438     5.313 -2057.562] [ -4.60000000e-01   1.64090000e+02  -9.00000000e-02]255.2034985 250.2034985 267.1540755 262.1540754 274.5868015 269.58680165 262.080758 257.0807582 
-35.292867 [ 1696.438     5.313 -2057.375] [ -4.60000000e-01   1.64050000e+02  -8.00000000e-02]255.6613285 250.66132832 268.583616 263.58361595 274.004672 269.0046722 260.685758 255.6857578 
-35.394399 [ 1696.438     5.25  -2057.125] [ -4.70000000e-01   1.64020000e+02  -7.00000000e-02]256.3498145 251.34981448 269.941312 264.94131205 273.207376 268.20737605 259.3780305 254.37803073 
-35.496779 [ 1696.438     5.25  -2056.937] [ -4.70000000e-01   1.63980000e+02  -6.00000000e-02]257.239533 252.23953316 271.1979495 266.1979496 272.224131 267.22413105 258.18681 253.186809815 
-35.598198 [ 1696.438     5.25  -2056.625] [ -4.70000000e-01   1.63940000e+02  -5.00000000e-02]258.3010605 253.301060535 272.3243145 267.32431445 271.084155 266.0841548 257.141328 252.141327915 
-35.69992 [ 1696.438     5.25  -2056.5  ] [ -4.70000000e-01   1.63920000e+02  -4.00000000e-02]259.504973 254.504972795 273.2911925 268.2911925 269.816665 264.8166651 256.270818 251.270817875 
-35.801586 [ 1696.438     5.25  -2056.312] [ -4.70000000e-01   1.63890000e+02  -4.00000000e-02]260.821846 255.8218461 274.0693695 269.06936965 268.4508795 263.4508796 255.6045125 250.604512555 
-35.904101 [ 1696.438     5.25  -2056.25 ] [ -4.70000000e-01   1.63870000e+02  -3.00000000e-02]262.2222565 257.22225665 274.6296315 269.62963175 267.016016 262.01601605 255.171645 250.171644799 
-36.006069 [ 1696.438     5.563 -2056.125] [ -4.10000000e-01   1.63850000e+02  -2.00000000e-02]263.6767805 258.67678065 274.9427645 269.9427647 265.541292 260.5412922 255.0014475 250.001447463 
-36.108395 [ 1688.687     6.188 -2056.   ] [ -3.10000000e-01   1.63840000e+02  -1.00000000e-02]265.1559945 260.15599445 274.9800495 269.98004965 264.055926 259.05592575 255.116026 250.116026178 
-36.21165 [ 1696.625     6.813 -2056.   ] [ -2.10000000e-01   1.63840000e+02  -1.00000000e-02]266.6306925 261.6306927 274.735851 269.7358509 262.589135 257.5891349 255.4990605 250.499060641 
-36.314194 [ 1696.625     7.    -2056.   ] [ -1.70000000e-01   1.63830000e+02  -1.00000000e-02]268.072309 263.072309 274.236943 269.2369432 261.170138 256.170138 256.121338 251.12133825 
-36.415858 [ 1696.688     7.188 -2056.   ] [ -1.40000000e-01   1.63830000e+02  -1.00000000e-02]269.452393 264.45239305 273.51253 268.51252995 259.8281535 254.82815357 256.953637 251.95363696 
-36.517658 [ 1696.688     7.313 -2056.   ] [ -1.10000000e-01   1.63830000e+02   0.00000000e+00]270.7424945 265.74249465 272.5918145 267.59181445 258.5924 253.59240002 257.9667345 252.96673473 
-36.621192 [ 1696.688     7.5   -2056.   ] [ -9.00000000e-02   1.63830000e+02   0.00000000e+00]271.9141635 266.9141635 271.504 266.504 257.492096 252.492095795 259.1314095 254.131409515 
-36.724008 [ 1696.75      7.688 -2056.   ] [ -6.00000000e-02   1.63830000e+02   0.00000000e+00]272.9389495 267.93894945 270.27829 265.2782899 256.5564595 251.556459325 260.4184395 255.4184393 
