The flat matrix is [[ -1.68818700e+03  -9.18700000e+00   2.04075000e+03]
 [ -2.10000000e-01   3.86000000e+00   8.17000000e+00]] 
-0.078759 [ 1696.25      7.062 -2057.312] [-0.15 -1.06  1.22]275.0101465 289.5117005 276.5189275 276.5711605 281.6599115 280.086744 280.2359555 262.0486245 
-0.180581 [ 1696.25      6.687 -2058.312] [-0.21 -0.89  1.16]275.5246145 288.122171 277.643803 277.5639125 279.0928355 283.3395585 279.6365935 262.446313 
-0.283209 [ 1696.062     6.437 -2057.312] [-0.26 -1.07  1.21]276.21988 285.8986685 279.684314 277.1936715 277.1805495 286.0077365 278.770903 264.046304 
-0.388362 [ 1688.312     6.375 -2057.25 ] [-0.27 -1.07  1.21]277.0231105 282.855258 282.5035415 275.5775255 275.8696555 288.0422765 277.815165 266.4685925 
-0.491976 [ 1696.062     6.437 -2057.187] [-0.27 -1.08  1.22]277.8677545 279.228924 285.8059085 273.084476 275.0859685 289.407878 276.945824 269.3327095 
-0.594254 [ 1696.062     6.562 -2056.5  ] [-0.24  0.08  1.25]278.6890315 275.3194725 289.294105 270.086278 274.755304 290.0692415 276.3393265 272.2581855 
-0.696933 [ 1695.875     6.562 -2055.187] [-0.24 -1.42  1.31]279.4221605 271.4267135 292.6708195 266.954685 274.803477 289.9910675 276.1721165 274.8645505 
-0.800095 [ 1688.499     6.812 -2054.625] [-0.19 -1.51  1.34]280.0023605 267.8504565 295.638743 264.061451 275.1563015 289.1380565 276.62064 276.771336 
-0.902961 [ 1695.812     7.125 -2054.312] [-0.15 -1.56  1.35]280.364851 264.8905115 297.9005645 261.77833 275.739593 287.4749085 277.8613425 277.598071 
-1.00536 [ 1695.812     7.312 -2054.125] [-0.11 -1.59  1.36]280.444851 262.8466885 299.1589735 260.477076 276.4792055 284.967733 280.021606 277.0421905 
-1.107427 [ 1695.812     7.437 -2054.062] [ 0.06 -3.87 -8.18]280.1775795 262.018797 299.15329 260.48821 277.3041735 281.697754 282.922421 275.287617 
-1.210649 [ 1695.812     7.5   -2054.062] [-0.08 -1.6   1.36]279.5352435 262.6019745 297.960019 261.762703 278.149021 277.944869 286.266731 272.7057125 
-1.314592 [ 1695.812     7.5   -2054.062] [-0.08 -1.61  1.36]278.650325 264.337778 295.8373855 264.0469715 278.948816 274.008673 289.7572285 269.668234 
-1.418486 [ 1695.75     7.25 -2055.25] [-0.12 -1.41  1.31]277.6987095 266.844936 293.045376 267.085451 279.638628 270.1887605 293.096608 266.546939 
-1.528502 [ 1695.75      6.687 -2056.062] [-0.22 -1.27  1.27]276.856284 269.7421725 289.8439755 270.622576 280.153524 266.7847255 295.987562 263.7135845 
-1.630118 [ 1695.875     6.687 -2056.312] [-0.22 -1.23  1.26]276.298935 272.6482135 286.4931715 274.4027815 280.4285735 264.0961635 298.1327845 261.5399275 
-1.731562 [ 1695.812     6.5   -2056.875] [-0.25 -1.14  1.24]276.202549 275.1817835 283.2529495 278.1705025 280.398844 262.422669 299.234969 260.3977265 
-1.833428 [ 1696.        6.437 -2057.5  ] [-0.26 -1.04  1.2 ]276.7430125 276.961608 280.383296 281.6701735 280.0005645 262.060567 299.05727 260.590675 
-1.935351 [ 1696.062     6.375 -2058.125] [-0.28 -0.94  1.17]278.096212 277.6064115 278.12101 284.661507 279.255075 263.0663915 297.7251175 262.014653 
-2.036814 [ 1696.125     6.187 -2058.437] [-0.3  -0.89  1.15]280.362617 276.855951 276.498814 287.0386795 278.325417 265.0974465 295.4982665 264.4143275 
-2.138102 [ 1696.125     6.187 -2058.687] [-0.3   0.44  1.14]283.328716 274.953866 275.4433885 288.765736 277.388039 267.7732615 292.636692 267.5341185 
-2.239545 [ 1696.25      6.687 -2058.937] [-0.22 -0.81  1.13]286.6992995 272.2749085 274.8805085 289.80732 276.619391 270.7133635 289.400369 271.1184455 
-2.341109 [ 1696.375     7.062 -2058.937] [-0.15 -0.8   1.13]290.1791575 269.19383 274.7359475 290.128074 276.1959225 273.537282 286.049273 274.911728 
-2.44305 [ 1696.812     7.937 -2058.625] [-0.02 -0.85  1.15]293.473081 266.085382 274.9354805 289.692641 276.2940825 275.864545 282.8433785 278.658386 
-2.545165 [ 1696.937     8.625 -2058.062] [ 0.11 -0.94  1.18]296.28586 263.3243165 275.4048815 288.4656635 277.090321 277.31468 280.042661 282.1028385 
-2.646474 [ 1697.        9.062 -2057.875] [ 0.19 -0.97  1.19]298.322285 261.285385 276.069926 286.411784 278.7584995 277.511324 277.8691425 285.014525 
-2.748783 [ 1697.062     9.187 -2057.625] [ 0.2  -1.02  1.21]299.2871455 260.343339 276.8570785 283.5201675 281.3012245 276.3500305 276.3265935 287.3067565 
-2.85193 [ 1689.        9.187 -2056.937] [ 0.21 -1.12  1.24]299.109582 260.535001 277.698622 279.986434 284.446013 274.163132 275.3409265 288.944169 
-2.954754 [ 1697.        9.187 -2056.625] [ 0.21 -1.17  1.25]297.847572 261.8835825 278.529755 276.1096215 287.8955545 271.322383 274.837955 289.891464 
-3.056431 [ 1697.        9.187 -2056.312] [ 1.49 -1.23  1.27]295.6727515 264.225686 279.285696 272.189539 291.3525395 268.1995375 274.743495 290.113341 
-3.158277 [ 1688.687     8.687 -2056.   ] [ 0.13 -1.29  1.29]292.845269 267.3055565 279.9016645 268.5259965 294.5196565 265.166349 274.983361 289.5745005 
-3.260816 [ 1696.125     7.5   -2055.75 ] [-0.08 -1.32  1.29]289.6252725 270.8674385 280.312879 265.4188045 297.099596 262.5945725 275.483368 288.2396435 
-3.364162 [ 1695.562     6.062 -2056.25 ] [-0.32 -1.26  1.26]286.2729115 274.655577 280.4545595 263.1677725 298.795047 260.855961 276.169331 286.0734695 
-3.466351 [ 1695.375     5.812 -2056.687] [-0.37 -1.17  1.24]283.048334 278.414217 280.261925 262.07271 299.31214 260.318397 276.9681645 283.0804715 
-3.56785 [ 1695.25      5.25  -2056.437] [-0.46 -1.22  1.24]280.2116885 281.8876025 279.6887455 262.380928 298.56341 261.117421 277.812852 279.4847975 
-3.669873 [ 1695.25      4.875 -2056.   ] [-0.53 -1.29  1.26]277.99314 284.8397525 278.838273 263.916708 296.7813235 263.0284475 278.63846 275.5859745 
-3.773041 [ 1688.999     4.312 -2055.312] [-0.62 -1.4   1.28]276.410496 287.1747185 277.885926 266.300097 294.225866 265.7959105 279.380057 271.6835975 
-3.875952 [ 1695.187     4.    -2055.75 ] [-0.67 -1.36  1.26]275.3898875 288.8570095 277.0075915 269.14982 291.1570235 269.164245 279.972711 268.07726 
-3.977761 [ 1695.25      4.312 -2056.125] [-0.63 -1.27  1.25]274.8570825 289.8513725 276.3791565 272.084602 287.8347825 272.877886 280.351491 265.0665575 
-4.079086 [ 1695.625     4.625 -2056.5  ] [-0.57 -1.21  1.23]274.73785 290.122554 276.1765065 274.7231685 284.5191295 276.6812685 280.4514645 262.9510845 
-4.180603 [ 1695.812     5.    -2056.75 ] [-0.51 -1.17  1.23]274.9579585 289.635302 276.575529 276.684244 281.47005 280.318827 280.207701 262.0304355 
-4.282149 [ 1695.875     5.5   -2056.875] [-0.42 -1.14  1.22]275.4431755 288.3543635 277.7521105 277.5865535 278.9452105 283.536526 279.5852525 262.5197275 
-4.383817 [ 1695.937     5.812 -2056.875] [-0.37 -1.14  1.23]276.11927 286.244485 279.8439135 277.110165 277.075523 286.1638445 278.7080875 264.186347 
-4.485396 [ 1696.        6.187 -2056.812] [-0.31 -1.14  1.23]276.912887 283.3019405 282.6936905 275.408425 275.802297 288.15519 277.7526235 266.6499145 
-4.587377 [ 1696.062     6.687 -2056.625] [-0.21 -1.18  1.25]277.756625 279.737038 286.006994 272.854862 275.0513055 289.475206 276.89531 269.5299585 
-4.688948 [ 1696.312     7.125 -2056.5  ] [-0.14 -1.2   1.26]278.5855565 275.84907 289.488614 269.8242275 274.748324 290.088535 276.3125955 272.446007 
-4.79043 [ 1696.687     7.5   -2055.937] [-0.08 -1.29  1.28]279.334763 271.9376185 292.8433415 266.6912735 274.8191265 289.9598195 276.1809305 275.0175885 
-4.891741 [ 1696.75      7.812 -2054.437] [-0.03 -1.54  1.35]279.939325 268.302266 295.775966 263.830751 275.1894875 289.0537025 276.6767635 276.8642315 
-4.993282 [ 1696.812     8.    -2053.375] [ 0.   -1.72  1.39]280.3343235 265.2425945 297.9912785 261.6174125 275.7851815 287.334827 277.9765445 277.6054635 
-5.094828 [ 1696.812     8.062 -2052.687] [ 0.02 -1.83  1.42]280.45484 263.0581865 299.1940685 260.426009 276.5320565 284.7704415 280.1952375 276.9584385 
-5.196461 [ 1696.75      7.812 -2052.437] [-0.02 -1.88  1.43]280.2359555 262.0486245 299.2295535 260.4070135 277.359626 281.4578865 283.134878 275.1371715 
-5.298041 [ 1696.75      7.75  -2052.312] [-0.04 -1.89  1.43]279.6365935 262.446313 298.181324 261.5262 278.202697 277.682328 286.4981955 272.5133525 
-5.399229 [ 1696.812     7.937 -2053.375] [ 0.   -1.71  1.39]278.770903 264.046304 296.1682535 263.69006 278.9964885 273.7435765 289.98788 269.458735 
-5.501256 [ 1696.687     7.187 -2055.   ] [-0.13 -1.44  1.32]277.815165 266.4685925 293.4504915 266.642837 279.6762195 269.941441 293.3066215 266.3450735 
-5.604345 [ 1696.562     6.375 -2055.75 ] [-0.28 -1.33  1.29]276.945824 269.3327095 290.288186 270.1287775 280.1771095 266.5757315 296.1571095 263.5441215 
-5.70735 [ 1696.75      6.375 -2056.062] [-0.27 -1.28  1.27]276.3393265 272.2581855 286.9414855 273.892125 280.4343775 263.9462585 298.242033 261.4276335 
-5.809447 [ 1696.75      6.25  -2056.687] [-0.29 -1.17  1.24]276.1721165 274.8645505 283.6705395 277.677125 280.3832425 262.3528305 299.2640825 260.3673635 
-5.911039 [ 1688.75      6.25  -2057.312] [-0.29 -1.07  1.21]276.62064 276.771336 280.735496 281.228022 279.9610115 262.089352 299.001464 260.6500595 
-6.013684 [ 1696.937     6.375 -2057.875] [-0.27 -0.98  1.18]277.8613425 277.598071 278.3836455 284.2975405 279.2005365 263.1793315 297.601522 262.146953 
-6.116806 [ 1697.       6.25 -2058.25] [-0.28 -0.93  1.17]280.021606 277.0421905 276.6796865 286.758811 278.267833 265.26943 295.324214 264.602509 
-6.219136 [ 1697.        6.125 -2058.562] [-0.31 -0.87  1.15]282.922421 275.287617 275.5526095 288.5744575 277.338787 267.9783725 292.4295275 267.7611625 
-6.320695 [ 1689.187     6.625 -2058.687] [-0.22 -0.84  1.14]286.266731 272.7057125 274.9281825 289.709226 276.589286 270.924884 289.1774475 271.367349 
-6.423154 [ 1697.375     6.937 -2058.687] [-0.18 -0.84  1.14]289.7572285 269.668234 274.732174 290.1278645 276.1952155 273.7276895 285.827961 275.1655025 
-6.526465 [ 1697.812     7.75  -2058.312] [-0.05 -0.89  1.17]293.096608 266.546939 274.8903525 289.7951195 276.332463 276.005514 282.641054 278.9000585 
-6.629104 [ 1698.25      8.5   -2057.875] [ 0.09 -0.98  1.2 ]295.987562 263.7135845 275.3284865 288.675738 277.176914 277.377083 279.8767125 282.315452 
-6.731018 [ 1698.312     9.    -2057.625] [ 0.18 -1.02  1.21]298.1327845 261.5399275 275.972344 286.734468 278.899917 277.468406 277.747666 285.1872535 
-6.832855 [ 1698.312     9.125 -2057.375] [ 0.2  -1.06  1.22]299.234969 260.3977265 276.7480755 283.9497895 281.481625 276.2123255 276.2447625 287.4372315 
-6.934744 [ 1698.312     9.125 -2056.75 ] [ 0.2  -1.16  1.25]299.05727 260.590675 277.5869845 280.4854505 284.644943 273.9545215 275.293784 289.030022 
-7.036615 [ 1698.312     9.125 -2056.5  ] [ 0.2  -1.2   1.26]297.7251175 262.014653 278.424071 276.638129 288.0946615 271.0697455 274.820506 289.930269 
-7.138411 [ 1698.25      9.187 -2056.062] [ 0.2  -1.26  1.28]295.4982665 264.4143275 279.194416 272.7074075 291.535571 267.932749 274.7507015 290.102614 
-7.240457 [ 1697.812     8.375 -2055.687] [ 0.07 -1.34  1.3 ]292.636692 267.5341185 279.8331 268.9928685 294.672462 264.918284 275.0101465 289.5117005 
-7.342207 [ 1697.187     7.125 -2055.625] [-0.14 -1.34  1.29]289.400369 271.1184455 280.275205 265.794094 297.2101245 262.401102 275.5246145 288.122171 
-7.44381 [ 1696.75      6.062 -2056.125] [-0.32 -1.27  1.27]286.049273 274.911728 280.4558115 263.410667 298.8533485 260.755954 276.21988 285.8986685 
-7.545794 [ 1696.625     5.687 -2056.25 ] [-0.39 -1.25  1.26]282.8433785 278.658386 280.3100005 262.1421695 299.3204165 260.3091365 277.0231105 282.855258 
-7.647471 [ 1696.5       5.187 -2056.125] [-0.47 -1.27  1.26]280.042661 282.1028385 279.7833985 262.2584715 298.730965 260.9388425 277.8677545 279.228924 
-7.749449 [ 1696.5       4.875 -2055.562] [-0.52 -1.36  1.28]277.8691425 285.014525 278.956891 263.648347 297.072613 262.7155235 278.6890315 275.3194725 
-7.854143 [ 1696.437     4.312 -2055.25 ] [-0.62 -1.42  1.28]276.3265935 287.3067565 278.005047 265.9366135 294.60551 265.3834245 279.4221605 271.4267135 
-7.957759 [ 1696.375     3.937 -2055.687] [-0.68 -1.35  1.26]275.3409265 288.944169 277.104311 268.7428025 291.589804 268.68679 280.0023605 267.8504565 
-8.06067 [ 1696.5       4.25  -2056.187] [-0.64 -1.26  1.24]274.837955 289.891464 276.431129 271.686444 288.2856435 272.3698655 280.364851 264.8905115 
-8.162607 [ 1696.812     4.562 -2056.5  ] [-0.58 -1.21  1.23]274.743495 290.113341 276.161946 274.387069 284.953178 276.176895 280.444851 262.8466885 
-8.264886 [ 1689.        4.875 -2056.687] [-0.52 -1.18  1.23]274.983361 289.5745005 276.4732075 276.4642075 281.8525555 279.852124 280.1775795 262.018797 
-8.368122 [ 1689.187     5.437 -2056.812] [-0.44 -1.15  1.23]275.483368 288.2396435 277.5413585 277.5373905 279.2433835 283.1401535 279.5352435 262.6019745 
-8.471151 [ 1697.375     5.812 -2056.812] [-0.37 -1.15  1.23]276.169331 286.0734695 279.520825 277.261111 277.2878875 285.8498035 278.650325 264.337778 
-8.573172 [ 1697.5       6.25  -2056.812] [-0.29 -1.15  1.23]276.9681645 283.0804715 282.2972645 275.7166145 275.938965 287.92793 277.6987095 266.844936 
-8.675116 [ 1697.625     6.625 -2056.625] [-0.23 -1.18  1.25]277.812852 279.4847975 285.57666 273.2704355 275.122386 289.33928 276.856284 269.7421725 
-8.778621 [ 1697.812     7.062 -2056.437] [-0.16 -1.21  1.26]278.63846 275.5859745 289.0617045 270.294331 274.763918 290.048601 276.298935 272.6482135 
-8.881865 [ 1698.125     7.437 -2056.   ] [-0.09 -1.29  1.28]279.380057 271.6835975 292.455092 267.160059 274.7893295 290.0206395 276.202549 275.1817835 
-8.983275 [ 1698.125     7.75  -2054.437] [-0.04 -1.54  1.35]279.972711 268.07726 295.459516 264.2393755 275.124389 289.220143 276.7430125 276.961608 
-9.084794 [ 1698.312     8.187 -2053.25 ] [ 0.04 -1.74  1.4 ]280.351491 265.0665575 297.7776695 261.904039 275.694865 287.611859 278.096212 277.6064115 
-9.186301 [ 1698.25      8.25  -2052.562] [ 0.05 -1.85  1.42]280.4514645 262.9510845 299.112246 260.525806 276.4265435 285.161184 280.362617 276.855951 
-9.28782 [ 1698.125     7.875 -2052.187] [-0.01 -1.91  1.43]280.207701 262.0304355 299.193459 260.445454 277.2480045 281.9339205 283.328716 274.953866 
-9.389169 [ 1698.125     7.812 -2052.312] [-0.03 -1.89  1.43]279.5852525 262.5197275 298.0714435 261.643623 278.09361 278.203842 286.6992995 272.2749085 
-9.49102 [ 1698.125     7.875 -2053.687] [ 0.   -1.69  1.39]278.7080875 264.186347 296.002734 263.868605 278.8984415 274.270531 290.1791575 269.19383 
-9.592902 [ 1698.        7.062 -2055.125] [-0.16 -1.43  1.32]277.7526235 266.6499145 293.247306 266.864819 279.5975805 270.433569 293.473081 266.085382 
-9.694236 [ 1697.875     6.187 -2055.812] [-0.3  -1.32  1.28]276.89531 269.5299585 290.0651345 270.376685 280.1261075 266.992539 296.28586 263.3243165 
-9.7957 [ 1697.937     6.187 -2056.125] [-0.3  -1.26  1.27]276.3125955 272.446007 286.716195 274.148623 280.4191035 264.247023 298.322285 261.285385 
-9.897175 [ 1698.        6.125 -2056.75 ] [-0.32 -1.16  1.24]276.1809305 275.0175885 283.4604625 277.925052 280.4116495 262.4966035 299.2871455 260.343339 
-9.998548 [ 1698.062     6.187 -2057.312] [-0.31 -1.07  1.21]276.6767635 276.8642315 280.5579115 281.4503925 280.0393835 262.0392965 299.109582 260.535001 
-10.100018 [ 1690.125     6.125 -2057.75 ] [-0.32 -0.99  1.19]277.9765445 277.6054635 278.251006 284.480607 279.3124155 262.9632835 297.847572 261.8835825 
-10.202279 [ 1698.187     6.    -2058.187] [-0.34 -0.94  1.17]280.1952375 276.9584385 276.588179 286.899566 278.3895325 264.93785 295.6727515 264.225686 
-10.304346 [ 1698.187     6.062 -2058.5  ] [-0.33 -0.88  1.15]283.134878 275.1371715 275.49707 288.6707665 277.44718 267.5825265 292.845269 267.3055565 
-10.405986 [ 1698.375     6.687 -2058.625] [-0.22 -0.85  1.15]286.4981955 272.5133525 274.9034945 289.758909 276.661803 270.5168435 289.6252725 270.8674385 
-10.509163 [ 1698.625     7.437 -2058.625] [-0.09 -0.85  1.15]289.98788 269.458735 274.733267 290.1286935 276.209847 273.360331 286.2729115 274.655577 
-10.612566 [ 1698.937     7.875 -2058.312] [-0.03 -0.9   1.17]293.3066215 266.3450735 274.912203 289.7448205 276.267757 275.7325205 283.048334 278.414217 
-10.714626 [ 1699.125     8.625 -2057.937] [ 0.11 -0.96  1.19]296.1571095 263.5441215 275.3661165 288.5719905 277.0119785 277.252942 280.2116885 281.8876025 
-10.816092 [ 1699.187     9.062 -2057.625] [ 0.18 -1.01  1.21]298.242033 261.4276335 276.020823 286.574904 278.6176735 277.5431645 277.99314 284.8397525 
-10.918932 [ 1699.25      9.25  -2056.937] [ 0.22 -1.12  1.24]299.2640825 260.3673635 276.8026515 283.736864 281.109685 276.4634335 276.410496 287.1747185 
-11.022851 [ 1699.25      9.312 -2056.625] [ 1.51 -1.17  1.25]299.001464 260.6500595 277.643363 280.2377715 284.2235745 274.3333165 275.3898875 288.8570095 
-11.124817 [ 1699.25      9.312 -2056.312] [ 1.51 -1.23  1.27]297.601522 262.146953 278.4779815 276.3756105 287.6620365 271.5245715 274.8570825 289.8513725 
-11.226917 [ 1699.187     9.312 -2055.875] [ 1.51 -1.3   1.29]295.324214 264.602509 279.241575 272.4499765 291.1277635 268.4089555 274.73785 290.122554 
-11.329776 [ 1690.812     8.562 -2055.5  ] [ 0.11 -1.36  1.31]292.4295275 267.7611625 279.8692125 268.760464 294.3234495 265.3582255 274.9579585 289.635302 
-11.433515 [ 1698.125     7.    -2055.5  ] [-0.13 -1.37  1.3 ]289.1774475 271.367349 280.2959615 265.606667 296.951788 262.7441395 275.4431755 288.3543635 
-11.535961 [ 1697.75      6.312 -2056.   ] [-0.28 -1.29  1.27]285.827961 275.1655025 280.456891 263.2881805 298.715472 260.938454 276.11927 286.244485 
-11.637637 [ 1697.5       5.875 -2055.937] [-0.35 -1.29  1.27]282.641054 278.9000585 280.2870695 262.104599 299.3189565 260.310944 276.912887 283.3019405 
-11.739442 [ 1697.312     5.25  -2055.437] [-0.46 -1.38  1.29]279.8767125 282.315452 279.735762 262.315519 298.6484115 261.0268255 277.756625 279.737038 
-11.841608 [ 1697.312     4.875 -2055.   ] [-0.53 -1.45  1.3 ]277.747666 285.1872535 278.895431 263.777092 296.9271825 262.8717515 278.5855565 275.84907 
-11.943302 [ 1689.187     4.375 -2054.812] [-0.61 -1.49  1.3 ]276.2447625 287.4372315 277.941511 266.111708 294.415245 265.5901425 279.334763 271.9376185 
-12.045147 [ 1697.125     4.062 -2055.5  ] [-0.66 -1.37  1.27]275.293784 289.030022 277.050451 268.938894 291.372574 268.9264175 279.939325 268.302266 
-12.146853 [ 1697.125     4.125 -2055.937] [-0.66 -1.3   1.25]274.820506 289.930269 276.398701 271.8781795 288.0591445 272.6249965 280.3343235 265.2425945 
-12.248389 [ 1697.375     4.312 -2056.25 ] [-0.62 -1.25  1.24]274.7507015 290.102614 276.16271 274.5490925 284.734932 276.4302985 280.45484 263.0581865 
-12.352787 [ 1689.625     4.625 -2056.562] [-0.57 -1.2   1.23]275.0101465 289.5117005 276.5189275 276.5711605 281.6599115 280.086744 280.2359555 262.0486245 
-12.455251 [ 1697.937     5.375 -2056.687] [-0.44 -1.18  1.23]275.5246145 288.122171 277.643803 277.5639125 279.0928355 283.3395585 279.6365935 262.446313 
-12.557185 [ 1698.125     5.812 -2056.625] [-0.37 -1.18  1.24]276.21988 285.8986685 279.684314 277.1936715 277.1805495 286.0077365 278.770903 264.046304 
-12.658934 [ 1690.375     6.187 -2056.625] [-0.3  -1.18  1.24]277.0231105 282.855258 282.5035415 275.5775255 275.8696555 288.0422765 277.815165 266.4685925 
-12.762293 [ 1690.562     6.625 -2056.375] [-0.23 -1.22  1.26]277.8677545 279.228924 285.8059085 273.084476 275.0859685 289.407878 276.945824 269.3327095 
-12.865497 [ 1698.875     7.    -2056.125] [-0.17 -1.26  1.27]278.6890315 275.3194725 289.294105 270.086278 274.755304 290.0692415 276.3393265 272.2581855 
-12.96737 [ 1699.187     7.312 -2055.75 ] [-0.11 -1.32  1.29]279.4221605 271.4267135 292.6708195 266.954685 274.803477 289.9910675 276.1721165 274.8645505 
-13.069203 [ 1699.125     7.625 -2054.312] [-0.06 -1.56  1.35]280.0023605 267.8504565 295.638743 264.061451 275.1563015 289.1380565 276.62064 276.771336 
-13.172159 [ 1699.312     8.       -5.187] [ 0.01 -1.74  1.4 ]280.364851 264.8905115 297.9005645 261.77833 275.739593 287.4749085 277.8613425 277.598071 
-13.275621 [ 1699.375     8.312 -2052.562] [ 0.07 -1.85  1.42]280.444851 262.8466885 299.1589735 260.477076 276.4792055 284.967733 280.021606 277.0421905 
-13.377782 [ 1699.312     8.062 -2052.187] [ 0.02 -1.92  1.43]280.1775795 262.018797 299.15329 260.48821 277.3041735 281.697754 282.922421 275.287617 
-13.479338 [ 1699.312     7.875 -2052.125] [-0.01 -1.93  1.44]279.5352435 262.6019745 297.960019 261.762703 278.149021 277.944869 286.266731 272.7057125 
-13.582321 [ 1691.312     8.062 -2053.062] [ 0.02 -1.77  1.4 ]278.650325 264.337778 295.8373855 264.0469715 278.948816 274.008673 289.7572285 269.668234 
-13.690469 [ 1699.062     7.187 -2054.812] [-0.14 -1.48  1.33]277.6987095 266.844936 293.045376 267.085451 279.638628 270.1887605 293.096608 266.546939 
-13.792098 [ 1699.        6.5   -2055.312] [-0.25 -1.4   1.3 ]276.856284 269.7421725 289.8439755 270.622576 280.153524 266.7847255 295.987562 263.7135845 
-13.893665 [ 1699.062     6.562 -2055.75 ] [-0.24 -1.33  1.29]276.298935 272.6482135 286.4931715 274.4027815 280.4285735 264.0961635 298.1327845 261.5399275 
-13.9954 [ 1699.062     6.375 -2056.562] [-0.27 -1.2   1.25]276.202549 275.1817835 283.2529495 278.1705025 280.398844 262.422669 299.234969 260.3977265 
-14.097002 [ 1699.062     6.25  -2057.125] [-0.3  -1.1   1.22]276.7430125 276.961608 280.383296 281.6701735 280.0005645 262.060567 299.05727 260.590675 
-14.198759 [ 1699.125     6.125 -2057.625] [-0.31 -1.01  1.19]278.096212 277.6064115 278.12101 284.661507 279.255075 263.0663915 297.7251175 262.014653 
-14.30034 [ 1699.125     6.    -2057.937] [-0.34 -0.96  1.18]280.362617 276.855951 276.498814 287.0386795 278.325417 265.0974465 295.4982665 264.4143275 
-14.401767 [ 1699.187     5.937 -2058.312] [-0.34 -0.91  1.16]283.328716 274.953866 275.4433885 288.765736 277.388039 267.7732615 292.636692 267.5341185 
-14.503127 [ 1699.312     6.5   -2058.5  ] [-0.25 -0.87  1.15]286.6992995 272.2749085 274.8805085 289.80732 276.619391 270.7133635 289.400369 271.1184455 
-14.604824 [ 1699.562     7.125 -2058.5  ] [-0.14 -0.87  1.16]290.1791575 269.19383 274.7359475 290.128074 276.1959225 273.537282 286.049273 274.911728 
-14.70776 [ 1700.        8.    -2058.125] [-0.01 -0.93  1.18]293.473081 266.085382 274.9354805 289.692641 276.2940825 275.864545 282.8433785 278.658386 
-14.809302 [ 1700.187     8.562 -2057.625] [ 0.1  -1.01  1.21]296.28586 263.3243165 275.4048815 288.4656635 277.090321 277.31468 280.042661 282.1028385 
-14.91077 [ 1700.25      8.937 -2057.375] [ 0.17 -1.05  1.22]298.322285 261.285385 276.069926 286.411784 278.7584995 277.511324 277.8691425 285.014525 
-15.013278 [ 1700.25      9.    -2057.187] [ 0.18 -1.09  1.23]299.2871455 260.343339 276.8570785 283.5201675 281.3012245 276.3500305 276.3265935 287.3067565 
-15.116201 [ 1700.25      9.    -2056.625] [ 0.18 -1.17  1.25]299.109582 260.535001 277.698622 279.986434 284.446013 274.163132 275.3409265 288.944169 
-15.218402 [ 1700.25      9.    -2056.312] [ 0.18 -1.23  1.27]297.847572 261.8835825 278.529755 276.1096215 287.8955545 271.322383 274.837955 289.891464 
-15.320334 [ 1700.062     9.125 -2055.875] [ 0.19 -1.3   1.29]295.6727515 264.225686 279.285696 272.189539 291.3525395 268.1995375 274.743495 290.113341 
-15.422341 [ 1699.562     8.312 -2055.5  ] [ 0.06 -1.37  1.31]292.845269 267.3055565 279.9016645 268.5259965 294.5196565 265.166349 274.983361 289.5745005 
-15.525532 [ 1690.937     7.062 -2055.312] [-0.16 -1.4   1.31]289.6252725 270.8674385 280.312879 265.4188045 297.099596 262.5945725 275.483368 288.2396435 
-15.628471 [ 1698.687     6.062 -2055.937] [-0.33 -1.3   1.27]286.2729115 274.655577 280.4545595 263.1677725 298.795047 260.855961 276.169331 286.0734695 
-15.730263 [ 1698.5       5.75  -2047.937] [-0.38 -1.29  1.27]283.048334 278.414217 280.261925 262.07271 299.31214 260.318397 276.9681645 283.0804715 
-15.831935 [ 1698.25      5.25  -2055.562] [-0.46 -1.36  1.28]280.2116885 281.8876025 279.6887455 262.380928 298.56341 261.117421 277.812852 279.4847975 
-15.934306 [ 1698.125     4.937 -2055.187] [-0.52 -1.43  1.29]277.99314 284.8397525 278.838273 263.916708 296.7813235 263.0284475 278.63846 275.5859745 
-16.037411 [ 1698.        4.437 -2054.875] [-0.6  -1.47  1.3 ]276.410496 287.1747185 277.885926 266.300097 294.225866 265.7959105 279.380057 271.6835975 
-16.13983 [ 1697.937     4.125 -2055.437] [-0.66 -1.38  1.27]275.3898875 288.8570095 277.0075915 269.14982 291.1570235 269.164245 279.972711 268.07726 
-16.241361 [ 1698.125     4.437 -2056.125] [-0.6  -1.26  1.25]274.8570825 289.8513725 276.3791565 272.084602 287.8347825 272.877886 280.351491 265.0665575 
-16.34333 [ 1698.437     4.812 -2056.375] [-0.53 -1.22  1.24]274.73785 290.122554 276.1765065 274.7231685 284.5191295 276.6812685 280.4514645 262.9510845 
-16.444824 [ 1698.625     5.187 -2056.562] [-0.48 -1.2   1.24]274.9579585 289.635302 276.575529 276.684244 281.47005 280.318827 280.207701 262.0304355 
-16.546204 [ 1698.812     5.625 -2056.687] [-0.4  -1.17  1.23]275.4431755 288.3543635 277.7521105 277.5865535 278.9452105 283.536526 279.5852525 262.5197275 
-16.647722 [ 1699.        5.937 -2056.75 ] [-0.35 -1.17  1.24]276.11927 286.244485 279.8439135 277.110165 277.075523 286.1638445 278.7080875 264.186347 
-16.749511 [ 1699.125     6.187 -2056.625] [-0.31 -1.18  1.24]276.912887 283.3019405 282.6936905 275.408425 275.802297 288.15519 277.7526235 266.6499145 
-16.851203 [ 1699.375     6.625 -2056.375] [-0.22 -1.22  1.26]277.756625 279.737038 286.006994 272.854862 275.0513055 289.475206 276.89531 269.5299585 
-16.952714 [ 1699.687     7.125 -2055.937] [-0.14 -1.29  1.28]278.5855565 275.84907 289.488614 269.8242275 274.748324 290.088535 276.3125955 272.446007 
-17.054555 [ 1699.75     7.5  -2054.5 ] [-0.08 -1.53  1.35]279.334763 271.9376185 292.8433415 266.6912735 274.8191265 289.9598195 276.1809305 275.0175885 
-17.156263 [ 1699.812     7.625 -2053.437] [-0.06 -1.71  1.39]279.939325 268.302266 295.775966 263.830751 275.1894875 289.0537025 276.6767635 276.8642315 
-17.257998 [ 1691.812     7.625 -2052.812] [-0.06 -1.82  1.41]280.3343235 265.2425945 297.9912785 261.6174125 275.7851815 287.334827 277.9765445 277.6054635 
-17.360635 [ 1699.75      7.812 -2052.187] [-0.03 -1.92  1.43]280.45484 263.0581865 299.1940685 260.426009 276.5320565 284.7704415 280.1952375 276.9584385 
-17.46253 [  1.69975000e+03  -1.25000000e-01  -2.05193700e+03] [-0.01 -1.96  1.44]280.2359555 262.0486245 299.2295535 260.4070135 277.359626 281.4578865 283.134878 275.1371715 
-17.564573 [ 1691.812     8.125 -2052.125] [ 0.03 -1.92  1.44]279.6365935 262.446313 298.181324 261.5262 278.202697 277.682328 286.4981955 272.5133525 
-17.667804 [ 1699.875     8.187 -2053.062] [ 0.04 -1.77  1.4 ]278.770903 264.046304 296.1682535 263.69006 278.9964885 273.7435765 289.98788 269.458735 
-17.770651 [ 1699.625     7.437 -2054.875] [-0.08 -1.5   1.34]277.815165 266.4685925 293.4504915 266.642837 279.6762195 269.941441 293.3066215 266.3450735 
-17.872684 [ 1699.312     6.5   -2055.437] [-0.25 -1.37  1.3 ]276.945824 269.3327095 290.288186 270.1287775 280.1771095 266.5757315 296.1571095 263.5441215 
-17.974214 [ 1699.375     6.375 -2055.812] [-0.27 -1.31  1.28]276.3393265 272.2581855 286.9414855 273.892125 280.4343775 263.9462585 298.242033 261.4276335 
-18.076505 [ 1699.437     6.25  -2056.5  ] [-0.29 -1.2   1.25]276.1721165 274.8645505 283.6705395 277.677125 280.3832425 262.3528305 299.2640825 260.3673635 
-18.179768 [ 1699.437     6.187 -2057.187] [-0.3  -1.1   1.22]276.62064 276.771336 280.735496 281.228022 279.9610115 262.089352 299.001464 260.6500595 
-18.282337 [ 1699.5       6.187 -2057.625] [-0.3  -1.02  1.2 ]277.8613425 277.598071 278.3836455 284.2975405 279.2005365 263.1793315 297.601522 262.146953 
-18.384421 [ 1699.562     6.062 -2057.937] [-0.33 -0.96  1.18]280.021606 277.0421905 276.6796865 286.758811 278.267833 265.26943 295.324214 264.602509 
-18.487395 [ 1699.625     6.187 -2058.312] [-0.3  -0.91  1.16]282.922421 275.287617 275.5526095 288.5744575 277.338787 267.9783725 292.4295275 267.7611625 
-18.591208 [ 1699.812     6.937 -2058.5  ] [-0.19 -0.87  1.16]286.266731 272.7057125 274.9281825 289.709226 276.589286 270.924884 289.1774475 271.367349 
-18.693642 [ 1700.125     7.812 -2058.437] [-0.03 -0.88  1.16]289.7572285 269.668234 274.732174 290.1278645 276.1952155 273.7276895 285.827961 275.1655025 
-18.795669 [ 1700.375     8.187 -2058.125] [ 0.04 -0.94  1.18]293.096608 266.546939 274.8903525 289.7951195 276.332463 276.005514 282.641054 278.9000585 
-18.897414 [ 1700.5       8.625 -2057.625] [ 0.11 -1.01  1.21]295.987562 263.7135845 275.3284865 288.675738 277.176914 277.377083 279.8767125 282.315452 
-18.999687 [ 1700.562     9.062 -2057.375] [ 0.19 -1.06  1.22]298.1327845 261.5399275 275.972344 286.734468 278.899917 277.468406 277.747666 285.1872535 
-19.102043 [ 1700.5       9.187 -2057.062] [ 1.49 -1.1   1.23]299.234969 260.3977265 276.7480755 283.9497895 281.481625 276.2123255 276.2447625 287.4372315 
-19.204105 [ 1700.5       9.187 -2056.562] [ 1.49 -1.19  1.26]299.05727 260.590675 277.5869845 280.4854505 284.644943 273.9545215 275.293784 289.030022 
-19.305816 [ 1700.5       9.187 -2056.25 ] [ 1.49 -1.24  1.27]297.7251175 262.014653 278.424071 276.638129 288.0946615 271.0697455 274.820506 289.930269 
-19.407777 [ 1700.375     9.187 -2055.875] [ 1.49 -1.3   1.29]295.4982665 264.4143275 279.194416 272.7074075 291.535571 267.932749 274.7507015 290.102614 
-19.509457 [ 1700.062     8.625 -2055.5  ] [ 0.11 -1.36  1.31]292.636692 267.5341185 279.8331 268.9928685 294.672462 264.918284 275.0101465 289.5117005 
-19.611409 [ 1699.375     7.25  -2055.437] [-0.1  -1.38  1.31]289.400369 271.1184455 280.275205 265.794094 297.2101245 262.401102 275.5246145 288.122171 
-19.713769 [ 1698.875     6.125 -2055.875] [-0.31 -1.3   1.28]286.049273 274.911728 280.4558115 263.410667 298.8533485 260.755954 276.21988 285.8986685 
-19.815582 [ 1698.625     5.812 -2056.   ] [-0.36 -1.28  1.27]282.8433785 278.658386 280.3100005 262.1421695 299.3204165 260.3091365 277.0231105 282.855258 
-19.920868 [ 1698.437     5.437 -2055.812] [-0.42 -1.31  1.27]280.042661 282.1028385 279.7833985 262.2584715 298.730965 260.9388425 277.8677545 279.228924 
-20.024109 [ 1698.437     5.187 -2055.5  ] [-0.48 -1.37  1.28]277.8691425 285.014525 278.956891 263.648347 297.072613 262.7155235 278.6890315 275.3194725 
-20.126006 [ 1698.312     4.562 -2054.875] [-0.58 -1.47  1.3 ]276.3265935 287.3067565 278.005047 265.9366135 294.60551 265.3834245 279.4221605 271.4267135 
-20.228705 [ 1698.187     4.312 -2055.312] [-0.63 -1.4   1.28]275.3409265 288.944169 277.104311 268.7428025 291.589804 268.68679 280.0023605 267.8504565 
-20.332351 [ 1698.375     4.625 -2056.062] [-0.58 -1.28  1.25]274.837955 289.891464 276.431129 271.686444 288.2856435 272.3698655 280.364851 264.8905115 
-20.434858 [ 1698.312     4.812 -2056.25 ] [-0.54 -1.25  1.25]274.743495 290.113341 276.161946 274.387069 284.953178 276.176895 280.444851 262.8466885 
-20.536632 [ 1698.062     5.375 -2056.562] [-0.44 -1.19  1.24]274.983361 289.5745005 276.4732075 276.4642075 281.8525555 279.852124 280.1775795 262.018797 
-20.639204 [ 1698.125     5.75  -2056.625] [-0.38 -1.18  1.24]275.483368 288.2396435 277.5413585 277.5373905 279.2433835 283.1401535 279.5352435 262.6019745 
-20.742857 [ 1698.312     6.125 -2056.687] [-0.32 -1.17  1.24]276.169331 286.0734695 279.520825 277.261111 277.2878875 285.8498035 278.650325 264.337778 
-20.845596 [ 1698.5       6.437 -2056.687] [-0.26 -1.17  1.24]276.9681645 283.0804715 282.2972645 275.7166145 275.938965 287.92793 277.6987095 266.844936 
-20.9472 [ 1698.687     6.875 -2056.562] [-0.19 -1.19  1.25]277.812852 279.4847975 285.57666 273.2704355 275.122386 289.33928 276.856284 269.7421725 
-21.048868 [ 1699.125     7.312 -2056.25 ] [-0.11 -1.25  1.27]278.63846 275.5859745 289.0617045 270.294331 274.763918 290.048601 276.298935 272.6482135 
-21.150647 [ 1699.625     7.687 -2055.937] [-0.04 -1.29  1.29]279.380057 271.6835975 292.455092 267.160059 274.7893295 290.0206395 276.202549 275.1817835 
-21.252575 [ 1700.        8.    -2054.375] [ 0.01 -1.55  1.35]279.972711 268.07726 295.459516 264.2393755 275.124389 289.220143 276.7430125 276.961608 
-21.356898 [ 1700.      8.5 -2053. ] [ 0.09 -1.78  1.41]280.351491 265.0665575 297.7776695 261.904039 275.694865 287.611859 278.096212 277.6064115 
-21.458403 [ 1699.937     8.437 -2052.5  ] [ 0.08 -1.87  1.42]280.4514645 262.9510845 299.112246 260.525806 276.4265435 285.161184 280.362617 276.855951 
-21.559718 [ 1699.937     8.375 -2052.312] [ 0.07 -1.89  1.43]280.207701 262.0304355 299.193459 260.445454 277.2480045 281.9339205 283.328716 274.953866 
-21.661235 [ 1699.937     8.375 -2052.187] [ 0.07 -1.91  1.43]279.5852525 262.5197275 298.0714435 261.643623 278.09361 278.203842 286.6992995 272.2749085 
-21.764816 [ 1699.875     8.25  -2053.187] [ 0.05 -1.78  1.41]278.7080875 264.186347 296.002734 263.868605 278.8984415 274.270531 290.1791575 269.19383 
-21.866916 [ 1699.812     7.875 -2054.75 ] [-0.01 -1.49  1.34]277.7526235 266.6499145 293.247306 266.864819 279.5975805 270.433569 293.473081 266.085382 
-21.968307 [ 1699.687     7.437 -2055.437] [-0.09 -1.37  1.3 ]276.89531 269.5299585 290.0651345 270.376685 280.1261075 266.992539 296.28586 263.3243165 
-22.070985 [ 1699.687     7.187 -2055.875] [-0.13 -1.3   1.28]276.3125955 272.446007 286.716195 274.148623 280.4191035 264.247023 298.322285 261.285385 
-22.174334 [ 1699.687     7.062 -2056.562] [-0.15 -1.2   1.26]276.1809305 275.0175885 283.4604625 277.925052 280.4116495 262.4966035 299.2871455 260.343339 
-22.276817 [ 1699.687     6.875 -2057.187] [-0.19 -1.09  1.22]276.6767635 276.8642315 280.5579115 281.4503925 280.0393835 262.0392965 299.109582 260.535001 
-22.378187 [  1.69981200e+03  -1.31300000e+00  -2.05756200e+03] [-0.22 -1.03  1.2 ]277.9765445 277.6054635 278.251006 284.480607 279.3124155 262.9632835 297.847572 261.8835825 
-22.479676 [ 1700.        6.625 -2057.875] [-0.23 -0.97  1.19]280.1952375 276.9584385 276.588179 286.899566 278.3895325 264.93785 295.6727515 264.225686 
-22.582341 [ 1700.25      6.5   -2058.187] [-0.25 -0.92  1.17]283.134878 275.1371715 275.49707 288.6707665 277.44718 267.5825265 292.845269 267.3055565 
-22.685935 [ 1700.375     7.    -2058.375] [-0.17 -0.89  1.16]286.4981955 272.5133525 274.9034945 289.758909 276.661803 270.5168435 289.6252725 270.8674385 
-22.788013 [ 1700.437     7.187 -2058.437] [-0.13 -0.89  1.16]289.98788 269.458735 274.733267 290.1286935 276.209847 273.360331 286.2729115 274.655577 
-22.892285 [ 1700.625     7.875 -2058.187] [-0.02 -0.92  1.18]293.3066215 266.3450735 274.912203 289.7448205 276.267757 275.7325205 283.048334 278.414217 
-22.995705 [ 1700.875     8.937 -2057.75 ] [ 0.16 -0.98  1.2 ]296.1571095 263.5441215 275.3661165 288.5719905 277.0119785 277.252942 280.2116885 281.8876025 
-23.097637 [ 1700.875     9.25  -2057.437] [ 1.5  -1.05  1.22]298.242033 261.4276335 276.020823 286.574904 278.6176735 277.5431645 277.99314 284.8397525 
-23.198991 [ 1701.187     9.375 -2056.875] [ 1.52 -1.14  1.24]299.2640825 260.3673635 276.8026515 283.736864 281.109685 276.4634335 276.410496 287.1747185 
-23.300658 [ 1701.312     9.437 -2056.625] [ 1.53 -1.18  1.26]299.001464 260.6500595 277.643363 280.2377715 284.2235745 274.3333165 275.3898875 288.8570095 
-23.402101 [ 1701.375     9.375 -2056.375] [ 1.52 -1.22  1.27]297.601522 262.146953 278.4779815 276.3756105 287.6620365 271.5245715 274.8570825 289.8513725 
-23.503666 [ 1701.437     9.375 -2055.937] [ 1.52 -1.29  1.29]295.324214 264.602509 279.241575 272.4499765 291.1277635 268.4089555 274.73785 290.122554 
-23.605459 [ 1701.125     8.437    -7.5  ] [ 0.09 -1.36  1.31]292.4295275 267.7611625 279.8692125 268.760464 294.3234495 265.3582255 274.9579585 289.635302 
-23.707111 [ 1700.5       6.875 -2055.812] [-0.16 -1.32  1.29]289.1774475 271.367349 280.2959615 265.606667 296.951788 262.7441395 275.4431755 288.3543635 
-23.808753 [ 1700.        6.5   -2056.437] [-0.25 -1.21  1.25]285.827961 275.1655025 280.456891 263.2881805 298.715472 260.938454 276.11927 286.244485 
-23.910237 [ 1699.875     6.    -2056.5  ] [-0.33 -1.2   1.25]282.641054 278.9000585 280.2870695 262.104599 299.3189565 260.310944 276.912887 283.3019405 
-24.011708 [ 1699.75     5.5  -2056.  ] [-0.43 -1.29  1.26]279.8767125 282.315452 279.735762 262.315519 298.6484115 261.0268255 277.756625 279.737038 
-24.113224 [ 1699.5       5.062 -2055.437] [-0.5  -1.38  1.28]277.747666 285.1872535 278.895431 263.777092 296.9271825 262.8717515 278.5855565 275.84907 
-24.21475 [ 1699.375     4.625 -2055.187] [-0.57 -1.42  1.29]276.2447625 287.4372315 277.941511 266.111708 294.415245 265.5901425 279.334763 271.9376185 
-24.31609 [ 1691.25      4.25  -2055.375] [-0.64 -1.39  1.28]275.293784 289.030022 277.050451 268.938894 291.372574 268.9264175 279.939325 268.302266 
-24.420609 [ 1699.312     4.187 -2055.687] [-0.65 -1.34  1.26]274.820506 289.930269 276.398701 271.8781795 288.0591445 272.6249965 280.3343235 265.2425945 
-24.523091 [ 1699.5       4.312 -2056.   ] [-0.62 -1.29  1.25]274.7507015 290.102614 276.16271 274.5490925 284.734932 276.4302985 280.45484 263.0581865 
-24.625781 [ 1691.687     4.687 -2056.312] [-0.56 -1.23  1.24]275.0101465 289.5117005 276.5189275 276.5711605 281.6599115 280.086744 280.2359555 262.0486245 
-24.72872 [ 1699.75      5.312 -2056.5  ] [-0.45 -1.2   1.24]275.5246145 288.122171 277.643803 277.5639125 279.0928355 283.3395585 279.6365935 262.446313 
-24.830459 [ 1699.75      5.75  -2056.562] [-0.38 -1.19  1.24]276.21988 285.8986685 279.684314 277.1936715 277.1805495 286.0077365 278.770903 264.046304 
-24.931902 [ 1699.812     6.187 -2056.562] [-0.3  -1.19  1.25]277.0231105 282.855258 282.5035415 275.5775255 275.8696555 288.0422765 277.815165 266.4685925 
-25.034173 [ 1699.937     6.687 -2056.375] [-0.22 -1.22  1.26]277.8677545 279.228924 285.8059085 273.084476 275.0859685 289.407878 276.945824 269.3327095 
-25.137204 [ 1700.375     7.25  -2055.875] [-0.13 -1.28  1.28]278.6890315 275.3194725 289.294105 270.086278 274.755304 290.0692415 276.3393265 272.2581855 
-25.239478 [ 1700.562     7.5   -2054.312] [-0.08 -1.57  1.35]279.4221605 271.4267135 292.6708195 266.954685 274.803477 289.9910675 276.1721165 274.8645505 
-25.341481 [ 1700.625     8.    -2053.25 ] [ 0.   -1.73  1.39]280.0023605 267.8504565 295.638743 264.061451 275.1563015 289.1380565 276.62064 276.771336 
-25.444751 [ 1700.625     8.062 -2052.625] [ 0.02 -1.85  1.42]280.364851 264.8905115 297.9005645 261.77833 275.739593 287.4749085 277.8613425 277.598071 
-25.548187 [ 1700.625     8.062 -2052.187] [ 0.02 -1.91  1.43]280.444851 262.8466885 299.1589735 260.477076 276.4792055 284.967733 280.021606 277.0421905 
-25.650641 [ 1700.562     8.062 -2052.187] [ 0.02 -1.92  1.43]280.1775795 262.018797 299.15329 260.48821 277.3041735 281.697754 282.922421 275.287617 
-25.752173 [ 1700.625     8.187 -2052.312] [ 0.04 -1.89  1.43]279.5352435 262.6019745 297.960019 261.762703 278.149021 277.944869 286.266731 272.7057125 
-25.85645 [ 1700.625     8.125 -2053.125] [ 0.03 -1.76  1.4 ]278.650325 264.337778 295.8373855 264.0469715 278.948816 274.008673 289.7572285 269.668234 
-25.957769 [ 1700.312     7.562 -2054.812] [-0.07 -1.48  1.33]277.6987095 266.844936 293.045376 267.085451 279.638628 270.1887605 293.096608 266.546939 
-26.059341 [ 1700.125     6.875 -2055.312] [-0.19 -1.4   1.31]276.856284 269.7421725 289.8439755 270.622576 280.153524 266.7847255 295.987562 263.7135845 
-26.16114 [ 1700.187     6.937 -2055.812] [-0.17 -1.32  1.29]276.298935 272.6482135 286.4931715 274.4027815 280.4285735 264.0961635 298.1327845 261.5399275 
-26.262742 [ 1700.187     6.875 -2056.437] [-0.19 -1.21  1.26]276.202549 275.1817835 283.2529495 278.1705025 280.398844 262.422669 299.234969 260.3977265 
-26.364287 [ 1700.25      6.875 -2057.   ] [-0.18 -1.12  1.23]276.7430125 276.961608 280.383296 281.6701735 280.0005645 262.060567 299.05727 260.590675 
-26.465658 [ 1700.375     6.812 -2057.5  ] [-0.2  -1.04  1.21]278.096212 277.6064115 278.12101 284.661507 279.255075 263.0663915 297.7251175 262.014653 
-26.567166 [ 1700.5       6.812 -2057.75 ] [-0.2  -0.99  1.19]280.362617 276.855951 276.498814 287.0386795 278.325417 265.0974465 295.4982665 264.4143275 
-26.668945 [ 1700.625     6.625 -2058.125] [-0.23 -0.94  1.17]283.328716 274.953866 275.4433885 288.765736 277.388039 267.7732615 292.636692 267.5341185 
-26.771361 [ 1700.75     7.25 -2058.25] [-0.13 -0.91  1.17]286.6992995 272.2749085 274.8805085 289.80732 276.619391 270.7133635 289.400369 271.1184455 
-26.872802 [ 1700.875     7.437 -2058.312] [-0.09 -0.9   1.17]290.1791575 269.19383 274.7359475 290.128074 276.1959225 273.537282 286.049273 274.911728 
-26.974351 [ 1701.25      8.    -2058.062] [ 0.   -0.94  1.18]293.473081 266.085382 274.9354805 289.692641 276.2940825 275.864545 282.8433785 278.658386 
-27.076976 [ 1701.625     8.687 -2057.562] [ 0.13 -1.02  1.21]296.28586 263.3243165 275.4048815 288.4656635 277.090321 277.31468 280.042661 282.1028385 
-27.180783 [ 1701.687     9.187 -2057.437] [ 0.21 -1.04  1.22]298.322285 261.285385 276.069926 286.411784 278.7584995 277.511324 277.8691425 285.014525 
-27.28284 [ 1701.562     9.25  -2056.562] [ 1.5  -1.19  1.26]299.2871455 260.343339 276.8570785 283.5201675 281.3012245 276.3500305 276.3265935 287.3067565 
-27.386942 [ 1700.625     9.562 -2055.875] [ 0.28 -1.3   1.29]299.109582 260.535001 277.698622 279.986434 284.446013 274.163132 275.3409265 288.944169 
-27.490487 [ 1691.187     9.625 -2055.625] [ 0.29 -1.34  1.3 ]297.847572 261.8835825 278.529755 276.1096215 287.8955545 271.322383 274.837955 289.891464 
-27.592701 [ 1697.375     9.312 -2055.937] [ 1.51 -1.29  1.29]295.6727515 264.225686 279.285696 272.189539 291.3525395 268.1995375 274.743495 290.113341 
-27.694143 [ 1695.187     9.062 -2056.687] [ 0.18 -1.17  1.25]292.845269 267.3055565 279.9016645 268.5259965 294.5196565 265.166349 274.983361 289.5745005 
-27.79645 [ 1690.812     8.875 -2057.   ] [ 0.16 -1.12  1.24]289.6252725 270.8674385 280.312879 265.4188045 297.099596 262.5945725 275.483368 288.2396435 
-27.899786 [ 1692.562     8.375 -2056.937] [ 0.08 -1.13  1.24]286.2729115 274.655577 280.4545595 263.1677725 298.795047 260.855961 276.169331 286.0734695 
-28.002593 [ 1692.375     7.562 -2056.75 ] [-0.06 -1.16  1.25]283.048334 278.414217 280.261925 262.07271 299.31214 260.318397 276.9681645 283.0804715 
-28.104664 [ 1691.937     7.    -2056.375] [-0.16 -1.22  1.26]280.2116885 281.8876025 279.6887455 262.380928 298.56341 261.117421 277.812852 279.4847975 
-28.206322 [ 1691.375     6.687 -2056.125] [-0.22 -1.26  1.27]277.99314 284.8397525 278.838273 263.916708 296.7813235 263.0284475 278.63846 275.5859745 
-28.307814 [ 1690.812     6.187 -2055.75 ] [-0.3  -1.33  1.28]276.410496 287.1747185 277.885926 266.300097 294.225866 265.7959105 279.380057 271.6835975 
-28.40942 [ 1690.312     6.125 -2055.625] [-0.31 -1.35  1.29]275.3898875 288.8570095 277.0075915 269.14982 291.1570235 269.164245 279.972711 268.07726 
-28.511009 [ 1690.375     6.625 -2055.687] [-0.23 -1.33  1.29]274.8570825 289.8513725 276.3791565 272.084602 287.8347825 272.877886 280.351491 265.0665575 
-28.612711 [ 1690.75      6.937 -2056.   ] [-0.18 -1.29  1.28]274.73785 290.122554 276.1765065 274.7231685 284.5191295 276.6812685 280.4514645 262.9510845 
-28.714406 [ 1690.875     7.062 -2056.125] [-0.15 -1.26  1.27]274.9579585 289.635302 276.575529 276.684244 281.47005 280.318827 280.207701 262.0304355 
-28.815854 [ 1691.125     7.562 -2056.312] [-0.06 -1.23  1.27]275.4431755 288.3543635 277.7521105 277.5865535 278.9452105 283.536526 279.5852525 262.5197275 
-28.919981 [ 1691.25      7.875 -2056.375] [-0.02 -1.22  1.26]276.11927 286.244485 279.8439135 277.110165 277.075523 286.1638445 278.7080875 264.186347 
-29.021556 [ 1693.062     8.062 -2056.25 ] [ 0.01 -1.24  1.27]276.912887 283.3019405 282.6936905 275.408425 275.802297 288.15519 277.7526235 266.6499145 
-29.123051 [ 1691.437     8.5   -2056.125] [ 0.08 -1.25  1.28]277.756625 279.737038 286.006994 272.854862 275.0513055 289.475206 276.89531 269.5299585 
-29.224884 [ 1691.75      8.812 -2056.   ] [ 0.15 -1.28  1.28]278.5855565 275.84907 289.488614 269.8242275 274.748324 290.088535 276.3125955 272.446007 
-29.326327 [ 1692.312     9.    -2055.562] [ 0.18 -1.35  1.3 ]279.334763 271.9376185 292.8433415 266.6912735 274.8191265 289.9598195 276.1809305 275.0175885 
-29.428521 [ 1692.25      9.375 -2054.   ] [ 1.53 -1.62  1.37]279.939325 268.302266 295.775966 263.830751 275.1894875 289.0537025 276.6767635 276.8642315 
-29.531792 [ 1692.375     9.812 -2052.75 ] [ 0.32 -1.8   1.41]280.3343235 265.2425945 297.9912785 261.6174125 275.7851815 287.334827 277.9765445 277.6054635 
-29.634386 [ 1692.375     9.625 -2052.125] [ 1.56 -1.92  1.44]280.45484 263.0581865 299.1940685 260.426009 276.5320565 284.7704415 280.1952375 276.9584385 
-29.735921 [ 1692.375     9.25  -2051.937] [ 1.5  -1.95  1.44]280.2359555 262.0486245 299.2295535 260.4070135 277.359626 281.4578865 283.134878 275.1371715 
-29.837194 [ 1691.937     9.125 -2051.937] [ 0.2  -1.96  1.44]279.6365935 262.446313 298.181324 261.5262 278.202697 277.682328 286.4981955 272.5133525 
-29.939849 [ 1692.5       9.187 -2053.5  ] [ 1.49 -1.7   1.39]278.770903 264.046304 296.1682535 263.69006 278.9964885 273.7435765 289.98788 269.458735 
-30.043255 [ 1692.375     8.437 -2054.937] [ 0.1  -1.46  1.33]277.815165 266.4685925 293.4504915 266.642837 279.6762195 269.941441 293.3066215 266.3450735 
-30.145698 [ 1692.437     7.812 -2055.125] [-0.03 -1.43  1.32]276.945824 269.3327095 290.288186 270.1287775 280.1771095 266.5757315 296.1571095 263.5441215 
-30.247032 [ 1691.812     7.812 -2055.562] [-0.02 -1.36  1.3 ]276.3393265 272.2581855 286.9414855 273.892125 280.4343775 263.9462585 298.242033 261.4276335 
-30.349394 [ 1691.812     7.562 -2056.125] [-0.06 -1.26  1.28]276.1721165 274.8645505 283.6705395 277.677125 280.3832425 262.3528305 299.2640825 260.3673635 
-30.45539 [ 1692.562     7.25  -2056.562] [-0.12 -1.18  1.25]276.62064 276.771336 280.735496 281.228022 279.9610115 262.089352 299.001464 260.6500595 
-30.557033 [ 1692.562     7.062 -2057.312] [-0.16 -1.07  1.22]277.8613425 277.598071 278.3836455 284.2975405 279.2005365 263.1793315 297.601522 262.146953 
-30.658548 [ 1692.562     6.875 -2057.625] [-0.18 -1.01  1.2 ]280.021606 277.0421905 276.6796865 286.758811 278.267833 265.26943 295.324214 264.602509 
-30.760138 [ 1692.562     7.    -2058.   ] [-0.17 -0.96  1.18]282.922421 275.287617 275.5526095 288.5744575 277.338787 267.9783725 292.4295275 267.7611625 
-30.863712 [ 1692.625     7.5   -2058.187] [-0.08 -0.92  1.17]286.266731 272.7057125 274.9281825 289.709226 276.589286 270.924884 289.1774475 271.367349 
-30.965404 [ 1692.812     8.125 -2058.312] [ 0.01 -0.91  1.17]289.7572285 269.668234 274.732174 290.1278645 276.1952155 273.7276895 285.827961 275.1655025 
-31.066818 [ 1693.125     8.875 -2058.   ] [ 0.16 -0.95  1.19]293.096608 266.546939 274.8903525 289.7951195 276.332463 276.005514 282.641054 278.9000585 
-31.167999 [ 1693.187     9.437 -2057.5  ] [ 1.53 -1.03  1.21]295.987562 263.7135845 275.3284865 288.675738 277.176914 277.377083 279.8767125 282.315452 
-31.269321 [ 1693.25      9.875 -2057.312] [ 1.6  -1.07  1.22]298.1327845 261.5399275 275.972344 286.734468 278.899917 277.468406 277.747666 285.1872535 
-31.370809 [ 1693.312     9.875 -2057.187] [ 1.61 -1.08  1.23]299.234969 260.3977265 276.7480755 283.9497895 281.481625 276.2123255 276.2447625 287.4372315 
-31.472148 [ 1693.25      9.937 -2056.687] [ 1.62 -1.17  1.25]299.05727 260.590675 277.5869845 280.4854505 284.644943 273.9545215 275.293784 289.030022 
-31.573842 [ 1693.25      9.875    -8.375] [ 1.61 -1.22  1.27]297.7251175 262.014653 278.424071 276.638129 288.0946615 271.0697455 274.820506 289.930269 
-31.675647 [ 1693.25      9.875 -2055.937] [ 0.33 -1.28  1.29]295.4982665 264.4143275 279.194416 272.7074075 291.535571 267.932749 274.7507015 290.102614 
-31.777467 [ 1692.937     9.375 -2055.562] [ 1.52 -1.35  1.3 ]292.636692 267.5341185 279.8331 268.9928685 294.672462 264.918284 275.0101465 289.5117005 
-31.881381 [ 1692.312     8.187 -2055.312] [ 0.04 -1.39  1.31]289.400369 271.1184455 280.275205 265.794094 297.2101245 262.401102 275.5246145 288.122171 
-31.984947 [ 1691.75      6.812 -2055.875] [-0.2  -1.32  1.29]286.049273 274.911728 280.4558115 263.410667 298.8533485 260.755954 276.21988 285.8986685 
-32.087207 [ 1691.625     6.5   -2056.062] [-0.25 -1.27  1.27]282.8433785 278.658386 280.3100005 262.1421695 299.3204165 260.3091365 277.0231105 282.855258 
-32.188597 [ 1691.625     5.937 -2055.812] [-0.34 -1.31  1.28]280.042661 282.1028385 279.7833985 262.2584715 298.730965 260.9388425 277.8677545 279.228924 
-32.290362 [ 1691.687     5.5   -2055.375] [-0.42 -1.39  1.29]277.8691425 285.014525 278.956891 263.648347 297.072613 262.7155235 278.6890315 275.3194725 
-32.393225 [ 1691.687     4.937 -2054.875] [-0.51 -1.47  1.31]276.3265935 287.3067565 278.005047 265.9366135 294.60551 265.3834245 279.4221605 271.4267135 
-32.496339 [ 1691.625     4.687 -2055.437] [-0.56 -1.4   1.29]275.3409265 288.944169 277.104311 268.7428025 291.589804 268.68679 280.0023605 267.8504565 
-32.598895 [ 1691.687     5.062 -2056.062] [-0.5  -1.28  1.26]274.837955 289.891464 276.431129 271.686444 288.2856435 272.3698655 280.364851 264.8905115 
-32.700423 [ 1691.875     5.375 -2056.312] [-0.44 -1.24  1.25]274.743495 290.113341 276.161946 274.387069 284.953178 276.176895 280.444851 262.8466885 
-32.802708 [ 1692.374     5.687 -2056.5  ] [-0.39 -1.21  1.24]274.983361 289.5745005 276.4732075 276.4642075 281.8525555 279.852124 280.1775795 262.018797 
-32.906015 [ 1692.062     6.187 -2056.562] [-0.32 -1.19  1.24]275.483368 288.2396435 277.5413585 277.5373905 279.2433835 283.1401535 279.5352435 262.6019745 
-33.008513 [ 1692.125     6.5   -2056.625] [-0.25  0.1   1.25]276.169331 286.0734695 279.520825 277.261111 277.2878875 285.8498035 278.650325 264.337778 
-33.109902 [ 1692.187     7.    -2056.5  ] [-0.16 -1.2   1.25]276.9681645 283.0804715 282.2972645 275.7166145 275.938965 287.92793 277.6987095 266.844936 
-33.211653 [ 1692.187     7.437 -2056.312] [-0.09 -1.23  1.27]277.812852 279.4847975 285.57666 273.2704355 275.122386 289.33928 276.856284 269.7421725 
-33.313075 [ 1692.312     7.937 -2056.125] [-0.01 -1.26  1.28]278.63846 275.5859745 289.0617045 270.294331 274.763918 290.048601 276.298935 272.6482135 
-33.417261 [ 1692.562     8.312 -2055.625] [ 0.06 -1.32  1.29]279.380057 271.6835975 292.455092 267.160059 274.7893295 290.0206395 276.202549 275.1817835 
-33.519211 [ 1692.625     8.687 -2054.   ] [ 0.12 -1.61  1.37]279.972711 268.07726 295.459516 264.2393755 275.124389 289.220143 276.7430125 276.961608 
-33.620806 [ 1692.687     9.125 -2053.062] [ 0.2  -1.76  1.4 ]280.351491 265.0665575 297.7776695 261.904039 275.694865 287.611859 278.096212 277.6064115 
-33.722537 [ 1692.687     9.062 -2052.687] [ 0.19 -1.83  0.14]280.4514645 262.9510845 299.112246 260.525806 276.4265435 285.161184 280.362617 276.855951 
-33.824083 [ 1692.687     8.937 -2052.5  ] [ 0.17 -1.86  1.42]280.207701 262.0304355 299.193459 260.445454 277.2480045 281.9339205 283.328716 274.953866 
-33.925684 [ 1692.687     8.75  -2052.25 ] [ 0.14 -1.9   1.43]279.5852525 262.5197275 298.0714435 261.643623 278.09361 278.203842 286.6992995 272.2749085 
-34.02726 [  1.69268700e+03   5.00000000e-01  -2.05312500e+03] [ 0.1  -1.76  1.4 ]278.7080875 264.186347 296.002734 263.868605 278.8984415 274.270531 290.1791575 269.19383 
-34.128359 [ 1692.5      7.75 -2055.  ] [-0.01 -1.48  1.33]277.7526235 266.6499145 293.247306 266.864819 279.5975805 270.433569 293.473081 266.085382 
-34.230079 [ 1692.5       7.187 -2055.312] [-0.14 -1.39  1.31]276.89531 269.5299585 290.0651345 270.376685 280.1261075 266.992539 296.28586 263.3243165 
-34.331808 [ 1692.562     7.187 -2055.687] [-0.13 -1.33  1.29]276.3125955 272.446007 286.716195 274.148623 280.4191035 264.247023 298.322285 261.285385 
-34.434185 [ 1692.562     7.    -2056.375] [-0.16 -1.22  1.26]276.1809305 275.0175885 283.4604625 277.925052 280.4116495 262.4966035 299.2871455 260.343339 
-34.53747 [ 1692.562     6.812 -2056.875] [-0.19 -1.15  1.24]276.6767635 276.8642315 280.5579115 281.4503925 280.0393835 262.0392965 299.109582 260.535001 
-34.639851 [ 1692.625     6.625 -2057.437] [-0.23 -1.04  1.21]277.9765445 277.6054635 278.251006 284.480607 279.3124155 262.9632835 297.847572 261.8835825 
-34.741426 [ 1692.625     6.437 -2057.875] [-0.26 -0.98  1.19]280.1952375 276.9584385 276.588179 286.899566 278.3895325 264.93785 295.6727515 264.225686 
-34.843213 [ 1691.624     6.625 -2058.125] [-0.23 -0.93  1.17]283.134878 275.1371715 275.49707 288.6707665 277.44718 267.5825265 292.845269 267.3055565 
-34.948729 [ 1692.812     7.312 -2058.375] [-0.12 -0.9   1.17]286.4981955 272.5133525 274.9034945 289.758909 276.661803 270.5168435 289.6252725 270.8674385 
-35.051176 [ 1692.75      7.875 -2058.375] [-0.01 -0.89  1.17]289.98788 269.458735 274.733267 290.1286935 276.209847 273.360331 286.2729115 274.655577 
-35.152898 [ 1693.        8.625 -2058.   ] [ 0.11 -0.95  1.19]293.3066215 266.3450735 274.912203 289.7448205 276.267757 275.7325205 283.048334 278.414217 
-35.255389 [ 1691.249     9.187 -2057.562] [ 1.49 -1.02  1.21]296.1571095 263.5441215 275.3661165 288.5719905 277.0119785 277.252942 280.2116885 281.8876025 
-35.359005 [ 1693.187     9.562 -2057.375] [ 1.56 -1.06  1.22]298.242033 261.4276335 276.020823 286.574904 278.6176735 277.5431645 277.99314 284.8397525 
-35.461606 [ 1693.187     9.625 -2057.125] [ 1.57 -1.1   1.23]299.2640825 260.3673635 276.8026515 283.736864 281.109685 276.4634335 276.410496 287.1747185 
-35.563409 [ 1693.187     9.687 -2056.562] [ 1.58 -1.19  1.26]299.001464 260.6500595 277.643363 280.2377715 284.2235745 274.3333165 275.3898875 288.8570095 
-35.66491 [ 1693.125     9.687 -2056.187] [ 1.58 -1.25  1.28]297.601522 262.146953 278.4779815 276.3756105 287.6620365 271.5245715 274.8570825 289.8513725 
-35.766457 [ 1693.062     9.687 -2055.812] [ 1.58 -1.32  1.29]295.324214 264.602509 279.241575 272.4499765 291.1277635 268.4089555 274.73785 290.122554 
-35.867953 [ 1692.75      9.125 -2055.375] [ 0.2  -1.39  1.31]292.4295275 267.7611625 279.8692125 268.760464 294.3234495 265.3582255 274.9579585 289.635302 
-35.969407 [ 1692.312     7.812 -2055.062] [-0.02 -1.43  1.32]289.1774475 271.367349 280.2959615 265.606667 296.951788 262.7441395 275.4431755 288.3543635 
-36.071346 [ 1691.812     6.5   -2056.125] [-0.25 -1.26  1.27]285.827961 275.1655025 280.456891 263.2881805 298.715472 260.938454 276.11927 286.244485 
-36.173067 [ 1691.687     6.125 -2056.5  ] [-0.31 -1.2   1.25]282.641054 278.9000585 280.2870695 262.104599 299.3189565 260.310944 276.912887 283.3019405 
-36.274539 [ 1691.5       5.562 -2056.062] [-0.41 -1.27  1.26]279.8767125 282.315452 279.735762 262.315519 298.6484115 261.0268255 277.756625 279.737038 
-36.380379 [ 1691.375     5.187 -2055.5  ] [-0.47 -1.36  1.28]277.747666 285.1872535 278.895431 263.777092 296.9271825 262.8717515 278.5855565 275.84907 
-36.48233 [ 1691.437     4.562 -2054.875] [-0.58 -1.48  1.3 ]276.2447625 287.4372315 277.941511 266.111708 294.415245 265.5901425 279.334763 271.9376185 
-36.584018 [ 1691.437     4.375 -2055.187] [-0.61 -1.43  1.29]275.293784 289.030022 277.050451 268.938894 291.372574 268.9264175 279.939325 268.302266 
-36.685898 [ 1691.5       4.687 -2055.875] [-0.56 -1.3   1.26]274.820506 289.930269 276.398701 271.8781795 288.0591445 272.6249965 280.3343235 265.2425945 
-36.789007 [ 1691.75     -2.875 -2056.25 ] [-0.49 -1.25  1.25]274.7507015 290.102614 276.16271 274.5490925 284.734932 276.4302985 280.45484 263.0581865 
