The flat matrix is [[  7.875  -0.625 -14.312]
 [ -0.11    2.43    9.49 ]] 
-0.079247 [-1.687  0.125 -0.875] [ 0.    0.16 -0.04]274.493101 269.49310095 268.9438875 263.9438874 255.814709 250.81470905 261.798602 256.79860195 
-0.182368 [-2.     1.875  0.687] [ 1.6  -0.12  0.03]274.8798395 269.87983975 267.529996 262.5299959 255.2960635 250.296063419 263.2426755 258.24267555 
-0.284212 [-2.375  2.25   0.687] [ 1.67 -0.12  0.03]274.99901 269.99900985 266.0658185 261.06581865 255.029741 250.029740863 264.721438 259.721438 
-0.386697 [-2.437  2.25   0.375] [ 0.39 -0.07  0.02]274.833728 269.833728 264.580559 259.5805592 255.0433625 250.043362546 266.2056675 261.2056677 
-0.490146 [-2.437  2.188  0.   ] [ 1.66 -0.02  0.  ]274.405555 269.4055551 263.1034445 258.1034447 255.334854 250.334854105 267.666146 262.66614625 
-0.592996 [-2.5    2.188 -0.313] [ 1.66  0.04 -0.01]273.743654 268.74365405 261.663744 256.663744 255.8758995 250.87589956 269.0736565 264.07365665 
-0.69491 [-2.5    2.125 -0.563] [ 1.65  0.09 -0.02]272.877188 267.87718785 260.2907305 255.29073025 256.63728 251.63727976 270.398982 265.39898195 
-0.796701 [-2.5   2.   -0.75] [ 1.62  0.12 -0.03]271.8353195 266.83531945 259.013677 254.013676775 257.5897755 252.589775535 271.612905 266.6129051 
-0.899783 [-2.562  1.75  -1.   ] [ 1.58  0.16 -0.04]270.647212 265.6472118 257.8618565 252.8618567 258.7041675 253.704167735 272.686209 267.68620915 
-1.00335 [-2.625  1.375 -1.375] [ 1.51  0.22 -0.06]269.342028 264.3420278 256.8645435 251.86454326 259.951237 254.95123719 273.589677 268.58967705 
-1.105839 [-2.687  0.813 -1.875] [ 1.42  0.3  -0.08]267.9489305 262.94893045 256.0510095 251.05100965 261.301765 256.30176475 274.294092 269.29409185 
-1.207801 [-2.687  0.688 -1.938] [ 1.4   0.31 -0.08]266.4970825 261.4970827 255.450529 250.450529086 262.726531 257.72653125 274.7702365 269.7702365 
-1.309545 [-2.75  0.5  -2.  ] [ 0.09  0.32 -0.08]265.0156475 260.01564745 255.092375 250.092374773 264.1963175 259.19631755 274.988894 269.98889405 
-1.411324 [-2.75   0.188 -2.125] [ 0.04  0.35 -0.09]263.533799 258.53379905 255.005749 250.005748838 265.6819045 260.6819045 274.9245465 269.92454675 
-1.513298 [-2.812 -0.187 -2.25 ] [-0.03  0.37 -0.1 ]262.080758 257.0807582 255.2034985 250.2034985 267.1540755 262.1540754 274.5868015 269.58680165 
-1.615552 [-2.875 -0.437 -2.25 ] [-0.07  0.37 -1.38]260.685758 255.6857578 255.6613285 250.66132832 268.583616 263.58361595 274.004672 269.0046722 
-1.717515 [-2.875 -0.75  -2.25 ] [-0.12  0.37 -0.1 ]259.3780305 254.37803073 256.3498145 251.34981448 269.941312 264.94131205 273.207376 268.20737605 
-1.819315 [-2.937 -1.125 -2.25 ] [-0.19  0.37 -0.1 ]258.18681 253.186809815 257.239533 252.23953316 271.1979495 266.1979496 272.224131 267.22413105 
-1.920975 [-3.    -1.375 -2.25 ] [-0.23  0.37 -0.1 ]257.141328 252.141327915 258.3010605 253.301060535 272.3243145 267.32431445 271.084155 266.0841548 
-2.023234 [-3.    -1.562 -2.25 ] [-0.27  0.37 -0.1 ]256.270818 251.270817875 259.504973 254.504972795 273.2911925 268.2911925 269.816665 264.8166651 
-2.125904 [-3.062 -1.687 -2.25 ] [-0.29  0.36 -0.11]255.6045125 250.604512555 260.821846 255.8218461 274.0693695 269.06936965 268.4508795 263.4508796 
-2.227853 [-3.062 -1.812 -2.188] [-0.31  0.35 -0.1 ]255.171645 250.171644799 262.2222565 257.22225665 274.6296315 269.62963175 267.016016 262.01601605 
-2.330381 [-3.062 -1.875 -2.125] [-0.31  0.34 -0.1 ]255.0014475 250.001447463 263.6767805 258.67678065 274.9427645 269.9427647 265.541292 260.5412922 
-2.434101 [-3.062 -1.875 -1.688] [-0.32  0.28 -0.08]255.116026 250.116026178 265.1559945 260.15599445 274.9800495 269.98004965 264.055926 259.05592575 
-2.536773 [-3.062 -1.875 -1.438] [-0.32  0.23 -0.07]255.4990605 250.499060641 266.6306925 261.6306927 274.735851 269.7358509 262.589135 257.5891349 
-2.638338 [-3.062 -1.875 -1.25 ] [-0.32  0.2  -0.06]256.121338 251.12133825 268.072309 263.072309 274.236943 269.2369432 261.170138 256.170138 
-2.740745 [-3.062 -1.875 -1.063] [-0.32  0.16 -0.05]256.953637 251.95363696 269.452393 264.45239305 273.51253 268.51252995 259.8281535 254.82815357 
-2.844471 [-3.062 -1.875 -0.75 ] [-0.32  0.12 -0.04]257.9667345 252.96673473 270.7424945 265.74249465 272.5918145 267.59181445 258.5924 253.59240002 
-2.947334 [-3.062 -1.875 -0.563] [-0.32  0.08 -0.03]259.1314095 254.131409515 271.9141635 266.9141635 271.504 266.504 257.492096 252.492095795 
-3.049071 [-3.062 -1.937 -0.25 ] [-0.32  0.04 -0.02]260.4184395 255.4184393 272.9389495 267.93894945 270.27829 265.2782899 256.5564595 251.556459325 
-3.151042 [-3.062 -1.937  0.   ] [-0.33  0.    0.  ]261.798602 256.79860195 274.493101 269.49310095 268.9438875 263.9438874 255.814709 250.81470905 
-3.254412 [-3.062 -1.937  0.187] [-0.33 -0.03  0.  ]263.2426755 258.24267555 274.8798395 269.87983975 267.529996 262.5299959 255.2960635 250.296063419 
-3.357606 [-3.062 -1.875  0.312] [-0.32 -0.05  0.01]264.721438 259.721438 274.99901 269.99900985 266.0658185 261.06581865 255.029741 250.029740863 
-3.459911 [-3.062 -1.687  0.375] [-0.29 -0.07  0.01]266.2056675 261.2056677 274.833728 269.833728 264.580559 259.5805592 255.0433625 250.043362546 
-3.561905 [-3.    -1.187  0.375] [-0.2  -0.07  0.02]267.666146 262.66614625 274.405555 269.4055551 263.1034445 258.1034447 255.334854 250.334854105 
-3.663729 [-2.937 -0.75   0.375] [-0.12 -0.07  0.02]269.0736565 264.07365665 273.743654 268.74365405 261.663744 256.663744 255.8758995 250.87589956 
-3.76589 [-2.875 -0.375  0.375] [-0.06 -0.07  0.02]270.398982 265.39898195 272.877188 267.87718785 260.2907305 255.29073025 256.63728 251.63727976 
-3.86814 [-2.875 -0.25   0.437] [-0.04 -0.07  0.02]271.612905 266.6129051 271.8353195 266.83531945 259.013677 254.013676775 257.5897755 252.589775535 
-3.970452 [-2.812  0.063  0.437] [ 0.01 -0.07  0.02]272.686209 267.68620915 270.647212 265.6472118 257.8618565 252.8618567 258.7041675 253.704167735 
-4.072753 [-2.812  0.438  0.375] [ 0.07 -0.07  0.02]273.589677 268.58967705 269.342028 264.3420278 256.8645435 251.86454326 259.951237 254.95123719 
-4.1751 [-2.75   0.563  0.375] [ 0.1  -0.07  0.02]274.294092 269.29409185 267.9489305 262.94893045 256.0510095 251.05100965 261.301765 256.30176475 
-4.276975 [-5.     0.625  0.25 ] [ 1.39 -0.04  0.02]274.7702365 269.7702365 266.4970825 261.4970827 255.450529 250.450529086 262.726531 257.72653125 
-4.379854 [-2.75   0.688  0.   ] [ 1.4  -0.01  0.01]274.988894 269.98889405 265.0156475 260.01564745 255.092375 250.092374773 264.1963175 259.19631755 
-4.481829 [-2.75   0.688 -0.188] [ 1.4   0.02  0.  ]274.9245465 269.92454675 263.533799 258.53379905 255.005749 250.005748838 265.6819045 260.6819045 
-4.583831 [-5.     0.688 -0.438] [ 1.4   0.07 -0.01]274.5868015 269.58680165 262.080758 257.0807582 255.2034985 250.2034985 267.1540755 262.1540754 
-4.686451 [-2.75   0.688 -0.688] [ 1.4   0.1  -0.02]274.004672 269.0046722 260.685758 255.6857578 255.6613285 250.66132832 268.583616 263.58361595 
-4.789794 [-2.75   0.688 -0.938] [ 1.4   0.15 -0.03]273.207376 268.20737605 259.3780305 254.37803073 256.3498145 251.34981448 269.941312 264.94131205 
-4.892089 [-2.75   0.688 -1.188] [ 1.4   0.19 -0.05]272.224131 267.22413105 258.18681 253.186809815 257.239533 252.23953316 271.1979495 266.1979496 
-4.993911 [-2.75   0.688 -1.438] [ 1.4   0.23 -0.06]271.084155 266.0841548 257.141328 252.141327915 258.3010605 253.301060535 272.3243145 267.32431445 
-5.096947 [-2.75   0.688 -1.625] [ 1.4   0.26 -0.07]269.816665 264.8166651 256.270818 251.270817875 259.504973 254.504972795 273.2911925 268.2911925 
-5.20039 [-2.75   0.625 -1.813] [ 1.39  0.29 -0.07]268.4508795 263.4508796 255.6045125 250.604512555 260.821846 255.8218461 274.0693695 269.06936965 
-5.302983 [-2.812  0.438 -1.938] [ 0.08  0.32 -0.08]267.016016 262.01601605 255.171645 250.171644799 262.2222565 257.22225665 274.6296315 269.62963175 
-5.405334 [-2.812  0.25  -2.063] [ 0.04  0.33 -0.09]265.541292 260.5412922 255.0014475 250.001447463 263.6767805 258.67678065 274.9427645 269.9427647 
-5.507926 [-2.875 -0.062 -2.125] [-0.01  0.34 -0.09]264.055926 259.05592575 255.116026 250.116026178 265.1559945 260.15599445 274.9800495 269.98004965 
-5.611888 [-2.937 -0.5   -2.125] [-0.07  0.35 -0.09]262.589135 257.5891349 255.4990605 250.499060641 266.6306925 261.6306927 274.735851 269.7358509 
-5.71419 [-3.    -0.937 -2.188] [-0.16  0.36 -0.1 ]261.170138 256.170138 256.121338 251.12133825 268.072309 263.072309 274.236943 269.2369432 
-5.816121 [-3.062 -1.375 -2.25 ] [-0.23  0.37 -0.1 ]259.8281535 254.82815357 256.953637 251.95363696 269.452393 264.45239305 273.51253 268.51252995 
-5.917916 [-4.625 -1.687 -2.25 ] [-0.29  0.37 -0.11]258.5924 253.59240002 257.9667345 252.96673473 270.7424945 265.74249465 272.5918145 267.59181445 
-6.020389 [-3.125 -1.875 -2.25 ] [-0.31  0.37 -0.11]257.492096 252.492095795 259.1314095 254.131409515 271.9141635 266.9141635 271.504 266.504 
-6.122441 [-3.187 -2.062 -2.25 ] [-0.34  0.37 -0.11]256.5564595 251.556459325 260.4184395 255.4184393 272.9389495 267.93894945 270.27829 265.2782899 
-6.224589 [-3.187 -2.187 -2.25 ] [-0.38  0.36 -0.11]255.814709 250.81470905 261.798602 256.79860195 274.493101 269.49310095 268.9438875 263.9438874 
-6.326397 [-3.187 -2.375 -2.063] [-0.4   0.33 -0.1 ]255.2960635 250.296063419 263.2426755 258.24267555 274.8798395 269.87983975 267.529996 262.5299959 
-6.428391 [-3.25  -2.375 -1.75 ] [-0.4   0.28 -0.09]255.029741 250.029740863 264.721438 259.721438 274.99901 269.99900985 266.0658185 261.06581865 
-6.530164 [-3.25  -2.375 -1.5  ] [-0.4   0.24 -0.08]255.0433625 250.043362546 266.2056675 261.2056677 274.833728 269.833728 264.580559 259.5805592 
-6.632451 [-3.25  -2.375 -1.313] [-0.4   0.21 -0.07]255.334854 250.334854105 267.666146 262.66614625 274.405555 269.4055551 263.1034445 258.1034447 
-6.735353 [-3.25  -2.375 -1.125] [-0.4   0.18 -0.06]255.8758995 250.87589956 269.0736565 264.07365665 273.743654 268.74365405 261.663744 256.663744 
-6.837422 [-3.25  -2.375 -0.938] [-0.4   0.15 -0.05]256.63728 251.63727976 270.398982 265.39898195 272.877188 267.87718785 260.2907305 255.29073025 
-6.939816 [-3.25  -2.375 -0.813] [-0.4   0.12 -0.04]257.5897755 252.589775535 271.612905 266.6129051 271.8353195 266.83531945 259.013677 254.013676775 
-7.043586 [-3.25  -2.375 -0.5  ] [-0.4   0.08 -0.03]258.7041675 253.704167735 272.686209 267.68620915 270.647212 265.6472118 257.8618565 252.8618567 
-7.14611 [-3.25  -2.375 -0.25 ] [-0.4   0.04 -0.02]259.951237 254.95123719 273.589677 268.58967705 269.342028 264.3420278 256.8645435 251.86454326 
-7.247816 [-3.25  -2.375 -0.063] [-0.4   0.   -0.01]261.301765 256.30176475 274.294092 269.29409185 267.9489305 262.94893045 256.0510095 251.05100965 
-7.350171 [-3.25  -2.375  0.062] [-0.41 -0.02  0.  ]262.726531 257.72653125 274.7702365 269.7702365 266.4970825 261.4970827 255.450529 250.450529086 
-7.453819 [-3.25  -2.125  0.187] [-0.37 -0.04  0.  ]264.1963175 259.19631755 274.988894 269.98889405 265.0156475 260.01564745 255.092375 250.092374773 
-7.556435 [-3.187 -1.687  0.312] [-0.28 -0.05  0.01]265.6819045 260.6819045 274.9245465 269.92454675 263.533799 258.53379905 255.005749 250.005748838 
-7.657913 [-3.125 -1.062  0.375] [-0.18 -0.07  0.02]267.1540755 262.1540754 274.5868015 269.58680165 262.080758 257.0807582 255.2034985 250.2034985 
-7.760066 [-3.062 -0.687  0.375] [-0.12 -0.07  0.02]268.583616 263.58361595 274.004672 269.0046722 260.685758 255.6857578 255.6613285 250.66132832 
-7.8641 [-3.062 -0.5    0.375] [-0.09 -0.07  0.02]269.941312 264.94131205 273.207376 268.20737605 259.3780305 254.37803073 256.3498145 251.34981448 
-7.967295 [-3.    -0.25   0.375] [-0.05 -0.07  0.02]271.1979495 266.1979496 272.224131 267.22413105 258.18681 253.186809815 257.239533 252.23953316 
-8.069224 [-3.     0.     0.375] [ 0.01 -0.07  0.02]272.3243145 267.32431445 271.084155 266.0841548 257.141328 252.141327915 258.3010605 253.301060535 
-8.170803 [-2.937  0.188  0.375] [ 0.04 -0.07  0.02]273.2911925 268.2911925 269.816665 264.8166651 256.270818 251.270817875 259.504973 254.504972795 
-8.272273 [-2.937  0.375  0.375] [ 0.07 -0.07  0.02]274.0693695 269.06936965 268.4508795 263.4508796 255.6045125 250.604512555 260.821846 255.8218461 
-8.374306 [-2.937  0.563  0.312] [ 0.09 -0.06  0.02]274.6296315 269.62963175 267.016016 262.01601605 255.171645 250.171644799 262.2222565 257.22225665 
-8.476001 [-2.937  0.563  0.187] [ 0.1  -0.04  0.01]274.9427645 269.9427647 265.541292 260.5412922 255.0014475 250.001447463 263.6767805 258.67678065 
-8.577568 [-2.937  0.625 -0.125] [ 0.11  0.01  0.  ]274.9800495 269.98004965 264.055926 259.05592575 255.116026 250.116026178 265.1559945 260.15599445 
-8.679049 [-2.875  0.625 -0.375] [ 1.39  0.06 -0.01]274.735851 269.7358509 262.589135 257.5891349 255.4990605 250.499060641 266.6306925 261.6306927 
-8.780535 [-2.875  0.625 -0.625] [ 1.39  0.09 -0.02]274.236943 269.2369432 261.170138 256.170138 256.121338 251.12133825 268.072309 263.072309 
-8.881894 [-2.875  0.625 -0.875] [ 1.39  0.13 -0.03]273.51253 268.51252995 259.8281535 254.82815357 256.953637 251.95363696 269.452393 264.45239305 
-8.983538 [-2.875  0.625 -1.063] [ 1.39  0.17 -0.04]272.5918145 267.59181445 258.5924 253.59240002 257.9667345 252.96673473 270.7424945 265.74249465 
-9.086931 [-2.875  0.625 -1.25 ] [ 1.39  0.2  -0.05]271.504 266.504 257.492096 252.492095795 259.1314095 254.131409515 271.9141635 266.9141635 
-9.188474 [-2.875  0.625 -1.563] [ 1.39  0.24 -0.06]270.27829 265.2782899 256.5564595 251.556459325 260.4184395 255.4184393 272.9389495 267.93894945 
-9.290395 [-2.937  0.563 -1.75 ] [ 0.1   0.28 -0.07]268.9438875 263.9438874 255.814709 250.81470905 261.798602 256.79860195 274.493101 269.49310095 
-9.391737 [-2.937  0.375 -1.875] [ 0.07  0.31 -0.08]267.529996 262.5299959 255.2960635 250.296063419 263.2426755 258.24267555 274.8798395 269.87983975 
-9.49376 [-3.     0.125 -2.   ] [ 0.03  0.32 -0.08]266.0658185 261.06581865 255.029741 250.029740863 264.721438 259.721438 274.99901 269.99900985 
-9.596186 [-3.    -0.25  -2.063] [-0.04  0.33 -0.09]264.580559 259.5805592 255.0433625 250.043362546 266.2056675 261.2056677 274.833728 269.833728 
-9.698993 [-3.125 -0.687 -2.188] [-0.11  0.36 -0.1 ]263.1034445 258.1034447 255.334854 250.334854105 267.666146 262.66614625 274.405555 269.4055551 
-9.801291 [-3.187 -1.125 -2.25 ] [-0.19  0.37 -0.1 ]261.663744 256.663744 255.8758995 250.87589956 269.0736565 264.07365665 273.743654 268.74365405 
-9.902959 [-3.187 -1.375 -2.313] [-0.23  0.37 -0.1 ]260.2907305 255.29073025 256.63728 251.63727976 270.398982 265.39898195 272.877188 267.87718785 
-10.005666 [-3.25  -1.625 -2.313] [-0.27  0.37 -0.11]259.013677 254.013676775 257.5897755 252.589775535 271.612905 266.6129051 271.8353195 266.83531945 
-10.109043 [-3.312 -1.937 -2.313] [-0.32  0.37 -0.11]257.8618565 252.8618567 258.7041675 253.704167735 272.686209 267.68620915 270.647212 265.6472118 
-10.211462 [-3.312 -2.125 -2.313] [-0.36  0.37 -0.11]256.8645435 251.86454326 259.951237 254.95123719 273.589677 268.58967705 269.342028 264.3420278 
-10.31315 [-3.312 -2.25  -2.25 ] [-0.38   1.641 -0.11 ]256.0510095 251.05100965 261.301765 256.30176475 274.294092 269.29409185 267.9489305 262.94893045 
-10.414741 [-3.375 -2.375 -2.063] [-0.4   0.33 -0.1 ]255.450529 250.450529086 262.726531 257.72653125 274.7702365 269.7702365 266.4970825 261.4970827 
-10.517497 [-3.375 -2.437 -1.625] [-0.41  0.26 -0.08]255.092375 250.092374773 264.1963175 259.19631755 274.988894 269.98889405 265.0156475 260.01564745 
-10.620744 [-3.375 -2.437 -1.438] [-0.41  0.23 -0.07]255.005749 250.005748838 265.6819045 260.6819045 274.9245465 269.92454675 263.533799 258.53379905 
-10.723042 [-3.375 -2.437 -1.25 ] [-0.42  0.2  -0.06]255.2034985 250.2034985 267.1540755 262.1540754 274.5868015 269.58680165 262.080758 257.0807582 
-10.824702 [-3.375 -2.437 -1.063] [-0.42  0.16 -0.05]255.6613285 250.66132832 268.583616 263.58361595 274.004672 269.0046722 260.685758 255.6857578 
-10.926137 [-3.375 -2.437 -0.813] [-0.42  0.12 -0.04]256.3498145 251.34981448 269.941312 264.94131205 273.207376 268.20737605 259.3780305 254.37803073 
-11.027589 [-3.437 -2.437 -0.563] [-0.42  0.08 -0.03]257.239533 252.23953316 271.1979495 266.1979496 272.224131 267.22413105 258.18681 253.186809815 
-11.129032 [-3.437 -2.437 -0.313] [-0.42  0.05 -0.02]258.3010605 253.301060535 272.3243145 267.32431445 271.084155 266.0841548 257.141328 252.141327915 
-11.230527 [-3.437 -2.437 -0.125] [-0.42  0.02 -0.01]259.504973 254.504972795 273.2911925 268.2911925 269.816665 264.8166651 256.270818 251.270817875 
-11.332475 [-3.437 -2.437  0.062] [-0.42 -0.02 -0.01]260.821846 255.8218461 274.0693695 269.06936965 268.4508795 263.4508796 255.6045125 250.604512555 
-11.434595 [-3.437 -2.437  0.187] [-0.42 -0.04  0.  ]262.2222565 257.22225665 274.6296315 269.62963175 267.016016 262.01601605 255.171645 250.171644799 
-11.536198 [-3.437 -2.312  0.25 ] [-0.4  -0.05  0.  ]263.6767805 258.67678065 274.9427645 269.9427647 265.541292 260.5412922 255.0014475 250.001447463 
-11.637525 [-3.375 -1.875  0.375] [-0.31 -0.07  0.01]265.1559945 260.15599445 274.9800495 269.98004965 264.055926 259.05592575 255.116026 250.116026178 
-11.738841 [-3.25  -1.25   0.437] [-0.21 -0.08  0.02]266.6306925 261.6306927 274.735851 269.7358509 262.589135 257.5891349 255.4990605 250.499060641 
-11.840623 [-3.25  -0.812  0.437] [-0.13 -0.08  0.02]268.072309 263.072309 274.236943 269.2369432 261.170138 256.170138 256.121338 251.12133825 
-11.942043 [-3.187 -0.625  0.437] [-0.11 -0.08  0.02]269.452393 264.45239305 273.51253 268.51252995 259.8281535 254.82815357 256.953637 251.95363696 
-12.04473 [-3.187 -0.437  0.437] [-0.08 -0.08  0.02]270.7424945 265.74249465 272.5918145 267.59181445 258.5924 253.59240002 257.9667345 252.96673473 
-12.14644 [-3.125 -0.125  0.437] [-0.01 -0.08  0.02]271.9141635 266.9141635 271.504 266.504 257.492096 252.492095795 259.1314095 254.131409515 
-12.247807 [-3.125  0.125  0.437] [ 0.03 -0.08  0.02]272.9389495 267.93894945 270.27829 265.2782899 256.5564595 251.556459325 260.4184395 255.4184393 
-12.350521 [-3.062  0.313  0.437] [ 0.06 -0.08  0.02]274.493101 269.49310095 268.9438875 263.9438874 255.814709 250.81470905 261.798602 256.79860195 
-12.453725 [-3.062  0.563  0.312] [ 0.1  -0.06  0.02]274.8798395 269.87983975 267.529996 262.5299959 255.2960635 250.296063419 263.2426755 258.24267555 
-12.556313 [-3.062  0.625  0.125] [ 1.39 -0.03  0.01]274.99901 269.99900985 266.0658185 261.06581865 255.029741 250.029740863 264.721438 259.721438 
-12.657661 [-3.062  0.625 -0.063] [ 1.39  0.01  0.  ]274.833728 269.833728 264.580559 259.5805592 255.0433625 250.043362546 266.2056675 261.2056677 
-12.759063 [-4.688  0.625 -0.313] [ 1.39  0.05 -0.01]274.405555 269.4055551 263.1034445 258.1034447 255.334854 250.334854105 267.666146 262.66614625 
-12.861545 [-4.688  0.625 -0.563] [ 0.11  0.09 -0.02]273.743654 268.74365405 261.663744 256.663744 255.8758995 250.87589956 269.0736565 264.07365665 
-12.964891 [-3.062  0.625 -0.875] [ 1.39  0.14 -0.03]272.877188 267.87718785 260.2907305 255.29073025 256.63728 251.63727976 270.398982 265.39898195 
-13.067395 [-3.062  0.625 -1.063] [ 1.39  0.17 -0.04]271.8353195 266.83531945 259.013677 254.013676775 257.5897755 252.589775535 271.612905 266.6129051 
-13.168799 [-3.062  0.625 -1.188] [ 1.39  0.19 -0.05]270.647212 265.6472118 257.8618565 252.8618567 258.7041675 253.704167735 272.686209 267.68620915 
-13.270703 [-3.062  0.625 -1.5  ] [ 1.39  0.24 -0.06]269.342028 264.3420278 256.8645435 251.86454326 259.951237 254.95123719 273.589677 268.58967705 
-13.373509 [-3.062  0.5   -1.688] [ 0.08  0.27 -0.07]267.9489305 262.94893045 256.0510095 251.05100965 261.301765 256.30176475 274.294092 269.29409185 
-13.476734 [-3.125  0.188 -1.813] [ 0.04  0.29 -0.08]266.4970825 261.4970827 255.450529 250.450529086 262.726531 257.72653125 274.7702365 269.7702365 
-13.578824 [-3.125  0.    -1.938] [ 0.    0.31 -0.08]265.0156475 260.01564745 255.092375 250.092374773 264.1963175 259.19631755 274.988894 269.98889405 
-13.680141 [-3.187 -0.312 -2.   ] [-0.05  0.32 -0.09]263.533799 258.53379905 255.005749 250.005748838 265.6819045 260.6819045 274.9245465 269.92454675 
-13.781641 [-3.25  -0.687 -2.125] [-0.11  0.34 -0.09]262.080758 257.0807582 255.2034985 250.2034985 267.1540755 262.1540754 274.5868015 269.58680165 
-13.883199 [-3.312 -1.125 -2.188] [-0.19  0.35 -0.1 ]260.685758 255.6857578 255.6613285 250.66132832 268.583616 263.58361595 274.004672 269.0046722 
-13.98489 [-3.375 -1.437 -2.188] [-0.24  0.35 -0.1 ]259.3780305 254.37803073 256.3498145 251.34981448 269.941312 264.94131205 273.207376 268.20737605 
-14.086748 [-3.375 -1.687 -2.188] [-0.28  0.35 -0.1 ]258.18681 253.186809815 257.239533 252.23953316 271.1979495 266.1979496 272.224131 267.22413105 
-14.189681 [-3.437 -2.    -2.188] [-0.33  0.35 -0.1 ]257.141328 252.141327915 258.3010605 253.301060535 272.3243145 267.32431445 271.084155 266.0841548 
-14.291863 [-3.437 -2.187 -2.188] [-0.37  0.35 -0.11]256.270818 251.270817875 259.504973 254.504972795 273.2911925 268.2911925 269.816665 264.8166651 
-14.394923 [-3.437 -2.25  -2.125] [-0.39  0.34 -0.1 ]255.6045125 250.604512555 260.821846 255.8218461 274.0693695 269.06936965 268.4508795 263.4508796 
-14.496735 [-3.5   -2.312 -2.   ] [-0.39  0.32 -0.1 ]255.171645 250.171644799 262.2222565 257.22225665 274.6296315 269.62963175 267.016016 262.01601605 
-14.598979 [-3.5   -2.375 -1.688] [-0.41  0.27 -0.08]255.0014475 250.001447463 263.6767805 258.67678065 274.9427645 269.9427647 265.541292 260.5412922 
-14.701011 [-3.5   -2.437 -1.375] [-0.41  0.22 -0.07]255.116026 250.116026178 265.1559945 260.15599445 274.9800495 269.98004965 264.055926 259.05592575 
-14.802995 [-3.562 -2.437 -1.188] [-0.41  0.19 -0.06]255.4990605 250.499060641 266.6306925 261.6306927 274.735851 269.7358509 262.589135 257.5891349 
-14.905769 [-3.562 -2.437 -1.063] [-0.41  0.16 -0.05]256.121338 251.12133825 268.072309 263.072309 274.236943 269.2369432 261.170138 256.170138 
-15.009292 [-3.562 -2.437 -0.813] [-0.41  0.12 -0.04]256.953637 251.95363696 269.452393 264.45239305 273.51253 268.51252995 259.8281535 254.82815357 
-15.111726 [-3.562 -2.437 -0.563] [-0.41  0.08 -0.03]257.9667345 252.96673473 270.7424945 265.74249465 272.5918145 267.59181445 258.5924 253.59240002 
-15.213617 [-3.562 -2.437 -0.313] [-0.41  0.04 -0.02]259.1314095 254.131409515 271.9141635 266.9141635 271.504 266.504 257.492096 252.492095795 
-15.316727 [-4.188 -2.437 -0.125] [-0.41  0.01 -0.01]260.4184395 255.4184393 272.9389495 267.93894945 270.27829 265.2782899 256.5564595 251.556459325 
-15.420558 [-3.562 -2.437  0.125] [-0.41 -0.03  0.  ]261.798602 256.79860195 274.493101 269.49310095 268.9438875 263.9438874 255.814709 250.81470905 
-15.522784 [-3.562 -2.375  0.25 ] [-0.41 -0.05  0.  ]263.2426755 258.24267555 274.8798395 269.87983975 267.529996 262.5299959 255.2960635 250.296063419 
-15.624982 [-3.562 -2.25   0.375] [-0.38 -0.07  0.01]264.721438 259.721438 274.99901 269.99900985 266.0658185 261.06581865 255.029741 250.029740863 
-15.72848 [-3.5   -1.937  0.437] [-0.33 -0.08  0.02]266.2056675 261.2056677 274.833728 269.833728 264.580559 259.5805592 255.0433625 250.043362546 
-15.832113 [-3.437 -1.375  8.437] [-0.23 -0.08  0.02]267.666146 262.66614625 274.405555 269.4055551 263.1034445 258.1034447 255.334854 250.334854105 
-15.934432 [-3.375 -0.937  0.437] [-0.16 -0.08  0.02]269.0736565 264.07365665 273.743654 268.74365405 261.663744 256.663744 255.8758995 250.87589956 
-16.036382 [-3.375 -0.812  0.5  ] [-0.13 -0.08  0.02]270.398982 265.39898195 272.877188 267.87718785 260.2907305 255.29073025 256.63728 251.63727976 
-16.138234 [-3.375 -0.625  0.5  ] [-0.1  -0.08  0.02]271.612905 266.6129051 271.8353195 266.83531945 259.013677 254.013676775 257.5897755 252.589775535 
-16.240124 [-3.312 -0.25   0.5  ] [-0.04 -0.08  0.02]272.686209 267.68620915 270.647212 265.6472118 257.8618565 252.8618567 258.7041675 253.704167735 
-16.34212 [-3.25   0.125  0.5  ] [ 0.02 -0.08  0.03]273.589677 268.58967705 269.342028 264.3420278 256.8645435 251.86454326 259.951237 254.95123719 
-16.444102 [-3.25   0.25   0.437] [ 0.05 -0.08  0.02]274.294092 269.29409185 267.9489305 262.94893045 256.0510095 251.05100965 261.301765 256.30176475 
-16.545917 [-3.187  0.375  0.312] [ 0.07 -0.06  0.02]274.7702365 269.7702365 266.4970825 261.4970827 255.450529 250.450529086 262.726531 257.72653125 
-16.647813 [-3.187  0.5    0.125] [ 0.09 -0.03  0.01]274.988894 269.98889405 265.0156475 260.01564745 255.092375 250.092374773 264.1963175 259.19631755 
-16.749854 [-3.187  0.5   -0.125] [ 0.09  0.01  0.  ]274.9245465 269.92454675 263.533799 258.53379905 255.005749 250.005748838 265.6819045 260.6819045 
-16.851904 [-4.563  0.563 -0.375] [ 0.09  0.06 -0.01]274.5868015 269.58680165 262.080758 257.0807582 255.2034985 250.2034985 267.1540755 262.1540754 
-16.954369 [-3.187  0.563 -0.625] [ 0.1   0.1  -0.02]274.004672 269.0046722 260.685758 255.6857578 255.6613285 250.66132832 268.583616 263.58361595 
-17.056398 [-3.187  0.563 -0.938] [ 0.1   0.14 -0.03]273.207376 268.20737605 259.3780305 254.37803073 256.3498145 251.34981448 269.941312 264.94131205 
-17.158113 [-3.187  0.563 -1.125] [ 0.1   0.18 -0.04]272.224131 267.22413105 258.18681 253.186809815 257.239533 252.23953316 271.1979495 266.1979496 
-17.2619 [-4.563  0.563 -1.375] [ 0.1   0.22 -0.05]271.084155 266.0841548 257.141328 252.141327915 258.3010605 253.301060535 272.3243145 267.32431445 
-17.365328 [-3.187  0.5   -1.625] [ 0.09  0.26 -0.07]269.816665 264.8166651 256.270818 251.270817875 259.504973 254.504972795 273.2911925 268.2911925 
-17.467564 [-4.563  0.375 -1.688] [ 0.07  0.27 -0.07]268.4508795 263.4508796 255.6045125 250.604512555 260.821846 255.8218461 274.0693695 269.06936965 
-17.570188 [-3.25  0.25 -1.75] [ 0.05  0.28 -0.07]267.016016 262.01601605 255.171645 250.171644799 262.2222565 257.22225665 274.6296315 269.62963175 
-17.673766 [-3.25   0.    -1.875] [ 0.01  0.31 -0.08]265.541292 260.5412922 255.0014475 250.001447463 263.6767805 258.67678065 274.9427645 269.9427647 
-17.776452 [-3.312 -0.312 -1.938] [-0.05  0.31 -0.08]264.055926 259.05592575 255.116026 250.116026178 265.1559945 260.15599445 274.9800495 269.98004965 
-17.878192 [-3.375 -0.687 -2.   ] [-0.11  0.32 -0.09]262.589135 257.5891349 255.4990605 250.499060641 266.6306925 261.6306927 274.735851 269.7358509 
-17.980222 [-3.437 -1.062 -2.   ] [-0.18  0.32 -0.09]261.170138 256.170138 256.121338 251.12133825 268.072309 263.072309 274.236943 269.2369432 
-18.083673 [-4.25  -1.375 -2.   ] [-0.24  0.32 -0.09]259.8281535 254.82815357 256.953637 251.95363696 269.452393 264.45239305 273.51253 268.51252995 
-18.186955 [-3.5   -1.687 -2.   ] [-0.29  0.32 -0.09]258.5924 253.59240002 257.9667345 252.96673473 270.7424945 265.74249465 272.5918145 267.59181445 
-18.28909 [-3.562 -2.    -2.   ] [-0.34  0.32 -0.1 ]257.492096 252.492095795 259.1314095 254.131409515 271.9141635 266.9141635 271.504 266.504 
-18.390936 [-3.562 -2.187 -2.   ] [-0.37  0.32 -0.1 ]256.5564595 251.556459325 260.4184395 255.4184393 272.9389495 267.93894945 270.27829 265.2782899 
-18.492875 [-3.625 -2.312 -2.   ] [-0.39  0.32 -0.1 ]255.814709 250.81470905 261.798602 256.79860195 274.493101 269.49310095 268.9438875 263.9438874 
-18.594654 [-3.625 -2.5   -1.875] [-0.42  0.3  -0.09]255.2960635 250.296063419 263.2426755 258.24267555 274.8798395 269.87983975 267.529996 262.5299959 
-18.696632 [-3.625 -2.562 -1.688] [-0.43  0.27 -0.09]255.029741 250.029740863 264.721438 259.721438 274.99901 269.99900985 266.0658185 261.06581865 
-18.799012 [-3.687 -2.562 -1.375] [-0.44  0.21 -0.07]255.0433625 250.043362546 266.2056675 261.2056677 274.833728 269.833728 264.580559 259.5805592 
-18.900941 [-3.687 -2.562 -1.125] [-0.44  0.18 -0.06]255.334854 250.334854105 267.666146 262.66614625 274.405555 269.4055551 263.1034445 258.1034447 
-19.002955 [-3.687 -2.562 -0.938] [-0.44  0.15 -0.05]255.8758995 250.87589956 269.0736565 264.07365665 273.743654 268.74365405 261.663744 256.663744 
-19.105009 [-3.687 -2.562 -0.75 ] [-0.44  0.12 -0.04]256.63728 251.63727976 270.398982 265.39898195 272.877188 267.87718785 260.2907305 255.29073025 
-19.207046 [-3.687 -2.562 -0.563] [-0.44  0.09 -0.03]257.5897755 252.589775535 271.612905 266.6129051 271.8353195 266.83531945 259.013677 254.013676775 
-19.309108 [-3.687 -2.562 -0.375] [-0.44  0.05 -0.02]258.7041675 253.704167735 272.686209 267.68620915 270.647212 265.6472118 257.8618565 252.8618567 
-19.410971 [-3.687 -2.562 -0.25 ] [-0.44  0.03 -0.02]259.951237 254.95123719 273.589677 268.58967705 269.342028 264.3420278 256.8645435 251.86454326 
-19.512995 [-3.687 -2.562  0.062] [-0.44 -0.01 -0.01]261.301765 256.30176475 274.294092 269.29409185 267.9489305 262.94893045 256.0510095 251.05100965 
-19.616966 [-3.687 -2.562  0.25 ] [-0.43 -0.05  0.  ]262.726531 257.72653125 274.7702365 269.7702365 266.4970825 261.4970827 255.450529 250.450529086 
-19.719868 [-3.687 -2.25   0.312] [-0.38 -0.06  0.01]264.1963175 259.19631755 274.988894 269.98889405 265.0156475 260.01564745 255.092375 250.092374773 
-19.821837 [-3.562 -1.625  0.437] [-0.27 -0.08  0.02]265.6819045 260.6819045 274.9245465 269.92454675 263.533799 258.53379905 255.005749 250.005748838 
-19.924094 [-3.5   -0.937  0.5  ] [-0.16 -0.08  0.02]267.1540755 262.1540754 274.5868015 269.58680165 262.080758 257.0807582 255.2034985 250.2034985 
-20.027545 [-3.437 -0.687  0.5  ] [-0.12 -0.08  0.02]268.583616 263.58361595 274.004672 269.0046722 260.685758 255.6857578 255.6613285 250.66132832 
-20.130465 [-3.437 -0.5    0.5  ] [-0.09 -0.08  0.02]269.941312 264.94131205 273.207376 268.20737605 259.3780305 254.37803073 256.3498145 251.34981448 
-20.23241 [-3.437 -0.437  0.5  ] [-0.07 -0.08  0.02]271.1979495 266.1979496 272.224131 267.22413105 258.18681 253.186809815 257.239533 252.23953316 
-20.334451 [-3.437 -0.062  0.437] [-0.01 -0.08  0.02]272.3243145 267.32431445 271.084155 266.0841548 257.141328 252.141327915 258.3010605 253.301060535 
-20.437207 [-4.375  0.188  0.437] [ 0.03 -0.08  0.02]273.2911925 268.2911925 269.816665 264.8166651 256.270818 251.270817875 259.504973 254.504972795 
-20.540794 [-3.375  0.313  0.437] [ 0.04 -0.08  0.02]274.0693695 269.06936965 268.4508795 263.4508796 255.6045125 250.604512555 260.821846 255.8218461 
-20.643208 [-3.375  0.313  0.312] [ 0.06 -0.06  0.02]274.6296315 269.62963175 267.016016 262.01601605 255.171645 250.171644799 262.2222565 257.22225665 
-20.744928 [-3.375  0.438  0.187] [ 0.07 -0.03  0.01]274.9427645 269.9427647 265.541292 260.5412922 255.0014475 250.001447463 263.6767805 258.67678065 
-20.846896 [-3.375  0.5   -0.063] [ 0.09  0.    0.  ]274.9800495 269.98004965 264.055926 259.05592575 255.116026 250.116026178 265.1559945 260.15599445 
-20.948428 [-3.375  0.5   -0.313] [ 0.09  0.05 -0.01]274.735851 269.7358509 262.589135 257.5891349 255.4990605 250.499060641 266.6306925 261.6306927 
-21.050158 [-3.375  0.5   -0.563] [ 0.09  0.09 -0.02]274.236943 269.2369432 261.170138 256.170138 256.121338 251.12133825 268.072309 263.072309 
-21.15208 [-3.375  0.5   -0.875] [ 0.09  0.14 -0.03]273.51253 268.51252995 259.8281535 254.82815357 256.953637 251.95363696 269.452393 264.45239305 
-21.254101 [-3.375  0.5   -1.125] [ 0.09  0.18 -0.04]272.5918145 267.59181445 258.5924 253.59240002 257.9667345 252.96673473 270.7424945 265.74249465 
-21.356128 [-3.375  0.5    6.687] [ 0.09  0.21 -0.05]271.504 266.504 257.492096 252.492095795 259.1314095 254.131409515 271.9141635 266.9141635 
-21.457846 [-3.375  0.5   -1.563] [ 0.09  0.25 -0.06]270.27829 265.2782899 256.5564595 251.556459325 260.4184395 255.4184393 272.9389495 267.93894945 
-21.559666 [-3.375  0.438 -1.75 ] [ 0.08  0.28 -0.07]268.9438875 263.9438874 255.814709 250.81470905 261.798602 256.79860195 274.493101 269.49310095 
-21.661492 [-3.375  0.375 -1.813] [ 0.07  0.29 -0.07]267.529996 262.5299959 255.2960635 250.296063419 263.2426755 258.24267555 274.8798395 269.87983975 
-21.764181 [-3.437  0.125 -1.813] [ 0.02  0.29 -0.08]266.0658185 261.06581865 255.029741 250.029740863 264.721438 259.721438 274.99901 269.99900985 
-21.866143 [-3.5   -0.312 -1.938] [-0.05  0.32 -0.08]264.580559 259.5805592 255.0433625 250.043362546 266.2056675 261.2056677 274.833728 269.833728 
-21.96891 [-3.562 -0.687 -2.   ] [-0.11  0.32 -0.09]263.1034445 258.1034447 255.334854 250.334854105 267.666146 262.66614625 274.405555 269.4055551 
-22.072425 [-3.625 -1.125 -2.063] [-0.18  0.33 -0.09]261.663744 256.663744 255.8758995 250.87589956 269.0736565 264.07365665 273.743654 268.74365405 
-22.175028 [-3.687 -1.375 -2.063] [-0.24  0.33 -0.09]260.2907305 255.29073025 256.63728 251.63727976 270.398982 265.39898195 272.877188 267.87718785 
-22.276907 [-4.063 -1.687 -2.063] [-0.28  0.33 -0.09]259.013677 254.013676775 257.5897755 252.589775535 271.612905 266.6129051 271.8353195 266.83531945 
-22.379881 [-4.    -1.937 -2.063] [-0.33  0.33 -0.1 ]257.8618565 252.8618567 258.7041675 253.704167735 272.686209 267.68620915 270.647212 265.6472118 
-22.483503 [-3.812 -2.187 -2.063] [-0.37  0.33 -0.1 ]256.8645435 251.86454326 259.951237 254.95123719 273.589677 268.58967705 269.342028 264.3420278 
-22.586034 [-3.812 -2.312 -2.   ] [-0.39  0.32 -0.1 ]256.0510095 251.05100965 261.301765 256.30176475 274.294092 269.29409185 267.9489305 262.94893045 
-22.687869 [-3.812 -2.437 -1.813] [-0.41  0.29 -0.09]255.450529 250.450529086 262.726531 257.72653125 274.7702365 269.7702365 266.4970825 261.4970827 
-22.790991 [-3.875 -2.5   -1.438] [-0.43  0.23 -0.07]255.092375 250.092374773 264.1963175 259.19631755 274.988894 269.98889405 265.0156475 260.01564745 
-22.894923 [-3.875 -2.5   -1.313] [-0.43  0.21 -0.07]255.005749 250.005748838 265.6819045 260.6819045 274.9245465 269.92454675 263.533799 258.53379905 
-22.997256 [-3.875 -2.5   -1.125] [-0.43  0.17 -0.06]255.2034985 250.2034985 267.1540755 262.1540754 274.5868015 269.58680165 262.080758 257.0807582 
-23.099058 [-3.875 -2.5   -0.938] [-0.43  0.14 -1.33]255.6613285 250.66132832 268.583616 263.58361595 274.004672 269.0046722 260.685758 255.6857578 
-23.200667 [-3.875 -2.5   -0.688] [-0.43  0.11 -0.04]256.3498145 251.34981448 269.941312 264.94131205 273.207376 268.20737605 259.3780305 254.37803073 
-23.302705 [-3.875 -2.5   -0.5  ] [-0.43  0.07 -0.03]257.239533 252.23953316 271.1979495 266.1979496 272.224131 267.22413105 258.18681 253.186809815 
-23.404912 [-3.875 -2.5   -0.188] [-0.43  0.03 -0.02]258.3010605 253.301060535 272.3243145 267.32431445 271.084155 266.0841548 257.141328 252.141327915 
-23.50694 [-3.875 -2.5    0.   ] [-0.43 -0.01 -0.01]259.504973 254.504972795 273.2911925 268.2911925 269.816665 264.8166651 256.270818 251.270817875 
-23.608706 [-3.875 -2.5    0.125] [-0.43 -0.03 -1.28]260.821846 255.8218461 274.0693695 269.06936965 268.4508795 263.4508796 255.6045125 250.604512555 
-23.711563 [-3.875 -2.5    0.25 ] [-0.43 -0.05  0.  ]262.2222565 257.22225665 274.6296315 269.62963175 267.016016 262.01601605 255.171645 250.171644799 
-23.815007 [-3.875 -2.375  0.312] [-0.41 -0.06  0.01]263.6767805 258.67678065 274.9427645 269.9427647 265.541292 260.5412922 255.0014475 250.001447463 
-23.917598 [-3.812 -1.875  0.437] [-0.32 -0.08  0.01]265.1559945 260.15599445 274.9800495 269.98004965 264.055926 259.05592575 255.116026 250.116026178 
-24.01962 [-3.75  -1.125  0.437] [-0.19 -0.08  0.02]266.6306925 261.6306927 274.735851 269.7358509 262.589135 257.5891349 255.4990605 250.499060641 
-24.122248 [-3.687 -0.812  0.437] [-0.13 -0.08  0.02]268.072309 263.072309 274.236943 269.2369432 261.170138 256.170138 256.121338 251.12133825 
-24.226115 [-3.687 -0.562  0.437] [-0.1  -0.08  0.02]269.452393 264.45239305 273.51253 268.51252995 259.8281535 254.82815357 256.953637 251.95363696 
-24.328716 [-3.625 -0.312  0.437] [-0.05 -0.08  0.02]270.7424945 265.74249465 272.5918145 267.59181445 258.5924 253.59240002 257.9667345 252.96673473 
-24.430686 [-3.562 -0.062  0.437] [-0.01 -0.08  0.02]271.9141635 266.9141635 271.504 266.504 257.492096 252.492095795 259.1314095 254.131409515 
-24.533049 [-3.562  0.125  0.437] [ 0.02 -0.08  0.02]272.9389495 267.93894945 270.27829 265.2782899 256.5564595 251.556459325 260.4184395 255.4184393 
-24.636738 [-3.562  0.313  0.437] [ 0.05 -0.08  0.02]274.493101 269.49310095 268.9438875 263.9438874 255.814709 250.81470905 261.798602 256.79860195 
-24.739345 [-3.5    0.5    0.375] [ 0.08 -0.07  0.02]274.8798395 269.87983975 267.529996 262.5299959 255.2960635 250.296063419 263.2426755 258.24267555 
-24.841241 [-3.5    0.563  0.187] [ 0.1  -0.04  0.01]274.99901 269.99900985 266.0658185 261.06581865 255.029741 250.029740863 264.721438 259.721438 
-24.943241 [-3.5    0.563  0.   ] [ 0.1   0.    0.01]274.833728 269.833728 264.580559 259.5805592 255.0433625 250.043362546 266.2056675 261.2056677 
-25.046469 [-3.5    0.625 -0.313] [ 0.1   0.05 -0.01]274.405555 269.4055551 263.1034445 258.1034447 255.334854 250.334854105 267.666146 262.66614625 
-25.149815 [-3.5    0.625 -0.563] [ 1.39  0.09 -0.02]273.743654 268.74365405 261.663744 256.663744 255.8758995 250.87589956 269.0736565 264.07365665 
-25.252066 [-3.5    0.625 -0.875] [ 1.39  0.13 -0.03]272.877188 267.87718785 260.2907305 255.29073025 256.63728 251.63727976 270.398982 265.39898195 
-25.353804 [-3.5    0.625 -1.   ] [ 1.39  0.16 -0.04]271.8353195 266.83531945 259.013677 254.013676775 257.5897755 252.589775535 271.612905 266.6129051 
-25.456237 [-3.5    0.625 -1.188] [ 1.39  0.2  -0.05]270.647212 265.6472118 257.8618565 252.8618567 258.7041675 253.704167735 272.686209 267.68620915 
-25.55842 [-4.25   0.625 -1.438] [ 1.39  0.23 -0.06]269.342028 264.3420278 256.8645435 251.86454326 259.951237 254.95123719 273.589677 268.58967705 
-25.660438 [-3.562  0.438 -1.625] [ 0.08  0.26 -0.07]267.9489305 262.94893045 256.0510095 251.05100965 261.301765 256.30176475 274.294092 269.29409185 
-25.762393 [-3.562  0.188 -1.75 ] [ 0.04  0.29 -0.07]266.4970825 261.4970827 255.450529 250.450529086 262.726531 257.72653125 274.7702365 269.7702365 
-25.864506 [-3.625  0.    -1.875] [ 0.    0.31 -0.08]265.0156475 260.01564745 255.092375 250.092374773 264.1963175 259.19631755 274.988894 269.98889405 
-25.966662 [-3.625 -0.312 -2.   ] [-0.05  0.32 -0.09]263.533799 258.53379905 255.005749 250.005748838 265.6819045 260.6819045 274.9245465 269.92454675 
-26.068609 [-3.687 -0.687 -2.063] [-0.12  0.34 -0.09]262.080758 257.0807582 255.2034985 250.2034985 267.1540755 262.1540754 274.5868015 269.58680165 
-26.1716 [-3.812 -1.187 -2.188] [-0.2   0.35 -0.1 ]260.685758 255.6857578 255.6613285 250.66132832 268.583616 263.58361595 274.004672 269.0046722 
-26.274313 [-3.812 -1.5   -2.188] [-0.25  0.36 -0.1 ]259.3780305 254.37803073 256.3498145 251.34981448 269.941312 264.94131205 273.207376 268.20737605 
-26.37734 [-3.875 -1.75  -2.188] [-0.3   0.36 -0.1 ]258.18681 253.186809815 257.239533 252.23953316 271.1979495 266.1979496 272.224131 267.22413105 
-26.481073 [-3.937 -2.062 -2.188] [-0.34  0.36 -0.11]257.141328 252.141327915 258.3010605 253.301060535 272.3243145 267.32431445 271.084155 266.0841548 
-26.583508 [-3.937 -2.187 -2.188] [-0.37  0.35 -0.11]256.270818 251.270817875 259.504973 254.504972795 273.2911925 268.2911925 269.816665 264.8166651 
-26.68556 [-4.    -2.312 -2.125] [-0.4   0.34 -0.1 ]255.6045125 250.604512555 260.821846 255.8218461 274.0693695 269.06936965 268.4508795 263.4508796 
-26.788196 [-4.    -2.437 -2.   ] [-0.41  0.32 -0.1 ]255.171645 250.171644799 262.2222565 257.22225665 274.6296315 269.62963175 267.016016 262.01601605 
-26.891767 [-4.    -2.437 -1.625] [-0.42  0.27 -0.08]255.0014475 250.001447463 263.6767805 258.67678065 274.9427645 269.9427647 265.541292 260.5412922 
-26.99394 [-4.    -2.437 -1.438] [-0.42  0.23 -0.07]255.116026 250.116026178 265.1559945 260.15599445 274.9800495 269.98004965 264.055926 259.05592575 
-27.096065 [-3.75  -2.437 -1.25 ] [-0.42  0.2  -0.06]255.4990605 250.499060641 266.6306925 261.6306927 274.735851 269.7358509 262.589135 257.5891349 
-27.198753 [-3.75  -2.5   -1.063] [-0.42  0.17 -0.06]256.121338 251.12133825 268.072309 263.072309 274.236943 269.2369432 261.170138 256.170138 
-27.302613 [-4.    -2.562 -0.875] [-0.43  0.14 -0.05]256.953637 251.95363696 269.452393 264.45239305 273.51253 268.51252995 259.8281535 254.82815357 
-27.405426 [-4.062 -2.562 -0.625] [-0.43  0.09 -0.04]257.9667345 252.96673473 270.7424945 265.74249465 272.5918145 267.59181445 258.5924 253.59240002 
-27.507308 [-4.062 -2.562 -0.5  ] [-0.43  0.07 -0.03]259.1314095 254.131409515 271.9141635 266.9141635 271.504 266.504 257.492096 252.492095795 
-27.609221 [-4.062 -2.562 -0.375] [-0.43  0.06 -0.03]260.4184395 255.4184393 272.9389495 267.93894945 270.27829 265.2782899 256.5564595 251.556459325 
-27.710935 [-4.062 -2.562 -0.25 ] [-0.43  0.03 -0.02]261.798602 256.79860195 274.493101 269.49310095 268.9438875 263.9438874 255.814709 250.81470905 
-27.813109 [-4.062 -2.562  0.062] [-0.43 -0.02 -0.01]263.2426755 258.24267555 274.8798395 269.87983975 267.529996 262.5299959 255.2960635 250.296063419 
-27.9157 [-4.062 -2.312  0.187] [-0.4  -0.04  0.  ]264.721438 259.721438 274.99901 269.99900985 266.0658185 261.06581865 255.029741 250.029740863 
-28.01754 [-4.    -1.812  0.25 ] [-0.31 -0.05  0.01]266.2056675 261.2056677 274.833728 269.833728 264.580559 259.5805592 255.0433625 250.043362546 
-28.119252 [-3.875 -1.187  8.312] [-0.2  -0.06  0.02]267.666146 262.66614625 274.405555 269.4055551 263.1034445 258.1034447 255.334854 250.334854105 
-28.221268 [-3.875 -0.812  0.312] [-0.14 -0.06  0.02]269.0736565 264.07365665 273.743654 268.74365405 261.663744 256.663744 255.8758995 250.87589956 
-28.323254 [-3.812 -0.687  0.312] [-0.12 -0.06  0.02]270.398982 265.39898195 272.877188 267.87718785 260.2907305 255.29073025 256.63728 251.63727976 
-28.426114 [-3.812 -0.625  0.312] [-0.1  -0.06  0.02]271.612905 266.6129051 271.8353195 266.83531945 259.013677 254.013676775 257.5897755 252.589775535 
-28.52789 [-3.75  -0.187  0.312] [-0.03 -0.06  0.02]272.686209 267.68620915 270.647212 265.6472118 257.8618565 252.8618567 258.7041675 253.704167735 
-28.630162 [-3.75   0.063  0.312] [ 0.02 -0.06  0.02]273.589677 268.58967705 269.342028 264.3420278 256.8645435 251.86454326 259.951237 254.95123719 
-28.733825 [-3.687  0.25   0.312] [ 0.05 -0.06  0.02]274.294092 269.29409185 267.9489305 262.94893045 256.0510095 251.05100965 261.301765 256.30176475 
-28.836716 [-3.687  0.375  0.187] [ 0.07 -0.04  0.01]274.7702365 269.7702365 266.4970825 261.4970827 255.450529 250.450529086 262.726531 257.72653125 
-28.93845 [-3.687  0.5    0.   ] [ 0.08 -0.01  0.01]274.988894 269.98889405 265.0156475 260.01564745 255.092375 250.092374773 264.1963175 259.19631755 
-29.040681 [-3.687  0.5   -0.188] [ 0.09  0.03  0.  ]274.9245465 269.92454675 263.533799 258.53379905 255.005749 250.005748838 265.6819045 260.6819045 
-29.144047 [-3.687  0.5   -0.438] [ 0.09  0.07 -0.01]274.5868015 269.58680165 262.080758 257.0807582 255.2034985 250.2034985 267.1540755 262.1540754 
-29.247022 [-3.687  0.5   -0.688] [ 0.09  0.11 -0.02]274.004672 269.0046722 260.685758 255.6857578 255.6613285 250.66132832 268.583616 263.58361595 
-29.348733 [-3.687  0.5   -1.   ] [ 0.09  0.16 -0.04]273.207376 268.20737605 259.3780305 254.37803073 256.3498145 251.34981448 269.941312 264.94131205 
-29.450506 [-3.687  0.5   -1.188] [ 0.09  0.19 -0.05]272.224131 267.22413105 258.18681 253.186809815 257.239533 252.23953316 271.1979495 266.1979496 
-29.554101 [-3.687  0.5   -1.438] [ 0.09  0.23 -0.06]271.084155 266.0841548 257.141328 252.141327915 258.3010605 253.301060535 272.3243145 267.32431445 
-29.657474 [-3.687  0.5   -1.688] [ 0.09  0.27 -0.07]269.816665 264.8166651 256.270818 251.270817875 259.504973 254.504972795 273.2911925 268.2911925 
-29.759661 [-3.687  0.375 -1.875] [ 0.07  0.3  -0.08]268.4508795 263.4508796 255.6045125 250.604512555 260.821846 255.8218461 274.0693695 269.06936965 
-29.86147 [-3.687  0.25  -2.   ] [ 0.05  0.32 -0.08]267.016016 262.01601605 255.171645 250.171644799 262.2222565 257.22225665 274.6296315 269.62963175 
-29.963184 [ -1.69175000e+03   6.30000000e-02  -2.12500000e+00] [ 0.02  0.34 -0.09]265.541292 260.5412922 255.0014475 250.001447463 263.6767805 258.67678065 274.9427645 269.9427647 
-30.064645 [-3.812 -0.25  -2.188] [-0.04  0.35 -0.09]264.055926 259.05592575 255.116026 250.116026178 265.1559945 260.15599445 274.9800495 269.98004965 
-30.165999 [-3.875 -0.562 -2.188] [-0.1   0.36 -0.1 ]262.589135 257.5891349 255.4990605 250.499060641 266.6306925 261.6306927 274.735851 269.7358509 
-30.267709 [-3.937 -1.062 -2.25 ] [-0.17  0.36 -0.1 ]261.170138 256.170138 256.121338 251.12133825 268.072309 263.072309 274.236943 269.2369432 
-30.369255 [-4.    -1.375 -2.313] [-0.23  0.37 -0.1 ]259.8281535 254.82815357 256.953637 251.95363696 269.452393 264.45239305 273.51253 268.51252995 
-30.470542 [-4.    -1.625 -2.313] [-0.28  0.37 -0.11]258.5924 253.59240002 257.9667345 252.96673473 270.7424945 265.74249465 272.5918145 267.59181445 
-30.572277 [-4.062 -1.937 -2.313] [-0.33  0.37 -0.11]257.492096 252.492095795 259.1314095 254.131409515 271.9141635 266.9141635 271.504 266.504 
-30.673751 [-4.125 -2.187 -2.313] [-0.37  0.37 -0.11]256.5564595 251.556459325 260.4184395 255.4184393 272.9389495 267.93894945 270.27829 265.2782899 
-30.775483 [-4.125 -2.312 -2.25 ] [-0.39  0.36 -0.11]255.814709 250.81470905 261.798602 256.79860195 274.493101 269.49310095 268.9438875 263.9438874 
-30.877704 [-4.125 -2.5   -2.   ] [-0.42  0.33 -0.1 ]255.2960635 250.296063419 263.2426755 258.24267555 274.8798395 269.87983975 267.529996 262.5299959 
-30.979964 [-4.187 -2.562 -1.688] [-0.43  0.27 -0.08]255.029741 250.029740863 264.721438 259.721438 274.99901 269.99900985 266.0658185 261.06581865 
-31.081694 [-4.187 -2.562 -1.438] [-0.43  0.23 -0.07]255.0433625 250.043362546 266.2056675 261.2056677 274.833728 269.833728 264.580559 259.5805592 
-31.183178 [-4.187 -2.562 -1.25 ] [-0.43  0.2  -0.06]255.334854 250.334854105 267.666146 262.66614625 274.405555 269.4055551 263.1034445 258.1034447 
-31.286362 [-4.187 -2.562 -1.063] [-0.43  0.17 -0.06]255.8758995 250.87589956 269.0736565 264.07365665 273.743654 268.74365405 261.663744 256.663744 
-31.389756 [-4.187 -2.562 -0.875] [-0.43  0.14 -0.05]256.63728 251.63727976 270.398982 265.39898195 272.877188 267.87718785 260.2907305 255.29073025 
-31.49179 [-4.187 -2.562 -0.688] [-0.43  0.11 -0.04]257.5897755 252.589775535 271.612905 266.6129051 271.8353195 266.83531945 259.013677 254.013676775 
-31.593497 [-4.187 -2.562 -0.5  ] [-0.43  0.07 -0.03]258.7041675 253.704167735 272.686209 267.68620915 270.647212 265.6472118 257.8618565 252.8618567 
-31.695451 [-4.187 -2.562 -0.375] [-0.43  0.05 -0.02]259.951237 254.95123719 273.589677 268.58967705 269.342028 264.3420278 256.8645435 251.86454326 
-31.798447 [-3.563 -2.562 -0.125] [-0.43  0.01 -0.01]261.301765 256.30176475 274.294092 269.29409185 267.9489305 262.94893045 256.0510095 251.05100965 
-31.900929 [-4.187 -2.5    0.062] [-0.43 -0.01 -0.01]262.726531 257.72653125 274.7702365 269.7702365 266.4970825 261.4970827 255.450529 250.450529086 
-32.003007 [-4.187 -2.187  0.187] [-0.37 -0.04  0.  ]264.1963175 259.19631755 274.988894 269.98889405 265.0156475 260.01564745 255.092375 250.092374773 
-32.104494 [-4.125 -1.625  0.312] [-0.27 -0.06  0.01]265.6819045 260.6819045 274.9245465 269.92454675 263.533799 258.53379905 255.005749 250.005748838 
-32.206349 [-4.    -1.062  0.375] [-0.18 -0.06  0.02]267.1540755 262.1540754 274.5868015 269.58680165 262.080758 257.0807582 255.2034985 250.2034985 
-32.309609 [-4.    -0.75   0.375] [-0.13 -0.07  0.02]268.583616 263.58361595 274.004672 269.0046722 260.685758 255.6857578 255.6613285 250.66132832 
-32.412464 [-4.    -0.562  0.375] [-0.09 -0.07  0.02]269.941312 264.94131205 273.207376 268.20737605 259.3780305 254.37803073 256.3498145 251.34981448 
-32.514483 [-3.937 -0.375  0.375] [-0.06 -0.07  0.02]271.1979495 266.1979496 272.224131 267.22413105 258.18681 253.186809815 257.239533 252.23953316 
-32.616068 [-3.937 -0.187  0.375] [-0.03 -0.07  0.02]272.3243145 267.32431445 271.084155 266.0841548 257.141328 252.141327915 258.3010605 253.301060535 
-32.717493 [-3.875  0.125  0.375] [ 0.02 -0.07  0.02]273.2911925 268.2911925 269.816665 264.8166651 256.270818 251.270817875 259.504973 254.504972795 
-32.819025 [-3.875  0.25   0.375] [ 0.05 -0.07  0.02]274.0693695 269.06936965 268.4508795 263.4508796 255.6045125 250.604512555 260.821846 255.8218461 
-32.920966 [-3.875  0.375  0.312] [ 0.07 -0.06  0.02]274.6296315 269.62963175 267.016016 262.01601605 255.171645 250.171644799 262.2222565 257.22225665 
-33.022998 [-3.875  0.438  0.187] [ 0.08 -0.04  0.01]274.9427645 269.9427647 265.541292 260.5412922 255.0014475 250.001447463 263.6767805 258.67678065 
-33.124947 [-3.875  0.5   -0.063] [ 0.08  0.    0.  ]274.9800495 269.98004965 264.055926 259.05592575 255.116026 250.116026178 265.1559945 260.15599445 
-33.226351 [-3.875  0.5   -0.313] [ 0.08  0.05 -0.01]274.735851 269.7358509 262.589135 257.5891349 255.4990605 250.499060641 266.6306925 261.6306927 
-33.327888 [-3.875  0.5   -0.563] [ 0.08  0.09 -0.02]274.236943 269.2369432 261.170138 256.170138 256.121338 251.12133825 268.072309 263.072309 
-33.429298 [-3.875  0.5   -0.813] [ 0.09  0.13 -0.03]273.51253 268.51252995 259.8281535 254.82815357 256.953637 251.95363696 269.452393 264.45239305 
-33.531127 [-3.875  0.5   -1.063] [ 0.09  0.17 -0.04]272.5918145 267.59181445 258.5924 253.59240002 257.9667345 252.96673473 270.7424945 265.74249465 
-33.633409 [-3.875  0.5   -1.313] [ 0.09  0.2  -0.05]271.504 266.504 257.492096 252.492095795 259.1314095 254.131409515 271.9141635 266.9141635 
-33.735526 [-3.875  0.5   -1.563] [ 0.08  0.25 -0.06]270.27829 265.2782899 256.5564595 251.556459325 260.4184395 255.4184393 272.9389495 267.93894945 
-33.837174 [-3.875  0.438 -1.688] [ 0.07  0.28 -0.07]268.9438875 263.9438874 255.814709 250.81470905 261.798602 256.79860195 274.493101 269.49310095 
-33.939544 [-3.875  0.25  -1.813] [ 0.05  0.29 -0.08]267.529996 262.5299959 255.2960635 250.296063419 263.2426755 258.24267555 274.8798395 269.87983975 
-34.042816 [-3.937 -0.062 -1.938] [ 0.    0.32 -0.08]266.0658185 261.06581865 255.029741 250.029740863 264.721438 259.721438 274.99901 269.99900985 
-34.145475 [-4.    -0.437 -2.   ] [-0.07  0.33 -0.09]264.580559 259.5805592 255.0433625 250.043362546 266.2056675 261.2056677 274.833728 269.833728 
-34.24725 [-4.062 -0.812 -2.125] [-0.14  0.34 -0.09]263.1034445 258.1034447 255.334854 250.334854105 267.666146 262.66614625 274.405555 269.4055551 
-34.34868 [-4.125 -1.187 -2.188] [-0.21  0.35 -0.1 ]261.663744 256.663744 255.8758995 250.87589956 269.0736565 264.07365665 273.743654 268.74365405 
-34.451335 [-4.187 -1.5   -2.188] [-0.26  0.35 -0.1 ]260.2907305 255.29073025 256.63728 251.63727976 270.398982 265.39898195 272.877188 267.87718785 
-34.554654 [-4.187 -1.75  -2.188] [-0.29  0.35 -0.1 ]259.013677 254.013676775 257.5897755 252.589775535 271.612905 266.6129051 271.8353195 266.83531945 
-34.656951 [-4.25  -2.    -2.188] [-0.34  0.35 -0.1 ]257.8618565 252.8618567 258.7041675 253.704167735 272.686209 267.68620915 270.647212 265.6472118 
-34.758621 [-4.25  -2.25  -2.188] [-0.38  0.35 -0.11]256.8645435 251.86454326 259.951237 254.95123719 273.589677 268.58967705 269.342028 264.3420278 
-34.860695 [-4.312 -2.375 -2.125] [-0.4   0.34 -0.1 ]256.0510095 251.05100965 261.301765 256.30176475 274.294092 269.29409185 267.9489305 262.94893045 
-34.963749 [-3.438 -2.5   -1.938] [-0.42  0.31 -0.1 ]255.450529 250.450529086 262.726531 257.72653125 274.7702365 269.7702365 266.4970825 261.4970827 
-35.066769 [-4.312 -2.562 -1.625] [-0.43  0.27 -0.08]255.092375 250.092374773 264.1963175 259.19631755 274.988894 269.98889405 265.0156475 260.01564745 
-35.168843 [-4.375 -2.562 -1.375] [-0.43  0.22 -0.07]255.005749 250.005748838 265.6819045 260.6819045 274.9245465 269.92454675 263.533799 258.53379905 
-35.270335 [-4.375 -2.562 -1.25 ] [-0.44  0.19 -0.06]255.2034985 250.2034985 267.1540755 262.1540754 274.5868015 269.58680165 262.080758 257.0807582 
-35.372156 [-4.375 -2.562 -1.063] [-0.44  0.16 -0.06]255.6613285 250.66132832 268.583616 263.58361595 274.004672 269.0046722 260.685758 255.6857578 
-35.473722 [-4.375 -2.562 -0.813] [-0.44  0.12 -0.04]256.3498145 251.34981448 269.941312 264.94131205 273.207376 268.20737605 259.3780305 254.37803073 
-35.575226 [-4.375 -2.562 -0.563] [-0.44  0.08 -0.03]257.239533 252.23953316 271.1979495 266.1979496 272.224131 267.22413105 258.18681 253.186809815 
-35.676623 [-3.375 -2.562 -0.438] [-0.44  0.07 -0.03]258.3010605 253.301060535 272.3243145 267.32431445 271.084155 266.0841548 257.141328 252.141327915 
-35.77816 [-4.375 -2.562 -0.375] [-0.44  0.05 -0.02]259.504973 254.504972795 273.2911925 268.2911925 269.816665 264.8166651 256.270818 251.270817875 
-35.879968 [-4.375 -2.625 -0.063] [-0.44  0.   -0.01]260.821846 255.8218461 274.0693695 269.06936965 268.4508795 263.4508796 255.6045125 250.604512555 
-35.981311 [-4.375 -2.562  0.125] [-0.44 -0.03  0.  ]262.2222565 257.22225665 274.6296315 269.62963175 267.016016 262.01601605 255.171645 250.171644799 
-36.082918 [-4.375 -2.437  0.187] [-0.41 -0.04  0.  ]263.6767805 258.67678065 274.9427645 269.9427647 265.541292 260.5412922 255.0014475 250.001447463 
-36.184436 [-4.312 -1.875  0.25 ] [-0.32 -0.05  0.01]265.1559945 260.15599445 274.9800495 269.98004965 264.055926 259.05592575 255.116026 250.116026178 
-36.286025 [-4.187 -1.187  0.375] [-0.2  -0.07  0.02]266.6306925 261.6306927 274.735851 269.7358509 262.589135 257.5891349 255.4990605 250.499060641 
-36.387954 [-3.563 -0.875  0.375] [-0.14 -0.07  0.02]268.072309 263.072309 274.236943 269.2369432 261.170138 256.170138 256.121338 251.12133825 
-36.489859 [-4.125 -0.75   0.375] [-0.12 -0.07  0.02]269.452393 264.45239305 273.51253 268.51252995 259.8281535 254.82815357 256.953637 251.95363696 
-36.592065 [-4.125 -0.437  0.375] [-0.07 -0.07  0.02]270.7424945 265.74249465 272.5918145 267.59181445 258.5924 253.59240002 257.9667345 252.96673473 
-36.69464 [-4.125 -0.312  0.375] [-0.05 -0.07  0.02]271.9141635 266.9141635 271.504 266.504 257.492096 252.492095795 259.1314095 254.131409515 
-36.798101 [-4.062 -0.062  0.375] [-0.01 -0.07  0.02]272.9389495 267.93894945 270.27829 265.2782899 256.5564595 251.556459325 260.4184395 255.4184393 
