0.075223 [ 6.125 -0.875 -6.625] [-0.15  1.13  9.73] 254.468829 348.01389875 326.258887 333.6342263 283.458652 285.61639605 282.607286 366.30383685 
0.17873 [ 6.125 -0.875 -6.625] [-0.15  1.13  9.73] 251.506528 340.62246235 325.681483 333.5073077 289.481603 285.8335218 276.043634 366.27113545 
0.28231 [ 6.125 -0.875 -6.625] [-0.15  1.13  9.73] 249.897424 332.70183735 324.119412 334.5080124 294.836015 288.3131932 269.760425 364.171876 
0.384414 [ 6.125 -0.875 -6.625] [-0.15  1.13  9.73] 249.853332 324.55680365 321.442011 337.06343775 299.455533 292.8203123 263.969069 360.30385675 
0.486999 [ 6.125 -0.875 -6.625] [-0.15  1.13  9.73] 251.554149 316.49063005 317.700422 341.0302581 303.437219 298.80212585 258.881373 354.9718875 
0.590584 [ 6.125 -0.875 -6.625] [-0.15  1.13  9.73] 254.857854 308.791303 313.058971 345.9100278 306.881122 305.70006045 254.709143 348.4807769 
0.693829 [ 6.125 -0.875 -6.625] [-0.15  1.13  9.73] 259.435902 301.7379551 307.683694 351.19893645 309.887295 312.955545 251.664188 341.13533705 
0.79578 [ 6.125 -0.875 -6.625] [-0.15  1.13  9.73] 264.957466 295.60960855 301.740629 356.3931725 312.555789 320.01000725 249.958313 333.24037775 
0.897964 [ 6.125 -0.875 -6.625] [-0.15  1.13  9.73] 271.091716 290.68528785 295.395811 360.9889267 314.986656 326.30487495 249.803327 325.1007088 
1.000138 [ 6.125 -0.875 -6.625] [-0.15  1.13  9.73] 277.507826 287.24401865 288.815277 364.48238635 317.279948 331.28157585 251.387327 317.020013 
1.10379 [ 6.125 -0.875 -6.625] [-0.15  1.13  9.73] 283.874966 285.56482315 282.165064 366.36974335 319.523512 334.43275755 254.594325 309.28751535 
1.205987 [ 6.125 -0.875 -6.625] [-0.15  1.13  9.73] 289.86231 285.92672585 275.613751 366.1921017 321.663328 335.84646865 259.097713 302.18242895 
1.308336 [ 1.875 -0.875 -6.625] [-0.15  1.13  9.73] 295.165832 288.5566436 269.356789 363.9652463 323.553847 335.99488765 264.566666 295.9837622 
1.412324 [ 6.125 -0.875 -6.625] [-0.15  1.13  9.73] 299.739712 293.17955735 263.605773 359.99007235 325.047996 335.35659855 270.670358 290.9705281 
1.515182 [  6.12500000e+00  -8.75000000e-01   2.04137500e+03] [-0.15  1.13  9.73] 303.682427 299.23993315 258.572515 354.5713632 325.998701 334.4101842 277.077962 287.42173505 
1.616893 [ 1.875 -0.875 -6.625] [-0.15  1.13  9.73] 307.09403 306.17917575 254.468829 348.01389875 326.258887 333.6342263 283.458652 285.61639605 
1.719494 [ 6.125 -0.875 -6.625] [-0.15  1.13  9.73] 310.074575 313.43868875 251.506528 340.62246235 325.681483 333.5073077 289.481603 285.8335218 
1.823203 [ 6.125 -0.875 -6.625] [-0.15  1.13  9.73] 312.724114 320.45987575 249.897424 332.70183735 324.119412 334.5080124 294.836015 288.3131932 
1.925736 [ 6.125 -0.875 -6.625] [-0.15  1.13  9.73] 315.142701 326.6841415 249.853332 324.55680365 321.442011 337.06343775 299.455533 292.8203123 
2.027492 [ 6.125 -0.875 -6.625] [-0.15  1.13  9.73] 317.430389 331.5528873 251.554149 316.49063005 317.700422 341.0302581 303.437219 298.80212585 
2.130073 [ 6.125 -0.875 -6.625] [-0.15  1.13  9.73] 319.670988 334.57569565 254.857854 308.791303 313.058971 345.9100278 306.881122 305.70006045 
2.233843 [ 6.125 -0.875 -6.625] [-0.15  1.13  9.73] 321.798784 335.88973165 259.435902 301.7379551 307.683694 351.19893645 309.887295 312.955545 
2.336629 [ 6.125 -0.875 -6.625] [-0.15  1.13  9.73] 323.667479 335.97038345 264.957466 295.60960855 301.740629 356.3931725 312.555789 320.01000725 
2.438555 [ 6.125 -0.875 -6.625] [-0.15  1.13  9.73] 325.129993 335.29632015 271.091716 290.68528785 295.395811 360.9889267 314.986656 326.30487495 
2.541247 [ 6.125 -0.875 -6.625] [-0.15  1.13  9.73] 326.03925 334.34620625 277.507826 287.24401865 288.815277 364.48238635 317.279948 331.28157585 
2.644882 [ 6.125 -0.875 -6.625] [-0.15  1.13  9.73] 326.248168 333.598712 283.874966 285.56482315 282.165064 366.36974335 319.523512 334.43275755 
2.747477 [ 6.125 -0.875 -6.625] [-0.15  1.13  9.73] 325.609671 333.53250305 289.86231 285.92672585 275.613751 366.1921017 321.663328 335.84646865 
2.849262 [ 6.125 -0.875 -6.625] [-0.15  1.13  9.73] 323.976678 334.6262485 295.165832 288.5566436 269.356789 363.9652463 323.553847 335.99488765 
2.951414 [ 6.125 -0.875 -6.625] [-0.15  1.13  9.73] 321.223837 337.2904282 299.739712 293.17955735 263.605773 359.99007235 325.047996 335.35659855 
3.05403 [ 6.125 -0.875 -6.625] [-0.15  1.13  9.73] 317.416997 341.3354152 303.682427 299.23993315 258.572515 354.5713632 325.998701 334.4101842 
3.157085 [ 6.125 -0.875 -6.625] [-0.15  1.13  9.73] 312.721366 346.25974625 307.09403 306.17917575 254.468829 348.01389875 326.258887 333.6342263 
3.258851 [ 6.125 -0.875 -6.625] [-0.15  1.13  9.73] 307.302998 351.55929585 310.074575 313.43868875 251.506528 340.62246235 325.681483 333.5073077 
3.360905 [ 6.125 -0.875 -6.625] [-0.15  1.13  9.73] 301.327947 356.72993735 312.724114 320.45987575 249.897424 332.70183735 324.119412 334.5080124 
3.464345 [ 1.875 -0.875 -6.625] [-0.15  1.13  9.73] 294.962269 361.2675464 315.142701 326.6841415 249.853332 324.55680365 321.442011 337.06343775 
3.567772 [ 6.125 -0.875 -6.625] [-0.15  1.13  9.73] 288.372017 364.66799635 317.430389 331.5528873 251.554149 316.49063005 317.700422 341.0302581 
3.669636 [ 6.125 -0.875 -6.625] [-0.15  1.13  9.73] 281.723246 366.4271617 319.670988 334.57569565 254.857854 308.791303 313.058971 345.9100278 
3.771817 [ 6.125 -0.875 -6.625] [-0.15  1.13  9.73] 275.185354 366.10018565 321.798784 335.88973165 259.435902 301.7379551 307.683694 351.19893645 
3.875494 [ 6.125 -0.875 -6.625] [-0.15  1.13  9.73] 268.955884 363.7412033 323.667479 335.97038345 264.957466 295.60960855 301.740629 356.3931725 
3.978578 [ 6.125 -0.875 -6.625] [-0.15  1.13  9.73] 263.246474 359.65430685 325.129993 335.29632015 271.091716 290.68528785 295.395811 360.9889267 
4.080344 [ 6.125 -0.875 -6.625] [-0.15  1.13  9.73] 258.268871 354.1454515 326.03925 334.34620625 277.507826 287.24401865 288.815277 364.48238635 
4.182569 [ 1.875 -0.875 -6.625] [-0.15  1.13  9.73] 254.234821 347.52059705 326.248168 333.598712 283.874966 285.56482315 282.165064 366.36974335 
4.286013 [ 1.875 -0.875 -6.625] [-0.15  1.13  9.73] 251.356068 340.08569985 325.609671 333.53250305 289.86231 285.92672585 275.613751 366.1921017 
4.38913 [ 6.125 -0.875 -6.625] [-0.15  1.13  9.73] 249.844358 332.1467174 323.976678 334.6262485 295.165832 288.5566436 269.356789 363.9652463 
4.490833 [ 6.125 -0.875 -6.625] [-0.15  1.13  9.73] 249.911438 324.0096072 321.223837 337.2904282 299.739712 293.17955735 263.605773 359.99007235 
4.592889 [ 6.125 -0.875 -6.625] [-0.15  1.13  9.73] 251.727248 315.9779129 317.416997 341.3354152 303.682427 299.23993315 258.572515 354.5713632 
4.69643 [ 6.125 -0.875 -6.625] [-0.15  1.13  9.73] 255.124891 308.33572475 312.721366 346.25974625 307.09403 306.17917575 254.468829 348.01389875 
4.799801 [ 6.125 -0.875 -6.625] [-0.15  1.13  9.73] 259.774844 301.35774095 307.302998 351.55929585 310.074575 313.43868875 251.506528 340.62246235 
4.901683 [ 6.125 -0.875 -6.625] [-0.15  1.13  9.73] 265.346531 295.3185999 301.327947 356.72993735 312.724114 320.45987575 249.897424 332.70183735 
5.00368 [ 6.125 -0.875 -6.625] [-0.15  1.13  9.73] 271.509377 290.49294 294.962269 361.2675464 315.142701 326.6841415 249.853332 324.55680365 
5.105704 [ 1.875 -0.875 -6.625] [-0.15  1.13  9.73] 277.932806 287.1553985 288.372017 364.66799635 317.430389 331.5528873 251.554149 316.49063005 
5.208409 [ 6.125 -0.875 -6.625] [-0.15  1.13  9.73] 284.286242 285.58061495 281.723246 366.4271617 319.670988 334.57569565 254.857854 308.791303 
5.311133 [ 6.125 -0.875 -6.625] [-0.15  1.13  9.73] 290.239112 286.04322545 275.185354 366.10018565 321.798784 335.88973165 259.435902 301.7379551 
5.413266 [ 6.125 -0.875 -6.625] [ -1.50000000e-01  -3.26550000e+02   9.73000000e+00] 295.495702 288.7515916 268.955884 363.7412033 323.667479 335.97038345 264.957466 295.60960855 
5.515977 [ 6.125 -0.875 -6.625] [-0.15  1.13  9.73] 300.029288 293.40270565 263.246474 359.65430685 325.129993 335.29632015 271.091716 290.68528785 
5.619697 [ 6.125 -0.875 -6.625] [-0.15  1.13  9.73] 303.938287 299.45566165 258.268871 354.1454515 326.03925 334.34620625 277.507826 287.24401865 
5.722002 [ 6.125 -0.875 -6.625] [-0.15  1.13  9.73] 307.321807 306.36823115 254.234821 347.52059705 326.248168 333.598712 283.874966 285.56482315 
5.824069 [ 6.125 -0.875 -6.625] [-0.15  1.13  9.73] 310.27896 313.59818685 251.356068 340.08569985 325.609671 333.53250305 289.86231 285.92672585 
5.927129 [ 6.125 -0.875 -6.625] [-0.15  1.13  9.73] 312.908856 320.6033003 249.844358 332.1467174 323.976678 334.6262485 295.165832 288.5566436 
6.030617 [ 6.125 -0.875 -6.625] [-0.15  2.41  9.73] 315.310606 326.8413442 249.911438 324.0096072 321.223837 337.2904282 299.739712 293.17955735 
6.133158 [ 6.125 -0.875 -6.625] [-0.15  1.13  9.73] 317.583319 331.7700901 251.727248 315.9779129 317.416997 341.3354152 303.682427 299.23993315 
6.23545 [ 6.125 -0.875 -6.625] [-0.15  1.13  9.73] 319.374946 334.284595 255.124891 308.33572475 312.721366 346.25974625 307.09403 306.17917575 
6.338865 [ 1.875 -0.875 -6.625] [-0.15  1.13  9.73] 321.525449 335.80269735 259.774844 301.35774095 307.302998 351.55929585 310.074575 313.43868875 
6.442157 [ 6.125 -0.875 -6.625] [-0.15  1.13  9.73] 323.436861 336.0218793 265.346531 295.3185999 301.327947 356.72993735 312.724114 320.45987575 
6.544054 [ 6.125 -0.875 -6.625] [-0.15  1.13  9.73] 324.962024 335.42109055 271.509377 290.49294 294.962269 361.2675464 315.142701 326.6841415 
6.646634 [ 6.125 -0.875 -6.625] [-0.15  1.13  9.73] 325.953778 334.47927965 277.932806 287.1553985 288.372017 364.66799635 317.430389 331.5528873 
6.750369 [ 6.125 -0.875 -6.625] [-0.15  1.13  9.73] 326.264964 333.67539745 284.286242 285.58061495 281.723246 366.4271617 319.670988 334.57569565 
6.853323 [ 6.125 -0.875 -6.625] [-0.15  1.13  9.73] 325.748422 333.4883925 290.239112 286.04322545 275.185354 366.10018565 321.798784 335.88973165 
6.955391 [ 6.125 -0.875 -6.625] [-0.15  1.13  9.73] 324.256995 334.39721565 295.495702 288.7515916 268.955884 363.7412033 323.667479 335.97038345 
7.057539 [ 6.125 -0.875 -6.625] [-0.15  1.13  9.73] 321.655566 336.84302185 300.029288 293.40270565 263.246474 359.65430685 325.129993 335.29632015 
7.159877 [ 6.125 -0.875 -6.625] [-0.15  1.13  9.73] 317.980058 340.7302645 303.938287 299.45566165 258.268871 354.1454515 326.03925 334.34620625 
7.262996 [ 6.125 -0.875 -6.625] [-0.15  1.13  9.73] 313.393511 345.56450455 307.321807 306.36823115 254.234821 347.52059705 326.248168 333.598712 
7.36525 [ 6.125 -0.875 -6.625] [-0.15  1.13  9.73] 308.061986 350.8418327 310.27896 313.59818685 251.356068 340.08569985 325.609671 333.53250305 
7.467937 [ 6.125 -0.875 -6.625] [-0.15  1.13  9.73] 302.151542 356.0583385 312.908856 320.6033003 249.844358 332.1467174 323.976678 334.6262485 
7.571761 [ 6.125 -0.875 -6.625] [-0.15  1.13  9.73] 295.828238 360.71011495 315.310606 326.8413442 249.911438 324.0096072 321.223837 337.2904282 
7.674577 [ 6.125 -0.875 -6.625] [-0.15  1.13  9.73] 289.258133 364.29325045 317.583319 331.7700901 251.727248 315.9779129 317.416997 341.3354152 
7.776565 [ 6.25   0.563 -6.312] [ 1.38  1.08  9.74] 282.607286 366.30383685 319.374946 334.284595 255.124891 308.33572475 312.721366 346.25974625 
7.879143 [ 6.188  1.125 -5.812] [ 1.48  1.    9.75] 276.043634 366.27113545 321.525449 335.80269735 259.774844 301.35774095 307.302998 351.55929585 
7.982857 [ 6.063 -0.062 -5.25 ] [ 0.    0.91  9.76] 269.760425 364.171876 323.436861 336.0218793 265.346531 295.3185999 301.327947 356.72993735 
8.085714 [ 5.938 -1.187 -4.875] [-0.2   0.83  9.76] 263.969069 360.30385675 324.962024 335.42109055 271.509377 290.49294 294.962269 361.2675464 
8.187725 [ 5.813 -2.312 -4.75 ] [-0.39  0.81  9.76] 258.881373 354.9718875 325.953778 334.47927965 277.932806 287.1553985 288.372017 364.66799635 
8.290376 [ 5.563 -4.125 -4.187] [-0.71  0.71  9.75] 254.709143 348.4807769 326.264964 333.67539745 284.286242 285.58061495 281.723246 366.4271617 
8.394101 [ 5.188 -6.75  -2.   ] [-1.13  0.37  9.73] 251.664188 341.13533705 325.748422 333.4883925 290.239112 286.04322545 275.185354 366.10018565 
8.49659 [ 4.813 -9.187  0.063] [-0.29 -0.01  9.67] 249.958313 333.24037775 324.256995 334.39721565 295.495702 288.7515916 268.955884 363.7412033 
8.598406 [  4.375 -11.375   2.313] [-0.65 -0.39  9.6 ] 249.803327 325.1007088 321.655566 336.84302185 300.029288 293.40270565 263.246474 359.65430685 
8.701276 [  4.563 -11.687   1.313] [-0.71 -0.22  9.59] 251.387327 317.020013 317.980058 340.7302645 303.938287 299.45566165 258.268871 354.1454515 
8.805128 [  4.563 -11.5     1.   ] [-1.96 -0.18  9.6 ] 254.594325 309.28751535 313.393511 345.56450455 307.321807 306.36823115 254.234821 347.52059705 
8.907783 [  4.438 -11.625   0.75 ] [-0.7  -0.12  9.6 ] 259.097713 302.18242895 308.061986 350.8418327 310.27896 313.59818685 251.356068 340.08569985 
9.009759 [  4.25  -10.187   0.438] [-0.45 -0.08  9.65] 264.566666 295.9837622 302.151542 356.0583385 312.908856 320.6033003 249.844358 332.1467174 
9.111735 [ 4.125 -7.812  0.   ] [-0.05  0.    9.71] 270.670358 290.9705281 295.828238 360.71011495 315.310606 326.8413442 249.911438 324.0096072 
9.213547 [ 4.063 -6.5   -0.437] [-1.11  0.07  9.74] 277.077962 287.42173505 289.258133 364.29325045 317.583319 331.7700901 251.727248 315.9779129 
9.315754 [ 4.    -5.187 -1.   ] [-0.91  0.17  9.76] 283.458652 285.61639605 282.607286 366.30383685 319.374946 334.284595 255.124891 308.33572475 
9.417855 [ 4.    -4.625 -1.875] [-0.8   0.32  9.76] 289.481603 285.8335218 276.043634 366.27113545 321.525449 335.80269735 259.774844 301.35774095 
9.519768 [ 3.938 -4.25  -3.562] [-0.73  0.61  9.75] 294.836015 288.3131932 269.760425 364.171876 323.436861 336.0218793 265.346531 295.3185999 
9.621543 [ 3.875 -4.    -6.062] [-0.68  1.03  9.72] 299.455533 292.8203123 263.969069 360.30385675 324.962024 335.42109055 271.509377 290.49294 
9.723331 [ 3.75  -3.875 -8.875] [-0.66  1.51  9.66] 303.437219 298.80212585 258.881373 354.9718875 325.953778 334.47927965 277.932806 287.1553985 
9.825305 [  4.312  -3.562 -11.187] [-0.61  1.9   9.6 ] 306.881122 305.70006045 254.709143 348.4807769 326.264964 333.67539745 284.286242 285.58061495 
9.928101 [  3.625  -3.062 -14.437] [-0.53  2.44  9.48] 309.887295 312.955545 251.664188 341.13533705 325.748422 333.4883925 290.239112 286.04322545 
10.030253 [  3.375  -2.875 -19.375] [-0.5   3.25  9.23] 312.555789 320.01000725 249.958313 333.24037775 324.256995 334.39721565 295.495702 288.7515916 
10.133388 [  2.875  -3.812 -22.562] [-0.66  3.75  9.03] 314.986656 326.30487495 249.803327 325.1007088 321.655566 336.84302185 300.029288 293.40270565 
10.237088 [  3.25   -2.375 -22.812] [-0.45  3.8   9.02] 317.279948 331.28157585 251.387327 317.020013 317.980058 340.7302645 303.938287 299.45566165 
10.339365 [  3.875   0.    -22.375] [ 1.28  3.73  9.06] 319.523512 334.43275755 254.594325 309.28751535 313.393511 345.56450455 307.321807 306.36823115 
10.441188 [  4.063   1.063 -21.25 ] [ 1.47  3.55  9.13] 321.663328 335.84646865 259.097713 302.18242895 308.061986 350.8418327 310.27896 313.59818685 
10.544256 [  4.      1.813 -18.187] [ 0.31  3.06  9.31] 323.553847 335.99488765 264.566666 295.9837622 302.151542 356.0583385 312.908856 320.6033003 
10.648042 [  3.75   3.   -14.5 ] [ 0.5   2.5   9.46] 325.047996 335.35659855 270.670358 290.9705281 295.828238 360.71011495 315.310606 326.8413442 
10.750297 [  4.063   3.75  -13.562] [ 1.93  2.3   9.51] 325.998701 334.4101842 277.077962 287.42173505 289.258133 364.29325045 317.583319 331.7700901 
10.852336 [  3.562   5.    -13.   ] [ 2.14  2.2   9.51] 326.258887 333.6342263 283.458652 285.61639605 282.607286 366.30383685 319.374946 334.284595 
10.955766 [  4.75    6.125 -11.812] [ 2.33  2.    9.54] 325.681483 333.5073077 289.481603 285.8335218 276.043634 366.27113545 321.525449 335.80269735 
11.05916 [  4.813   7.313 -11.   ] [ 2.53  1.86  9.54] 324.119412 334.5080124 294.836015 288.3131932 269.760425 364.171876 323.436861 336.0218793 
11.161467 [  4.875   8.125 -10.625] [ 1.39  1.79  9.54] 321.442011 337.06343775 299.455533 292.8203123 263.969069 360.30385675 324.962024 335.42109055 
11.263238 [  4.938  10.25  -10.5  ] [ 1.74  1.76  9.48] 317.700422 341.0302581 303.437219 298.80212585 258.881373 354.9718875 325.953778 334.47927965 
11.365202 [  4.938  11.25  -10.75 ] [ 1.91  1.79  9.44] 313.058971 345.9100278 306.881122 305.70006045 254.709143 348.4807769 326.264964 333.67539745 
11.467754 [  3.187  11.813 -11.5  ] [ 2.01  1.92  9.4 ] 307.683694 351.19893645 309.887295 312.955545 251.664188 341.13533705 325.748422 333.4883925 
11.569932 [  4.75   12.063 -12.062] [ 2.05  2.01  9.37] 301.740629 356.3931725 312.555789 320.01000725 249.958313 333.24037775 324.256995 334.39721565 
11.671969 [  4.875  12.125 -11.   ] [ 2.06  1.83  9.4 ] 295.395811 360.9889267 314.986656 326.30487495 249.803327 325.1007088 321.655566 336.84302185 
11.773831 [  5.     12.063  -9.812] [ 2.05  1.64  9.44] 288.815277 364.48238635 317.279948 331.28157585 251.387327 317.020013 317.980058 340.7302645 
11.875977 [  5.063  11.25   -8.687] [ 1.92  1.46  9.5 ] 282.165064 366.36974335 319.523512 334.43275755 254.594325 309.28751535 313.393511 345.56450455 
11.978011 [  2.812  10.188  -7.312] [ 1.73  1.22  9.57] 275.613751 366.1921017 321.663328 335.84646865 259.097713 302.18242895 308.061986 350.8418327 
12.08042 [ 5.25   7.688 -4.562] [ 1.31  0.77  9.68] 269.356789 363.9652463 323.553847 335.99488765 264.566666 295.9837622 302.151542 356.0583385 
12.182523 [ 4.688  3.688 -3.687] [ 1.91  0.63  9.76] 263.605773 359.99007235 325.047996 335.35659855 270.670358 290.9705281 295.828238 360.71011495 
12.284579 [ 3.938 -0.625 -2.812] [-0.11  0.48  9.79] 258.572515 354.5713632 325.998701 334.4101842 277.077962 287.42173505 289.258133 364.29325045 
12.38809 [ 4.687 -5.375 -1.625] [-0.92  0.28  9.75] 254.468829 348.01389875 326.258887 333.6342263 283.458652 285.61639605 282.607286 366.30383685 
12.491467 [  1.688 -12.5    -0.937] [-0.84  0.15  9.57] 251.506528 340.62246235 325.681483 333.5073077 289.481603 285.8335218 276.043634 366.27113545 
12.59342 [  2.688 -11.937   0.   ] [-0.75  0.    9.59] 249.897424 332.70183735 324.119412 334.5080124 294.836015 288.3131932 269.760425 364.171876 
12.695682 [  3.    -11.25    0.938] [-0.64 -0.15  9.61] 249.853332 324.55680365 321.442011 337.06343775 299.455533 292.8203123 263.969069 360.30385675 
12.799248 [  3.    -11.312   1.313] [-0.65 -0.22  9.61] 251.554149 316.49063005 317.700422 341.0302581 303.437219 298.80212585 258.881373 354.9718875 
12.902401 [  2.938 -10.937   1.625] [-0.58 -0.27  9.62] 254.857854 308.791303 313.058971 345.9100278 306.881122 305.70006045 254.709143 348.4807769 
13.004306 [  2.688 -10.187   1.063] [-0.45 -0.18  9.65] 259.435902 301.7379551 307.683694 351.19893645 309.887295 312.955545 251.664188 341.13533705 
13.107125 [ 1.875 -8.75   0.   ] [-0.22  0.    9.69] 264.957466 295.60960855 301.740629 356.3931725 312.555789 320.01000725 249.958313 333.24037775 
13.210614 [ 1.313 -8.062 -0.5  ] [-0.1   0.06  9.7 ] 271.091716 290.68528785 295.395811 360.9889267 314.986656 326.30487495 249.803327 325.1007088 
13.313469 [ 9.562 -6.687 -3.937] [-1.15  0.67  9.71] 277.507826 287.24401865 288.815277 364.48238635 317.279948 331.28157585 251.387327 317.020013 
13.415722 [ 12.875  -3.875  -7.5  ] [-0.67  1.27  9.69] 283.874966 285.56482315 282.165064 366.36974335 319.523512 334.43275755 254.594325 309.28751535 
13.517501 [ 15.937  -2.625 -11.687] [-0.45  1.99  9.59] 289.86231 285.92672585 275.613751 366.1921017 321.663328 335.84646865 259.097713 302.18242895 
13.619203 [ 10.687  -2.75  -15.187] [-0.47  2.57  9.45] 295.165832 288.5566436 269.356789 363.9652463 323.553847 335.99488765 264.566666 295.9837622 
13.721173 [ 11.812  -1.625 -17.562] [-0.28  2.95  9.34] 299.739712 293.17955735 263.605773 359.99007235 325.047996 335.35659855 270.670358 290.9705281 
13.822987 [ 12.125  -0.875 -15.75 ] [-0.16  2.74  9.41] 303.682427 299.23993315 258.572515 354.5713632 325.998701 334.4101842 277.077962 287.42173505 
13.925171 [ 12.812   0.688 -13.125] [ 1.39  2.22  9.54] 307.09403 306.17917575 254.468829 348.01389875 326.258887 333.6342263 283.458652 285.61639605 
14.027154 [ 13.187   3.688 -15.062] [ 1.91  2.54  9.44] 310.074575 313.43868875 251.506528 340.62246235 325.681483 333.5073077 289.481603 285.8335218 
14.129277 [ 13.187   2.688  -4.875] [ 1.74  0.83  9.75] 312.724114 320.45987575 249.897424 332.70183735 324.119412 334.5080124 294.836015 288.3131932 
14.231374 [ 13.625   2.063  -6.062] [   1.63 -326.64    9.74] 315.142701 326.6841415 249.853332 324.55680365 321.442011 337.06343775 299.455533 292.8203123 
14.333642 [ 13.687   1.938  -5.375] [ 0.34  0.91  9.75] 317.430389 331.5528873 251.554149 316.49063005 317.700422 341.0302581 303.437219 298.80212585 
14.435956 [ 13.687   1.75   -5.5  ] [ 1.58  0.94  9.75] 319.670988 334.57569565 254.857854 308.791303 313.058971 345.9100278 306.881122 305.70006045 
14.537986 [ 13.687   1.563  -5.5  ] [ 1.55  0.94  9.75] 321.798784 335.88973165 259.435902 301.7379551 307.683694 351.19893645 309.887295 312.955545 
14.640221 [ 13.687   1.5    -5.5  ] [ 1.54  0.94  9.75] 323.667479 335.97038345 264.957466 295.60960855 301.740629 356.3931725 312.555789 320.01000725 
14.744 [ 13.687   1.313  -5.562] [ 0.23  0.95  9.75] 325.129993 335.29632015 271.091716 290.68528785 295.395811 360.9889267 314.986656 326.30487495 
14.846301 [ 13.5     1.063  -5.75 ] [ 1.46  0.98  9.75] 326.03925 334.34620625 277.507826 287.24401865 288.815277 364.48238635 317.279948 331.28157585 
14.948264 [ 13.5     0.938  -5.812] [ 1.44  0.99  9.75] 326.248168 333.598712 283.874966 285.56482315 282.165064 366.36974335 319.523512 334.43275755 
15.051299 [ 13.5     0.875  -5.812] [ 1.43  1.    9.75] 325.609671 333.53250305 289.86231 285.92672585 275.613751 366.1921017 321.663328 335.84646865 
15.154813 [ 13.187   0.75   -5.875] [ 0.13  1.    9.75] 323.976678 334.6262485 295.165832 288.5566436 269.356789 363.9652463 323.553847 335.99488765 
15.257104 [ 12.937   0.688  -5.812] [ 1.4   1.    9.75] 321.223837 337.2904282 299.739712 293.17955735 263.605773 359.99007235 325.047996 335.35659855 
15.358877 [ 12.937   0.688  -5.812] [ 1.4   0.99  9.75] 317.416997 341.3354152 303.682427 299.23993315 258.572515 354.5713632 325.998701 334.4101842 
15.461804 [ 12.937   0.625  -5.812] [ 1.39  1.    9.75] 312.721366 346.25974625 307.09403 306.17917575 254.468829 348.01389875 326.258887 333.6342263 
15.565455 [ 12.937   0.625  -5.875] [ 0.1   1.    9.75] 307.302998 351.55929585 310.074575 313.43868875 251.506528 340.62246235 325.681483 333.5073077 
15.66784 [ 12.937   0.563  -5.875] [ 1.38  1.    9.75] 301.327947 356.72993735 312.724114 320.45987575 249.897424 332.70183735 324.119412 334.5080124 
15.769516 [ 12.937   0.5    -5.875] [ 1.37  1.01  9.75] 294.962269 361.2675464 315.142701 326.6841415 249.853332 324.55680365 321.442011 337.06343775 
15.871166 [ 12.937   0.5    -5.875] [ 1.36  1.01  9.75] 288.372017 364.66799635 317.430389 331.5528873 251.554149 316.49063005 317.700422 341.0302581 
15.972884 [ 12.937   0.438  -5.937] [ 1.36  1.01  9.75] 281.723246 366.4271617 319.670988 334.57569565 254.857854 308.791303 313.058971 345.9100278 
16.075578 [ 12.937   0.438  -5.937] [ 1.35  1.01  9.75] 275.185354 366.10018565 321.798784 335.88973165 259.435902 301.7379551 307.683694 351.19893645 
16.17781 [ 12.937   0.375  -5.937] [ 1.34  1.02  9.75] 268.955884 363.7412033 323.667479 335.97038345 264.957466 295.60960855 301.740629 356.3931725 
16.279476 [ 20.937   0.313  -5.937] [ 0.06  1.02  9.75] 263.246474 359.65430685 325.129993 335.29632015 271.091716 290.68528785 295.395811 360.9889267 
16.381595 [ 12.937   0.313  -5.937] [ 1.33  1.02  9.75] 258.268871 354.1454515 326.03925 334.34620625 277.507826 287.24401865 288.815277 364.48238635 
16.484994 [ 12.937   0.313  -6.   ] [ 1.33  1.02  9.75] 254.234821 347.52059705 326.248168 333.598712 283.874966 285.56482315 282.165064 366.36974335 
16.5875 [ 12.937   0.313  -6.   ] [ 1.33  1.02  9.75] 251.356068 340.08569985 325.609671 333.53250305 289.86231 285.92672585 275.613751 366.1921017 
16.688948 [ 12.937   0.313  -6.   ] [ 1.33  1.02  9.75] 249.844358 332.1467174 323.976678 334.6262485 295.165832 288.5566436 269.356789 363.9652463 
16.790683 [ 20.937   0.313  -6.   ] [ 1.33  1.02  9.75] 249.911438 324.0096072 321.223837 337.2904282 299.739712 293.17955735 263.605773 359.99007235 
16.893501 [ 12.937   0.313  -6.   ] [ 1.33  1.02  9.75] 251.727248 315.9779129 317.416997 341.3354152 303.682427 299.23993315 258.572515 354.5713632 
16.996905 [ 12.937   0.25   -6.   ] [ 1.33  1.02  9.75] 255.124891 308.33572475 312.721366 346.25974625 307.09403 306.17917575 254.468829 348.01389875 
17.099102 [ 12.937   0.313  -6.   ] [ 1.33  1.02  9.75] 259.774844 301.35774095 307.302998 351.55929585 310.074575 313.43868875 251.506528 340.62246235 
17.200501 [ 12.937   0.375  -5.875] [ 1.35  1.01  9.75] 265.346531 295.3185999 301.327947 356.72993735 312.724114 320.45987575 249.897424 332.70183735 
17.302382 [ 12.937   0.375  -5.937] [ 0.06  1.01  9.75] 271.509377 290.49294 294.962269 361.2675464 315.142701 326.6841415 249.853332 324.55680365 
17.405542 [ 20.937   0.313  -5.937] [ 0.06  1.01  9.75] 277.932806 287.1553985 288.372017 364.66799635 317.430389 331.5528873 251.554149 316.49063005 
17.508392 [ 12.937   0.313  -5.937] [ 1.33  1.01  9.75] 284.286242 285.58061495 281.723246 366.4271617 319.670988 334.57569565 254.857854 308.791303 
17.610224 [ 12.937   0.25   -5.937] [ 1.33  1.02  9.75] 290.239112 286.04322545 275.185354 366.10018565 321.798784 335.88973165 259.435902 301.7379551 
17.711788 [ 12.937   0.25   -5.937] [ 1.32  1.02  9.75] 295.495702 288.7515916 268.955884 363.7412033 323.667479 335.97038345 264.957466 295.60960855 
17.814314 [ 12.937   0.25   -6.   ] [ 1.32  1.02  9.75] 300.029288 293.40270565 263.246474 359.65430685 325.129993 335.29632015 271.091716 290.68528785 
17.917696 [ 12.937   0.188  -6.   ] [ 1.32  1.02  9.75] 303.938287 299.45566165 258.268871 354.1454515 326.03925 334.34620625 277.507826 287.24401865 
18.020038 [ 12.937   0.188  -6.   ] [ 1.31  1.02  9.75] 307.321807 306.36823115 254.234821 347.52059705 326.248168 333.598712 283.874966 285.56482315 
18.121445 [ 12.937   0.125  -6.062] [ 1.31  1.03  9.75] 310.27896 313.59818685 251.356068 340.08569985 325.609671 333.53250305 289.86231 285.92672585 
18.222914 [ 13.875  -0.375  -4.562] [-0.06  0.78  9.77] 312.908856 320.6033003 249.844358 332.1467174 323.976678 334.6262485 295.165832 288.5566436 
18.324424 [ 15.187  -1.062  -5.   ] [-0.18  0.85  9.76] 315.310606 326.8413442 249.911438 324.0096072 321.223837 337.2904282 299.739712 293.17955735 
18.42639 [ 15.625  -1.125  -4.375] [-0.19  0.75  9.77] 317.583319 331.7700901 251.727248 315.9779129 317.416997 341.3354152 303.682427 299.23993315 
18.528673 [ 15.437   0.438  -5.437] [ 1.35  0.93  9.76] 319.374946 334.284595 255.124891 308.33572475 312.721366 346.25974625 307.09403 306.17917575 
18.630579 [ 24.375   0.625  -6.25 ] [ 1.38  1.07  9.74] 321.525449 335.80269735 259.774844 301.35774095 307.302998 351.55929585 310.074575 313.43868875 
18.73252 [ 25.687   0.688  -6.312] [ 1.4   1.08  9.74] 323.436861 336.0218793 265.346531 295.3185999 301.327947 356.72993735 312.724114 320.45987575 
18.83451 [ 25.437   0.625  -6.375] [ 1.39  1.09  9.74] 324.962024 335.42109055 271.509377 290.49294 294.962269 361.2675464 315.142701 326.6841415 
18.936732 [ 15.875   0.563  -7.062] [ 1.37  1.21  9.73] 325.953778 334.47927965 277.932806 287.1553985 288.372017 364.66799635 317.430389 331.5528873 
19.038744 [ 21.062   0.125  -6.437] [ 1.31  1.1   9.74] 326.264964 333.67539745 284.286242 285.58061495 281.723246 366.4271617 319.670988 334.57569565 
19.141254 [ 9.375 -0.125 -7.125] [-0.02  1.22  9.73] 325.748422 333.4883925 290.239112 286.04322545 275.185354 366.10018565 321.798784 335.88973165 
19.243495 [ 15.562  -0.375  -7.125] [-0.06  1.21  9.73] 324.256995 334.39721565 295.495702 288.7515916 268.955884 363.7412033 323.667479 335.97038345 
19.346311 [ 15.312  -0.312  -7.5  ] [-0.06  1.28  9.72] 321.655566 336.84302185 300.029288 293.40270565 263.246474 359.65430685 325.129993 335.29632015 
19.450061 [ 14.437   0.     -8.687] [ -1.00000000e-02   1.46000000e+00  -3.17990000e+02] 317.980058 340.7302645 303.938287 299.45566165 258.268871 354.1454515 326.03925 334.34620625 
19.552353 [ 14.312  -0.062  -8.812] [-0.01  1.5   9.69] 313.393511 345.56450455 307.321807 306.36823115 254.234821 347.52059705 326.248168 333.598712 
19.65427 [ 14.312  -0.125  -8.875] [-0.02  1.51  9.68] 308.061986 350.8418327 310.27896 313.59818685 251.356068 340.08569985 325.609671 333.53250305 
19.757468 [ 14.375  -0.187  -8.625] [-0.03  1.47  9.69] 302.151542 356.0583385 312.908856 320.6033003 249.844358 332.1467174 323.976678 334.6262485 
19.8615 [ 15.125  -0.375  -8.187] [-0.07  1.41  9.7 ] 295.828238 360.71011495 315.310606 326.8413442 249.911438 324.0096072 321.223837 337.2904282 
19.964074 [ 8.312 -0.312 -7.375] [-0.05  1.26  9.72] 289.258133 364.29325045 317.583319 331.7700901 251.727248 315.9779129 317.416997 341.3354152 
20.066055 [ 9.5   -0.187 -6.812] [-0.03  1.16  9.73] 282.607286 366.30383685 319.374946 334.284595 255.124891 308.33572475 312.721366 346.25974625 
20.168855 [ 10.25   -0.125  -6.687] [-0.02  1.14  9.73] 276.043634 366.27113545 321.525449 335.80269735 259.774844 301.35774095 307.302998 351.55929585 
20.272607 [ 10.312  -0.125  -6.687] [-0.03  1.14  9.73] 269.760425 364.171876 323.436861 336.0218793 265.346531 295.3185999 301.327947 356.72993735 
20.374948 [ 10.312  -0.125  -6.687] [-0.03  1.14  9.73] 263.969069 360.30385675 324.962024 335.42109055 271.509377 290.49294 294.962269 361.2675464 
20.47695 [ 10.312  -0.187  -6.687] [-0.03  1.14  9.73] 258.881373 354.9718875 325.953778 334.47927965 277.932806 287.1553985 288.372017 364.66799635 
20.57886 [ 10.312  -0.187  -6.687] [-0.03  1.14  9.73] 254.709143 348.4807769 326.264964 333.67539745 284.286242 285.58061495 281.723246 366.4271617 
20.681518 [ 10.312  -0.187  -6.687] [-0.03  1.14  9.73] 251.664188 341.13533705 325.748422 333.4883925 290.239112 286.04322545 275.185354 366.10018565 
20.784333 [ 10.312  -0.187  -6.687] [-0.03  1.14  9.73] 249.958313 333.24037775 324.256995 334.39721565 295.495702 288.7515916 268.955884 363.7412033 
20.886372 [ 10.312  -0.312  -6.875] [-0.05  1.18  9.73] 249.803327 325.1007088 321.655566 336.84302185 300.029288 293.40270565 263.246474 359.65430685 
20.988389 [ 10.812  -1.437  -4.5  ] [-0.25  0.77  9.77] 251.387327 317.020013 317.980058 340.7302645 303.938287 299.45566165 258.268871 354.1454515 
21.090393 [ 10.687  -1.875  -2.562] [-0.32  0.44  9.79] 254.594325 309.28751535 313.393511 345.56450455 307.321807 306.36823115 254.234821 347.52059705 
21.192848 [ 10.437  -1.812  -2.625] [-0.32  0.44  9.79] 259.097713 302.18242895 308.061986 350.8418327 310.27896 313.59818685 251.356068 340.08569985 
21.295399 [ 10.437  -1.312  -2.062] [-0.22  0.35  9.79] 264.566666 295.9837622 302.151542 356.0583385 312.908856 320.6033003 249.844358 332.1467174 
21.397383 [ 10.312  -0.187  -0.375] [-0.04  0.06  9.8 ] 270.670358 290.9705281 295.828238 360.71011495 315.310606 326.8413442 249.911438 324.0096072 
21.500615 [ 18.25    0.375   0.   ] [ 0.06  0.    9.8 ] 277.077962 287.42173505 289.258133 364.29325045 317.583319 331.7700901 251.727248 315.9779129 
21.604246 [ 10.187   3.625  -0.437] [ 0.54  0.05  9.79] 283.458652 285.61639605 282.607286 366.30383685 319.374946 334.284595 255.124891 308.33572475 
21.706565 [ 10.562   7.875  -1.25 ] [ 1.34  0.21  9.71] 289.481603 285.8335218 276.043634 366.27113545 321.525449 335.80269735 259.774844 301.35774095 
21.808632 [ 10.5    12.938  -2.25 ] [ 2.2   0.37  9.54] 294.836015 288.3131932 269.760425 364.171876 323.436861 336.0218793 265.346531 295.3185999 
21.912059 [  9.937  16.438  -3.687] [ 2.77  0.6   9.38] 299.455533 292.8203123 263.969069 360.30385675 324.962024 335.42109055 271.509377 290.49294 
22.015424 [  9.75   17.25   -5.687] [ 4.19  0.93  9.31] 303.437219 298.80212585 258.881373 354.9718875 325.953778 334.47927965 277.932806 287.1553985 
22.117508 [ 10.187  14.313  -7.5  ] [-325.26    1.24    9.41] 306.881122 305.70006045 254.709143 348.4807769 326.264964 333.67539745 284.286242 285.58061495 
22.219727 [ 10.5    13.688 -10.75 ] [ 2.32  1.78  9.35] 309.887295 312.955545 251.664188 341.13533705 325.748422 333.4883925 290.239112 286.04322545 
22.323453 [ 10.937  15.188  -9.937] [ 2.52  1.65  9.33] 312.555789 320.01000725 249.958313 333.24037775 324.256995 334.39721565 295.495702 288.7515916 
22.426646 [ 10.625  20.25  -10.125] [ 4.68  1.62  9.05] 314.986656 326.30487495 249.803327 325.1007088 321.655566 336.84302185 300.029288 293.40270565 
22.528302 [ 10.062  20.75  -10.625] [ 4.75  1.69  9.01] 317.279948 331.28157585 251.387327 317.020013 317.980058 340.7302645 303.938287 299.45566165 
22.630313 [ 10.062  19.438 -10.187] [ 4.54  1.64  9.1 ] 319.523512 334.43275755 254.594325 309.28751535 313.393511 345.56450455 307.321807 306.36823115 
22.732361 [ 10.437  18.688 -10.125] [ 4.43  1.63  9.14] 321.663328 335.84646865 259.097713 302.18242895 308.061986 350.8418327 310.27896 313.59818685 
22.834318 [ 10.437  18.625 -10.062] [ 4.41  1.63  9.14] 323.553847 335.99488765 264.566666 295.9837622 302.151542 356.0583385 312.908856 320.6033003 
22.93655 [ 10.437  19.063 -10.187] [ 3.2   1.64  9.12] 325.047996 335.35659855 270.670358 290.9705281 295.828238 360.71011495 315.310606 326.8413442 
23.038292 [ 10.437  19.063 -10.187] [ 4.49  1.64  9.11] 325.998701 334.4101842 277.077962 287.42173505 289.258133 364.29325045 317.583319 331.7700901 
23.140035 [ 10.625  20.     -9.562] [ 4.63  1.53  9.08] 326.258887 333.6342263 283.458652 285.61639605 282.607286 366.30383685 319.374946 334.284595 
23.241735 [ 11.187  18.75   -8.437] [ 4.43  1.36  9.18] 325.681483 333.5073077 289.481603 285.8335218 276.043634 366.27113545 321.525449 335.80269735 
23.343562 [ 12.312  17.875  -6.375] [ 4.29  1.04  9.27] 324.119412 334.5080124 294.836015 288.3131932 269.760425 364.171876 323.436861 336.0218793 
23.445578 [ 21.312  18.063  -4.5  ] [ 4.32  0.73  9.29] 321.442011 337.06343775 299.455533 292.8203123 263.969069 360.30385675 324.962024 335.42109055 
23.548133 [ 12.937  18.5    -4.687] [ 4.39  0.76  9.26] 317.700422 341.0302581 303.437219 298.80212585 258.881373 354.9718875 325.953778 334.47927965 
23.649875 [ 12.5    18.188  -5.   ] [ 4.34  0.82  9.27] 313.058971 345.9100278 306.881122 305.70006045 254.709143 348.4807769 326.264964 333.67539745 
23.752314 [ 14.312  11.5    -4.875] [ 1.96  0.82  9.57] 307.683694 351.19893645 309.887295 312.955545 251.664188 341.13533705 325.748422 333.4883925 
23.855997 [ 25.062   6.938  -5.187] [ 2.49  0.88  9.69] 301.740629 356.3931725 312.555789 320.01000725 249.958313 333.24037775 324.256995 334.39721565 
23.95908 [ 25.937   7.375  -4.625] [ 2.54  0.78  9.69] 295.395811 360.9889267 314.986656 326.30487495 249.803327 325.1007088 321.655566 336.84302185 
24.061068 [ 25.812   7.688  -4.25 ] [ 1.31  0.72  9.69] 288.815277 364.48238635 317.279948 331.28157585 251.387327 317.020013 317.980058 340.7302645 
24.16376 [ 25.75    8.188  -4.75 ] [ 1.4   0.8   9.67] 282.165064 366.36974335 319.523512 334.43275755 254.594325 309.28751535 313.393511 345.56450455 
24.267497 [ 25.625   7.438  -4.375] [ 1.28  0.75  9.69] 275.613751 366.1921017 321.663328 335.84646865 259.097713 302.18242895 308.061986 350.8418327 
24.370123 [ 25.187   7.5    -4.312] [ 1.28  0.73  9.69] 269.356789 363.9652463 323.553847 335.99488765 264.566666 295.9837622 302.151542 356.0583385 
24.47212 [ 24.687   9.     -5.687] [ 1.54  0.96  9.63] 263.605773 359.99007235 325.047996 335.35659855 270.670358 290.9705281 295.828238 360.71011495 
24.574895 [ 15.437  10.313  -6.437] [ 1.75  1.09  9.58] 258.572515 354.5713632 325.998701 334.4101842 277.077962 287.42173505 289.258133 364.29325045 
24.678585 [ 12.875   9.813  -6.625] [ 1.69  1.11  9.59] 254.468829 348.01389875 326.258887 333.6342263 283.458652 285.61639605 282.607286 366.30383685 
24.781211 [ 10.875   8.688  -7.187] [ 1.48  1.21  9.61] 251.506528 340.62246235 325.681483 333.5073077 289.481603 285.8335218 276.043634 366.27113545 
24.883153 [ 9.562  5.688 -7.625] [ 2.25  1.3   9.67] 249.897424 332.70183735 324.119412 334.5080124 294.836015 288.3131932 269.760425 364.171876 
24.985151 [ 9.625  4.063 -8.187] [ 1.97  1.39  9.68] 249.853332 324.55680365 321.442011 337.06343775 299.455533 292.8203123 263.969069 360.30385675 
25.0872 [ 9.125  3.188 -8.375] [ 1.83  1.42  9.68] 251.554149 316.49063005 317.700422 341.0302581 303.437219 298.80212585 258.881373 354.9718875 
25.188917 [  8.75    3.063 -10.062] [ 1.8   1.69  9.64] 254.857854 308.791303 313.058971 345.9100278 306.881122 305.70006045 254.709143 348.4807769 
25.29099 [  8.437   3.    -11.562] [ 1.8   1.96  9.59] 259.435902 301.7379551 307.683694 351.19893645 309.887295 312.955545 251.664188 341.13533705 
25.393172 [  8.125   2.563 -12.437] [ 1.71  2.11  9.56] 264.957466 295.60960855 301.740629 356.3931725 312.555789 320.01000725 249.958313 333.24037775 
25.495221 [ 15.312   2.188 -12.375] [ 1.66  2.1   9.57] 271.091716 290.68528785 295.395811 360.9889267 314.986656 326.30487495 249.803327 325.1007088 
25.597193 [ 14.      2.    -11.625] [ 1.63  1.97  9.59] 277.507826 287.24401865 288.815277 364.48238635 317.279948 331.28157585 251.387327 317.020013 
25.698804 [ 12.562   1.125 -10.812] [ 1.47  1.84  9.63] 283.874966 285.56482315 282.165064 366.36974335 319.523512 334.43275755 254.594325 309.28751535 
25.801273 [ 11.687   0.5   -10.875] [ 1.36  1.85  9.62] 289.86231 285.92672585 275.613751 366.1921017 321.663328 335.84646865 259.097713 302.18242895 
25.903457 [ 12.125   0.313 -11.062] [ 1.33  1.89  9.62] 295.165832 288.5566436 269.356789 363.9652463 323.553847 335.99488765 264.566666 295.9837622 
26.006329 [ 12.625  -0.5   -10.812] [-0.09  1.84  9.63] 299.739712 293.17955735 263.605773 359.99007235 325.047996 335.35659855 270.670358 290.9705281 
26.109443 [ 12.625  -1.625 -10.625] [-0.26  1.81  9.63] 303.682427 299.23993315 258.572515 354.5713632 325.998701 334.4101842 277.077962 287.42173505 
26.212853 [ 12.875  -3.062 -11.125] [-0.52  1.89  9.6 ] 307.09403 306.17917575 254.468829 348.01389875 326.258887 333.6342263 283.458652 285.61639605 
26.31513 [ 13.062  -3.5   -12.   ] [-0.6   2.04  9.57] 310.074575 313.43868875 251.506528 340.62246235 325.681483 333.5073077 289.481603 285.8335218 
26.419059 [ 13.062  -3.125 -12.562] [-0.54  2.13  9.55] 312.724114 320.45987575 249.897424 332.70183735 324.119412 334.5080124 294.836015 288.3131932 
26.522683 [ 13.062  -2.937 -14.25 ] [-0.5   2.41  9.49] 315.142701 326.6841415 249.853332 324.55680365 321.442011 337.06343775 299.455533 292.8203123 
26.624928 [ 13.25   -2.25  -16.437] [-0.38  2.77  9.39] 317.430389 331.5528873 251.554149 316.49063005 317.700422 341.0302581 303.437219 298.80212585 
26.72816 [ 13.25   -0.937 -21.437] [-0.16  3.59  9.12] 319.670988 334.57569565 254.857854 308.791303 313.058971 345.9100278 306.881122 305.70006045 
26.832327 [ 12.375   0.125 -20.562] [ 0.    3.48  9.16] 321.798784 335.88973165 259.435902 301.7379551 307.683694 351.19893645 309.887295 312.955545 
26.934952 [ 11.625   0.875 -18.5  ] [ 1.43  3.11  9.29] 323.667479 335.97038345 264.957466 295.60960855 301.740629 356.3931725 312.555789 320.01000725 
27.03689 [ 11.125   1.875 -15.562] [ 1.6   2.63  9.43] 325.129993 335.29632015 271.091716 290.68528785 295.395811 360.9889267 314.986656 326.30487495 
27.138572 [ 10.75    3.438 -14.812] [ 1.86  2.5   9.46] 326.03925 334.34620625 277.507826 287.24401865 288.815277 364.48238635 317.279948 331.28157585 
27.240322 [ 10.562   5.313 -14.875] [ 2.18  2.5   9.43] 326.248168 333.598712 283.874966 285.56482315 282.165064 366.36974335 319.523512 334.43275755 
27.342331 [ 10.      8.125 -15.187] [ 1.35  2.54  9.37] 325.609671 333.53250305 289.86231 285.92672585 275.613751 366.1921017 321.663328 335.84646865 
27.444326 [  9.937   8.938 -15.5  ] [ 1.53  2.59  9.33] 323.976678 334.6262485 295.165832 288.5566436 269.356789 363.9652463 323.553847 335.99488765 
27.546364 [  9.937   9.    -15.437] [ 1.53  2.58  9.33] 321.223837 337.2904282 299.739712 293.17955735 263.605773 359.99007235 325.047996 335.35659855 
27.648238 [  9.875   8.688 -14.937] [ 1.49  2.5   9.36] 317.416997 341.3354152 303.682427 299.23993315 258.572515 354.5713632 325.998701 334.4101842 
27.750124 [  9.875   7.563 -15.   ] [ 1.29  2.52  9.38] 312.721366 346.25974625 307.09403 306.17917575 254.468829 348.01389875 326.258887 333.6342263 
27.851937 [ 10.      7.    -14.875] [ 2.48  2.49  9.4 ] 307.302998 351.55929585 310.074575 313.43868875 251.506528 340.62246235 325.681483 333.5073077 
27.954428 [ 10.      7.063 -14.937] [ 2.48  2.51  9.4 ] 301.327947 356.72993735 312.724114 320.45987575 249.897424 332.70183735 324.119412 334.5080124 
28.056468 [ 10.      7.063 -14.937] [ 2.49  2.51  9.4 ] 294.962269 361.2675464 315.142701 326.6841415 249.853332 324.55680365 321.442011 337.06343775 
28.1582 [ 10.312   4.875 -12.937] [ 2.12  2.19  9.52] 288.372017 364.66799635 317.430389 331.5528873 251.554149 316.49063005 317.700422 341.0302581 
28.261301 [ 9.75   5.938 -9.062] [ 2.3   1.54  9.63] 281.723246 366.4271617 319.670988 334.57569565 254.857854 308.791303 313.058971 345.9100278 
28.364558 [ 9.187  7.563 -9.062] [ 1.31  1.51  9.59] 275.185354 366.10018565 321.798784 335.88973165 259.435902 301.7379551 307.683694 351.19893645 
28.466877 [ 9.562  6.875 -9.937] [ 2.45  1.68  9.58] 268.955884 363.7412033 323.667479 335.97038345 264.957466 295.60960855 301.740629 356.3931725 
28.568756 [ 10.375   4.25   -7.312] [ 2.01  1.25  9.69] 263.246474 359.65430685 325.129993 335.29632015 271.091716 290.68528785 295.395811 360.9889267 
28.671884 [ 10.812   2.563  -4.812] [ 0.44  0.82  9.76] 258.268871 354.1454515 326.03925 334.34620625 277.507826 287.24401865 288.815277 364.48238635 
28.775426 [ 11.437   1.188  -4.375] [ 1.49  0.75  9.77] 254.234821 347.52059705 326.248168 333.598712 283.874966 285.56482315 282.165064 366.36974335 
28.877493 [ 11.875  -0.25   -3.187] [-0.05  0.55  9.79] 251.356068 340.08569985 325.609671 333.53250305 289.86231 285.92672585 275.613751 366.1921017 
28.979758 [ 12.5    -4.375  -1.5  ] [-0.75  0.26  9.77] 249.844358 332.1467174 323.976678 334.6262485 295.165832 288.5566436 269.356789 363.9652463 
29.083708 [ 13.687  -7.5    -0.437] [-1.24  0.09  9.72] 249.911438 324.0096072 321.223837 337.2904282 299.739712 293.17955735 263.605773 359.99007235 
29.186858 [ 14.812  -9.687   0.313] [-0.37 -0.06  9.66] 251.727248 315.9779129 317.416997 341.3354152 303.682427 299.23993315 258.572515 354.5713632 
29.288668 [ 15.25 -11.     0.75] [-0.59 -0.13  9.62] 255.124891 308.33572475 312.721366 346.25974625 307.09403 306.17917575 254.468829 348.01389875 
29.390304 [ 15.437 -10.25   -0.125] [-0.46  0.02  9.64] 259.774844 301.35774095 307.302998 351.55929585 310.074575 313.43868875 251.506528 340.62246235 
29.492303 [ 15.687  -9.625  -1.062] [-0.36  0.17  9.66] 265.346531 295.3185999 301.327947 356.72993735 312.724114 320.45987575 249.897424 332.70183735 
29.594577 [ 8.125 -8.812 -1.187] [-0.22  0.2   9.68] 271.509377 290.49294 294.962269 361.2675464 315.142701 326.6841415 249.853332 324.55680365 
29.696497 [ 8.187 -6.75  -1.187] [-1.17  0.2   9.73] 277.932806 287.1553985 288.372017 364.66799635 317.430389 331.5528873 251.554149 316.49063005 
29.798612 [ 8.125 -5.625 -1.437] [-0.96  0.25  9.75] 284.286242 285.58061495 281.723246 366.4271617 319.670988 334.57569565 254.857854 308.791303 
29.900625 [ 8.125 -5.375 -1.687] [-0.92  0.29  9.75] 290.239112 286.04322545 275.185354 366.10018565 321.798784 335.88973165 259.435902 301.7379551 
30.002411 [ 8.187 -5.25  -3.062] [-0.89  0.52  9.75] 295.495702 288.7515916 268.955884 363.7412033 323.667479 335.97038345 264.957466 295.60960855 
30.104688 [ 8.312 -4.937 -6.062] [-0.85  1.03  9.71] 300.029288 293.40270565 263.246474 359.65430685 325.129993 335.29632015 271.091716 290.68528785 
30.207247 [ 8.5   -4.687 -9.5  ] [-0.81  1.56  9.64] 303.938287 299.45566165 258.268871 354.1454515 326.03925 334.34620625 277.507826 287.24401865 
30.309735 [  8.562  -4.562 -12.187] [-0.78  2.06  9.55] 307.321807 306.36823115 254.234821 347.52059705 326.248168 333.598712 283.874966 285.56482315 
30.411695 [  8.75   -4.5   -15.875] [-0.77  2.67  9.4 ] 310.27896 313.59818685 251.356068 340.08569985 325.609671 333.53250305 289.86231 285.92672585 
30.515166 [ 17.062  -4.812 -21.5  ] [-0.82  3.58  9.08] 312.908856 320.6033003 249.844358 332.1467174 323.976678 334.6262485 295.165832 288.5566436 
30.618709 [  9.   -4.  -22.5] [-0.68  3.74  9.03] 315.310606 326.8413442 249.911438 324.0096072 321.223837 337.2904282 299.739712 293.17955735 
30.720721 [  8.687  -2.625 -22.5  ] [-0.45  3.75  9.04] 317.583319 331.7700901 251.727248 315.9779129 317.416997 341.3354152 303.682427 299.23993315 
30.823325 [ 16.125  -0.875 -22.375] [-0.15  3.74  9.06] 319.374946 334.284595 255.124891 308.33572475 312.721366 346.25974625 307.09403 306.17917575 
30.927055 [ 15.937   0.    -20.812] [ 0.    3.52  9.15] 321.525449 335.80269735 259.774844 301.35774095 307.302998 351.55929585 310.074575 313.43868875 
31.029881 [ 15.937   0.938 -17.75 ] [ 1.44  2.99  9.33] 323.436861 336.0218793 265.346531 295.3185999 301.327947 356.72993735 312.724114 320.45987575 
31.131641 [ 15.875   1.813 -14.625] [ 1.59  2.48  9.48] 324.962024 335.42109055 271.509377 290.49294 294.962269 361.2675464 315.142701 326.6841415 
31.234453 [ 15.625   2.938 -13.937] [ 1.78  2.36  9.5 ] 325.953778 334.47927965 277.932806 287.1553985 288.372017 364.66799635 317.430389 331.5528873 
31.338231 [ 15.187   4.563 -13.   ] [ 0.75  2.23  9.51] 326.264964 333.67539745 284.286242 285.58061495 281.723246 366.4271617 319.670988 334.57569565 
31.440825 [ 15.      6.125 -10.875] [ 2.32  1.84  9.57] 325.748422 333.4883925 290.239112 286.04322545 275.185354 366.10018565 321.798784 335.88973165 
31.54289 [ 14.875   7.188 -10.   ] [ 2.5   1.69  9.57] 324.256995 334.39721565 295.495702 288.7515916 268.955884 363.7412033 323.667479 335.97038345 
31.644753 [ 14.812   8.438  -9.75 ] [ 1.44  1.64  9.55] 321.655566 336.84302185 300.029288 293.40270565 263.246474 359.65430685 325.129993 335.29632015 
31.746599 [ 14.812  10.563  -9.687] [ 1.79  1.62  9.5 ] 317.980058 340.7302645 303.938287 299.45566165 258.268871 354.1454515 326.03925 334.34620625 
31.848579 [ 14.875  11.188 -10.562] [ 1.89  1.75  9.45] 313.393511 345.56450455 307.321807 306.36823115 254.234821 347.52059705 326.248168 333.598712 
31.950649 [ 14.937  11.75  -11.187] [ 1.99  1.86  9.41] 308.061986 350.8418327 310.27896 313.59818685 251.356068 340.08569985 325.609671 333.53250305 
32.05261 [ 14.875  11.813 -10.625] [ 2.01  1.77  9.43] 302.151542 356.0583385 312.908856 320.6033003 249.844358 332.1467174 323.976678 334.6262485 
32.154941 [ 14.812  11.625  -9.75 ] [ 1.98  1.63  9.46] 295.828238 360.71011495 315.310606 326.8413442 249.911438 324.0096072 321.223837 337.2904282 
32.256935 [ 14.687  11.313  -8.687] [ 1.92  1.45  9.5 ] 289.258133 364.29325045 317.583319 331.7700901 251.727248 315.9779129 317.416997 341.3354152 
32.358682 [ 14.625  10.875  -7.437] [ 1.85  1.24  9.54] 282.607286 366.30383685 319.374946 334.284595 255.124891 308.33572475 312.721366 346.25974625 
32.46094 [ 14.687   9.938  -6.75 ] [ 1.69  1.13  9.59] 276.043634 366.27113545 321.525449 335.80269735 259.774844 301.35774095 307.302998 351.55929585 
32.563229 [ 15.875   6.625  -5.812] [ 2.41  0.99  9.68] 269.760425 364.171876 323.436861 336.0218793 265.346531 295.3185999 301.327947 356.72993735 
32.665683 [ 9.562  1.25  -4.875] [ 1.49  0.83  9.76] 263.969069 360.30385675 324.962024 335.42109055 271.509377 290.49294 294.962269 361.2675464 
32.769369 [ 10.812 -12.125  -3.75 ] [-0.62  0.65  9.76] 258.881373 354.9718875 325.953778 334.47927965 277.932806 287.1553985 288.372017 364.66799635 
32.872086 [ 12.5   -10.125  -2.812] [-0.44  0.47  9.64] 254.709143 348.4807769 326.264964 333.67539745 284.286242 285.58061495 281.723246 366.4271617 
32.974012 [ 12.187 -10.25   -2.125] [-0.46  0.36  9.64] 251.664188 341.13533705 325.748422 333.4883925 290.239112 286.04322545 275.185354 366.10018565 
33.076726 [ 20.187 -10.812  -1.437] [-1.84  0.24  9.62] 249.958313 333.24037775 324.256995 334.39721565 295.495702 288.7515916 268.955884 363.7412033 
33.180362 [ 12.312 -11.312  -0.5  ] [-1.92  0.09  9.61] 249.803327 325.1007088 321.655566 336.84302185 300.029288 293.40270565 263.246474 359.65430685 
33.283102 [ 12.375 -11.062   0.375] [-0.61 -0.06  9.62] 251.387327 317.020013 317.980058 340.7302645 303.938287 299.45566165 258.268871 354.1454515 
33.385108 [ 12.375 -10.687   0.688] [-0.54 -0.12  9.63] 254.594325 309.28751535 313.393511 345.56450455 307.321807 306.36823115 254.234821 347.52059705 
33.487969 [ 12.437 -10.      0.375] [-0.42 -0.06  9.65] 259.097713 302.18242895 308.061986 350.8418327 310.27896 313.59818685 251.356068 340.08569985 
33.591759 [ 12.437 -10.562   0.5  ] [-1.82 -0.09  9.63] 264.566666 295.9837622 302.151542 356.0583385 312.908856 320.6033003 249.844358 332.1467174 
33.694271 [ 12.687  -8.75    0.   ] [-0.21  0.    9.69] 270.670358 290.9705281 295.828238 360.71011495 315.310606 326.8413442 249.911438 324.0096072 
33.796337 [ 12.75   -7.375  -0.687] [-1.26  0.12  9.72] 277.077962 287.42173505 289.258133 364.29325045 317.583319 331.7700901 251.727248 315.9779129 
33.898247 [ 12.812  -6.687  -1.687] [-1.14  0.28  9.73] 283.458652 285.61639605 282.607286 366.30383685 319.374946 334.284595 255.124891 308.33572475 
34.000044 [ 12.75   -6.375  -3.5  ] [-1.08  0.6   9.72] 289.481603 285.8335218 276.043634 366.27113545 321.525449 335.80269735 259.774844 301.35774095 
34.102032 [ 12.937  -5.937  -6.937] [-1.02  1.11  9.68] 294.836015 288.3131932 269.760425 364.171876 323.436861 336.0218793 265.346531 295.3185999 
34.204037 [ 12.437  -5.75  -12.937] [-0.99  2.18  9.5 ] 299.455533 292.8203123 263.969069 360.30385675 324.962024 335.42109055 271.509377 290.49294 
34.305752 [ 12.5    -6.375 -16.687] [-1.09  2.8   9.33] 303.437219 298.80212585 258.881373 354.9718875 325.953778 334.47927965 277.932806 287.1553985 
34.407869 [ 13.062  -7.187 -20.312] [-1.22  3.38  9.12] 306.881122 305.70006045 254.709143 348.4807769 326.264964 333.67539745 284.286242 285.58061495 
34.509766 [ 13.     -6.812 -20.5  ] [-1.17  3.41  9.11] 309.887295 312.955545 251.664188 341.13533705 325.748422 333.4883925 290.239112 286.04322545 
34.611476 [ 20.875  -5.75  -20.937] [-0.99  3.49  9.1 ] 312.555789 320.01000725 249.958313 333.24037775 324.256995 334.39721565 295.495702 288.7515916 
34.713845 [ 13.062  -4.562 -21.75 ] [-0.8   3.64  9.06] 314.986656 326.30487495 249.803327 325.1007088 321.655566 336.84302185 300.029288 293.40270565 
34.816374 [ 13.5   -2.5  -20.75] [-0.43  3.47  9.16] 317.279948 331.28157585 251.387327 317.020013 317.980058 340.7302645 303.938287 299.45566165 
34.918435 [ 14.375   0.5   -22.25 ] [ 1.36  3.72  9.07] 319.523512 334.43275755 254.594325 309.28751535 313.393511 345.56450455 307.321807 306.36823115 
35.022021 [ 14.25    1.25  -20.812] [-1.18 -0.01 -0.01] 321.663328 335.84646865 259.097713 302.18242895 308.061986 350.8418327 310.27896 313.59818685 
35.12485 [ 13.812   2.125 -17.875] [ 1.64  3.01  9.32] 323.553847 335.99488765 264.566666 295.9837622 302.151542 356.0583385 312.908856 320.6033003 
35.227045 [ 13.125   3.063 -14.812] [ 1.8   2.5   9.46] 325.047996 335.35659855 270.670358 290.9705281 295.828238 360.71011495 315.310606 326.8413442 
35.329273 [ 12.625   3.938 -13.687] [ 1.95  2.31  9.5 ] 325.998701 334.4101842 277.077962 287.42173505 289.258133 364.29325045 317.583319 331.7700901 
35.433269 [ 12.      5.313 -12.75 ] [ 0.89  2.19  9.51] 326.258887 333.6342263 283.458652 285.61639605 282.607286 366.30383685 319.374946 334.284595 
35.536261 [ 11.625   6.75  -10.812] [ 2.43  1.83  9.56] 325.681483 333.5073077 289.481603 285.8335218 276.043634 366.27113545 321.525449 335.80269735 
35.638138 [ 11.562   7.688  -9.937] [ 1.32  1.67  9.57] 324.119412 334.5080124 294.836015 288.3131932 269.760425 364.171876 323.436861 336.0218793 
35.740817 [ 11.375   9.125  -9.5  ] [ 1.56  1.6   9.54] 321.442011 337.06343775 299.455533 292.8203123 263.969069 360.30385675 324.962024 335.42109055 
35.844613 [ 11.     11.625  -8.937] [ 1.94  1.5   9.49] 317.700422 341.0302581 303.437219 298.80212585 258.881373 354.9718875 325.953778 334.47927965 
35.947551 [ 10.875  12.875  -9.   ] [ 2.19  1.5   9.43] 313.058971 345.9100278 306.881122 305.70006045 254.709143 348.4807769 326.264964 333.67539745 
36.049386 [ 10.75   14.063  -9.187] [ 2.38  1.52  9.38] 307.683694 351.19893645 309.887295 312.955545 251.664188 341.13533705 325.748422 333.4883925 
36.151455 [ 10.562  14.938  -8.5  ] [ 2.53  1.4   9.36] 301.740629 356.3931725 312.555789 320.01000725 249.958313 333.24037775 324.256995 334.39721565 
36.253353 [ 10.75   15.     -8.187] [ 2.54  1.35  9.37] 295.395811 360.9889267 314.986656 326.30487495 249.803327 325.1007088 321.655566 336.84302185 
36.355203 [ 11.312  14.063  -8.437] [ 2.4   1.39  9.4 ] 288.815277 364.48238635 317.279948 331.28157585 251.387327 317.020013 317.980058 340.7302645 
36.45709 [ 12.     12.625  -8.312] [ 2.14  1.38  9.46] 282.165064 366.36974335 319.523512 334.43275755 254.594325 309.28751535 313.393511 345.56450455 
36.559164 [ 13.125  10.25   -8.   ] [ 1.75  1.35  9.55] 275.613751 366.1921017 321.663328 335.84646865 259.097713 302.18242895 308.061986 350.8418327 
36.66089 [ 15.      6.063  -7.   ] [ 2.32  1.19  9.67] 269.356789 363.9652463 323.553847 335.99488765 264.566666 295.9837622 302.151542 356.0583385 
36.762905 [ 24.125   1.563  -4.812] [ 1.55  0.82  9.76] 263.605773 359.99007235 325.047996 335.35659855 270.670358 290.9705281 295.828238 360.71011495 
36.864932 [ 24.437  -1.812  -3.125] [-0.31  0.53  9.78] 258.572515 354.5713632 325.998701 334.4101842 277.077962 287.42173505 289.258133 364.29325045 
