-0.072778 [ 7.938 -1.625 -8.625] [-0.28  1.47  9.69]
-0.175501 [ 7.125 -7.625 -7.812] [-0.02  1.32  9.62]
-0.278098 [ 6.25  -9.687 -3.187] [-0.37  0.54  9.65]
-0.380959 [  6.    -10.875  -0.062] [-0.57  0.01  9.62]
-0.483375 [  5.688 -11.062   1.75 ] [-0.6  -0.29  9.61]
-0.586691 [  5.438 -10.687   1.563] [-0.53 -0.26  9.63]
-0.690999 [ 4.875 -9.937  1.375] [-0.42 -0.23  9.65]
-0.79386 [ 4.375 -9.     0.813] [-0.26 -0.13  9.68]
-0.89731 [ 3.625 -8.062  0.   ] [-0.1  0.   9.7]
-1.001273 [ 4.313 -7.375 -1.   ] [-1.26  0.17  9.72]
-1.103742 [ 4.25  -6.812 -1.875] [-1.16  0.32  9.73]
-1.206491 [ 4.188 -6.    -3.   ] [-1.03  0.51  9.73]
-1.310774 [ 4.063 -5.625 -5.625] [-0.97  0.9   9.71]
-1.413753 [ 3.938 -5.437 -8.687] [-0.93  1.47  9.64]
-1.516215 [  3.75   -5.187 -12.187] [-0.89  2.07  9.54]
-1.61882 [  3.625  -5.062 -16.75 ] [-0.86  2.81  9.35]
-1.721266 [  3.688  -4.875 -18.062] [-0.83  3.02  9.28]
-1.82394 [    3.688  2043.438   -18.5  ] [-0.78  3.1   9.26]
-1.926288 [  4.25   -4.5   -18.562] [-0.77  3.11  9.26]
-2.030591 [  3.75   -4.375 -18.312] [-0.75  3.09  9.27]
-2.133465 [  3.813  -4.187 -17.687] [-0.71  2.97  9.31]
-2.235895 [  3.937  -2.937 -16.687] [-0.51  2.81  9.37]
-2.339352 [  4.5    -0.625 -15.562] [-0.1   2.63  9.44]
-2.443212 [  5.063   2.813 -14.812] [ 1.76  2.5   9.46]
-2.545673 [  2.562   5.    -13.812] [ 2.13  2.33  9.48]
-2.648966 [  2.125   5.813 -12.125] [ 2.27  2.05  9.53]
-2.753257 [  6.      7.125 -10.125] [ 2.5   1.71  9.57]
-2.855951 [ 6.063  8.5   -9.75 ] [ 1.45  1.65  9.55]
-2.958565 [ 1.875  9.75  -9.375] [ 1.66  1.58  9.53]
-3.062727 [  6.188  11.938  -9.187] [ 2.    1.54  9.47]
-3.166011 [  6.25   12.688  -8.812] [ 2.15  1.47  9.45]
-3.268655 [  6.188  13.313  -9.25 ] [ 2.26  1.53  9.41]
-3.371331 [  6.125  14.25   -9.5  ] [ 2.41  1.57  9.37]
-3.473943 [  6.25   14.625  -8.437] [ 2.47  1.41  9.38]
-3.577066 [  6.5    14.438  -7.125] [ 2.45  1.18  9.42]
-3.679666 [    6.813 -2033.812    -5.937] [ 2.4   0.98  9.45]
-3.782399 [  6.75   13.188  -5.875] [ 2.24  0.97  9.49]
-3.885539 [ 7.063  9.813 -4.875] [ 1.67  0.82  9.62]
-3.988742 [ 7.    5.25 -3.75] [ 2.18  0.63  9.74]
-4.092962 [ 6.563 -0.25  -2.437] [ 1.32  0.43  9.79]
-4.196282 [ 6.063 -5.687 -1.312] [-0.97  0.22  9.75]
-4.29874 [  2.937 -12.437  -0.625] [-0.84  0.11  9.57]
-4.402596 [  2.75  -11.687   0.25 ] [-0.71 -0.04  9.6 ]
-4.506184 [  5.313 -11.062   1.313] [-0.6  -0.22  9.62]
-4.608599 [  5.313 -11.062   1.563] [-0.6  -0.26  9.61]
-4.71221 [  5.125 -10.562   1.938] [-0.52 -0.32  9.63]
-4.81608 [ 5.125 -9.75   1.75 ] [-0.39 -0.3   9.65]
-4.918895 [ 5.063 -8.437  1.188] [-0.16 -0.2   9.69]
-5.021413 [ 5.    -7.375  0.313] [-1.26 -0.05  9.72]
-5.123711 [ 4.938 -6.687 -0.812] [-1.14  0.14  9.73]
-5.226269 [ 4.875 -5.875 -1.875] [-1.    0.32  9.74]
-5.328884 [ 4.813 -5.437 -2.875] [-0.93  0.49  9.74]
-5.431298 [ 4.688 -5.312 -5.   ] [-0.91  0.86  9.72]
-5.533709 [ 4.563 -5.062 -8.125] [-0.86  1.38  9.66]
-5.636607 [  4.375  -4.812 -11.937] [-0.83  2.02  9.55]
-5.739475 [  4.188  -4.875 -16.562] [-0.84  2.79  9.36]
-5.842749 [  4.125  -5.187 -18.375] [-0.89  3.08  9.26]
-5.946798 [  4.063  -5.437 -18.812] [-0.92  3.14  9.24]
-6.049772 [  3.938  -6.    -18.687] [-1.03  3.12  9.23]
-6.152989 [  4.     -6.062 -18.5  ] [-1.04  3.1   9.24]
-6.257131 [  4.313  -4.687 -17.375] [-0.83  2.94  9.31]
-6.359932 [  4.75   -2.375 -16.312] [-0.4    4.031  9.4  ]
-6.463003 [  5.188   0.438 -15.437] [ 1.36  2.61  9.45]
-6.567042 [  5.75    3.313 -14.562] [ 1.8   2.48  9.47]
-6.670194 [  6.063   4.563 -13.562] [ 2.06  2.29  9.5 ]
-6.772616 [  6.438   5.438 -12.687] [ 2.21  2.14  9.52]
-6.875004 [  6.75    6.75  -10.812] [ 2.44  1.83  9.56]
-6.977641 [  6.875   8.    -10.062] [ 1.35  1.7   9.56]
-7.080211 [ 6.938  9.25  -9.812] [ 1.57  1.65  9.53]
-7.182648 [  6.875  11.25  -10.062] [ 1.92  1.68  9.46]
-7.284958 [  6.875  12.313 -10.25 ] [ 2.09  1.7   9.42]
-7.387682 [  7.     13.     -9.687] [ 2.2   1.62  9.41]
-7.49085 [  7.     13.625  -9.375] [ 2.31  1.55  9.4 ]
-7.593415 [  7.125  13.688  -8.812] [ 2.32  1.46  9.41]
-7.697754 [  7.188  13.313  -8.125] [ 2.26  1.36  9.44]
-7.80144 [  7.313  12.688  -7.125] [ 2.16  1.19  9.49]
-7.904201 [  7.5    12.     -5.125] [ 2.04  0.86  9.55]
-8.008341 [ 7.313  9.563 -4.125] [ 1.69  0.71  9.63]
-8.111336 [ 6.938  5.25  -3.187] [ 2.18  0.55  9.74]
-8.213832 [ 1.562  0.438 -2.   ] [ 1.35  0.35  9.8 ]
-8.31795 [ 5.75  -5.375 -0.812] [-0.82  0.15  9.77]
-8.421269 [  4.563 -12.437  -0.187] [-0.83  0.03  9.57]
-8.523667 [  4.688 -12.      0.688] [-0.76 -0.12  9.59]
-8.625935 [  4.938 -11.      1.688] [-0.6  -0.28  9.62]
-8.7286 [  4.938 -11.25    1.813] [-0.63 -0.31  9.61]
-8.831305 [  4.938 -10.875   2.125] [-0.57 -0.36  9.62]
-8.933655 [  4.813 -10.125   1.938] [-0.45 -0.33  9.64]
-9.036283 [ 4.813 -9.062  1.438] [-0.27 -0.24  9.67]
-9.138738 [ 3.312 -8.     0.125] [-0.08 -0.02  9.71]
-9.241508 [ 4.625 -7.312 -0.875] [-1.25  0.15  9.72]
-9.343787 [ 4.563 -6.687 -1.937] [-1.14  0.33  9.73]
-9.447101 [ 3.5   -5.937 -3.187] [-1.02  0.55  9.73]
-9.551102 [ 4.375 -5.5   -5.5  ] [-0.95  0.89  9.71]
-9.653688 [ 4.25  -5.312 -8.625] [-0.91  1.46  9.65]
-9.756418 [  4.063  -5.062 -12.25 ] [-0.87  2.07  9.54]
-9.860276 [  3.938  -5.187 -16.625] [-0.88  2.76  9.36]
-9.963165 [  3.75   -5.562 -17.5  ] [-0.96  2.94  9.3 ]
-10.065308 [  3.563  -6.562 -17.937] [-1.12  3.    9.26]
-10.169174 [  4.625  -7.562 -17.812] [-0.01  2.98  9.25]
-10.272915 [  3.5    -7.062 -17.5  ] [-1.2   2.92  9.28]
-10.375355 [  3.938  -4.875 -16.937] [-0.83  2.85  9.34]
-10.477661 [  4.438  -2.187 -16.125] [-0.38  2.73  9.41]
-10.580082 [  4.75    0.063 -15.437] [ 1.3   2.61  9.45]
-10.682818 [  5.25    2.75  -14.687] [ 1.75  2.49  9.47]
-10.785286 [  5.625   4.688 -13.562] [ 2.08  2.3   9.49]
-10.887727 [  5.75    5.625 -12.687] [ 2.24  2.14  9.52]
-10.990284 [  6.      6.75  -10.812] [ 2.43  1.83  9.56]
-11.092863 [  6.063   8.25  -10.   ] [ 1.38  1.69  9.55]
-11.195449 [ 6.125  9.5   -9.625] [ 1.62  1.62  9.53]
-11.298456 [  6.188  11.5    -9.437] [ 1.95  1.57  9.47]
-11.403018 [  6.188  12.375  -9.437] [ 2.09  1.56  9.45]
-11.505785 [  6.     13.063 -10.25 ] [ 2.22  1.7   9.39]
-11.608775 [  1.812  13.813  -9.562] [ 2.34  1.59  9.38]
-11.713085 [  6.25   14.313  -8.875] [ 2.42  1.48  9.38]
-11.815928 [  6.375  13.938  -8.187] [ 2.36  1.36  9.41]
-11.918855 [  6.563  13.438  -6.937] [ 2.28  1.15  9.46]
-12.023125 [  6.75   12.75   -5.125] [ 2.18  0.89  9.51]
-12.126296 [  7.     11.125  -3.437] [ 1.89  0.58  9.6 ]
-12.228732 [ 6.938  6.813 -2.937] [ 2.45  0.5   9.72]
-12.33115 [ 6.625  2.313 -1.875] [ 1.68  0.32  9.79]
-12.433323 [ 6.125 -2.5   -0.812] [-0.43  0.14  9.79]
-12.535494 [ 5.313 -9.437  0.125] [-0.33 -0.02  9.67]
-12.637932 [  4.813 -11.937   0.813] [-0.75 -0.13  9.59]
-12.740482 [  4.688 -11.      1.813] [-0.59 -0.3   9.62]
-12.842766 [  3.312 -11.125   2.063] [-0.61 -0.35  9.61]
-12.945974 [  4.563 -10.687   2.25 ] [-0.53 -0.38  9.62]
-13.048399 [  4.563 -10.      2.063] [-0.42 -0.34  9.65]
-13.151983 [-5.687 -0.062 -0.062] [-0.26 -0.24  9.68]
-13.255572 [ 4.625 -7.937  0.25 ] [-1.35 -0.04  9.71]
-13.358154 [ 4.563 -7.25  -0.562] [-1.23  0.1   9.72]
-13.460893 [ 4.5   -6.937 -1.75 ] [-1.18  0.3   9.72]
-13.565026 [ 3.625 -6.25  -3.375] [-1.08  0.55  9.73]
-13.668145 [ 4.25  -5.812 -5.687] [-1.    0.96  9.7 ]
-13.770941 [ 4.125 -5.625 -8.187] [-0.96  1.39  9.65]
-13.875107 [  4.     -5.437 -11.187] [-0.93  1.84  9.58]
-13.978677 [  3.75  -5.5  -15.25] [-0.94  2.57  9.41]
-14.080833 [  3.625  -5.625 -17.562] [-0.96  2.94  9.3 ]
-14.183253 [  3.563  -6.062 -17.687] [-1.03  2.96  9.28]
-14.285704 [  3.5    -6.687 -17.187] [-1.13  2.89  9.3 ]
-14.388426 [  3.563  -6.562 -16.937] [-1.12  2.84  9.31]
-14.490841 [  3.75   -5.25  -16.625] [-0.89  2.8   9.35]
-14.593035 [  4.125  -3.    -16.312] [-0.51  2.75  9.39]
-14.695323 [  3.375   0.    -15.562] [ 1.28  2.63  9.44]
-14.797885 [  5.125   2.875 -14.5  ] [ 1.77  2.45  9.48]
-14.900489 [  2.687   3.938 -13.375] [ 1.96  2.26  9.51]
-15.003807 [  5.563   5.188 -12.312] [ 2.17  2.09  9.53]
-15.107943 [  5.75    6.875 -10.312] [ 2.45  1.74  9.57]
-15.210518 [ 2.187  8.188 -9.5  ] [ 1.4   1.6   9.57]
-15.313594 [ 2.125  9.563 -9.187] [ 1.63  1.55  9.54]
-15.418547 [  5.875  11.875  -9.312] [ 2.02  1.56  9.46]
-15.521009 [  5.75   13.125 -10.187] [ 2.22  1.69  9.39]
-15.624015 [  5.688  13.875 -10.187] [ 2.36  1.68  9.36]
-15.728472 [  5.813  14.563  -9.187] [ 2.46  1.52  9.36]
-15.83134 [  6.     14.813  -8.375] [ 2.51  1.38  9.37]
-15.933619 [  6.188  14.5    -7.25 ] [ 2.46  1.2   9.41]
-16.035925 [  6.375  14.063  -5.937] [ 2.38  0.99  9.46]
-16.138229 [  6.375  13.313  -5.375] [ 2.28  0.9   9.49]
-16.241081 [  6.25   10.5    -4.437] [ 1.79  0.74  9.61]
-16.343489 [ 5.563  5.938 -3.187] [ 2.3   0.55  9.73]
-16.445973 [ 4.688  0.938 -2.25 ] [ 1.45  0.39  9.79]
-16.548553 [ 4.125 -4.687 -0.937] [-0.71  0.18  9.77]
-16.651569 [  2.813 -11.812  -0.125] [-0.72  0.03  9.59]
-16.754309 [  2.625 -11.875   0.625] [-2.02 -0.1   9.59]
-16.858719 [  2.75 -11.     1.5 ] [-1.86 -0.25  9.62]
-16.961892 [  2.688 -11.125   1.813] [-0.61 -0.3   9.61]
-17.064202 [  2.625 -10.75    2.188] [-0.55 -0.37  9.62]
-17.16821 [  2.563 -10.      1.938] [-0.44 -0.33  9.64]
-17.271632 [ 2.563 -9.125  1.438] [-0.28 -0.24  9.67]
-17.373954 [ 2.5  -8.25  0.5 ] [-0.12 -0.08  9.7 ]
-17.477824 [ 2.438 -7.937 -0.312] [-0.07  0.05  9.71]
-17.581674 [ 2.375 -7.562 -1.375] [-0.01  0.23  9.71]
-17.684143 [ 2.25  -7.    -2.937] [-1.2   0.5   9.71]
-17.786706 [ 2.125 -6.375 -5.312] [-1.09  0.91  9.7 ]
-17.889125 [ 2.    -6.125 -8.   ] [-1.05  1.35  9.65]
-17.991615 [  1.813  -5.937 -11.187] [-1.02  1.83  9.57]
-18.09389 [  1.625  -5.812 -15.187] [-0.99  2.56  9.41]
-18.196335 [  1.563  -5.5   -17.312] [-0.94  2.9   9.31]
-18.298713 [  1.5    -5.625 -17.75 ] [-0.96  2.98  9.29]
-18.401365 [  1.438  -6.187 -17.562] [-1.04  2.94  9.29]
-18.504499 [  6.562  -6.437 -17.187] [-1.1   2.88  9.3 ]
-18.607691 [  1.688  -4.937 -16.687] [-0.84  2.8   9.35]
-18.71225 [  2.188  -2.375 -15.687] [-0.41  2.65  9.43]
-18.814721 [  2.625   0.375 -15.   ] [ 1.35  2.54  9.47]
-18.917988 [  3.063   2.938 -14.25 ] [ 1.79  2.41  9.49]
-19.022161 [  3.313   3.875 -13.125] [ 1.93  2.24  9.52]
-19.124745 [  3.75    5.063 -11.375] [ 2.15  1.93  9.57]
-19.227623 [  3.75    6.563 -10.125] [ 2.41  1.71  9.58]
-19.331908 [ 3.813  8.063 -9.562] [ 1.36  1.62  9.57]
-19.434908 [ 3.875  9.25  -9.187] [ 1.58  1.54  9.55]
-19.537349 [  3.813  11.438  -9.312] [ 1.94  1.55  9.48]
-19.639943 [  3.688  12.375 -10.125] [ 2.11  1.68  9.42]
-19.742254 [  3.75   13.125  -9.812] [ 2.21  1.64  9.4 ]
-19.844837 [  3.813  13.75   -9.187] [ 2.33  1.52  9.4 ]
-19.947124 [  3.875  13.938  -8.687] [ 2.36  1.43  9.4 ]
-20.049565 [  3.938  13.563  -7.937] [ 2.3   1.32  9.43]
-20.152139 [  4.063  12.938  -6.562] [ 2.21  1.12  9.48]
-20.254883 [  4.313  12.063  -4.25 ] [ 2.05  0.71  9.56]
-20.357172 [  4.313  10.125  -2.937] [ 1.72  0.5   9.63]
-20.460607 [ 3.75   5.938 -2.25 ] [ 2.29  0.39  9.74]
-20.564499 [ 2.938  0.563 -1.187] [ 1.38  0.21  9.8 ]
-20.667054 [ 2.25  -4.812 -0.187] [-0.82  0.03  9.77]
-20.770228 [  7.125 -12.437   0.438] [-2.11 -0.08  9.57]
-20.874524 [  1.25  -12.625   1.375] [-2.16 -0.22  9.56]
-20.97725 [  6.25  -11.625   2.375] [-0.7  -0.4   9.59]
-21.080798 [  1.688 -11.625   2.625] [-0.7  -0.44  9.59]
-21.185137 [  1.688 -11.187   2.813] [-0.62 -0.47  9.6 ]
-21.288111 [  1.625 -10.437   2.313] [-0.5  -0.39  9.63]
-21.390591 [ 1.625 -9.5    1.813] [-0.34 -0.31  9.66]
-21.493068 [ 1.563 -8.312  0.563] [-0.13 -0.1   9.7 ]
-21.595736 [ 1.5  -7.25 -0.5 ] [-1.25  1.34  9.72]
-21.698338 [ 1.438 -6.75  -1.5  ] [-1.15  0.26  9.73]
-21.800795 [ 1.375 -6.187 -2.875] [-1.05  0.49  9.73]
-21.903201 [ 1.25  -5.875 -5.25 ] [-1.01  0.89  9.71]
-22.005882 [ 1.125 -5.687 -8.875] [-0.98  1.45  9.64]
-22.108544 [  0.875  -5.5   -13.062] [-0.94  2.2   9.5 ]
-22.212134 [  0.813  -5.437 -16.25 ] [-0.93  2.73  9.37]
-22.31648 [  0.688  -5.875 -16.75 ] [-1.01  2.81  9.33]
-22.419142 [  0.563  -6.5   -17.25 ] [-1.11  2.89  9.3 ]
-22.522463 [  0.438  -7.062 -17.375] [-1.21  2.91  9.28]
-22.626755 [  0.5    -6.875 -17.187] [-1.17  2.88  9.29]
-22.729475 [  0.75   -5.562 -16.875] [-0.95  2.83  9.33]
-22.832791 [  1.063  -3.5   -16.187] [-0.6   2.73  9.39]
-22.937634 [  1.625  -0.437 -15.562] [-0.07  2.63  9.44]
-23.040226 [  2.063   2.25  -14.625] [ 1.66  2.48  9.47]
-23.142502 [  2.563   4.25  -13.5  ] [ 2.01  2.29  9.5 ]
-23.244971 [  2.938   5.063 -12.625] [ 2.14  2.14  9.52]
-23.347845 [  3.375   6.375 -10.812] [ 2.34  1.85  9.57]
-23.450278 [  3.5     7.563 -10.187] [ 1.29  1.71  9.56]
-23.552526 [ 3.563  8.375 -9.875] [ 1.43  1.66  9.55]
-23.654985 [  3.563  10.813  -9.687] [ 1.84  1.63  9.49]
-23.758004 [  3.563  11.813  -9.875] [ 2.01  1.65  9.45]
-23.860936 [  3.313  12.    -10.875] [ 2.04  1.81  9.41]
-23.96447 [  3.375  12.5   -10.687] [ 2.12  1.77  9.4 ]
-24.068511 [  3.5    13.063  -9.625] [ 2.22  1.6   9.41]
-24.171951 [  3.625  12.688  -8.625] [ 2.15  1.43  9.45]
-24.275846 [  4.25   12.     -7.437] [ 2.04  1.24  9.5 ]
-24.379676 [  3.875  10.938  -5.75 ] [ 1.87  0.96  9.57]
-24.482278 [ 4.     8.938 -3.25 ] [ 1.52  0.55  9.67]
-24.585891 [ 3.688  5.25  -2.562] [ 2.17  0.43  9.75]
-24.690204 [ 3.188  0.438 -1.5  ] [ 1.35  0.26  9.8 ]
-24.792593 [ 2.813 -4.375 -0.375] [-0.75  0.07  9.77]
-24.895043 [  1.688 -11.5     0.375] [-0.67 -0.06  9.6 ]
-24.997869 [  1.375 -12.687   1.375] [-0.87 -0.21  9.56]
-25.100768 [  1.563 -11.812   2.188] [-0.73 -0.36  9.59]
-25.20322 [  1.563 -11.937   2.438] [-0.74 -0.4   9.58]
-25.305517 [  1.5 -11.5   2.5] [-0.68 -0.42  9.59]
-25.407975 [  6.625 -10.812   2.188] [-0.56 -0.37  9.62]
-25.51109 [ 1.438 -9.812  1.625] [-0.39 -0.28  9.65]
-25.613988 [ 1.438 -8.875  0.313] [-0.23 -0.05  9.68]
-25.718294 [ 1.375 -7.937 -0.812] [-1.36  0.12  9.71]
-25.821593 [ 1.313 -7.437 -1.875] [-1.26  0.32  9.71]
-25.924027 [ 1.25  -7.312 -3.125] [-1.24  0.53  9.71]
-26.028041 [ 1.063 -6.937 -5.562] [-1.18  0.94  9.68]
-26.131032 [ 0.938 -6.687 -9.187] [-1.14  1.56  9.61]
-26.232761 [  0.75   -6.375 -13.25 ] [-1.09  2.24  8.2 ]
-26.334457 [  0.75  -6.   -16.  ] [-1.03  2.68  9.37]
-26.437649 [  0.688  -5.937 -16.562] [-1.02  2.78  9.34]
-26.541191 [  0.688  -6.062 -17.062] [-1.03  2.86  9.32]
-26.643368 [  0.563  -6.437 -17.187] [-1.1   2.88  9.3 ]
-26.745085 [  0.563  -6.75  -17.062] [-1.15  2.86  9.3 ]
-26.847054 [  0.688  -5.875 -16.75 ] [-1.    2.81  9.34]
-26.948838 [  1.063  -4.062 -16.375] [-0.69  2.75  9.38]
-27.052998 [  1.625  -0.625 -15.5  ] [-0.11  2.62  9.44]
-27.154707 [  2.125   2.125 -14.5  ] [ 1.65  2.45  9.48]
-27.256458 [  2.438   3.875 -13.437] [ 1.94  2.27  9.51]
-27.358192 [  2.813   4.938 -12.25 ] [ 2.12  2.07  9.54]
-27.459986 [  2.938   6.063 -10.437] [ 2.32  1.77  9.58]
-27.562253 [ 2.938  7.375 -9.875] [ 1.24  1.67  9.58]
-27.664197 [ 3.     8.563 -9.562] [ 1.46  1.61  9.56]
-27.765862 [  3.063  10.75   -9.5  ] [ 1.83  1.59  9.5 ]
-27.868589 [  2.938  11.75  -10.062] [ 2.    1.68  9.45]
-27.972118 [  2.813  12.563 -10.937] [ 2.12  1.81  9.4 ]
-28.074391 [  2.813  13.063 -10.812] [ 2.21  1.8   9.38]
-28.176317 [  2.875  12.938 -10.   ] [ 2.2   1.66  9.4 ]
-28.279277 [  3.     12.563  -8.937] [ 2.13  1.49  9.45]
-28.382736 [  3.125  11.938  -7.625] [ 2.04  1.29  9.5 ]
-28.485034 [  3.313  11.     -6.   ] [ 1.87  1.01  9.57]
-28.58948 [ 3.438  9.063 -3.375] [ 1.54  0.57  9.66]
-28.693083 [ 3.313  5.375 -2.437] [ 0.99  0.44  9.74]
-28.795429 [ 3.063  0.75  -1.5  ] [ 1.41  0.26  9.8 ]
-28.897277 [ 2.75  -3.937 -0.375] [-0.67  0.07  9.78]
-28.99907 [  1.938 -10.625   0.313] [-0.52 -0.05  9.63]
-29.100832 [  1.688 -12.5     1.125] [-0.84 -0.19  9.57]
-29.202471 [  2.063 -11.75    2.188] [-0.72 -0.36  9.59]
-29.304245 [  2.    -11.812   2.438] [-0.72 -0.41  9.58]
-29.405989 [  1.938 -11.312   2.438] [-0.64 -0.41  9.6 ]
-29.507797 [  1.938 -10.562   2.063] [-0.52 -0.35  9.63]
-29.609611 [ 1.938 -9.687  1.5  ] [-0.37 -0.26  9.66]
-29.711589 [ 1.875 -8.875  0.313] [-0.23 -0.05  9.68]
-29.813279 [ 6.187 -8.25  -0.562] [-0.13  0.09  9.7 ]
-29.915339 [ 1.75  -7.562 -1.937] [-1.29  0.31  9.71]
-30.01772 [ 1.688 -7.062 -3.375] [-1.21  0.57  9.71]
-30.123092 [ 6.437 -6.562 -5.687] [-1.12  0.96  9.69]
-30.226152 [ 1.438 -6.312 -8.875] [-1.08  1.5   9.62]
-30.328008 [  1.313  -6.125 -12.375] [-1.04  2.09  9.52]
-30.430536 [  1.25   -6.    -16.062] [-1.02  2.7   9.36]
-30.53415 [  1.125  -6.062 -17.187] [-1.04  2.87  9.31]
-30.637054 [  1.125  -6.062 -17.625] [-1.03  2.95  9.29]
-30.738926 [  1.125  -5.937 -17.625] [-1.02  2.95  9.29]
-30.841281 [  1.063  -6.25  -17.437] [-1.07  2.92  9.29]
-30.944751 [  1.25   -5.562 -17.062] [-0.97  2.87  9.32]
-31.047808 [  1.563  -3.687 -16.25 ] [-0.63  2.74  9.39]
-31.149657 [ 2.    -0.75  -7.312] [-0.13  2.59  9.45]
-31.251765 [  2.5     2.063 -14.5  ] [ 1.63  2.45  9.48]
-31.354853 [  2.875   3.625 -13.375] [ 1.9   2.27  9.51]
-31.457429 [  3.25    4.563 -12.25 ] [ 2.06  2.07  9.55]
-31.560172 [  3.438   5.875 -10.562] [ 2.28  1.78  9.58]
-31.662737 [  3.563   7.25  -10.062] [ 2.51  1.7   9.57]
-31.765049 [  3.625   8.438 -10.187] [ 1.44  1.71  9.54]
-31.86807 [  3.625  10.813 -10.375] [ 1.84  1.74  9.47]
-31.97093 [  3.5   11.75 -11.  ] [ 2.    1.83  9.42]
-32.073631 [  3.563  12.438 -10.687] [ 2.11  1.78  9.4 ]
-32.177963 [  3.688  13.063 -10.   ] [ 2.21  1.66  9.4 ]
-32.280837 [  4.25   13.125  -9.187] [ 2.22  1.53  9.42]
-32.384173 [  3.813  12.5    -8.187] [ 2.13  1.36  9.47]
-32.488302 [  3.938  11.875  -6.875] [ 2.03  1.17  9.52]
-32.591007 [  4.125  11.063  -4.875] [ 1.89  0.82  9.58]
-32.693872 [ 4.188  9.25  -3.437] [ 1.58  0.58  9.66]
-32.798173 [ 3.875  4.75  -2.562] [ 2.17  0.46  9.75]
-32.901327 [ 3.5   -0.125 -1.562] [-0.02  0.27  9.8 ]
-33.003343 [ 3.063 -5.437 -0.437] [-0.93  0.08  9.76]
-33.10588 [  1.813 -12.875   0.063] [-0.91 -0.01  9.55]
-33.208514 [  2.063 -12.687   1.125] [-0.89 -0.17  9.55]
-33.311098 [  2.25  -11.937   2.   ] [-0.75 -0.34  9.58]
-33.413689 [  2.25  -12.062   2.188] [-0.77 -0.37  9.58]
-33.51623 [  2.125 -11.562   2.5  ] [-0.68 -0.42  9.59]
-33.618838 [  2.125 -10.687   2.25 ] [-0.56 -0.38  9.62]
-33.721691 [ 2.125 -9.75   1.813] [-0.38 -0.3   9.65]
-33.824151 [ 2.    -8.812  0.75 ] [-0.23 -0.13  9.68]
-33.928286 [ 1.938 -8.437 -0.25 ] [-0.16  0.02  9.69]
-34.03162 [ 1.875 -7.875 -1.312] [-0.06  0.23  9.71]
-34.133888 [ 1.813 -7.437 -2.937] [-1.26  0.49  9.71]
-34.237082 [ 1.688 -7.    -5.437] [-1.2   0.92  9.68]
-34.341511 [ 1.563 -6.687 -8.5  ] [-1.15  1.44  9.63]
-34.443924 [  1.375  -6.5   -11.875] [-1.11  2.01  9.53]
-34.546486 [  1.313  -6.312 -16.125] [-1.08  2.71  9.36]
-34.650969 [  1.25   -6.125 -17.375] [-1.04  2.91  9.3 ]
-34.754228 [  1.25   -6.187 -17.75 ] [-1.06  2.97  9.28]
-34.85644 [  1.188  -6.5   -17.875] [-1.11  2.99  9.27]
-34.959012 [  1.125  -6.937 -17.625] [-1.19  2.94  9.27]
-35.061459 [  1.313  -5.937 -17.   ] [-1.04  2.87  9.31]
-35.164177 [  1.688  -4.125 -16.25 ] [-0.7   2.74  9.38]
-35.266747 [  2.125  -1.187 -15.187] [-0.21  2.57  9.46]
-35.369238 [  2.563   1.625 -14.375] [ 1.55  2.43  9.49]
-35.472104 [  3.063   4.125 -13.062] [ 0.7   2.23  9.52]
-35.574691 [  3.25    4.813 -12.125] [ 2.1   2.05  9.55]
-35.677685 [  4.375   5.813 -10.562] [ 2.28  1.79  9.58]
-35.781975 [ 3.813  7.125 -9.875] [ 2.48  1.68  9.58]
-35.884987 [ 3.875  8.125 -9.625] [ 1.38  1.63  9.56]
-35.987721 [  3.875  10.063  -9.5  ] [ 1.72  1.59  9.52]
-36.092306 [  3.875  11.125  -9.625] [ 1.89  1.59  9.48]
-36.195164 [  3.75  11.75 -10.75] [ 1.99  1.79  9.43]
-36.298153 [  3.75   12.313 -10.5  ] [ 2.09  1.74  9.42]
-36.402341 [  3.875  12.563  -9.625] [ 2.14  1.61  9.43]
-36.5055 [  3.938  11.938  -8.687] [ 2.03  1.45  9.48]
-36.6079 [  4.063  11.313  -7.562] [ 1.93  1.27  9.53]
-36.710526 [  4.188  10.438  -5.812] [ 1.78  0.98  9.59]
-36.812844 [ 3.625  8.25  -2.937] [ 1.46  0.53  9.68]
-36.915665 [ 4.188  4.813 -2.312] [ 2.1   0.4   9.76]
-37.018162 [ 3.875  0.188 -1.437] [ 1.31  0.25  9.8 ]
