The flat matrix is [[  7.938  -1.    -14.687]
 [ -0.17    2.49    9.48 ]] 
-0.079216 [ 1.625 -1.25  -1.375] [-0.22  0.23 -0.07]274.493101 269.49310095 268.9438875 263.9438874 255.814709 250.81470905 261.798602 256.79860195 
-0.182707 [ 1.875  0.625  1.   ] [ 0.09 -0.15  0.04]274.8798395 269.87983975 267.529996 262.5299959 255.2960635 250.296063419 263.2426755 258.24267555 
-0.285497 [ 1.875  0.5    0.375] [ 0.08 -0.07  0.02]274.99901 269.99900985 266.0658185 261.06581865 255.029741 250.029740863 264.721438 259.721438 
-0.387801 [ 1.812  0.5    0.   ] [ 0.08  0.    0.  ]274.833728 269.833728 264.580559 259.5805592 255.0433625 250.043362546 266.2056675 261.2056677 
-0.490785 [-6.188  0.5   -0.375] [ 0.08  0.05 -0.02]274.405555 269.4055551 263.1034445 258.1034447 255.334854 250.334854105 267.666146 262.66614625 
-0.594375 [ 1.812  0.5   -0.688] [ 0.08  0.1  -0.03]273.743654 268.74365405 261.663744 256.663744 255.8758995 250.87589956 269.0736565 264.07365665 
-0.697484 [ 1.75   0.438 -0.938] [ 0.08  0.15 -0.04]272.877188 267.87718785 260.2907305 255.29073025 256.63728 251.63727976 270.398982 265.39898195 
-0.800316 [ 1.75   0.438 -1.188] [ 0.07  0.2  -0.06]271.8353195 266.83531945 259.013677 254.013676775 257.5897755 252.589775535 271.612905 266.6129051 
-0.903971 [ 1.687  0.375 -1.563] [ 0.07  0.25 -0.07]270.647212 265.6472118 257.8618565 252.8618567 258.7041675 253.704167735 272.686209 267.68620915 
-1.006785 [ 1.5    0.125 -1.875] [ 0.02  0.31 -0.09]269.342028 264.3420278 256.8645435 251.86454326 259.951237 254.95123719 273.589677 268.58967705 
-1.108659 [ 1.437 -0.062 -2.125] [-0.01  0.34 -0.1 ]267.9489305 262.94893045 256.0510095 251.05100965 261.301765 256.30176475 274.294092 269.29409185 
-1.210687 [ 1.375 -0.375 -2.25 ] [-0.06  0.37 -0.11]266.4970825 261.4970827 255.450529 250.450529086 262.726531 257.72653125 274.7702365 269.7702365 
-1.312985 [ 1.312 -0.625 -2.438] [-0.11  0.4  -0.12]265.0156475 260.01564745 255.092375 250.092374773 264.1963175 259.19631755 274.988894 269.98889405 
-1.415468 [ 1.187 -1.    -2.563] [-0.17  0.41 -0.12]263.533799 258.53379905 255.005749 250.005748838 265.6819045 260.6819045 274.9245465 269.92454675 
-1.517728 [ 1.    -1.437 -2.625] [-0.24  0.43 -0.13]262.080758 257.0807582 255.2034985 250.2034985 267.1540755 262.1540754 274.5868015 269.58680165 
-1.619836 [ 0.937 -1.75  -2.625] [-0.31  0.43 -0.14]260.685758 255.6857578 255.6613285 250.66132832 268.583616 263.58361595 274.004672 269.0046722 
-1.721732 [ 0.875 -2.062 -2.625] [-0.35  0.43 -0.14]259.3780305 254.37803073 256.3498145 251.34981448 269.941312 264.94131205 273.207376 268.20737605 
-1.823515 [ 0.812 -2.312 -2.625] [-0.39  0.43 -0.14]258.18681 253.186809815 257.239533 252.23953316 271.1979495 266.1979496 272.224131 267.22413105 
-1.925532 [-7.25  -2.5   -2.625] [-0.43  0.42 -0.14]257.141328 252.141327915 258.3010605 253.301060535 272.3243145 267.32431445 271.084155 266.0841548 
-2.027502 [ 0.687 -2.687 -2.563] [-0.46  0.42 -0.14]256.270818 251.270817875 259.504973 254.504972795 273.2911925 268.2911925 269.816665 264.8166651 
-2.129415 [ 0.687 -2.812 -2.5  ] [-0.49  0.4  -0.14]255.6045125 250.604512555 260.821846 255.8218461 274.0693695 269.06936965 268.4508795 263.4508796 
-2.231619 [ 0.687 -2.937 -2.313] [-0.5   0.37 -0.13]255.171645 250.171644799 262.2222565 257.22225665 274.6296315 269.62963175 267.016016 262.01601605 
-2.334688 [ 0.625 -2.937 -1.938] [-0.51  0.31 -0.11]255.0014475 250.001447463 263.6767805 258.67678065 274.9427645 269.9427647 265.541292 260.5412922 
-2.43805 [ 0.625 -2.937 -1.438] [-0.51  0.23 -0.09]255.116026 250.116026178 265.1559945 260.15599445 274.9800495 269.98004965 264.055926 259.05592575 
-2.540708 [ 0.625 -3.    -1.25 ] [-0.51  0.19 -0.08]255.4990605 250.499060641 266.6306925 261.6306927 274.735851 269.7358509 262.589135 257.5891349 
-2.643784 [ 0.625 -3.    -1.063] [-0.51  0.17 -0.07]256.121338 251.12133825 268.072309 263.072309 274.236943 269.2369432 261.170138 256.170138 
-2.747743 [ 0.625 -3.    -0.813] [-0.51  0.13 -0.06]256.953637 251.95363696 269.452393 264.45239305 273.51253 268.51252995 259.8281535 254.82815357 
-2.850775 [ 0.625 -3.    -0.563] [-0.51  0.09 -0.05]257.9667345 252.96673473 270.7424945 265.74249465 272.5918145 267.59181445 258.5924 253.59240002 
-2.952697 [ 0.625 -3.    -0.25 ] [-0.51  0.04 -0.04]259.1314095 254.131409515 271.9141635 266.9141635 271.504 266.504 257.492096 252.492095795 
-3.056508 [ 0.625 -3.    -0.188] [-0.51  0.02 -0.03]260.4184395 255.4184393 272.9389495 267.93894945 270.27829 265.2782899 256.5564595 251.556459325 
-3.159851 [ 0.625 -3.     0.062] [-0.51 -0.02 -0.02]261.798602 256.79860195 274.493101 269.49310095 268.9438875 263.9438874 255.814709 250.81470905 
-3.261718 [ 0.625 -2.937  0.25 ] [-0.5  -0.05 -0.01]263.2426755 258.24267555 274.8798395 269.87983975 267.529996 262.5299959 255.2960635 250.296063419 
-3.363524 [ 0.625 -2.625  0.375] [-0.45 -0.07  0.  ]264.721438 259.721438 274.99901 269.99900985 266.0658185 261.06581865 255.029741 250.029740863 
-3.465482 [ 0.687 -2.125  0.437] [-0.37 -0.08  0.  ]266.2056675 261.2056677 274.833728 269.833728 264.580559 259.5805592 255.0433625 250.043362546 
-3.567491 [ 0.75  -1.625  0.437] [-0.28 -0.08  0.01]267.666146 262.66614625 274.405555 269.4055551 263.1034445 258.1034447 255.334854 250.334854105 
-3.669835 [ 0.812 -1.375  0.437] [-0.24 -0.08  0.01]269.0736565 264.07365665 273.743654 268.74365405 261.663744 256.663744 255.8758995 250.87589956 
-3.775025 [ 0.812 -1.187  0.437] [-0.2  -0.08  0.01]270.398982 265.39898195 272.877188 267.87718785 260.2907305 255.29073025 256.63728 251.63727976 
-3.877217 [ 0.875 -0.875  0.437] [-0.16 -0.08  0.01]271.612905 266.6129051 271.8353195 266.83531945 259.013677 254.013676775 257.5897755 252.589775535 
-3.979308 [ 0.875 -0.75   0.437] [-0.13 -0.08  0.01]272.686209 267.68620915 270.647212 265.6472118 257.8618565 252.8618567 258.7041675 253.704167735 
-4.081883 [ 0.875 -0.5    0.437] [-0.09 -0.08  0.02]273.589677 268.58967705 269.342028 264.3420278 256.8645435 251.86454326 259.951237 254.95123719 
-4.18384 [ 0.937 -0.187  0.375] [-0.03 -0.06  0.01]274.294092 269.29409185 267.9489305 262.94893045 256.0510095 251.05100965 261.301765 256.30176475 
-4.286658 [ 0.875  0.     0.125] [-0.01 -0.03  0.  ]274.7702365 269.7702365 266.4970825 261.4970827 255.450529 250.450529086 262.726531 257.72653125 
-4.390432 [ 0.937  0.063 -0.188] [ 0.01  0.02 -0.01]274.988894 269.98889405 265.0156475 260.01564745 255.092375 250.092374773 264.1963175 259.19631755 
-4.492759 [ 0.937  0.125 -0.438] [ 0.02  0.07 -0.02]274.9245465 269.92454675 263.533799 258.53379905 255.005749 250.005748838 265.6819045 260.6819045 
-4.59476 [ 0.937  0.125 -0.688] [ 0.02  0.11 -0.03]274.5868015 269.58680165 262.080758 257.0807582 255.2034985 250.2034985 267.1540755 262.1540754 
-4.698108 [ 0.937  0.125 -0.938] [ 0.02  0.15 -0.04]274.004672 269.0046722 260.685758 255.6857578 255.6613285 250.66132832 268.583616 263.58361595 
-4.8016 [ 0.875  0.188 -1.375] [ 0.03  0.23 -0.06]273.207376 268.20737605 259.3780305 254.37803073 256.3498145 251.34981448 269.941312 264.94131205 
-4.903852 [-7.125  0.188 -1.563] [ 0.03  0.25 -0.07]272.224131 267.22413105 258.18681 253.186809815 257.239533 252.23953316 271.1979495 266.1979496 
-5.006739 [ 0.875  0.188 -1.75 ] [ 0.04  0.28 -0.08]271.084155 266.0841548 257.141328 252.141327915 258.3010605 253.301060535 272.3243145 267.32431445 
-5.110403 [ 0.875  0.25  -2.   ] [ 0.04  0.32 -0.09]269.816665 264.8166651 256.270818 251.270817875 259.504973 254.504972795 273.2911925 268.2911925 
-5.215766 [ 0.875  0.125 -2.125] [ 0.02  0.34 -0.1 ]268.4508795 263.4508796 255.6045125 250.604512555 260.821846 255.8218461 274.0693695 269.06936965 
-5.31802 [ 0.875  0.    -2.25 ] [ 0.    0.36 -0.11]267.016016 262.01601605 255.171645 250.171644799 262.2222565 257.22225665 274.6296315 269.62963175 
-5.420164 [ 0.812 -0.187 -2.375] [-0.04  0.39 -0.11]265.541292 260.5412922 255.0014475 250.001447463 263.6767805 258.67678065 274.9427645 269.9427647 
-5.522473 [ 0.75  -0.5   -2.438] [-0.08  0.39 -0.12]264.055926 259.05592575 255.116026 250.116026178 265.1559945 260.15599445 274.9800495 269.98004965 
-5.624676 [ 0.687 -0.937 -2.438] [-0.16  0.39 -0.12]262.589135 257.5891349 255.4990605 250.499060641 266.6306925 261.6306927 274.735851 269.7358509 
-5.726979 [ 0.625 -1.375 -2.438] [-0.23  0.39 -0.12]261.170138 256.170138 256.121338 251.12133825 268.072309 263.072309 274.236943 269.2369432 
-5.829 [ 0.562 -1.625 -2.438] [-0.28  0.39 -0.12]259.8281535 254.82815357 256.953637 251.95363696 269.452393 264.45239305 273.51253 268.51252995 
-5.931277 [-7.438 -1.937 -2.438] [-0.33  0.39 -0.13]258.5924 253.59240002 257.9667345 252.96673473 270.7424945 265.74249465 272.5918145 267.59181445 
-6.033565 [ 0.5   -2.25  -2.438] [-0.38  0.39 -0.13]257.492096 252.492095795 259.1314095 254.131409515 271.9141635 266.9141635 271.504 266.504 
-6.135754 [ 0.5   -2.437 -2.438] [-0.42  0.39 -0.13]256.5564595 251.556459325 260.4184395 255.4184393 272.9389495 267.93894945 270.27829 265.2782899 
-6.238368 [-7.563 -2.562 -2.313] [-0.44  0.38 -0.13]255.814709 250.81470905 261.798602 256.79860195 274.493101 269.49310095 268.9438875 263.9438874 
-6.342661 [ 0.437 -2.812 -2.188] [-0.48  0.36 -0.12]255.2960635 250.296063419 263.2426755 258.24267555 274.8798395 269.87983975 267.529996 262.5299959 
-6.445246 [ 0.375 -2.875 -1.875] [-0.49  0.3  -0.11]255.029741 250.029740863 264.721438 259.721438 274.99901 269.99900985 266.0658185 261.06581865 
-6.547268 [-7.625 -2.875 -1.375] [-0.49  0.22 -0.08]255.0433625 250.043362546 266.2056675 261.2056677 274.833728 269.833728 264.580559 259.5805592 
-6.650094 [-7.625 -2.937 -1.188] [-0.5   0.18 -0.07]255.334854 250.334854105 267.666146 262.66614625 274.405555 269.4055551 263.1034445 258.1034447 
-6.753905 [ 0.375 -2.875 -1.063] [-0.5   0.16 -0.07]255.8758995 250.87589956 269.0736565 264.07365665 273.743654 268.74365405 261.663744 256.663744 
-6.856437 [ 0.375 -2.875 -0.875] [-0.5   0.13 -0.06]256.63728 251.63727976 270.398982 265.39898195 272.877188 267.87718785 260.2907305 255.29073025 
-6.958339 [ 0.375 -2.875 -0.625] [-0.5   0.09 -0.05]257.5897755 252.589775535 271.612905 266.6129051 271.8353195 266.83531945 259.013677 254.013676775 
-7.061532 [ 0.312 -2.875 -0.375] [-0.5   0.05 -0.04]258.7041675 253.704167735 272.686209 267.68620915 270.647212 265.6472118 257.8618565 252.8618567 
-7.165629 [ 0.312 -2.875 -0.125] [-0.5   0.01 -0.03]259.951237 254.95123719 273.589677 268.58967705 269.342028 264.3420278 256.8645435 251.86454326 
-7.267705 [ 0.312 -2.875  0.   ] [-0.49 -0.01 -0.02]261.301765 256.30176475 274.294092 269.29409185 267.9489305 262.94893045 256.0510095 251.05100965 
-7.369858 [ 0.375 -2.687  0.187] [-0.46 -0.04 -0.01]262.726531 257.72653125 274.7702365 269.7702365 266.4970825 261.4970827 255.450529 250.450529086 
-7.471749 [ 0.375 -2.25   0.312] [-0.38 -0.06  0.  ]264.1963175 259.19631755 274.988894 269.98889405 265.0156475 260.01564745 255.092375 250.092374773 
-7.573777 [ 0.5   -1.625  0.375] [-0.28 -0.07  0.01]265.6819045 260.6819045 274.9245465 269.92454675 263.533799 258.53379905 255.005749 250.005748838 
-7.676342 [ 0.5   -1.312  0.437] [-0.23 -0.07  0.01]267.1540755 262.1540754 274.5868015 269.58680165 262.080758 257.0807582 255.2034985 250.2034985 
-7.778284 [ 0.562 -1.125  0.437] [-0.2  -0.08  0.01]268.583616 263.58361595 274.004672 269.0046722 260.685758 255.6857578 255.6613285 250.66132832 
-7.880094 [ 0.562 -0.937  0.437] [-0.16 -0.08  0.01]269.941312 264.94131205 273.207376 268.20737605 259.3780305 254.37803073 256.3498145 251.34981448 
-7.982077 [ 0.562 -0.812  0.437] [-0.14 -0.08  0.01]271.1979495 266.1979496 272.224131 267.22413105 258.18681 253.186809815 257.239533 252.23953316 
-8.083799 [ 0.625 -0.562  0.437] [-0.1  -0.08  0.01]272.3243145 267.32431445 271.084155 266.0841548 257.141328 252.141327915 258.3010605 253.301060535 
-8.185652 [ 0.625 -0.25   0.437] [-0.05 -0.07  0.02]273.2911925 268.2911925 269.816665 264.8166651 256.270818 251.270817875 259.504973 254.504972795 
-8.288129 [ 0.687  0.     0.437] [-0.01 -0.07  0.02]274.0693695 269.06936965 268.4508795 263.4508796 255.6045125 250.604512555 260.821846 255.8218461 
-8.390116 [ 0.687  0.188  0.312] [ 0.03 -0.05  0.01]274.6296315 269.62963175 267.016016 262.01601605 255.171645 250.171644799 262.2222565 257.22225665 
-8.493234 [ 0.687  0.188  0.062] [ 0.03 -0.01  0.  ]274.9427645 269.9427647 265.541292 260.5412922 255.0014475 250.001447463 263.6767805 258.67678065 
-8.59702 [ 0.687  0.25  -0.313] [ 0.04  0.04 -0.01]274.9800495 269.98004965 264.055926 259.05592575 255.116026 250.116026178 265.1559945 260.15599445 
-8.699396 [ 0.687  0.25  -0.5  ] [ 0.04  0.08 -0.02]274.735851 269.7358509 262.589135 257.5891349 255.4990605 250.499060641 266.6306925 261.6306927 
-8.80131 [ 0.687  0.25  -0.75 ] [ 0.05  0.12 -0.03]274.236943 269.2369432 261.170138 256.170138 256.121338 251.12133825 268.072309 263.072309 
-8.904181 [ 0.687  0.25  -1.   ] [ 0.11 -2.5  -9.49]273.51253 268.51252995 259.8281535 254.82815357 256.953637 251.95363696 269.452393 264.45239305 
-9.007226 [ 0.75  0.25 -1.25] [ 0.05  0.2  -0.06]272.5918145 267.59181445 258.5924 253.59240002 257.9667345 252.96673473 270.7424945 265.74249465 
-9.109544 [ 0.75  0.25 -1.5 ] [ 0.05  0.24 -0.07]271.504 266.504 257.492096 252.492095795 259.1314095 254.131409515 271.9141635 266.9141635 
-9.211239 [ 0.75   0.25  -1.688] [ 0.05  0.28 -0.08]270.27829 265.2782899 256.5564595 251.556459325 260.4184395 255.4184393 272.9389495 267.93894945 
-9.314338 [ 0.687  0.25  -1.875] [ 0.04  0.31 -0.09]268.9438875 263.9438874 255.814709 250.81470905 261.798602 256.79860195 274.493101 269.49310095 
-9.418657 [ 0.687  0.    -2.063] [ 0.    0.33 -0.1 ]267.529996 262.5299959 255.2960635 250.296063419 263.2426755 258.24267555 274.8798395 269.87983975 
-9.520996 [ 0.625 -0.312 -2.188] [-0.05  0.36 -0.11]266.0658185 261.06581865 255.029741 250.029740863 264.721438 259.721438 274.99901 269.99900985 
-9.622761 [ 0.562 -0.625 -2.313] [-0.11  0.38 -0.11]264.580559 259.5805592 255.0433625 250.043362546 266.2056675 261.2056677 274.833728 269.833728 
-9.724851 [ 0.5   -1.062 -2.375] [-0.18  0.39 -0.12]263.1034445 258.1034447 255.334854 250.334854105 267.666146 262.66614625 274.405555 269.4055551 
-9.827023 [ 0.5   -1.437 -2.375] [-0.24  0.39 -0.12]261.663744 256.663744 255.8758995 250.87589956 269.0736565 264.07365665 273.743654 268.74365405 
-9.930093 [ 0.437 -1.687 -2.375] [-0.29  0.39 -0.12]260.2907305 255.29073025 256.63728 251.63727976 270.398982 265.39898195 272.877188 267.87718785 
-10.031819 [ 0.375 -1.937 -2.375] [-0.33  0.39 -0.13]259.013677 254.013676775 257.5897755 252.589775535 271.612905 266.6129051 271.8353195 266.83531945 
-10.133525 [ 0.312 -2.187 -2.375] [-0.38  0.39 -0.13]257.8618565 252.8618567 258.7041675 253.704167735 272.686209 267.68620915 270.647212 265.6472118 
-10.235455 [ 0.312 -2.437 -2.375] [-0.42  0.38 -0.13]256.8645435 251.86454326 259.951237 254.95123719 273.589677 268.58967705 269.342028 264.3420278 
-10.337319 [ 0.25  -2.562 -2.25 ] [-0.44  0.36 -0.12]256.0510095 251.05100965 261.301765 256.30176475 274.294092 269.29409185 267.9489305 262.94893045 
-10.439878 [ 0.25  -2.75  -2.063] [-0.46  0.34 -0.12]255.450529 250.450529086 262.726531 257.72653125 274.7702365 269.7702365 266.4970825 261.4970827 
-10.542032 [ 0.187 -2.812 -1.563] [-0.48  0.25 -0.09]255.092375 250.092374773 264.1963175 259.19631755 274.988894 269.98889405 265.0156475 260.01564745 
-10.644114 [ 0.187 -2.875 -1.313] [-0.49  0.21 -0.08]255.005749 250.005748838 265.6819045 260.6819045 274.9245465 269.92454675 263.533799 258.53379905 
-10.747325 [ 0.187 -2.937 -1.125] [-0.51  0.18 -0.07]255.2034985 250.2034985 267.1540755 262.1540754 274.5868015 269.58680165 262.080758 257.0807582 
-10.850701 [ 0.187 -2.937 -0.938] [-0.51  0.14 -0.06]255.6613285 250.66132832 268.583616 263.58361595 274.004672 269.0046722 260.685758 255.6857578 
-10.952958 [ 0.187 -2.937 -0.75 ] [-0.51  0.11 -0.06]256.3498145 251.34981448 269.941312 264.94131205 273.207376 268.20737605 259.3780305 254.37803073 
-11.055343 [ 0.125 -2.937 -0.438] [-0.51  0.07 -0.04]257.239533 252.23953316 271.1979495 266.1979496 272.224131 267.22413105 258.18681 253.186809815 
-11.158936 [ 0.125 -2.937 -0.25 ] [-0.51  0.03 -0.03]258.3010605 253.301060535 272.3243145 267.32431445 271.084155 266.0841548 257.141328 252.141327915 
-11.262646 [ 0.125 -2.937 -0.063] [-0.51  0.   -0.03]259.504973 254.504972795 273.2911925 268.2911925 269.816665 264.8166651 256.270818 251.270817875 
-11.364437 [ 0.125 -2.937  0.125] [-0.51 -0.03 -0.02]260.821846 255.8218461 274.0693695 269.06936965 268.4508795 263.4508796 255.6045125 250.604512555 
-11.467266 [ 0.125 -2.812  0.312] [-0.48 -0.06 -0.01]262.2222565 257.22225665 274.6296315 269.62963175 267.016016 262.01601605 255.171645 250.171644799 
-11.571059 [ 0.187 -2.437  0.312] [-0.43 -0.06  0.  ]263.6767805 258.67678065 274.9427645 269.9427647 265.541292 260.5412922 255.0014475 250.001447463 
-11.673785 [ 0.312 -1.812  0.312] [-0.31 -0.06  0.  ]265.1559945 260.15599445 274.9800495 269.98004965 264.055926 259.05592575 255.116026 250.116026178 
-11.775801 [ 0.312 -1.375  0.312] [-0.24 -0.06  0.01]266.6306925 261.6306927 274.735851 269.7358509 262.589135 257.5891349 255.4990605 250.499060641 
-11.877866 [ 0.375 -1.187  0.312] [-0.2  -0.06  0.01]268.072309 263.072309 274.236943 269.2369432 261.170138 256.170138 256.121338 251.12133825 
-11.979838 [ 0.375 -1.     0.375] [-0.17 -0.06  0.01]269.452393 264.45239305 273.51253 268.51252995 259.8281535 254.82815357 256.953637 251.95363696 
-12.081816 [ 0.437 -0.812  0.375] [-0.14 -0.06  0.01]270.7424945 265.74249465 272.5918145 267.59181445 258.5924 253.59240002 257.9667345 252.96673473 
-12.184129 [ 0.437 -0.625  0.375] [-0.11 -0.06  0.01]271.9141635 266.9141635 271.504 266.504 257.492096 252.492095795 259.1314095 254.131409515 
-12.286019 [ 0.5   -0.375  0.375] [-0.07 -0.06  0.01]272.9389495 267.93894945 270.27829 265.2782899 256.5564595 251.556459325 260.4184395 255.4184393 
-12.388401 [ 0.5   -0.125  0.375] [-0.02 -0.07  0.01]274.493101 269.49310095 268.9438875 263.9438874 255.814709 250.81470905 261.798602 256.79860195 
-12.490304 [-7.438  0.188  0.312] [ 0.03 -0.05  0.01]274.8798395 269.87983975 267.529996 262.5299959 255.2960635 250.296063419 263.2426755 258.24267555 
-12.592671 [ 0.562  0.25   0.   ] [ 0.04 -0.01  0.  ]274.99901 269.99900985 266.0658185 261.06581865 255.029741 250.029740863 264.721438 259.721438 
-12.694777 [ 0.562  0.313 -0.313] [ 0.05  0.05 -0.02]274.833728 269.833728 264.580559 259.5805592 255.0433625 250.043362546 266.2056675 261.2056677 
-12.7967 [ 0.562  0.313 -0.563] [ 0.05  1.37 -0.03]274.405555 269.4055551 263.1034445 258.1034447 255.334854 250.334854105 267.666146 262.66614625 
-12.899481 [-7.438  0.313 -0.813] [ 0.05  0.13 -0.04]273.743654 268.74365405 261.663744 256.663744 255.8758995 250.87589956 269.0736565 264.07365665 
-13.003253 [ 0.562  0.313 -1.125] [ 0.05  0.17 -0.05]272.877188 267.87718785 260.2907305 255.29073025 256.63728 251.63727976 270.398982 265.39898195 
-13.105739 [ 0.562  0.313 -1.25 ] [ 0.05  0.21 -0.06]271.8353195 266.83531945 259.013677 254.013676775 257.5897755 252.589775535 271.612905 266.6129051 
-13.207698 [ 0.562  0.313 -1.438] [ 0.05  0.23 -0.07]270.647212 265.6472118 257.8618565 252.8618567 258.7041675 253.704167735 272.686209 267.68620915 
-13.310766 [ 0.562  0.313 -1.688] [ 0.05  0.27 -0.08]269.342028 264.3420278 256.8645435 251.86454326 259.951237 254.95123719 273.589677 268.58967705 
-13.414143 [ 0.562  0.125 -1.938] [ 0.02  0.31 -0.09]267.9489305 262.94893045 256.0510095 251.05100965 261.301765 256.30176475 274.294092 269.29409185 
-13.516408 [ 0.5   -0.125 -2.063] [-0.02  0.34 -0.1 ]266.4970825 261.4970827 255.450529 250.450529086 262.726531 257.72653125 274.7702365 269.7702365 
-13.618635 [ 0.5   -0.312 -2.25 ] [-0.05  0.36 -1.39]265.0156475 260.01564745 255.092375 250.092374773 264.1963175 259.19631755 274.988894 269.98889405 
-13.721629 [ 0.437 -0.625 -2.313] [-0.11  0.38 -0.11]263.533799 258.53379905 255.005749 250.005748838 265.6819045 260.6819045 274.9245465 269.92454675 
-13.825034 [ 0.375 -1.062 -2.375] [-0.19  0.39 -0.12]262.080758 257.0807582 255.2034985 250.2034985 267.1540755 262.1540754 274.5868015 269.58680165 
-13.92729 [ 0.25  -1.375 -2.438] [-0.24  0.4  -0.12]260.685758 255.6857578 255.6613285 250.66132832 268.583616 263.58361595 274.004672 269.0046722 
-14.029262 [ 0.25  -1.687 -2.438] [-0.29  0.4  -0.13]259.3780305 254.37803073 256.3498145 251.34981448 269.941312 264.94131205 273.207376 268.20737605 
-14.131523 [ 0.187 -1.937 -2.438] [-0.34  0.4  -0.13]258.18681 253.186809815 257.239533 252.23953316 271.1979495 266.1979496 272.224131 267.22413105 
-14.233306 [ 0.125 -2.187 -2.438] [-0.38  0.4  -0.13]257.141328 252.141327915 258.3010605 253.301060535 272.3243145 267.32431445 271.084155 266.0841548 
-14.335426 [ 0.125 -2.375 -2.438] [-0.41  0.39 -0.13]256.270818 251.270817875 259.504973 254.504972795 273.2911925 268.2911925 269.816665 264.8166651 
-14.4375 [ 0.062 -2.5   -2.313] [-0.43  0.37 -0.13]255.6045125 250.604512555 260.821846 255.8218461 274.0693695 269.06936965 268.4508795 263.4508796 
-14.539557 [ 0.062 -2.687 -2.125] [-0.46  0.34 -0.12]255.171645 250.171644799 262.2222565 257.22225665 274.6296315 269.62963175 267.016016 262.01601605 
-14.641465 [ 0.062 -2.687 -1.688] [-0.46  0.27 -0.1 ]255.0014475 250.001447463 263.6767805 258.67678065 274.9427645 269.9427647 265.541292 260.5412922 
-14.743327 [ 0.062 -2.75  -1.438] [-0.47  0.23 -0.09]255.116026 250.116026178 265.1559945 260.15599445 274.9800495 269.98004965 264.055926 259.05592575 
-14.846342 [ 0.    -2.812 -1.313] [-0.49  0.2  -0.08]255.4990605 250.499060641 266.6306925 261.6306927 274.735851 269.7358509 262.589135 257.5891349 
-14.948657 [ 0.    -2.812 -1.063] [-0.49  0.16 -0.07]256.121338 251.12133825 268.072309 263.072309 274.236943 269.2369432 261.170138 256.170138 
-15.051428 [ 0.    -2.812 -0.813] [-0.49  0.13 -0.06]256.953637 251.95363696 269.452393 264.45239305 273.51253 268.51252995 259.8281535 254.82815357 
-15.155073 [ 0.    -2.812 -0.625] [-0.49  0.1  -0.05]257.9667345 252.96673473 270.7424945 265.74249465 272.5918145 267.59181445 258.5924 253.59240002 
-15.257799 [ 0.    -2.812 -0.375] [-0.49  0.05 -0.04]259.1314095 254.131409515 271.9141635 266.9141635 271.504 266.504 257.492096 252.492095795 
-15.359816 [-7.876 -2.812 -0.063] [-0.49  0.01 -0.03]260.4184395 255.4184393 272.9389495 267.93894945 270.27829 265.2782899 256.5564595 251.556459325 
-15.462513 [ 0.    -2.812  0.125] [-0.49 -0.03 -0.02]261.798602 256.79860195 274.493101 269.49310095 268.9438875 263.9438874 255.814709 250.81470905 
-15.566414 [ 0.    -2.75   0.312] [-0.47 -0.06 -0.01]263.2426755 258.24267555 274.8798395 269.87983975 267.529996 262.5299959 255.2960635 250.296063419 
-15.669868 [-7.938 -2.312  0.437] [-0.4  -0.08  0.  ]264.721438 259.721438 274.99901 269.99900985 266.0658185 261.06581865 255.029741 250.029740863 
-15.772809 [ 0.125 -1.75   0.5  ] [-0.3  -0.09  0.01]266.2056675 261.2056677 274.833728 269.833728 264.580559 259.5805592 255.0433625 250.043362546 
-15.876713 [ 0.187 -1.312  0.5  ] [-0.23 -0.09  0.01]267.666146 262.66614625 274.405555 269.4055551 263.1034445 258.1034447 255.334854 250.334854105 
-15.979453 [ 0.187 -1.125  0.5  ] [-0.19 -0.09  0.01]269.0736565 264.07365665 273.743654 268.74365405 261.663744 256.663744 255.8758995 250.87589956 
-16.08121 [ 0.187 -0.937  0.5  ] [-0.16 -0.09  0.02]270.398982 265.39898195 272.877188 267.87718785 260.2907305 255.29073025 256.63728 251.63727976 
-16.183016 [ 0.25  -0.812  0.5  ] [-0.14 -0.09  0.02]271.612905 266.6129051 271.8353195 266.83531945 259.013677 254.013676775 257.5897755 252.589775535 
-16.284911 [ 0.25  -0.562  0.5  ] [-0.1  -0.09  0.02]272.686209 267.68620915 270.647212 265.6472118 257.8618565 252.8618567 258.7041675 253.704167735 
-16.387699 [ 0.312 -0.25   0.5  ] [-0.05 -0.09  0.02]273.589677 268.58967705 269.342028 264.3420278 256.8645435 251.86454326 259.951237 254.95123719 
-16.489787 [ 0.312  0.     0.437] [ 0.   -0.08  0.02]274.294092 269.29409185 267.9489305 262.94893045 256.0510095 251.05100965 261.301765 256.30176475 
-16.591499 [ 0.375 -7.812  0.187] [ 0.03 -0.04  0.01]274.7702365 269.7702365 266.4970825 261.4970827 255.450529 250.450529086 262.726531 257.72653125 
-16.693272 [ 0.375  0.313 -0.063] [ 0.05  0.01  0.  ]274.988894 269.98889405 265.0156475 260.01564745 255.092375 250.092374773 264.1963175 259.19631755 
-16.795095 [ 0.375  0.313 -0.25 ] [ 0.05  0.04 -0.01]274.9245465 269.92454675 263.533799 258.53379905 255.005749 250.005748838 265.6819045 260.6819045 
-16.89747 [ 0.375  0.375 -0.563] [ 0.06  0.08 -0.02]274.5868015 269.58680165 262.080758 257.0807582 255.2034985 250.2034985 267.1540755 262.1540754 
-16.999499 [ 0.375  0.375 -0.75 ] [ 0.06  0.13 -0.04]274.004672 269.0046722 260.685758 255.6857578 255.6613285 250.66132832 268.583616 263.58361595 
-17.101475 [ 0.375  0.375 -1.063] [ 0.06  0.17 -0.05]273.207376 268.20737605 259.3780305 254.37803073 256.3498145 251.34981448 269.941312 264.94131205 
-17.203724 [-7.625  0.375 -1.25 ] [ 0.06  0.2  -0.06]272.224131 267.22413105 258.18681 253.186809815 257.239533 252.23953316 271.1979495 266.1979496 
-17.308419 [ 0.375  0.375 -1.5  ] [ 0.06  0.24 -0.07]271.084155 266.0841548 257.141328 252.141327915 258.3010605 253.301060535 272.3243145 267.32431445 
-17.411674 [ 0.375  0.375 -1.813] [ 0.06  0.29 -0.08]269.816665 264.8166651 256.270818 251.270817875 259.504973 254.504972795 273.2911925 268.2911925 
-17.514835 [ 0.375  0.25  -1.875] [ 0.05  0.31 -0.09]268.4508795 263.4508796 255.6045125 250.604512555 260.821846 255.8218461 274.0693695 269.06936965 
-17.619393 [ 0.312  0.125 -2.063] [ 0.02  0.33 -0.1 ]267.016016 262.01601605 255.171645 250.171644799 262.2222565 257.22225665 274.6296315 269.62963175 
-17.722295 [ 0.312 -0.125 -2.188] [-0.02  0.36 -0.1 ]265.541292 260.5412922 255.0014475 250.001447463 263.6767805 258.67678065 274.9427645 269.9427647 
-17.825028 [ 0.25  -0.437 -2.313] [-0.08  0.37 -0.11]264.055926 259.05592575 255.116026 250.116026178 265.1559945 260.15599445 274.9800495 269.98004965 
-17.930577 [ 0.187 -0.937 -2.313] [-0.15  0.38 -0.11]262.589135 257.5891349 255.4990605 250.499060641 266.6306925 261.6306927 274.735851 269.7358509 
-18.033902 [ 0.125 -1.25  -2.313] [-0.22  0.38 -0.12]261.170138 256.170138 256.121338 251.12133825 268.072309 263.072309 274.236943 269.2369432 
-18.136915 [ 0.062 -1.562 -2.375] [-0.27  0.38 -0.12]259.8281535 254.82815357 256.953637 251.95363696 269.452393 264.45239305 273.51253 268.51252995 
-18.239728 [ 0.    -1.875 -2.375] [-0.32  0.38 -0.12]258.5924 253.59240002 257.9667345 252.96673473 270.7424945 265.74249465 272.5918145 267.59181445 
-18.343901 [ 0.    -2.125 -2.375] [-0.37  0.38 -0.13]257.492096 252.492095795 259.1314095 254.131409515 271.9141635 266.9141635 271.504 266.504 
-18.446283 [-0.063 -2.375 -2.375] [-0.4   0.38 -0.13]256.5564595 251.556459325 260.4184395 255.4184393 272.9389495 267.93894945 270.27829 265.2782899 
-18.548619 [-0.063 -2.5   -2.25 ] [-0.43  0.36 -0.12]255.814709 250.81470905 261.798602 256.79860195 274.493101 269.49310095 268.9438875 263.9438874 
-18.651009 [-0.125 -2.687 -2.063] [-0.46  0.34 -0.12]255.2960635 250.296063419 263.2426755 258.24267555 274.8798395 269.87983975 267.529996 262.5299959 
-18.753951 [-0.125 -2.75  -1.75 ] [-0.47  0.28 -0.1 ]255.029741 250.029740863 264.721438 259.721438 274.99901 269.99900985 266.0658185 261.06581865 
-18.857128 [-0.125 -2.812 -1.25 ] [-0.48  0.19 -0.08]255.0433625 250.043362546 266.2056675 261.2056677 274.833728 269.833728 264.580559 259.5805592 
-18.96154 [-0.125 -2.812 -1.063] [-0.49  0.17 -0.07]255.334854 250.334854105 267.666146 262.66614625 274.405555 269.4055551 263.1034445 258.1034447 
-19.064425 [-0.125 -2.812 -0.875] [-0.49  0.14 -0.06]255.8758995 250.87589956 269.0736565 264.07365665 273.743654 268.74365405 261.663744 256.663744 
-19.167202 [-0.125 -2.812 -0.688] [-0.49  0.1  -0.05]256.63728 251.63727976 270.398982 265.39898195 272.877188 267.87718785 260.2907305 255.29073025 
-19.271848 [-0.188 -2.812 -0.5  ] [-0.49  0.08 -0.04]257.5897755 252.589775535 271.612905 266.6129051 271.8353195 266.83531945 259.013677 254.013676775 
-19.374728 [-0.188 -2.812 -0.375] [-0.49  0.05 -0.04]258.7041675 253.704167735 272.686209 267.68620915 270.647212 265.6472118 257.8618565 252.8618567 
-19.477682 [-7.688 -2.812  0.   ] [-0.49 -0.01 -0.02]259.951237 254.95123719 273.589677 268.58967705 269.342028 264.3420278 256.8645435 251.86454326 
-19.581812 [-0.188 -2.812  0.187] [-0.49 -0.04 -0.01]261.301765 256.30176475 274.294092 269.29409185 267.9489305 262.94893045 256.0510095 251.05100965 
-19.68579 [-0.125 -2.625  0.312] [-0.45 -0.06 -0.01]262.726531 257.72653125 274.7702365 269.7702365 266.4970825 261.4970827 255.450529 250.450529086 
-19.788385 [-0.063 -2.125  0.375] [-0.37 -0.07  0.  ]264.1963175 259.19631755 274.988894 269.98889405 265.0156475 260.01564745 255.092375 250.092374773 
-19.892289 [ 0.    -1.562  0.437] [-0.27 -0.08  0.01]265.6819045 260.6819045 274.9245465 269.92454675 263.533799 258.53379905 255.005749 250.005748838 
-19.995224 [ 0.    -1.25   0.437] [-0.22 -0.08  0.01]267.1540755 262.1540754 274.5868015 269.58680165 262.080758 257.0807582 255.2034985 250.2034985 
-20.09803 [ 0.062 -1.062  0.437] [-0.19 -0.08  0.01]268.583616 263.58361595 274.004672 269.0046722 260.685758 255.6857578 255.6613285 250.66132832 
-20.200908 [ 0.062 -0.937  0.437] [-0.17 -0.08  0.01]269.941312 264.94131205 273.207376 268.20737605 259.3780305 254.37803073 256.3498145 251.34981448 
-20.303955 [ 0.062 -0.75   0.437] [-0.13 -0.08  0.02]271.1979495 266.1979496 272.224131 267.22413105 258.18681 253.186809815 257.239533 252.23953316 
-20.406149 [ 0.125 -0.562  0.437] [-0.1  -0.08  0.02]272.3243145 267.32431445 271.084155 266.0841548 257.141328 252.141327915 258.3010605 253.301060535 
-20.508686 [ 0.125 -0.25   0.437] [-0.04 -0.08  0.02]273.2911925 268.2911925 269.816665 264.8166651 256.270818 251.270817875 259.504973 254.504972795 
-20.61397 [ 0.187 -0.062  0.437] [-0.02 -0.08  0.02]274.0693695 269.06936965 268.4508795 263.4508796 255.6045125 250.604512555 260.821846 255.8218461 
-20.716443 [ 0.187  0.125  0.25 ] [ 0.02 -0.05  0.01]274.6296315 269.62963175 267.016016 262.01601605 255.171645 250.171644799 262.2222565 257.22225665 
-20.818842 [ 0.187  0.25   0.   ] [ 0.04 -0.01  0.  ]274.9427645 269.9427647 265.541292 260.5412922 255.0014475 250.001447463 263.6767805 258.67678065 
-20.922644 [-7.813  0.313 -0.25 ] [ 0.05  0.04 -0.01]274.9800495 269.98004965 264.055926 259.05592575 255.116026 250.116026178 265.1559945 260.15599445 
-21.025805 [ 0.25   0.313 -0.5  ] [ 0.06  0.08 -0.02]274.735851 269.7358509 262.589135 257.5891349 255.4990605 250.499060641 266.6306925 261.6306927 
-21.127878 [ 0.25   0.375 -0.75 ] [ 0.06  0.12 -0.03]274.236943 269.2369432 261.170138 256.170138 256.121338 251.12133825 268.072309 263.072309 
-21.23001 [ 0.25   0.375 -1.   ] [ 0.06  0.16 -0.05]273.51253 268.51252995 259.8281535 254.82815357 256.953637 251.95363696 269.452393 264.45239305 
-21.333509 [ 0.25   0.375 -1.25 ] [ 0.06  0.2  -0.06]272.5918145 267.59181445 258.5924 253.59240002 257.9667345 252.96673473 270.7424945 265.74249465 
-21.436658 [ 0.25   0.375 -1.438] [ 0.06  0.24 -0.07]271.504 266.504 257.492096 252.492095795 259.1314095 254.131409515 271.9141635 266.9141635 
-21.538615 [ 0.25   0.375 -1.75 ] [ 0.06  0.29 -0.08]270.27829 265.2782899 256.5564595 251.556459325 260.4184395 255.4184393 272.9389495 267.93894945 
-21.640636 [ 0.25   0.375 -1.875] [ 0.06  0.31 -0.09]268.9438875 263.9438874 255.814709 250.81470905 261.798602 256.79860195 274.493101 269.49310095 
-21.745235 [ 0.187  0.125 -2.   ] [ 0.02  0.32 -0.09]267.529996 262.5299959 255.2960635 250.296063419 263.2426755 258.24267555 274.8798395 269.87983975 
-21.847477 [ 0.125 -0.187 -2.188] [-0.03  0.35 -0.1 ]266.0658185 261.06581865 255.029741 250.029740863 264.721438 259.721438 274.99901 269.99900985 
-21.949588 [ 0.062 -0.562 -2.25 ] [-0.1   0.36 -0.11]264.580559 259.5805592 255.0433625 250.043362546 266.2056675 261.2056677 274.833728 269.833728 
-22.05177 [ 0.    -0.937 -2.25 ] [-0.16  0.37 -0.11]263.1034445 258.1034447 255.334854 250.334854105 267.666146 262.66614625 274.405555 269.4055551 
-22.15379 [ 0.   -1.25 -2.25] [-0.21  0.37 -0.11]261.663744 256.663744 255.8758995 250.87589956 269.0736565 264.07365665 273.743654 268.74365405 
-22.255819 [-0.063 -1.562 -2.25 ] [-0.26  0.37 -0.12]260.2907305 255.29073025 256.63728 251.63727976 270.398982 265.39898195 272.877188 267.87718785 
-22.358683 [-0.313 -2.187 -2.313] [-0.38  0.37 -0.12]259.013677 254.013676775 257.5897755 252.589775535 271.612905 266.6129051 271.8353195 266.83531945 
-22.461197 [-0.313 -2.25  -2.313] [-0.39  0.37 -0.12]257.8618565 252.8618567 258.7041675 253.704167735 272.686209 267.68620915 270.647212 265.6472118 
-22.565279 [-0.313 -2.375 -2.313] [-0.41  0.37 -0.12]256.8645435 251.86454326 259.951237 254.95123719 273.589677 268.58967705 269.342028 264.3420278 
-22.668436 [-0.375 -2.5   -2.25 ] [-0.43  0.36 -0.12]256.0510095 251.05100965 261.301765 256.30176475 274.294092 269.29409185 267.9489305 262.94893045 
-22.770747 [-0.375 -2.625 -2.125] [-0.45  0.34 -0.12]255.450529 250.450529086 262.726531 257.72653125 274.7702365 269.7702365 266.4970825 261.4970827 
-22.873908 [-0.375 -2.625 -1.688] [-0.45  0.27 -0.1 ]255.092375 250.092374773 264.1963175 259.19631755 274.988894 269.98889405 265.0156475 260.01564745 
-22.977955 [-0.375 -2.687 -1.313] [-0.46  0.21 -0.08]255.005749 250.005748838 265.6819045 260.6819045 274.9245465 269.92454675 263.533799 258.53379905 
-23.080092 [-0.375 -2.812  6.812] [-0.48  0.19 -0.07]255.2034985 250.2034985 267.1540755 262.1540754 274.5868015 269.58680165 262.080758 257.0807582 
-23.182182 [-0.375 -2.812 -1.063] [-0.48  0.16 -0.07]255.6613285 250.66132832 268.583616 263.58361595 274.004672 269.0046722 260.685758 255.6857578 
-23.288125 [-0.438 -2.812 -0.75 ] [-0.48  0.12 -0.06]256.3498145 251.34981448 269.941312 264.94131205 273.207376 268.20737605 259.3780305 254.37803073 
-23.391029 [-0.438 -2.812 -0.563] [-0.49  0.08 -0.05]257.239533 252.23953316 271.1979495 266.1979496 272.224131 267.22413105 258.18681 253.186809815 
-23.492968 [-0.438 -2.812 -0.188] [-0.49  0.03 -0.03]258.3010605 253.301060535 272.3243145 267.32431445 271.084155 266.0841548 257.141328 252.141327915 
-23.594978 [-0.438 -2.812 -0.063] [-0.49  0.   -0.02]259.504973 254.504972795 273.2911925 268.2911925 269.816665 264.8166651 256.270818 251.270817875 
-23.697016 [-0.438 -2.812  0.125] [-0.49 -0.03 -0.02]260.821846 255.8218461 274.0693695 269.06936965 268.4508795 263.4508796 255.6045125 250.604512555 
-23.799545 [-0.438 -2.75   0.25 ] [-0.47 -0.05 -0.01]262.2222565 257.22225665 274.6296315 269.62963175 267.016016 262.01601605 255.171645 250.171644799 
-23.901786 [-0.375 -2.312  0.312] [-0.4  -0.06  0.  ]263.6767805 258.67678065 274.9427645 269.9427647 265.541292 260.5412922 255.0014475 250.001447463 
-24.003659 [-0.313 -1.75   0.312] [-0.3  -0.06  0.  ]265.1559945 260.15599445 274.9800495 269.98004965 264.055926 259.05592575 255.116026 250.116026178 
-24.105518 [-0.25  -1.25   0.375] [-0.22 -0.06  0.01]266.6306925 261.6306927 274.735851 269.7358509 262.589135 257.5891349 255.4990605 250.499060641 
-24.207552 [-0.188 -1.062  0.375] [-0.19 -0.07  0.01]268.072309 263.072309 274.236943 269.2369432 261.170138 256.170138 256.121338 251.12133825 
-24.310855 [-0.188 -0.875  0.375] [-0.15 -0.07  0.01]269.452393 264.45239305 273.51253 268.51252995 259.8281535 254.82815357 256.953637 251.95363696 
-24.412775 [-0.188 -0.75   0.375] [-0.12 -0.07  0.01]270.7424945 265.74249465 272.5918145 267.59181445 258.5924 253.59240002 257.9667345 252.96673473 
-24.514928 [-0.125 -0.5    0.375] [-0.09 -0.07  0.01]271.9141635 266.9141635 271.504 266.504 257.492096 252.492095795 259.1314095 254.131409515 
-24.618325 [-0.125 -0.312  0.375] [-0.06 -0.07  0.01]272.9389495 267.93894945 270.27829 265.2782899 256.5564595 251.556459325 260.4184395 255.4184393 
-24.721224 [-0.063  0.     0.375] [ 0.   -0.07  0.01]274.493101 269.49310095 268.9438875 263.9438874 255.814709 250.81470905 261.798602 256.79860195 
-24.826661 [-0.063  0.188  0.25 ] [ 0.03 -0.04  0.01]274.8798395 269.87983975 267.529996 262.5299959 255.2960635 250.296063419 263.2426755 258.24267555 
-24.93066 [ 0.     0.313 -0.063] [ 0.06  0.    0.  ]274.99901 269.99900985 266.0658185 261.06581865 255.029741 250.029740863 264.721438 259.721438 
-25.032995 [-7.876  0.375 -0.313] [ 0.07  0.05 -0.01]274.833728 269.833728 264.580559 259.5805592 255.0433625 250.043362546 266.2056675 261.2056677 
-25.134926 [ 0.     0.375 -0.563] [ 0.07  0.09 -0.03]274.405555 269.4055551 263.1034445 258.1034447 255.334854 250.334854105 267.666146 262.66614625 
-25.238033 [ 0.     0.375 -0.813] [ 0.07  0.13 -0.04]273.743654 268.74365405 261.663744 256.663744 255.8758995 250.87589956 269.0736565 264.07365665 
-25.342025 [ 0.     0.375 -1.125] [ 0.07  0.19 -0.05]272.877188 267.87718785 260.2907305 255.29073025 256.63728 251.63727976 270.398982 265.39898195 
-25.444129 [ 0.     0.375 -1.313] [ 0.07  0.21 -0.06]271.8353195 266.83531945 259.013677 254.013676775 257.5897755 252.589775535 271.612905 266.6129051 
-25.555884 [ 0.     0.375 -1.5  ] [ 0.07  0.24 -0.07]270.647212 265.6472118 257.8618565 252.8618567 258.7041675 253.704167735 272.686209 267.68620915 
-25.658167 [ 0.     0.375 -1.75 ] [ 0.07  0.28 -0.08]269.342028 264.3420278 256.8645435 251.86454326 259.951237 254.95123719 273.589677 268.58967705 
-25.760216 [-7.813  0.25  -1.938] [ 0.04  0.32 -0.09]267.9489305 262.94893045 256.0510095 251.05100965 261.301765 256.30176475 274.294092 269.29409185 
-25.862687 [-0.063  0.    -2.125] [ 0.    0.34 -0.1 ]266.4970825 261.4970827 255.450529 250.450529086 262.726531 257.72653125 274.7702365 269.7702365 
-25.964677 [-0.125 -0.25  -2.313] [-0.04  0.37 -0.11]265.0156475 260.01564745 255.092375 250.092374773 264.1963175 259.19631755 274.988894 269.98889405 
-26.066943 [-0.125 -0.5   -2.375] [-0.09  0.39 -0.12]263.533799 258.53379905 255.005749 250.005748838 265.6819045 260.6819045 274.9245465 269.92454675 
-26.170095 [-7.626 -0.937 -2.438] [-0.16  0.39 -0.12]262.080758 257.0807582 255.2034985 250.2034985 267.1540755 262.1540754 274.5868015 269.58680165 
-26.276076 [-0.313 -1.312 -2.438] [-0.22  0.39 -0.12]260.685758 255.6857578 255.6613285 250.66132832 268.583616 263.58361595 274.004672 269.0046722 
-26.379029 [-0.375 -1.562 -2.438] [-0.27  0.39 -0.12]259.3780305 254.37803073 256.3498145 251.34981448 269.941312 264.94131205 273.207376 268.20737605 
-26.482724 [-0.375 -1.937 -2.438] [-0.32  0.39 -0.13]258.18681 253.186809815 257.239533 252.23953316 271.1979495 266.1979496 272.224131 267.22413105 
-26.585198 [-0.438 -2.125 -2.438] [-0.37  0.39 -0.13]257.141328 252.141327915 258.3010605 253.301060535 272.3243145 267.32431445 271.084155 266.0841548 
-26.687792 [-7.438 -2.312 -2.438] [-0.4   0.39 -0.13]256.270818 251.270817875 259.504973 254.504972795 273.2911925 268.2911925 269.816665 264.8166651 
-26.791515 [-0.5   -2.437 -2.25 ] [-0.42  0.36 -0.12]255.6045125 250.604512555 260.821846 255.8218461 274.0693695 269.06936965 268.4508795 263.4508796 
-26.894708 [-0.5   -2.625 -2.125] [-0.45  0.34 -0.12]255.171645 250.171644799 262.2222565 257.22225665 274.6296315 269.62963175 267.016016 262.01601605 
-26.996633 [-0.5   -2.687 -2.   ] [-0.46  0.32 -0.11]255.0014475 250.001447463 263.6767805 258.67678065 274.9427645 269.9427647 265.541292 260.5412922 
-27.098336 [-0.563 -2.687 -1.5  ] [-0.46  0.24 -0.09]255.116026 250.116026178 265.1559945 260.15599445 274.9800495 269.98004965 264.055926 259.05592575 
-27.200367 [-0.563 -2.75  -1.125] [-0.47  0.18 -0.07]255.4990605 250.499060641 266.6306925 261.6306927 274.735851 269.7358509 262.589135 257.5891349 
-27.302212 [-0.563 -2.75  -1.   ] [-0.47  0.15 -0.06]256.121338 251.12133825 268.072309 263.072309 274.236943 269.2369432 261.170138 256.170138 
-27.405067 [-0.563 -2.75  -0.813] [-0.47  0.12 -0.06]256.953637 251.95363696 269.452393 264.45239305 273.51253 268.51252995 259.8281535 254.82815357 
-27.507521 [-0.563 -2.75  -0.75 ] [-0.47  0.11 -0.05]257.9667345 252.96673473 270.7424945 265.74249465 272.5918145 267.59181445 258.5924 253.59240002 
-27.609399 [-0.563 -2.75  -0.313] [-0.47  0.05 -0.04]259.1314095 254.131409515 271.9141635 266.9141635 271.504 266.504 257.492096 252.492095795 
-27.711759 [-0.563 -2.75  -0.125] [-0.47  0.01 -0.03]260.4184395 255.4184393 272.9389495 267.93894945 270.27829 265.2782899 256.5564595 251.556459325 
-27.815093 [-0.563 -2.75   0.062] [-0.47 -0.01 -0.02]261.798602 256.79860195 274.493101 269.49310095 268.9438875 263.9438874 255.814709 250.81470905 
-27.9174 [-0.563 -2.687  0.25 ] [-0.46 -0.05 -0.01]263.2426755 258.24267555 274.8798395 269.87983975 267.529996 262.5299959 255.2960635 250.296063419 
-28.019794 [-0.5   -2.312  0.312] [-0.4  -0.06  0.  ]264.721438 259.721438 274.99901 269.99900985 266.0658185 261.06581865 255.029741 250.029740863 
-28.130214 [-0.438 -1.625  0.375] [-0.28 -0.07  0.01]266.2056675 261.2056677 274.833728 269.833728 264.580559 259.5805592 255.0433625 250.043362546 
-28.233804 [-0.375 -1.187  0.437] [-0.2  -0.07  0.01]267.666146 262.66614625 274.405555 269.4055551 263.1034445 258.1034447 255.334854 250.334854105 
-28.337474 [-0.375 -1.     0.437] [-0.17 -0.07  0.01]269.0736565 264.07365665 273.743654 268.74365405 261.663744 256.663744 255.8758995 250.87589956 
-28.440757 [-0.375 -0.875  0.437] [-0.15 -0.07  0.01]270.398982 265.39898195 272.877188 267.87718785 260.2907305 255.29073025 256.63728 251.63727976 
-28.545534 [-0.313 -0.625  0.437] [ -1.10000000e-01  -3.27750000e+02   1.00000000e-02]271.612905 266.6129051 271.8353195 266.83531945 259.013677 254.013676775 257.5897755 252.589775535 
-28.648071 [-0.313 -0.437  0.437] [-0.08 -0.07  0.01]272.686209 267.68620915 270.647212 265.6472118 257.8618565 252.8618567 258.7041675 253.704167735 
-28.750358 [-0.25  -0.187  0.437] [-0.03 -0.07  0.02]273.589677 268.58967705 269.342028 264.3420278 256.8645435 251.86454326 259.951237 254.95123719 
-28.852272 [-0.25   0.063  0.375] [ 0.01 -0.07  0.02]274.294092 269.29409185 267.9489305 262.94893045 256.0510095 251.05100965 261.301765 256.30176475 
-28.954091 [-0.188  0.188  0.187] [ 0.03 -0.04  0.01]274.7702365 269.7702365 266.4970825 261.4970827 255.450529 250.450529086 262.726531 257.72653125 
-29.056617 [-0.188  0.313 -0.125] [ 0.05  0.01  0.  ]274.988894 269.98889405 265.0156475 260.01564745 255.092375 250.092374773 264.1963175 259.19631755 
-29.158602 [-0.188  0.375 -0.313] [ 0.06  0.05 -0.01]274.9245465 269.92454675 263.533799 258.53379905 255.005749 250.005748838 265.6819045 260.6819045 
-29.260599 [-0.188  0.375 -0.563] [ 0.06  0.09 -0.03]274.5868015 269.58680165 262.080758 257.0807582 255.2034985 250.2034985 267.1540755 262.1540754 
-29.36264 [-0.188  0.375 -0.813] [ 0.06  0.13 -0.04]274.004672 269.0046722 260.685758 255.6857578 255.6613285 250.66132832 268.583616 263.58361595 
-29.46441 [-0.188  0.375 -1.063] [ 0.07  0.17 -0.05]273.207376 268.20737605 259.3780305 254.37803073 256.3498145 251.34981448 269.941312 264.94131205 
-29.566589 [-0.188  0.375 -1.313] [ 0.07  0.21 -0.06]272.224131 267.22413105 258.18681 253.186809815 257.239533 252.23953316 271.1979495 266.1979496 
-29.669327 [-0.188  0.375 -1.563] [ 0.07  0.26 -0.07]271.084155 266.0841548 257.141328 252.141327915 258.3010605 253.301060535 272.3243145 267.32431445 
-29.771318 [-0.188  0.375 -1.75 ] [ 0.07  0.29 -0.08]269.816665 264.8166651 256.270818 251.270817875 259.504973 254.504972795 273.2911925 268.2911925 
-29.874167 [-0.188  0.313 -1.875] [ 0.05  0.3  -0.09]268.4508795 263.4508796 255.6045125 250.604512555 260.821846 255.8218461 274.0693695 269.06936965 
-29.977957 [-0.25   0.063 -2.   ] [ 0.02  0.32 -0.09]267.016016 262.01601605 255.171645 250.171644799 262.2222565 257.22225665 274.6296315 269.62963175 
-30.08142 [-7.626 -0.125 -2.125] [-0.02  0.35 -0.1 ]265.541292 260.5412922 255.0014475 250.001447463 263.6767805 258.67678065 274.9427645 269.9427647 
-30.184353 [-7.563 -0.375 -2.25 ] [-0.07  0.36 -0.11]264.055926 259.05592575 255.116026 250.116026178 265.1559945 260.15599445 274.9800495 269.98004965 
-30.288101 [-0.375 -0.812 -2.313] [-0.14  0.37 -0.11]262.589135 257.5891349 255.4990605 250.499060641 266.6306925 261.6306927 274.735851 269.7358509 
-30.390606 [-0.438 -1.25  -2.313] [-0.22  0.38 -0.12]261.170138 256.170138 256.121338 251.12133825 268.072309 263.072309 274.236943 269.2369432 
-30.492415 [-7.376 -1.5   -2.313] [-0.26  0.38 -0.12]259.8281535 254.82815357 256.953637 251.95363696 269.452393 264.45239305 273.51253 268.51252995 
-30.595502 [-7.313 -1.812 -2.313] [-0.31  0.38 -0.12]258.5924 253.59240002 257.9667345 252.96673473 270.7424945 265.74249465 272.5918145 267.59181445 
-30.699865 [-0.563 -2.125 -2.313] [-0.36  0.38 -0.12]257.492096 252.492095795 259.1314095 254.131409515 271.9141635 266.9141635 271.504 266.504 
-30.802036 [-0.625 -2.312 -2.313] [-0.4   0.38 -0.13]256.5564595 251.556459325 260.4184395 255.4184393 272.9389495 267.93894945 270.27829 265.2782899 
-30.905031 [-0.625 -2.437 -2.25 ] [-0.42  0.36 -0.12]255.814709 250.81470905 261.798602 256.79860195 274.493101 269.49310095 268.9438875 263.9438874 
-31.007 [-0.688 -2.625 -2.125] [-0.45  0.34 -0.12]255.2960635 250.296063419 263.2426755 258.24267555 274.8798395 269.87983975 267.529996 262.5299959 
-31.108861 [-0.688 -2.687 -1.688] [-0.46  0.28 -0.1 ]255.029741 250.029740863 264.721438 259.721438 274.99901 269.99900985 266.0658185 261.06581865 
-31.211155 [-0.688 -2.687 -1.313] [-0.47  0.2  -0.08]255.0433625 250.043362546 266.2056675 261.2056677 274.833728 269.833728 264.580559 259.5805592 
-31.313185 [-0.688 -2.75  -1.063] [-0.47  0.17 -0.07]255.334854 250.334854105 267.666146 262.66614625 274.405555 269.4055551 263.1034445 258.1034447 
-31.415276 [-0.75  -2.75  -0.938] [-0.48  0.15 -0.06]255.8758995 250.87589956 269.0736565 264.07365665 273.743654 268.74365405 261.663744 256.663744 
-31.517514 [-0.75  -2.812 -0.75 ] [-0.48  0.12 -0.06]256.63728 251.63727976 270.398982 265.39898195 272.877188 267.87718785 260.2907305 255.29073025 
-31.621524 [-0.75  -2.812 -0.563] [-0.48  0.09 -0.05]257.5897755 252.589775535 271.612905 266.6129051 271.8353195 266.83531945 259.013677 254.013676775 
-31.723528 [-0.75  -2.812 -0.313] [-0.48  0.04 -0.04]258.7041675 253.704167735 272.686209 267.68620915 270.647212 265.6472118 257.8618565 252.8618567 
-31.825605 [-7.126 -2.812 -0.063] [-0.48  0.   -0.02]259.951237 254.95123719 273.589677 268.58967705 269.342028 264.3420278 256.8645435 251.86454326 
-31.929191 [-0.75  -2.75   0.062] [-0.48 -0.02 -0.02]261.301765 256.30176475 274.294092 269.29409185 267.9489305 262.94893045 256.0510095 251.05100965 
-32.032132 [-0.75  -2.625  0.25 ] [-0.45 -0.05 -0.01]262.726531 257.72653125 274.7702365 269.7702365 266.4970825 261.4970827 255.450529 250.450529086 
-32.134103 [-0.688 -2.125  0.375] [-0.37 -0.07  0.  ]264.1963175 259.19631755 274.988894 269.98889405 265.0156475 260.01564745 255.092375 250.092374773 
-32.236998 [-0.625 -1.562  0.375] [-0.27 -0.07  0.01]265.6819045 260.6819045 274.9245465 269.92454675 263.533799 258.53379905 255.005749 250.005748838 
-32.341869 [-0.563 -1.187  0.437] [-0.21 -0.08  0.01]267.1540755 262.1540754 274.5868015 269.58680165 262.080758 257.0807582 255.2034985 250.2034985 
-32.44412 [-0.563 -1.062  0.437] [-0.18 -0.08  0.01]268.583616 263.58361595 274.004672 269.0046722 260.685758 255.6857578 255.6613285 250.66132832 
-32.546934 [-0.5   -0.875  0.437] [-0.16 -0.08  0.01]269.941312 264.94131205 273.207376 268.20737605 259.3780305 254.37803073 256.3498145 251.34981448 
-32.650974 [-0.5   -0.687  0.437] [-0.13 -0.08  0.01]271.1979495 266.1979496 272.224131 267.22413105 258.18681 253.186809815 257.239533 252.23953316 
-32.753934 [-0.5   -0.562  0.437] [-0.1  -0.08  0.01]272.3243145 267.32431445 271.084155 266.0841548 257.141328 252.141327915 258.3010605 253.301060535 
-32.856017 [-0.438 -0.312  0.437] [-0.05 -0.08  0.02]273.2911925 268.2911925 269.816665 264.8166651 256.270818 251.270817875 259.504973 254.504972795 
-32.958118 [-0.438  0.     0.437] [ 0.   -0.08  0.02]274.0693695 269.06936965 268.4508795 263.4508796 255.6045125 250.604512555 260.821846 255.8218461 
-33.060142 [-0.375  0.125  0.312] [ 0.02 -0.06  0.01]274.6296315 269.62963175 267.016016 262.01601605 255.171645 250.171644799 262.2222565 257.22225665 
-33.16215 [-0.375  0.188  0.062] [ 0.03 -0.01  0.  ]274.9427645 269.9427647 265.541292 260.5412922 255.0014475 250.001447463 263.6767805 258.67678065 
-33.264145 [-0.375  0.25  -0.25 ] [ 0.04  0.03 -0.01]274.9800495 269.98004965 264.055926 259.05592575 255.116026 250.116026178 265.1559945 260.15599445 
-33.366126 [-0.375  0.313 -0.438] [ 0.05  0.07 -0.02]274.735851 269.7358509 262.589135 257.5891349 255.4990605 250.499060641 266.6306925 261.6306927 
-33.468067 [-0.375  0.313 -0.688] [ 0.05  0.11 -0.03]274.236943 269.2369432 261.170138 256.170138 256.121338 251.12133825 268.072309 263.072309 
-33.570122 [-0.375  0.313 -0.938] [ 0.05  0.15 -0.04]273.51253 268.51252995 259.8281535 254.82815357 256.953637 251.95363696 269.452393 264.45239305 
-33.672061 [-0.375  0.313 -1.188] [ 0.05  0.19 -0.05]272.5918145 267.59181445 258.5924 253.59240002 257.9667345 252.96673473 270.7424945 265.74249465 
-33.776544 [-0.375  0.313 -1.438] [ 0.05  0.23 -0.07]271.504 266.504 257.492096 252.492095795 259.1314095 254.131409515 271.9141635 266.9141635 
-33.878718 [-0.375  0.313 -1.688] [ 0.05  0.27 -0.08]270.27829 265.2782899 256.5564595 251.556459325 260.4184395 255.4184393 272.9389495 267.93894945 
-33.982043 [-0.375  0.313 -1.813] [ 0.05  0.29 -0.08]268.9438875 263.9438874 255.814709 250.81470905 261.798602 256.79860195 274.493101 269.49310095 
-34.084882 [-0.375  0.063 -2.   ] [ 0.01  0.33 -0.1 ]267.529996 262.5299959 255.2960635 250.296063419 263.2426755 258.24267555 274.8798395 269.87983975 
-34.186854 [-0.438 -0.187 -2.188] [-0.03  0.36 -0.1 ]266.0658185 261.06581865 255.029741 250.029740863 264.721438 259.721438 274.99901 269.99900985 
-34.289199 [-7.376 -0.5   -2.313] [-0.09  0.37 -0.11]264.580559 259.5805592 255.0433625 250.043362546 266.2056675 261.2056677 274.833728 269.833728 
-34.392221 [-7.313 -0.937 -2.313] [-0.16  0.38 -0.11]263.1034445 258.1034447 255.334854 250.334854105 267.666146 262.66614625 274.405555 269.4055551 
-34.49531 [-0.625 -1.312 -2.313] [-0.23  0.38 -0.12]261.663744 256.663744 255.8758995 250.87589956 269.0736565 264.07365665 273.743654 268.74365405 
-34.596934 [-0.625 -1.562 -2.375] [-0.27  0.38 -0.12]260.2907305 255.29073025 256.63728 251.63727976 270.398982 265.39898195 272.877188 267.87718785 
-34.698673 [-0.688 -1.75  -2.375] [-0.3   0.38 -0.12]259.013677 254.013676775 257.5897755 252.589775535 271.612905 266.6129051 271.8353195 266.83531945 
-34.801645 [-0.75  -2.    -2.375] [-0.34  0.38 -0.12]257.8618565 252.8618567 258.7041675 253.704167735 272.686209 267.68620915 270.647212 265.6472118 
-34.905448 [-0.75  -2.312 -2.313] [-0.39  0.37 -0.12]256.8645435 251.86454326 259.951237 254.95123719 273.589677 268.58967705 269.342028 264.3420278 
-35.008022 [-0.75  -2.375 -2.25 ] [-0.41  0.36 -0.12]256.0510095 251.05100965 261.301765 256.30176475 274.294092 269.29409185 267.9489305 262.94893045 
-35.109742 [-0.813 -2.562 -1.938] [-0.44  0.31 -0.11]255.450529 250.450529086 262.726531 257.72653125 274.7702365 269.7702365 266.4970825 261.4970827 
-35.21146 [-0.813 -2.625 -1.563] [-0.45  0.25 -0.09]255.092375 250.092374773 264.1963175 259.19631755 274.988894 269.98889405 265.0156475 260.01564745 
-35.313019 [-0.813 -2.687 -1.375] [-0.46  0.22 -0.08]255.005749 250.005748838 265.6819045 260.6819045 274.9245465 269.92454675 263.533799 258.53379905 
-35.414696 [-0.875 -2.812 -1.188] [-0.48  0.19 -0.08]255.2034985 250.2034985 267.1540755 262.1540754 274.5868015 269.58680165 262.080758 257.0807582 
-35.516564 [-0.875 -2.812 -0.938] [-0.48  0.15 -0.06]255.6613285 250.66132832 268.583616 263.58361595 274.004672 269.0046722 260.685758 255.6857578 
-35.618635 [-0.875 -2.812 -0.75 ] [-0.48  1.4  -0.06]256.3498145 251.34981448 269.941312 264.94131205 273.207376 268.20737605 259.3780305 254.37803073 
-35.720965 [-0.875 -2.812 -0.5  ] [-0.48  0.07 -0.04]257.239533 252.23953316 271.1979495 266.1979496 272.224131 267.22413105 258.18681 253.186809815 
-35.822595 [-0.938 -2.812 -0.125] [-0.48  0.02 -0.03]258.3010605 253.301060535 272.3243145 267.32431445 271.084155 266.0841548 257.141328 252.141327915 
-35.9243 [-6.938 -2.812  0.   ] [-0.48  0.   -0.02]259.504973 254.504972795 273.2911925 268.2911925 269.816665 264.8166651 256.270818 251.270817875 
-36.026095 [-0.938 -2.812  0.187] [-0.48 -0.03 -0.01]260.821846 255.8218461 274.0693695 269.06936965 268.4508795 263.4508796 255.6045125 250.604512555 
-36.12862 [-0.875 -2.687  0.25 ] [-0.47 -0.05 -0.01]262.2222565 257.22225665 274.6296315 269.62963175 267.016016 262.01601605 255.171645 250.171644799 
-36.229983 [-0.875 -2.375  0.375] [-0.41 -0.07  0.  ]263.6767805 258.67678065 274.9427645 269.9427647 265.541292 260.5412922 255.0014475 250.001447463 
-36.332232 [-0.75  -1.75   0.375] [-0.3  -0.07  0.01]265.1559945 260.15599445 274.9800495 269.98004965 264.055926 259.05592575 255.116026 250.116026178 
-36.434732 [-0.688 -1.25   0.437] [-0.22 -0.07  0.01]266.6306925 261.6306927 274.735851 269.7358509 262.589135 257.5891349 255.4990605 250.499060641 
-36.537898 [-0.688 -1.062  0.375] [-0.18 -0.07  0.01]268.072309 263.072309 274.236943 269.2369432 261.170138 256.170138 256.121338 251.12133825 
-36.640166 [-0.688 -0.875  0.437] [-0.15 -0.07  0.01]269.452393 264.45239305 273.51253 268.51252995 259.8281535 254.82815357 256.953637 251.95363696 
-36.74208 [-0.625 -0.75   0.437] [-0.13 -0.07  0.01]270.7424945 265.74249465 272.5918145 267.59181445 258.5924 253.59240002 257.9667345 252.96673473 
-36.845788 [-7.251 -0.625  0.437] [-0.11 -0.07  0.01]271.9141635 266.9141635 271.504 266.504 257.492096 252.492095795 259.1314095 254.131409515 
-36.94915 [-0.625 -0.375  0.437] [-0.07 -0.07  0.01]272.9389495 267.93894945 270.27829 265.2782899 256.5564595 251.556459325 260.4184395 255.4184393 
