-0.045432 [ 0.5   -1.437 -8.937] [ -2.50000000e-01   1.52000000e+00  -3.19280000e+02]
-0.107306 [  0.188 -11.437  -1.   ] [  -0.59    1.54 -319.3 ]
-0.168358 [-1688.375  2032.375  2040.375] [  -1.3     1.29 -319.33]
-0.229429 [ 0.812 -9.187 -4.062] [-1.57  0.68  9.65]
-0.292558 [ -1.68925000e+03  -1.01250000e+01  -1.00000000e+00] [  -1.7     1.51 -319.31]
-0.3538 [-1689.562   -10.5       8.875] [ -1.79000000e+00  -1.50000000e-01  -3.18050000e+02]
-0.41472 [-1689.687   -10.375     9.125] [ -1.77000000e+00  -1.90000000e-01  -3.18040000e+02]
-0.475569 [-1689.687   -10.187     9.188] [ -1.74000000e+00  -2.00000000e-01  -3.18040000e+02]
-0.536488 [  1.687 -10.062   1.188] [ -1.71000000e+00  -2.00000000e-01  -3.18030000e+02]
-0.598532 [ 1.75  -8.875  0.813] [-1.51 -0.14  9.68]
-0.66171 [-1689.75   2032.188     8.188] [ -1.33000000e+00  -3.00000000e-02  -3.17970000e+02]
-0.722894 [ -1.68981200e+03   2.03318800e+03  -9.37000000e-01] [ 326.5     1.41 -319.23]
-0.784335 [-1689.937  2033.813    -2.625] [ 326.62    1.72 -319.23]
-0.845322 [-1690.062  2034.063  2043.188] [ 326.67 -325.58 -319.25]
-0.913795 [ 5.75  -5.687 -8.   ] [-0.97  1.28  9.67]
-1.016655 [  5.563  -5.375 -13.312] [-0.92  2.24  9.5 ]
-1.119381 [  5.25   -5.75  -18.562] [-0.98  3.11  9.24]
-1.221988 [  5.25   -6.375 -19.812] [-1.08  3.3   9.16]
-1.325277 [  5.125  -6.75  -19.562] [-1.15  3.26  9.17]
-1.427728 [  2.687  -6.187 -18.937] [-1.05  3.17  9.21]
-1.531591 [  2.25   -4.437 -18.   ] [-0.76  3.02  9.29]
-1.635312 [  6.25   -1.75  -16.812] [-0.3   2.84  9.38]
-1.737744 [  6.688   0.75  -15.937] [ 1.41  2.7   9.42]
-1.841488 [  7.      2.875 -14.937] [ 1.77  2.52  9.46]
-1.945191 [  7.25    4.563 -14.   ] [ 2.06  2.36  9.48]
-2.047791 [  0.437   5.438 -13.25 ] [ 2.21  2.24  9.5 ]
-2.151097 [  7.875   6.625 -11.375] [ 2.41  1.92  9.54]
-2.255544 [  8.      7.875 -10.437] [ 1.35  1.76  9.55]
-2.358399 [  8.063   9.125 -10.062] [ 1.55  1.69  9.53]
-2.460836 [  8.125  11.063 -10.25 ] [ 1.88  1.71  9.46]
-2.563417 [  7.938   4.125 -11.125] [ 2.06  1.85  9.4 ]
-2.666028 [  8.     13.063 -10.937] [ 2.21  1.81  9.37]
-2.768597 [  8.125  13.688 -10.312] [ 2.32  1.7   9.37]
-2.870891 [  8.188  13.875  -9.5  ] [ 2.35  1.57  9.38]
-2.973329 [  8.375  13.563  -8.375] [ 2.3   1.39  9.42]
-3.075784 [  8.5    13.     -7.125] [ 2.21  1.2   9.47]
-3.178679 [  8.688  12.25   -5.312] [ 2.08  0.89  9.54]
-3.281931 [ 8.625  9.875 -4.375] [ 1.68  0.74  9.63]
-3.386262 [ 8.25   5.438 -3.5  ] [ 1.01  0.6   9.73]
-3.489396 [ 0.187  0.875 -2.562] [ 0.15  0.43  9.79]
-3.592827 [ 7.25  -4.    -1.312] [-0.68  0.22  9.77]
-3.697122 [  6.125 -11.312  -0.437] [-0.65  0.07  9.61]
-3.79987 [  5.813 -12.062   0.25 ] [-0.77 -0.04  9.58]
-3.903013 [  6.063 -11.187   1.25 ] [-0.62 -0.21  9.61]
-4.007178 [  6.    -11.312   1.563] [-1.92 -0.25  9.61]
-4.110478 [  5.875 -10.812   1.625] [-0.56 -0.28  9.62]
-4.213219 [  5.875 -10.187   1.438] [-0.45 -0.24  9.64]
-4.315642 [ 5.813 -9.25   0.813] [-0.3  -0.14  9.67]
-4.418232 [ 5.75  -7.875 -0.375] [-0.07  0.06  9.71]
-4.520808 [ 5.75  -7.5   -1.187] [-1.28  0.2   9.71]
-4.623406 [ 5.688 -6.875 -2.375] [-1.17  0.4   9.72]
-4.725947 [ 2.375 -6.312 -3.5  ] [-1.08  0.59  9.72]
-4.829004 [ 5.5   -5.937 -5.375] [-1.01  0.91  9.71]
-4.931429 [ 5.375 -5.75  -8.312] [-0.98  1.41  9.65]
-5.034457 [  5.188  -5.5   -11.937] [-0.94  2.02  9.54]
-5.138743 [  5.     -5.5   -16.875] [-0.94  2.78  9.35]
-5.241486 [  4.813  -5.875 -18.562] [-1.01  3.11  9.24]
-5.344296 [  4.625  -6.625 -19.125] [-1.13  3.19  9.2 ]
-5.448448 [  4.625  -6.937 -18.687] [-1.19  3.13  9.21]
-5.551798 [  4.813  -6.187 -18.   ] [-1.06  3.01  9.27]
-5.655113 [  2.875  -4.437 -17.437] [-0.76  2.93  9.32]
-5.759843 [  5.688  -1.5   -16.437] [-0.26  2.77  9.4 ]
-5.862835 [  6.063   0.688 -15.75 ] [ 1.4   2.66  9.43]
-5.965145 [  6.375   2.813 -14.812] [ 1.76  2.51  9.46]
-6.067737 [  6.688   4.25  -13.937] [ 2.01  2.36  9.48]
-6.170738 [  7.      5.375 -12.75 ] [ 2.17  2.19  9.51]
-6.27331 [  7.188   6.625 -10.875] [ 2.41  1.84  9.56]
-6.37592 [  7.313   7.875 -10.125] [ 1.34  1.71  9.56]
-6.478489 [ 7.375  9.188 -9.812] [ 1.57  1.65  9.53]
-6.581547 [  7.375  11.063  -9.875] [ 1.88  1.65  9.48]
-6.684087 [  7.188  11.875 -10.562] [ 2.02  1.76  9.43]
-6.787679 [  0.687  12.938 -10.375] [ 2.19  1.73  9.39]
-6.891792 [  7.438  13.75   -9.75 ] [ 2.33  1.61  9.38]
-6.994227 [  7.563  14.063  -8.937] [ 2.38  1.48  9.39]
-7.097134 [  7.813  13.813  -7.625] [ 2.35  1.27  9.43]
-7.201415 [  8.063  13.438  -6.25 ] [ 2.28  1.05  9.47]
-7.30415 [  7.938  12.5    -5.937] [ 2.13  0.99  9.52]
-7.407336 [ 0.437  9.25  -4.937] [ 1.58  0.83  9.64]
-7.512772 [ 6.875  4.188 -3.812] [ 1.99  0.65  9.75]
-7.615205 [ 6.438 -0.437 -2.812] [-0.07  0.48  9.79]
-7.717796 [ 5.875 -5.437 -1.625] [-0.93  0.28  9.75]
-7.820507 [  4.688 -12.187  -0.937] [-0.79  0.16  9.58]
-7.923268 [  4.688 -11.687   0.   ] [-0.71  0.    9.6 ]
-8.025737 [  4.813 -11.312   0.813] [-0.64 -0.14  9.61]
-8.128547 [  4.688 -11.375   1.125] [-0.65 -0.19  9.61]
-8.231098 [  4.625 -10.812   1.5  ] [-0.57 -0.25  9.62]
-8.334321 [  4.563 -10.125   1.438] [-0.45 -0.24  9.64]
-8.436747 [ 4.563 -9.25   1.063] [-0.3  -0.18  9.67]
-8.540879 [ 4.563 -8.5   -0.562] [-0.18  0.07  9.69]
-8.644334 [ 4.438 -7.875 -1.625] [-0.06  0.27  9.7 ]
-8.746776 [ 4.375 -7.187 -2.812] [-1.22  0.48  9.71]
-8.850614 [ 4.313 -6.75  -4.125] [-1.15  0.7   9.71]
-8.954377 [ 4.188 -6.437 -6.25 ] [-1.1   1.06  9.68]
-9.056816 [ 3.937 -6.187 -8.75 ] [-1.05  1.48  9.63]
-9.16025 [  3.875  -5.875 -11.625] [-1.01  1.97  9.55]
-9.264557 [  3.75   -5.812 -15.937] [-0.99  2.68  9.38]
-9.367265 [  3.563  -5.75  -17.75 ] [-0.99  2.97  9.29]
-9.469575 [  3.563  -5.937 -18.   ] [-1.02  3.02  9.27]
-9.572446 [  3.438  -6.5   -17.812] [-1.11  2.98  9.27]
-9.675313 [  3.438  -6.562 -17.562] [-1.13  2.94  9.28]
-9.777751 [  3.625  -5.562 -17.375] [-0.95  2.92  9.31]
-9.880212 [  4.063  -3.5   -16.625] [-0.6   2.8   9.37]
-9.982794 [  4.5    -0.625 -15.937] [-0.1   2.69  9.42]
-10.085971 [  5.063   2.313 -15.   ] [ 1.67  2.53  9.46]
-10.188759 [  5.375   3.813 -13.937] [ 1.93  2.36  9.49]
-10.292692 [  2.187   5.063 -11.875] [ 2.14  2.01  9.55]
-10.396698 [  5.875   6.688 -10.187] [ 2.43  1.72  9.58]
-10.499156 [ 5.938  7.938 -9.75 ] [ 1.36  1.64  9.57]
-10.602823 [ 2.     9.313 -9.562] [ 1.58  1.61  9.54]
-10.706449 [  6.063  11.813  -9.937] [ 2.01  1.66  9.45]
-10.809322 [  2.062  13.    -10.625] [ 2.2   1.76  9.39]
-10.912762 [  6.063  13.625  -9.937] [ 2.31  1.64  9.38]
-11.017053 [  6.188  14.375  -9.375] [ 2.43  1.54  9.37]
-11.119809 [  6.313  14.75   -8.562] [ 2.5   1.41  9.37]
-11.222367 [  6.563  14.5    -7.375] [ 2.45  1.22  9.41]
-11.324819 [  6.688  14.     -6.125] [ 2.37  1.01  9.46]
-11.427711 [  6.688  13.188  -5.812] [ 2.24  0.97  9.49]
-11.530422 [  6.375  10.438  -4.937] [ 1.78  0.83  9.6 ]
-11.632862 [ 5.25   5.938 -3.812] [ 2.29  0.65  9.73]
-11.735308 [ 4.5    1.063 -2.75 ] [ 1.46  0.47  9.79]
-11.838319 [ 3.875 -4.312 -1.437] [-0.74  0.25  9.77]
-11.940746 [  2.688 -10.812  -0.562] [-0.56  0.1   9.63]
-12.04404 [  5.562 -11.437   0.125] [-1.95 -0.02  9.61]
-12.148483 [  2.438 -10.562   1.063] [-0.52 -0.18  9.63]
-12.251031 [  2.375 -10.687   1.438] [-0.54 -0.25  9.63]
-12.354488 [  5.687 -10.312   1.75 ] [-1.76 -0.3   9.64]
-12.458672 [ 2.313 -9.562  1.688] [-0.35 -0.29  9.66]
-12.561372 [ 2.313 -8.687  1.188] [-0.2  -0.2   9.69]
-12.664554 [ 2.313 -8.062  0.   ] [-0.1  0.   9.7]
-12.768699 [ 2.25  -7.437 -0.812] [-1.28  0.13  9.72]
-12.871691 [ 2.188 -6.687 -1.812] [-1.15  0.31  9.73]
-12.974025 [ 2.125 -6.    -3.062] [-1.03  0.53  9.73]
-13.076349 [ 2.    -5.687 -5.187] [-0.97  0.88  9.71]
-13.178924 [ 1.875 -5.25  -8.625] [-0.91  1.4   9.66]
-13.28163 [  1.625  -5.062 -12.187] [-0.86  2.06  9.54]
-13.384208 [  1.438  -4.875 -16.187] [-0.84  2.72  9.38]
-13.486657 [  1.313  -5.187 -17.375] [-0.89  2.91  9.32]
-13.58938 [  1.188  -5.687 -17.812] [-0.96  2.98  9.29]
-13.692543 [  1.125  -6.312 -17.625] [-1.08  2.95  9.28]
-13.795705 [  1.125  -6.187 -17.312] [-1.05  2.9   9.3 ]
-13.900133 [  1.438  -4.5   -17.062] [-0.8   2.87  9.33]
-14.003029 [  6.125  -2.125 -16.5  ] [-0.36  2.78  9.39]
-14.106308 [  2.375   0.563 -15.812] [ 1.38  2.67  9.43]
-14.211321 [  2.813   3.25  -14.812] [ 1.83  2.51  9.46]
-14.313908 [  3.25    5.125 -13.625] [ 2.15  2.3   9.49]
-14.417205 [  3.438   6.    -12.687] [ 2.3   2.14  9.51]
-14.521653 [  3.75    7.438 -10.75 ] [ 2.55  1.81  9.55]
-14.624521 [  3.813   8.688 -10.125] [ 1.48  1.7   9.54]
-14.727119 [  3.875  10.25   -9.875] [ 1.74  1.65  9.5 ]
-14.829841 [  3.875  11.625  -9.812] [ 1.97  1.64  9.46]
-14.932271 [  3.75   12.688 -10.375] [ 2.13  1.72  9.41]
-15.034586 [  3.625  13.625 -11.   ] [ 2.31  1.82  9.35]
-15.138176 [  3.75   14.313 -10.375] [ 2.42  1.71  9.34]
-15.240885 [  3.875  14.5    -9.5  ] [ 2.46  1.58  9.36]
-15.343755 [  4.063  14.063  -8.375] [ 2.38  1.39  9.4 ]
-15.446196 [  3.812  13.5    -7.25 ] [ 2.29  1.21  9.45]
-15.549642 [  3.625  12.875  -5.687] [ 2.18  0.95  9.51]
-15.653513 [  4.625  11.188  -3.625] [ 1.91  0.61  9.59]
-15.756072 [ 4.438  7.125 -3.   ] [ 2.49  0.51  9.71]
-15.859695 [ 3.813  2.5   -2.062] [ 1.71  0.35  9.79]
-15.963501 [ 3.063 -2.875 -0.812] [-0.5   0.14  9.79]
-16.066139 [ 1.875 -9.5   -0.062] [-0.34  0.01  9.67]
-16.16962 [  1.5   -11.437   0.5  ] [-0.66 -0.08  9.61]
-16.274008 [  1.875 -10.625   1.563] [-0.53 -0.26  9.63]
-16.376746 [  1.813 -10.812   1.875] [-0.56 -0.31  9.62]
-16.479468 [  1.688 -10.5     1.938] [-0.5  -0.33  9.63]
-16.582044 [ 1.688 -9.875  1.813] [-0.4  -0.31  9.65]
-16.684495 [ 1.563 -8.875  1.313] [-0.26 -0.24  9.68]
-16.787205 [ 1.5   -7.625  0.625] [-0.02 -0.1   9.71]
-16.889819 [ 1.438 -7.    -0.187] [-1.2   0.03  9.73]
-16.992352 [ 6.625 -6.25  -1.125] [-1.06  0.19  9.74]
-17.095096 [ 1.313 -5.625 -2.75 ] [-0.96  0.47  9.74]
-17.198412 [ 1.188 -5.25  -4.937] [-0.9   0.84  9.72]
-17.302738 [ 1.    -5.062 -8.062] [-0.87  1.32  9.67]
-17.406152 [  0.875  -4.937 -11.   ] [-0.84  1.87  9.58]
-17.508806 [  0.75   -4.812 -14.937] [-0.83  2.52  9.43]
-17.613414 [  0.625  -5.125 -17.562] [-0.88  2.93  9.31]
-17.716638 [  0.625  -5.    -17.875] [-0.86  2.99  9.29]
-17.819339 [  0.625  -5.312 -17.625] [-0.9   2.96  9.3 ]
-17.92352 [  0.5    -5.812 -17.312] [-0.99  2.91  9.31]
-18.026991 [  0.75   -4.5   -16.937] [-0.77  2.85  9.35]
-18.129526 [  1.188  -2.125 -16.   ] [-0.37  2.7   9.41]
-18.231986 [  1.625   0.438 -15.25 ] [ 1.36  2.58  8.17]
-18.334553 [  2.125   3.375 -14.437] [ 1.81  2.45  9.47]
-18.437144 [  2.438   4.75  -13.375] [ 2.09  2.26  9.5 ]
-18.539733 [  2.813   5.625 -11.562] [ 2.24  1.96  9.55]
-18.642042 [  2.875   6.938 -10.187] [ 2.47  1.73  9.57]
-18.74445 [ 5.125  8.313 -9.812] [ 1.42  1.65  9.55]
-18.847465 [ 3.    9.75 -9.5 ] [ 1.66  1.6   9.53]
-18.949774 [  5.062  11.563  -9.562] [ 1.97  1.6   9.47]
-19.053496 [  2.875  12.5   -10.125] [ 2.13  1.69  9.42]
-19.157364 [  2.688  13.438 -10.937] [ 2.28  1.81  9.36]
-19.259688 [  2.813  14.063 -10.25 ] [ 2.38  1.7   9.35]
-19.362826 [  2.938  14.063  -9.25 ] [ 2.38  1.53  9.38]
-19.46684 [  3.063  13.5    -8.25 ] [ 2.3   1.38  9.43]
-19.569705 [  3.125  12.813  -7.312] [ 2.18  1.21  9.48]
-19.673149 [  3.313  12.063  -5.375] [ 2.05  0.9   9.54]
-19.777738 [ 3.375  9.813 -3.687] [ 1.67  0.63  9.64]
-19.880756 [ 2.875  5.563 -2.875] [ 2.23  0.49  9.74]
-19.983531 [ 2.25   0.813 -1.75 ] [ 1.42  0.3   9.8 ]
-20.08622 [ 1.688 -4.375 -0.5  ] [-0.75  0.09  9.77]
-20.189072 [  0.188 -12.312   0.125] [-0.81 -0.02  9.57]
-20.291816 [  0.438 -12.25    1.   ] [-0.8  -0.16  9.58]
-20.394382 [  0.813 -11.187   2.   ] [-0.62 -0.33  9.61]
-20.496832 [  0.75  -11.312   2.25 ] [-0.65 -0.37  9.6 ]
-20.600557 [  0.625 -10.937   2.313] [-0.58 -0.39  9.61]
-20.7037 [  7.312 -10.187   2.063] [-0.46 -0.34  9.64]
-20.808205 [ 0.688 -9.687  1.625] [-0.39 -0.3   9.65]
-20.911024 [ 0.563 -8.937  0.438] [-0.24 -0.08  9.68]
-21.01404 [ 0.5   -8.25  -0.562] [-0.13  0.09  9.7 ]
-21.118268 [ 0.438 -7.437 -1.875] [-1.28  0.3   9.71]
-21.221354 [ 0.375 -6.75  -3.125] [-1.15  0.54  9.72]
-21.324192 [ 0.25  -6.187 -5.187] [-1.05  0.88  9.7 ]
-21.4284 [ 0.063 -5.937 -8.875] [-1.02  1.44  9.64]
-21.531805 [  8.187  -5.625 -13.375] [-0.97  2.25  9.49]
-21.634248 [  8.375  -5.687 -16.75 ] [-0.98  2.81  9.34]
-21.737434 [  8.5    -6.062 -17.187] [-1.04  2.89  9.31]
-21.840146 [  8.687  -6.875 -17.812] [-1.17  2.98  9.26]
-21.942721 [  8.812  -7.625 -18.   ] [-0.03  3.    9.24]
-22.045452 [  8.625  -6.812 -17.5  ] [-1.16  2.92  9.28]
-22.148034 [  8.25   -4.812 -17.   ] [-0.82  2.86  9.34]
-22.251182 [  0.25   -2.062 -16.312] [-0.35  2.75  9.4 ]
-22.353635 [  7.375   0.125 -15.437] [ 1.3   2.61  9.45]
-22.45708 [  0.938   2.313 -14.75 ] [ 1.68  2.5   9.47]
-22.561362 [  1.375   4.438 -13.562] [ 2.04  2.3   9.5 ]
-22.665326 [  1.563   5.375 -12.562] [ 2.2   2.13  9.52]
-22.769967 [  1.813   6.625 -10.625] [ 2.39  1.82  9.57]
-22.873288 [  1.875   7.75  -10.187] [ 1.32  1.71  9.56]
-22.976163 [ 6.062  8.75  -9.937] [ 1.49  1.67  9.54]
-23.080575 [  2.     11.188  -9.75 ] [ 1.88  1.63  9.48]
-23.18388 [  1.938  12.    -10.   ] [ 2.04  1.67  9.44]
-23.286464 [  1.813  12.625 -11.   ] [ 2.14  1.83  9.39]
-23.389036 [  1.875  13.125 -10.625] [ 2.23  1.76  9.38]
-23.491579 [  2.     13.5    -9.812] [ 2.29  1.64  9.39]
-23.594216 [  2.25   13.063  -8.75 ] [ 2.22  1.46  9.43]
-23.69682 [  2.375  12.375  -7.625] [ 2.1   1.27  9.49]
-23.799375 [  5.5    11.563  -6.062] [ 1.97  1.02  9.55]
-23.901987 [ 2.688  9.438 -3.312] [ 1.65  0.57  9.64]
-24.004545 [ 2.563  5.563 -2.75 ] [ 2.23  0.47  9.74]
-24.107393 [ 2.313  1.    -1.812] [ 1.45  0.31  9.8 ]
-24.211674 [ 1.813 -4.625 -0.562] [-0.7   0.11  9.78]
-24.314594 [  0.813 -12.125   0.125] [-0.78 -0.02  9.58]
-24.417144 [  7.312 -12.562   0.875] [-2.13 -0.15  9.56]
-24.521167 [  0.625 -11.687   1.938] [-1.99 -0.32  9.59]
-24.624349 [  0.625 -11.875   2.063] [-0.73 -0.35  9.59]
-24.727362 [  7.625 -11.312   2.25 ] [-0.65 -0.37  9.6 ]
-24.830812 [  7.562 -10.562   2.   ] [-0.52 -0.33  9.63]
-24.934667 [ 0.375 -9.875  1.438] [-0.41 -0.24  9.65]
-25.037375 [ 0.313 -8.625  0.188] [-0.19 -0.03  9.69]
-25.140112 [ 0.25  -8.062 -0.812] [-0.09  0.13  9.7 ]
-25.242722 [ 0.188 -7.625 -1.937] [-0.02  0.32  9.71]
-25.345447 [ 0.125 -7.    -3.312] [-1.2   0.57  9.71]
-25.447899 [ 0.    -6.562 -5.25 ] [-1.12  0.89  9.7 ]
-25.550459 [ 8.125 -6.437 -8.   ] [-1.1   1.36  9.64]
-25.652887 [  8.312  -6.187 -11.562] [-1.06  1.89  9.56]
-25.755764 [  8.437  -6.312 -16.   ] [-1.08  2.69  9.36]
-25.858355 [  8.562  -6.562 -17.625] [-1.13  2.95  9.28]
-25.962792 [  8.687  -7.312 -17.937] [-1.24  3.    9.25]
-26.066528 [  8.812  -8.187 -17.625] [-0.11  2.94  9.24]
-26.169127 [  8.687  -7.562 -17.375] [-0.01  2.9   9.27]
-26.273402 [  8.375  -5.875 -16.937] [-1.05  2.84  9.32]
-26.377025 [  0.063  -3.562 -16.5  ] [-0.61  2.78  9.38]
-26.479587 [  0.5    -0.875 -15.812] [-0.15  2.67  9.43]
-26.583737 [  1.125   2.188 -14.687] [ 1.6   2.51  9.47]
-26.687457 [  1.5     3.875 -13.5  ] [ 1.95  2.29  9.51]
-26.790195 [  1.813   4.813 -12.625] [ 2.1   2.14  9.53]
-26.892733 [  2.063   6.063 -10.687] [ 2.32  1.81  9.58]
-26.995081 [  2.125   7.313 -10.25 ] [ 2.52  1.73  9.57]
-27.09765 [  2.125   8.5   -10.312] [ 1.45  1.73  9.54]
-27.200118 [  2.063  10.688 -10.5  ] [ 1.82  1.76  9.47]
-27.302786 [  2.063  11.625 -10.687] [ 1.98  1.78  9.43]
-27.405116 [  2.125  12.313 -10.125] [ 2.08  1.7   9.43]
-27.507937 [  2.25   12.875  -9.687] [ 2.19  1.6   9.42]
-27.610563 [  5.687  13.     -9.187] [ 2.21  1.53  9.43]
-27.714582 [  2.375  12.5    -8.375] [ 2.13  1.41  9.46]
-27.818021 [  2.438  11.813  -7.625] [ 2.    1.27  9.51]
-27.920665 [  2.563  10.938  -6.   ] [ 1.86  1.01  9.57]
-28.024494 [ 5.312  9.    -3.25 ] [ 1.53  0.55  9.66]
-28.128494 [ 2.5    5.125 -2.625] [ 2.16  0.45  9.75]
-28.231085 [ 2.063  0.563 -1.75 ] [ 1.37  0.3   9.8 ]
-28.335118 [ 1.438 -5.187 -0.5  ] [-0.79  0.11  9.77]
-28.439106 [  0.063 -12.75    0.063] [-0.89 -0.01  9.56]
-28.541686 [  0.063 -13.062   0.875] [-0.94 -0.15  9.55]
-28.644125 [  0.25  -12.062   1.875] [-0.77 -0.32  9.58]
-28.746733 [  0.188 -12.062   2.125] [-0.78 -0.35  9.58]
-28.849594 [  0.063 -11.625   2.188] [-0.69 -0.37  9.59]
-28.952182 [  0.125 -11.      1.813] [-0.59 -0.3   9.62]
-29.054626 [  0.    -10.875   1.438] [-0.57 -0.24  9.62]
-29.157328 [ 8.062 -9.5    0.25 ] [-1.63 -0.06  9.66]
-29.260778 [ 8.125 -8.687 -0.875] [-0.21  0.15  9.69]
-29.363378 [ 8.187 -7.875 -2.062] [-0.07  0.35  9.7 ]
-29.467669 [ 8.25  -7.187 -3.375] [-1.24  0.55  9.71]
-29.571394 [ 8.312 -6.75  -5.125] [-1.16  0.87  9.69]
-29.674137 [ 8.5   -6.625 -7.937] [-1.14  1.34  9.64]
-29.77857 [  8.625  -6.375 -11.687] [-1.09  1.91  9.55]
-29.881452 [  8.875  -6.5   -16.437] [-1.11  2.76  9.34]
-29.983869 [  9.     -6.875 -18.375] [-1.17  3.07  9.23]
-30.088172 [  9.187  -7.75  -18.937] [-0.02  3.15  9.19]
-30.19251 [  9.187  -7.937 -18.625] [-0.07  3.1   9.2 ]
-30.294515 [  9.     -7.    -18.062] [-1.19  3.02  9.25]
-30.396242 [  8.562  -4.812 -17.25 ] [-0.82  2.9   9.33]
-30.498183 [  8.125  -2.312 -16.25 ] [-0.39  2.75  9.4 ]
-30.600533 [  0.25    0.188 -15.375] [ 1.31  2.6   9.45]
-30.702746 [  0.563   2.313 -14.437] [ 1.68  2.45  9.48]
-30.804602 [  0.813   3.563 -13.562] [ 1.89  2.3   9.51]
-30.906519 [  1.125   4.438 -12.375] [ 2.04  2.09  9.54]
-31.008279 [  1.188   5.625 -10.625] [ 2.24  1.8   9.59]
-31.113342 [  1.313   7.063 -10.062] [ 2.48  1.7   9.58]
-31.215712 [ 1.313  8.188 -9.687] [ 1.4   1.63  9.56]
-31.319607 [  1.313  10.25   -9.75 ] [ 1.73  1.62  9.51]
-31.422247 [  1.25   11.063 -10.375] [ 1.88  1.73  9.46]
-31.523971 [  1.188  11.813 -10.937] [ 2.    1.82  9.42]
-31.626501 [  1.25   12.375 -10.875] [ 2.1   1.81  9.4 ]
-31.730293 [  1.375  12.563  -9.875] [ 2.14  1.65  9.42]
-31.833264 [  1.438  12.063  -8.687] [ 2.05  1.45  9.47]
-31.934983 [-7.25  -0.062 -0.062] [ 1.95  1.28  9.52]
-32.037116 [  1.688  10.563  -5.75 ] [ 1.8   0.96  9.58]
-32.140832 [ 1.75   8.188 -3.812] [ 1.46  0.66  9.67]
-32.24369 [ 1.563  3.875 -2.937] [ 1.95  0.5   9.77]
-32.345467 [ 1.25  -0.875 -1.875] [-0.15  0.32  9.8 ]
-32.447069 [ 0.813 -6.312 -0.562] [  3.26600000e+02   1.00000000e-01   9.74000000e+00]
-32.551037 [  8.25 -13.25   0.  ] [-0.97  0.    9.54]
-32.653123 [  0.    -12.5     0.938] [-0.84 -0.16  9.57]
-32.755173 [  0.188 -12.062   1.688] [-0.77 -0.28  9.58]
-32.857087 [  0.125 -12.125   2.   ] [-0.78 -0.34  9.58]
-32.95905 [  0.    -11.687   2.313] [-0.7  -0.39  9.59]
-33.061072 [  0.    -10.937   2.063] [-0.58 -0.35  9.62]
-33.163374 [ 0.    -9.875  1.5  ] [-0.42 -0.27  9.65]
-33.265434 [ 0.    -9.     0.188] [-0.26 -0.04  9.68]
-33.367636 [ 8.062 -8.125 -0.687] [-1.39  0.12  9.7 ]
-33.471311 [ 8.125 -7.375 -1.812] [-1.26  0.3   9.71]
-33.574297 [ 8.187 -7.375 -3.312] [-1.26  0.56  9.7 ]
-33.676615 [ 8.312 -7.    -5.625] [-1.2   0.95  9.68]
-33.779929 [ 8.437 -6.625 -8.75 ] [-1.13  1.48  9.62]
-33.88394 [  8.687  -6.375 -12.812] [-1.09  2.09  9.51]
-33.987381 [  8.75   -6.25  -16.687] [-1.07  2.8   9.33]
-34.090976 [  8.875  -6.312 -17.5  ] [-1.07  2.93  9.29]
-34.195413 [  9.     -6.937 -18.   ] [-1.18  3.    9.25]
-34.297846 [  9.125  -7.562 -18.062] [-0.01  3.02  9.23]
-34.400468 [  9.062  -7.375 -17.75 ] [-1.26  2.97  9.25]
-34.503014 [  8.812  -6.125 -17.187] [-1.05  2.88  9.31]
-34.605625 [  8.375  -3.812 -16.437] [-0.66  2.77  9.38]
-34.708178 [  0.063  -1.    -15.5  ] [-0.18  2.63  9.44]
-34.810781 [  0.5     1.438 -14.875] [ 1.53  2.52  9.47]
-34.913313 [  1.      3.813 -13.812] [ 1.94  2.34  9.5 ]
-35.017033 [  1.188   4.625 -12.875] [ 2.07  2.18  9.52]
-35.119675 [  1.563   5.75  -11.125] [ 2.26  1.89  9.57]
-35.22368 [  1.563   6.938 -10.437] [ 2.45  1.77  9.57]
-35.327137 [  1.625   8.    -10.5  ] [ 1.36  1.77  9.54]
-35.429859 [  6.375  10.125 -10.5  ] [ 1.72  1.76  9.49]
-35.533995 [  6.437  11.188 -11.   ] [ 1.89  1.83  9.44]
-35.637588 [  1.563  11.688 -10.75 ] [ 1.99  1.79  9.43]
-35.740181 [  1.625  12.125 -10.125] [ 2.06  1.69  9.43]
-35.844035 [  6.25   12.438  -9.5  ] [ 2.12  1.58  9.44]
-35.94778 [  1.813  11.938  -8.687] [ 2.03  1.44  9.48]
-36.050359 [  1.875  11.25   -7.75 ] [ 1.91  1.29  9.52]
-36.152935 [  2.    10.25  -6.  ] [ 1.75  1.01  9.59]
-36.255385 [ 2.125  8.313 -3.437] [ 1.41  0.58  9.68]
-36.357967 [ 2.063  4.5   -2.625] [ 2.05  0.44  9.76]
-36.460286 [ 1.938 -0.125 -1.875] [-0.02  0.32  9.8 ]
