-0.075154 [ 15.562  -1.812  -8.375] [-0.31  1.43  9.69]
-0.177349 [ 8.125 -7.25  -7.062] [-1.24  1.2   9.65]
-0.279053 [ 8.875 -8.937 -3.   ] [-0.25  0.51  9.67]
-0.381 [ 9.125 -9.937 -0.5  ] [-0.41  0.08  9.65]
-0.482792 [  9.25  -10.375   0.188] [-0.48 -0.03  9.64]
-0.584314 [ 9.375 -9.875  0.25 ] [-0.41 -0.04  9.65]
-0.685935 [ 9.375 -9.25   0.313] [-0.3  -0.05  9.67]
-0.787587 [ 9.437 -8.25  -0.562] [-1.42  0.07  9.7 ]
-0.889874 [ 9.562 -7.875 -1.75 ] [-0.07  0.3   9.7 ]
-0.991563 [ 9.5   -7.187 -1.937] [-1.23  0.32  9.72]
-1.094167 [ 17.5    -6.437  -2.25 ] [-1.1   0.38  9.73]
-1.199677 [ 9.625 -6.062 -3.312] [-1.04  0.57  9.73]
-1.301381 [ 17.687  -5.625  -5.125] [-0.96  0.87  9.71]
-1.403866 [ 9.812 -5.5   -6.937] [-0.94  1.18  9.68]
-1.507395 [ 9.937 -5.375 -9.   ] [-0.92  1.49  9.64]
-1.609881 [ 10.125  -5.25  -12.375] [-0.9   2.09  9.53]
-1.711593 [ 10.5    -5.25  -17.687] [-0.89  2.96  9.3 ]
-1.813675 [ 10.937  -5.437 -19.5  ] [-0.93  3.26  9.2 ]
-1.916767 [ 11.     -5.312 -19.937] [-0.9   3.33  9.17]
-2.019982 [ 10.812  -4.75  -19.687] [-0.82  3.29  9.19]
-2.122205 [ 10.562  -3.437 -18.875] [-0.58  3.17  9.25]
-2.223672 [ 10.     -0.75  -17.625] [-0.13  2.96  9.34]
-2.325052 [  9.562   1.813 -15.687] [ 1.59  2.65  9.43]
-2.42631 [  9.375   3.25  -14.   ] [ 1.83  2.36  9.49]
-2.527614 [  9.25    3.688 -12.625] [ 1.91  2.14  9.54]
-2.62925 [  9.      4.5   -12.062] [ 2.05  2.04  9.55]
-2.733418 [  8.875   5.563 -11.625] [ 2.23  1.97  9.55]
-2.835028 [  8.75    6.625 -10.062] [ 2.41  1.7   9.58]
-2.93639 [ 8.687  7.375 -9.437] [ 2.54  1.6   9.59]
-3.037915 [ 8.562  9.313 -9.187] [ 1.59  1.54  9.55]
-3.139316 [ 16.562  10.438  -9.   ] [ 1.78  1.5   9.52]
-3.241441 [  8.625  11.     -9.5  ] [ 1.86  1.58  9.49]
-3.343597 [  8.625  11.5    -9.75 ] [ 1.96  1.63  9.46]
-3.444824 [  8.562  11.813  -9.062] [ 2.01  1.51  9.47]
-3.54712 [  8.5   11.75  -8.25] [ 1.99  1.38  9.5 ]
-3.650493 [  8.375  11.188  -7.125] [ 1.92  1.19  9.54]
-3.753145 [  8.375  10.125  -7.062] [ 1.72  1.18  9.57]
-3.854825 [ 16.      7.188  -6.562] [ 2.51  1.11  9.66]
-3.956447 [ 15.875   2.813  -5.625] [ 1.76  0.96  9.74]
-4.05924 [ 8.25 -2.   -3.5 ] [-0.35  0.6   9.78]
-4.164812 [ 8.937 -8.75  -2.312] [-0.21  0.39  9.68]
-4.266814 [  9.375 -11.562  -1.437] [-0.69  0.24  9.6 ]
-4.369362 [  9.25  -11.062  -0.875] [-0.6   0.14  9.62]
-4.472739 [ 9.    -9.875 -0.187] [-1.68  0.04  9.66]
-4.575053 [  9.062 -10.125   0.125] [-0.44 -0.02  9.65]
-4.676489 [ 9.062 -9.875  0.313] [-0.41 -0.06  9.65]
-4.778167 [ 9.062 -9.812  0.313] [-0.39 -0.06  9.66]
-4.879813 [ 9.187 -9.    -0.625] [-0.25  0.11  9.68]
-4.983343 [ 9.312 -7.5   -2.   ] [-0.01  0.33  9.71]
-5.084994 [ 9.25  -6.562 -2.125] [-1.13  0.36  9.73]
-5.1868 [ 9.25 -5.75 -2.75] [-0.99  0.46  9.74]
-5.289167 [ 9.312 -5.437 -3.5  ] [-0.93  0.59  9.74]
-5.390992 [ 9.375 -5.187 -5.   ] [-0.89  0.85  9.72]
-5.492871 [ 9.5   -4.937 -7.312] [-0.84  1.25  9.68]
-5.59505 [  9.625  -4.75  -10.062] [-0.82  1.67  9.62]
-5.700535 [  9.875  -4.812 -13.687] [-0.82  2.31  9.49]
-5.806696 [ 10.125  -4.875 -18.375] [-0.83  3.08  9.27]
-5.907937 [ 10.312  -4.75  -19.187] [-0.81  3.21  9.22]
-6.009646 [ 18.25   -4.687 -19.187] [-0.8   3.21  9.22]
-6.111766 [ 10.25   -4.562 -19.062] [-0.78  3.19  9.23]
-6.214514 [ 10.     -3.562 -18.375] [-0.64  3.1   9.27]
-6.316936 [  9.5    -1.062 -17.25 ] [-0.19  2.9   9.36]
-6.418488 [  9.062   1.5   -15.312] [ 1.53  2.59  9.45]
-6.519634 [  8.875   2.813 -13.312] [ 1.76  2.25  9.53]
-6.621631 [  8.75    3.313 -12.5  ] [ 1.85  2.12  9.55]
-6.724553 [  8.5     4.25  -11.875] [ 2.    2.01  9.56]
-6.827313 [  8.375   5.25  -11.062] [ 0.88  1.91  9.57]
-6.929143 [ 8.25   6.438 -9.562] [ 2.38  1.62  9.6 ]
-7.030467 [ 8.187  7.063 -9.   ] [ 2.49  1.52  9.61]
-7.131699 [ 8.125  9.125 -8.75 ] [ 1.56  1.48  9.56]
-7.233056 [  8.125  10.063  -8.937] [ 1.71  1.5   9.53]
-7.334746 [  8.187  10.625  -9.875] [ 1.8   1.66  9.49]
-7.435892 [  8.187  11.125  -9.875] [ 1.9   1.65  9.47]
-7.537213 [  8.125  11.25   -9.062] [ 1.91  1.52  9.49]
-7.638644 [ 16.     11.125  -8.   ] [ 1.9   1.36  9.52]
-7.74016 [ 15.875  10.75   -6.25 ] [ 1.83  1.05  9.57]
-7.841612 [ 15.875  10.063  -5.812] [ 1.72  0.98  9.6 ]
-7.942886 [ 8.187  8.125 -5.5  ] [ 1.39  0.93  9.66]
-8.044297 [ 8.937  3.813 -4.625] [ 1.94  0.79  9.75]
-8.145484 [ 9.687 -1.437 -3.312] [-0.24  0.56  9.78]
-8.246643 [ 10.437  -7.5    -2.375] [-1.28  0.41  9.71]
-8.347693 [ 11.187 -10.25   -1.75 ] [-0.47  0.3   9.64]
-8.449269 [ 11.625  -9.5    -0.812] [-0.34  0.15  9.66]
-8.55101 [ 11.625  -9.625  -0.375] [-0.36  0.07  9.66]
-8.652461 [ 11.75   -9.812   0.125] [-0.4  -0.02  9.66]
-8.753922 [ 11.75   -9.687   0.625] [-0.37 -0.1   9.66]
-8.856418 [ 11.812  -9.375   0.875] [-0.32 -0.15  9.67]
-8.959497 [ 11.75   -8.562   0.188] [-0.19 -0.05  9.69]
-9.061849 [ 11.812  -8.437  -0.75 ] [-0.15  0.13  9.69]
-9.163018 [ 11.937  -7.687  -2.   ] [-0.04  0.34  9.71]
-9.264139 [ 12.     -7.062  -3.312] [-1.21  0.56  9.71]
-9.365872 [ 12.062  -6.75   -4.375] [-1.15  0.74  9.7 ]
-9.468888 [ 12.187  -6.375  -6.   ] [-1.09  1.02  9.69]
-9.571733 [ 12.312  -6.187  -8.125] [-1.06  1.34  9.65]
-9.673417 [ 12.5    -6.062 -10.812] [-1.04  1.83  9.57]
-9.774569 [ 12.75   -5.937 -14.875] [-1.01  2.5   9.42]
-9.876186 [ 12.937  -5.875 -17.125] [-1.01  2.88  9.31]
-9.978742 [ 13.     -6.062 -17.562] [-1.03  2.94  9.29]
-10.081791 [ 21.062  -6.5   -17.187] [-1.1   2.88  9.3 ]
-10.184154 [ 13.     -6.062 -16.875] [-1.03  2.83  9.33]
-10.285373 [ 12.687  -4.562 -16.312] [-0.78  2.74  9.38]
-10.386545 [ 12.312  -2.125 -15.812] [-0.37  2.67  9.42]
-10.487765 [ 11.875   0.313 -14.937] [ 1.34  2.53  9.47]
-10.589123 [ 11.562   2.813 -13.812] [ 1.76  2.34  9.5 ]
-10.690423 [ 11.437   3.625 -13.062] [ 1.9   2.21  9.53]
-10.79178 [ 11.375   4.375 -12.125] [ 2.03  2.05  9.55]
-10.893365 [ 11.187   5.563 -10.562] [ 2.21  1.82  9.58]
-10.994726 [ 11.062   6.625  -9.437] [ 2.4   1.61  9.6 ]
-11.096125 [ 10.937   7.438  -8.812] [ 2.55  1.49  9.6 ]
-11.197189 [ 10.875   9.5    -8.562] [ 1.62  1.44  9.56]
-11.298358 [ 10.875  10.438  -8.312] [ 1.77  1.4   9.54]
-11.399849 [ 10.937  10.875  -8.5  ] [ 1.85  1.42  9.52]
-11.501763 [ 11.     11.375  -9.062] [ 1.94  1.51  9.49]
-11.603255 [ 10.937  11.563  -8.75 ] [ 1.97  1.46  9.49]
-11.705099 [ 10.812  11.313  -7.812] [ 1.94  1.32  9.52]
-11.806853 [ 10.687  10.938  -6.125] [ 1.86  1.03  9.57]
-11.908343 [ 10.687  10.438  -5.25 ] [ 1.77  0.89  9.6 ]
-12.010247 [ 18.75    9.     -5.125] [ 1.54  0.86  9.64]
-12.113432 [ 10.937   4.938  -4.375] [ 2.13  0.74  9.74]
-12.216114 [ 11.375  -0.562  -2.875] [-0.01  0.51  9.79]
-12.318006 [ 12.     -6.062  -1.875] [-1.04  0.32  9.74]
-12.41962 [ 12.562 -10.375  -1.437] [-0.49  0.24  9.64]
-12.521884 [ 12.875  -9.625  -0.562] [-0.36  0.1   9.66]
-12.625079 [ 12.937  -9.625  -0.062] [-0.35  0.02  9.66]
-12.727467 [ 13.    -9.75   0.5 ] [-0.38 -0.08  9.66]
-12.829117 [ 13.062  -9.625   1.125] [ -3.60000000e-01  -1.90000000e-01  -3.18020000e+02]
-12.930247 [ 13.     -9.312   1.125] [-0.31 -0.19  9.67]
-13.032231 [ 13.     -8.562   0.563] [-0.18 -0.09  9.69]
-13.134775 [ 13.062  -7.937  -0.75 ] [-0.07  0.13  9.71]
-13.237937 [ 13.187  -7.125  -2.187] [-1.22  0.36  9.72]
-13.340515 [ 13.25  -6.75  -3.  ] [-1.15  0.51  9.72]
-13.442263 [ 13.25   -6.     -3.625] [-1.03  0.62  9.73]
-13.54369 [ 13.312  -5.75   -5.125] [-0.99  0.88  9.71]
-13.644941 [ 13.5    -5.562  -7.375] [-0.95  1.25  9.67]
-13.746292 [ 13.625  -5.437  -9.875] [-0.92  1.67  9.61]
-13.847631 [ 13.875  -5.25  -13.75 ] [-0.9   2.32  9.48]
-13.949277 [ 14.187  -5.312 -17.187] [-0.91  2.86  9.33]
-14.051 [ 14.25   -5.5   -17.437] [-0.94  2.93  9.3 ]
-14.152449 [ 14.25   -5.562 -17.062] [-0.95  2.86  9.33]
-14.25371 [   14.187  2042.813   -16.687] [-0.89  2.81  9.35]
-14.355061 [ 14.    -4.25 -16.25] [-0.72  2.74  9.38]
-14.456255 [ 13.75   -2.875 -15.625] [-0.49  2.64  9.43]
-14.557627 [ 13.25    0.063 -14.375] [ 1.29  2.43  9.49]
-14.659838 [ 12.812   3.063 -13.187] [ 0.49  2.25  9.53]
-14.762473 [ 12.687   4.    -12.5  ] [   1.96 -325.56    9.55]
-14.864157 [ 12.625   4.813 -11.625] [ 2.1   1.96  9.57]
-14.966424 [-6.312 -0.062 -0.062] [ 2.21  1.89  9.57]
-15.068824 [ 20.437   6.688  -9.562] [ 2.42  1.62  9.6 ]
-15.171551 [ 12.375   7.563  -9.   ] [ 1.3   1.52  9.6 ]
-15.273252 [ 12.312   9.5    -8.875] [ 1.62  1.5   8.27]
-15.374699 [ 12.375  10.688  -9.25 ] [ 1.82  1.55  9.5 ]
-15.477 [ 12.437  10.938  -9.937] [ 1.86  1.66  9.48]
-15.58038 [ 12.375  11.438  -9.25 ] [ 1.94  1.56  9.48]
-15.682721 [ 12.312  11.75   -8.562] [ 2.    1.43  9.49]
-15.784202 [ 12.187  11.625  -7.625] [ 1.98  1.28  9.51]
-15.885864 [ 12.     11.125  -6.062] [ 1.89  1.02  9.56]
-15.988336 [ 19.937  10.563  -4.875] [ 1.8   0.82  9.6 ]
-16.09166 [ 12.062   8.75   -4.812] [ 1.53  0.82  9.65]
-16.194187 [ 12.5     4.375  -3.937] [ 2.03  0.68  9.75]
-16.295636 [ 13.187  -0.687  -2.687] [-0.12  0.46  9.79]
-16.397091 [ 13.937  -6.437  -1.687] [-1.1   0.29  9.73]
-16.498497 [ 14.562 -10.5    -1.312] [-0.51  0.22  9.63]
-16.599937 [ 15.062  -9.5    -0.437] [-0.34  0.07  9.67]
-16.701433 [ 15.125  -9.375   0.063] [-0.32 -0.01  9.67]
-16.803106 [ 15.187  -9.5     0.688] [-0.34 -0.1   9.67]
-16.904382 [ 15.25   -9.312   1.188] [-0.31 -0.2   9.67]
-17.005759 [ 15.25   -8.75    1.063] [-1.49 -0.18  9.68]
-17.107063 [ 15.312  -8.625   0.688] [-0.19 -0.12  9.69]
-17.208373 [ 15.375  -8.312   0.125] [-0.14 -0.02  9.7 ]
-17.309823 [ 15.437  -7.625  -0.562] [-0.02  0.1   9.71]
-17.411217 [ 15.562  -7.187  -1.875] [-1.23  0.32  9.72]
-17.512704 [ 15.625  -6.75   -3.25 ] [-1.16  0.55  9.72]
-17.614209 [ 15.812  -6.562  -5.125] [-1.13  0.84  9.7 ]
-17.715853 [ 15.937  -6.375  -6.875] [-1.09  1.17  9.67]
-17.817449 [ 24.062  -6.312  -8.625] [  -1.07    1.47 -318.05]
-17.918904 [ 24.312  -6.187 -11.875] [-1.06  2.    9.53]
-18.021224 [ 24.75   -6.312 -16.625] [-1.08  2.79  9.33]
-18.124415 [ 25.125  -6.625 -18.312] [-1.14  3.06  9.24]
-18.226692 [ 24.937  -5.875 -17.875] [-1.    2.99  9.28]
-18.328381 [ 24.562  -4.25  -17.312] [-0.72  2.91  9.33]
-18.429689 [ 24.187  -2.25  -16.75 ] [-0.38  2.83  9.38]
-18.531903 [ 15.812   0.063 -15.75 ] [ 1.29  2.67  9.43]
-18.635031 [ 15.437   2.063 -14.125] [ 1.6   2.41  9.49]
-18.737574 [ 15.375   2.875 -12.75 ] [ 1.77  2.17  9.55]
-18.839157 [ 15.312   3.438 -12.25 ] [ 1.87  2.07  9.56]
-18.940636 [ 15.125   4.375 -11.562] [   2.03 -325.72    9.57]
-19.042991 [ 15.    5.5 -10. ] [ 2.22  1.7   9.61]
-19.146105 [ 14.937   6.75   -9.25 ] [ 1.14  1.57  9.61]
-19.248712 [ 14.875   7.563  -8.875] [ 1.29  1.5   9.6 ]
-19.350392 [ 14.812   9.125  -8.875] [ 1.55  1.5   9.56]
-19.451728 [ 14.937  10.125  -9.437] [ 1.73  1.58  9.52]
-19.553093 [ 15.     10.5   -10.187] [ 1.78  1.71  9.48]
-19.654394 [ 14.937  11.125  -9.875] [ 1.89  1.65  9.47]
-19.75585 [ 14.875  11.5    -9.125] [ 1.96  1.52  9.48]
-19.857243 [ 14.75   11.25   -8.062] [ 1.92  0.07  9.52]
-19.958912 [ 14.562  10.875  -6.187] [ 1.85  1.07  9.56]
-20.060531 [ 14.375  10.188  -4.562] [ 1.74  0.77  9.61]
-20.16189 [ 14.5     8.625  -3.812] [ 1.48  0.64  9.67]
-20.263296 [ 14.812   4.563  -3.312] [ 2.06  0.57  9.75]
-20.364732 [ 15.437  -0.562  -2.187] [-0.1   0.38  9.79]
-20.46611 [ 24.25   -6.375  -1.437] [-1.09  0.24  9.74]
-20.567683 [ 25.    -11.562  -1.125] [-0.68  0.19  9.6 ]
-20.669924 [ 26.25  -12.75   -0.375] [-2.14  0.07  9.56]
-20.771925 [ 26.    -12.875   0.125] [-0.9  -0.02  9.55]
-20.873354 [ 26.312 -12.5     0.875] [-0.84 -0.15  9.57]
-20.975721 [ 27.5   -15.375   0.5  ] [-2.6  -0.08  9.45]
-21.079328 [ 30.    -14.562   0.188] [-1.2  -0.04  9.48]
-21.181615 [ 30.187 -13.937  -0.312] [-2.36  0.05  9.51]
-21.283242 [ 30.    -13.187  -1.375] [-0.95  0.23  9.54]
-21.384685 [ 30.    -11.062  -2.187] [-0.6   0.37  9.61]
-21.487 [ 30.062  -9.687  -3.437] [-0.37  0.59  9.64]
-21.590297 [ 30.     -8.687  -6.   ] [-0.2   0.97  9.64]
-21.692675 [ 30.062  -8.437  -7.812] [-0.16  1.31  9.61]
-21.79418 [ 30.062  -8.312  -9.687] [-0.13  1.63  9.56]
-21.895886 [ 30.125  -8.25  -11.437] [-0.12  1.93  9.51]
-21.99803 [ 30.25   -8.125 -13.437] [-0.11  2.26  9.44]
-22.101388 [ 30.187  -7.875 -14.562] [-0.06  2.42  9.4 ]
-22.203947 [ 30.187  -7.812 -15.562] [-0.05  2.6   9.35]
-22.305413 [ 30.187  -7.812 -16.125] [-0.05  2.7   9.33]
-22.406848 [ 30.187  -7.625 -16.25 ] [-0.02  2.72  9.32]
-22.508216 [ 30.     -6.812 -16.125] [-1.16  2.71  9.35]
-22.609682 [ 29.75   -5.062 -15.75 ] [-0.86  2.65  9.4 ]
-22.711166 [ 29.5    -3.5   -15.187] [-0.6   2.57  9.44]
-22.812887 [ 29.437  -2.687 -14.312] [-0.46  2.43  9.48]
-22.914744 [ 29.625  -2.312 -13.25 ] [-0.4   2.25  9.53]
-23.015999 [ 30.5    -0.937 -12.625] [-0.16  2.15  9.56]
-23.117232 [ 30.937   0.    -12.375] [ 1.28  2.11  9.57]
-23.218594 [ 30.937   0.813 -12.312] [ 1.42  2.09  9.57]
-23.320005 [ 30.937   2.563 -12.312] [ 1.71  2.09  9.57]
-23.421579 [ 31.      5.188 -12.187] [ 2.17  2.06  9.54]
-23.523321 [ 31.      7.063 -12.187] [ 2.49  2.06  9.51]
-23.624999 [ 31.062   6.688 -12.625] [ 1.16  2.11  9.5 ]
-23.726768 [ 31.125   6.688 -13.5  ] [ 2.42  2.27  9.47]
-23.82822 [ 31.187   7.313 -13.812] [ 2.53  2.32  9.44]
-23.9308 [ 31.125   7.188 -13.   ] [ 2.51  2.18  9.47]
-24.03421 [ 30.937   6.563 -11.187] [ 1.13  1.93  9.54]
-24.136517 [ 30.812   5.875  -9.375] [ 2.29  1.59  9.62]
-24.237922 [ 30.75    3.688  -7.5  ] [ 1.91  1.28  9.7 ]
-24.339581 [ 30.812   0.438  -5.187] [ 1.35  0.89  9.76]
-24.441895 [ 31.062  -2.562  -2.937] [-0.43  0.5   9.78]
-24.545288 [ 31.437  -6.937  -1.75 ] [-1.09  0.31  9.73]
-24.647508 [ 32.    -14.     -1.375] [-1.09  0.22  9.51]
-24.748933 [ 25.125 -18.687  -0.375] [-3.14  0.06  9.28]
-24.850504 [ 25.437 -18.625   0.063] [-3.13 -0.01  9.29]
-24.953389 [ 33.375 -17.312   0.625] [-2.92 -0.1   9.35]
-25.056509 [ 25.187 -14.625   0.938] [-1.22 -0.15  9.47]
-25.158721 [ 25.125 -14.375   0.875] [-1.15 -0.14  9.49]
-25.26025 [ 24.75  -13.562  -0.75 ] [-1.02  0.12  9.53]
-25.361799 [ 24.625 -12.625  -1.75 ] [-0.87  0.29  9.56]
-25.463245 [ 24.687 -10.625  -2.187] [-0.53  0.37  9.62]
-25.564567 [ 24.75  -9.25  -3.5 ] [-0.29  0.59  9.66]
-25.665728 [ 24.687  -8.562  -5.562] [-0.18  0.95  9.65]
-25.767038 [ 24.687  -8.187  -7.625] [-0.12  1.28  9.61]
-25.868737 [ 24.687  -8.125  -9.5  ] [-0.1   1.57  9.57]
-25.970406 [ 24.687  -8.    -11.375] [-0.08  1.92  9.51]
-26.071876 [ 24.687  -7.937 -13.25 ] [-0.08  2.22  9.45]
-26.173248 [ 24.625  -7.625 -14.25 ] [-0.03   2.39   8.131]
-26.274612 [ 24.687  -7.625 -15.312] [-0.03  2.57  9.37]
-26.375946 [ 24.625  -7.5   -15.875] [-1.28  2.66  9.35]
-26.477254 [ 24.562  -7.187 -16.187] [-1.23  2.71  9.34]
-26.579284 [ 24.437  -6.375 -16.187] [-1.11  2.72  9.35]
-26.681227 [ 24.125  -4.937 -16.   ] [-0.84  2.69  9.39]
-26.782877 [ 31.875  -4.    -15.375] [-0.68  2.59  9.43]
-26.885046 [ 31.875  -2.875 -14.25 ] [-0.5   2.41  9.49]
-26.98834 [ 31.875  -1.812 -12.562] [-0.34  2.15  9.55]
-27.090973 [ 31.875  -0.062 -11.375] [-0.01  1.93  9.61]
-27.192528 [ 31.875   2.    -11.25 ] [ 1.63  1.92  9.61]
-27.29406 [ 31.687   6.125 -11.562] [ 2.33  1.96  9.55]
-27.396385 [ 30.      8.938  -9.937] [ 1.52  1.67  9.54]
-27.499874 [ 26.875  12.313  -6.937] [ 2.04  1.21  9.51]
-27.602124 [ 15.375  13.188  -6.687] [ 2.24  1.11  9.48]
-27.703475 [ 11.937  13.     -6.75 ] [ 2.2   1.12  9.48]
-27.805274 [  9.625  12.313  -7.   ] [ 2.09  1.17  9.5 ]
-27.907821 [  8.625  11.75   -7.25 ] [ 2.    1.21  9.52]
-28.011333 [  8.562  11.688  -7.   ] [ 1.98  1.19  9.52]
-28.113339 [  8.437  11.5    -5.375] [ 1.96  0.91  9.56]
-28.214749 [  8.562  10.438  -5.187] [ 1.78  0.87  9.6 ]
-28.31629 [ 8.812  7.75  -4.75 ] [ 1.33  0.8   9.68]
-28.417459 [ 9.125  3.25  -4.   ] [   1.83 -326.99    9.76]
-28.519031 [ 9.812 -2.062 -2.687] [-0.35  0.46  9.78]
-28.620413 [ 10.625  -7.812  -1.625] [-0.05  0.28  9.71]
-28.722107 [ 10.687 -11.25   -1.125] [-0.63  0.2   9.61]
-28.823629 [ 10.875 -10.687  -0.25 ] [-1.82  0.05  9.63]
-28.925091 [ 10.937 -10.937   0.063] [-0.58 -0.01  9.62]
-29.026501 [ 11.    -11.062   0.688] [-0.6  -0.12  9.62]
-29.127907 [ 11.    -10.75    1.375] [-0.55 -0.23  9.63]
-29.229318 [ 11.    -10.062   1.375] [-0.44 -0.23  9.65]
-29.330644 [ 11.062  -9.875   0.938] [-0.4  -0.15  9.65]
-29.431968 [ 19.125  -9.375   0.25 ] [-0.31 -0.04  9.67]
-29.533695 [ 11.125  -8.187  -0.312] [-1.41  0.04  9.7 ]
-29.635387 [ 11.187  -7.25   -1.   ] [-1.24  0.17  9.72]
-29.736798 [ 11.187  -6.875  -1.875] [-1.17  0.32  9.73]
-29.838775 [ 11.312  -6.812  -3.562] [-1.16  0.61  9.71]
-29.941988 [ 19.437  -6.5    -6.125] [-1.11  1.04  9.68]
-30.044802 [ 11.562  -6.375  -8.437] [-1.09  1.39  9.64]
-30.146449 [ 11.687  -6.25  -10.875] [-1.07  1.84  9.57]
-30.247877 [ 11.812  -6.187 -14.687] [-1.05  2.47  9.42]
-30.350059 [ 12.062  -6.5   -17.625] [-1.11  2.95  9.28]
-30.453275 [ 12.062  -6.437 -17.312] [-1.1   2.9   9.29]
-30.555858 [ 12.     -6.312 -17.   ] [-1.07  2.85  9.32]
-30.657348 [ 11.75   -4.875 -16.437] [-0.84  2.77  9.36]
-30.758709 [ 19.25   -2.25  -15.187] [-0.38  2.57  9.45]
-30.860989 [ 18.937   0.25  -13.937] [ 0.04  2.36  9.51]
-30.964198 [ 10.687   2.    -12.687] [ 1.62  2.17  9.55]
-31.06679 [ 10.625   2.5   -11.937] [ 1.71  2.03  9.58]
-31.168566 [ 10.562   3.438 -10.937] [ 1.87  1.86  9.6 ]
-31.270211 [ 10.375   4.688  -9.312] [ 2.09  1.58  9.64]
-31.371756 [ 10.312   5.75   -8.75 ] [ 2.26  1.48  9.64]
-31.473045 [ 10.25    6.688  -8.312] [ 2.42  1.41  9.63]
-31.574394 [ 10.187   9.063  -8.125] [ 1.54  1.36  9.58]
-31.675874 [ 10.187   9.75   -8.   ] [ 1.66  1.35  9.56]
-31.77725 [ 10.187  10.188  -8.25 ] [ 1.72  1.37  9.55]
-31.87889 [ 10.312  10.75   -8.812] [ 1.83  1.47  9.51]
-31.980314 [ 10.25   11.063  -8.625] [ 1.88  1.44  9.51]
-32.081679 [ 10.187  10.688  -7.687] [ 1.82  1.29  9.54]
-32.18315 [ 10.     10.375  -5.937] [ 1.77  1.    9.59]
-32.284459 [ 10.      9.813  -4.812] [ 1.68  0.81  9.62]
-32.385567 [ 10.      7.938  -4.562] [ 1.35  0.77  9.68]
-32.487427 [ 10.312   3.188  -3.625] [ 1.91  0.64  9.76]
-32.589612 [ 11.     -2.125  -2.25 ] [-0.37  0.39  9.79]
-32.691046 [ 11.687  -8.25   -1.375] [-0.12  0.24  9.7 ]
-32.792872 [ 12.   -11.25  -1.  ] [-0.63  0.17  9.61]
-32.895534 [ 12.    -10.5    -0.125] [-0.51  0.02  9.64]
-32.998728 [ 12.062 -10.562   0.375] [-1.79 -0.06  9.64]
-33.100744 [ 12.125 -10.687   0.938] [-0.54 -0.15  9.63]
-33.202089 [ 12.062 -10.75    1.188] [-0.54 -0.2   9.63]
-33.304065 [ 11.875 -10.375   0.813] [-0.48 -0.14  9.64]
-33.407312 [ 19.875  -9.375   0.438] [-0.32 -0.07  9.67]
-33.510054 [ 11.937  -9.375   0.   ] [-1.6   0.    9.67]
-33.612005 [ 11.937  -8.875  -0.687] [-0.24  0.12  9.68]
-33.713355 [ 20.     -8.562  -1.375] [-0.18  0.24  9.69]
-33.815571 [ 12.062  -8.375  -2.187] [-1.43  0.37  9.69]
-33.919055 [   12.25     -8.062  2043.313] [-0.1   0.75  9.67]
-34.021881 [ 12.437  -7.75   -7.562] [-0.04  1.28  9.63]
-34.123482 [ 12.562  -7.625  -9.5  ] [-0.02  1.6   9.58]
-34.225116 [ 12.687  -7.5   -11.5  ] [-1.28  1.94  9.52]
-34.326642 [ 12.937  -7.437 -14.5  ] [-1.27  2.43  9.41]
-34.427993 [ 13.125  -7.625 -16.625] [-0.02  2.78  9.31]
-34.529588 [ 13.187  -8.    -16.75 ] [-0.08  2.79  9.29]
-34.631288 [ 13.     -7.    -16.187] [-1.22  2.72  9.33]
-34.732759 [ 12.687  -5.062 -15.75 ] [-0.87  2.65  9.4 ]
-34.834229 [ 12.312  -2.625 -15.187] [-0.45  2.57  9.45]
-34.935923 [ 12.     -0.437 -14.375] [-0.08  2.43  9.49]
-35.037394 [ 11.687   1.75  -13.375] [ 1.58  2.26  9.53]
-35.1388 [ 11.625   2.563 -12.5  ] [ 1.72  2.12  9.56]
-35.240238 [ 11.562   3.438 -11.812] [ 1.86  2.01  9.57]
-35.341755 [ 11.437   4.5   -10.187] [ 2.03  1.77  9.61]
-35.443449 [ 11.375   5.5    -9.687] [ 2.22  1.64  9.62]
-35.545349 [ 11.312   6.375  -9.375] [ 2.37  1.59  9.61]
-35.646845 [ 11.312   8.     -9.187] [ 1.36  1.55  9.58]
-35.749357 [ 11.312   9.125  -8.937] [ 1.56  1.51  9.56]
-35.852658 [ 11.375   1.438  -9.812] [ 1.6   1.63  9.53]
-35.954615 [ 11.375  10.     -9.875] [ 1.7   1.66  9.51]
-36.056122 [ 11.312  10.313  -9.125] [ 1.76  1.53  9.52]
-36.157654 [ 11.187  10.188  -8.187] [ 1.74  1.37  9.55]
-36.260273 [ 11.062   9.813  -6.625] [ 1.67  1.12  9.59]
-36.363334 [ 11.062   9.063  -6.125] [ 1.57  1.04  9.62]
-36.465324 [ 11.062   6.813  -5.687] [ 2.45  0.97  9.68]
-36.56676 [ 11.      2.563  -4.875] [ 1.72  0.83  9.76]
-36.66846 [ 11.312  -2.625  -3.5  ] [-0.45  0.6   9.77]
