-0.074729 [  7.188 -10.812  -8.5  ] [-0.49  1.45  9.68]
-0.176223 [ 1.437 -7.875 -7.812] [-0.07  1.32  9.62]
-0.278296 [ 5.5   -9.437 -3.375] [-1.61  0.57  9.65]
-0.381304 [  5.25 -10.5   -0.5 ] [-0.49  0.13  9.64]
-0.483532 [  5.188 -10.75    0.313] [-0.55 -0.05  9.63]
-0.585014 [  5.188 -10.187   0.5  ] [-0.45 -0.08  9.65]
-0.686213 [ 5.25  -9.5    0.438] [-0.34 -0.08  9.67]
-0.78766 [ 5.313 -8.687 -0.125] [-0.2   0.02  9.69]
-0.890007 [ 5.188 -8.25  -1.375] [-0.13  0.23  9.7 ]
-0.993158 [ 5.188 -7.437 -2.125] [-1.28  0.35  9.71]
-1.095262 [ 5.188 -6.437 -2.625] [-1.1   0.45  9.73]
-1.196564 [ 5.188 -6.062 -3.062] [-1.04  0.52  9.73]
-1.297857 [ 5.125 -5.75  -4.312] [-0.99  0.74  9.72]
-1.399059 [ 5.    -5.562 -6.875] [  -0.95 -326.51    8.4 ]
-1.500907 [ 4.813 -5.437 -9.75 ] [-0.93  1.65  9.62]
-1.602431 [  4.625  -5.25  -13.562] [-0.89  2.29  9.49]
-1.703812 [  4.313  -5.25  -17.875] [-0.89  2.99  9.29]
-1.805151 [  4.188  -5.25  -18.5  ] [ 326.78    3.09    9.26]
-1.906621 [  4.188  -5.125 -18.562] [-0.88  3.11  9.25]
-2.00782 [  4.25   -4.812 -18.375] [-0.82  3.08  9.27]
-2.109027 [  4.313  -4.625 -17.812] [-0.79  2.99  9.3 ]
-2.210562 [  4.625  -3.    -16.687] [-0.51  2.82  9.37]
-2.311806 [  5.125  -0.062 -14.625] [-0.01  2.48  9.48]
-2.412999 [  5.563   2.625 -13.437] [ 1.73  2.28  9.52]
-2.514533 [  2.437   3.188 -12.375] [ 1.82  2.1   9.56]
-2.616642 [  5.625   4.063 -11.562] [ 0.68  1.98  9.57]
-2.718252 [ 5.75   4.938 -9.937] [ 2.13  1.68  9.62]
-2.81964 [ 5.875  6.    -9.312] [ 2.31  1.58  9.62]
-2.921678 [ 5.875  6.625 -9.   ] [ 2.41  1.52  9.62]
-3.02453 [ 2.062  8.625 -8.812] [ 1.47  1.48  9.58]
-3.126994 [ 6.     9.938 -8.562] [ 1.68  1.43  9.55]
-3.228925 [  5.875  10.313  -9.5  ] [ 1.75  1.59  9.51]
-3.33003 [  5.813  10.688  -9.812] [ 1.82  1.65  9.49]
-3.431489 [  5.938  11.     -8.812] [ 1.87  1.48  9.51]
-3.534133 [  6.063  10.875  -7.75 ] [ 1.85  1.29  9.54]
-3.636999 [  6.25   10.438  -5.812] [ 1.78  1.01  9.58]
-3.738907 [ 6.188  9.688 -5.375] [ 1.65  0.9   9.62]
-3.840516 [ 6.     7.688 -5.062] [ 1.32  0.86  9.67]
-3.942291 [ 5.188  3.25  -4.187] [ 1.83  0.71  9.76]
-4.045274 [ 4.563 -1.437 -2.812] [-0.25  0.48  9.79]
-4.14832 [ 3.938 -7.25  -1.812] [-1.13  0.32  9.73]
-4.250368 [  3.438 -10.5    -1.312] [-0.51  0.22  9.63]
-4.351536 [ 2.688 -9.937 -0.437] [-0.42  0.08  9.65]
-4.452762 [  2.688 -10.312  -0.187] [-0.48  0.03  9.64]
-4.553997 [  2.5   -10.375   0.25 ] [-0.49 -0.04  9.64]
-4.655258 [  2.438 -10.187   0.688] [-0.45 -0.12  9.65]
-4.756563 [ 2.438 -9.437  0.688] [-0.33 -0.12  9.67]
-4.857719 [ 2.438 -9.25   0.438] [-0.29 -0.08  9.67]
-4.959081 [ 2.375 -8.75  -0.187] [-0.22  0.03  9.69]
-5.060544 [ 2.313 -7.562 -1.125] [-0.03  0.18  9.71]
-5.162174 [ 2.313 -6.625 -2.   ] [-1.13  0.34  9.73]
-5.26332 [ 2.25  -6.312 -2.875] [-1.08  0.49  9.73]
-5.3645 [ 2.188 -6.062 -4.375] [-1.04  0.74  9.72]
-5.465822 [ 2.    -5.937 -6.875] [-1.02  1.16  9.68]
-5.567131 [ 1.875 -5.812 -9.625] [-0.99  1.63  9.61]
-5.668284 [  1.625  -5.625 -13.625] [-0.96  2.3   9.48]
-5.769605 [  6.625  -5.375 -17.625] [-0.92  2.95  9.3 ]
-5.871112 [  1.313  -5.687 -17.875] [-0.98  3.    9.28]
-5.972967 [  1.313  -5.75  -17.5  ] [-0.98  2.93  9.3 ]
-6.074198 [  1.375  -5.5   -17.062] [ 326.74    2.86    9.33]
-6.175385 [  1.563  -4.5   -16.625] [-0.77  2.8   9.36]
-6.277934 [  6.062  -2.25  -15.625] [-0.39  2.64  9.43]
-6.38109 [  2.438   0.688 -14.187] [ 1.36  2.43  9.5 ]
-6.483238 [  2.688   2.625 -13.   ] [ 1.73  2.2   9.54]
-6.584954 [  2.75    3.125 -12.187] [ 1.81  2.06  9.57]
-6.686764 [  5.187   4.    -11.375] [ 0.68  1.93  9.59]
-6.789817 [ 2.938  5.125 -9.75 ] [ 2.16  1.66  9.62]
-6.892497 [ 3.063  6.375 -9.   ] [ 2.36  1.53  9.62]
-6.994143 [ 3.063  7.125 -8.75 ] [ 2.49  1.48  9.61]
-7.09529 [ 3.125  8.813 -8.375] [ 1.5   1.41  9.58]
-7.196738 [ 3.125  9.625 -8.562] [ 1.64  1.44  9.55]
-7.29905 [  5.     10.188  -9.5  ] [ 1.74  1.59  9.51]
-7.402559 [  3.     10.875  -9.5  ] [ 1.84  1.6   9.49]
-7.504504 [  3.125  11.25   -8.625] [ 1.91  1.44  9.5 ]
-7.605812 [  3.188  11.     -7.875] [ 1.87  1.32  9.53]
-7.707203 [  3.313  10.563  -6.25 ] [ 1.79  1.05  9.58]
-7.808639 [ 3.438  9.875 -4.812] [ 1.68  0.81  9.62]
-7.909989 [ 3.25   8.188 -4.875] [ 1.4   0.82  9.67]
-8.011476 [ 2.063  3.938 -4.   ] [ 1.96  0.69  9.75]
-8.113181 [ 0.938 -1.187 -2.625] [-0.2   0.45  9.79]
-8.214693 [ 8.5   -7.937 -1.687] [-1.23  0.29  9.72]
-8.316037 [ 9.062 -9.75  -1.25 ] [-0.38  0.21  9.66]
-8.417192 [ 9.375 -9.    -0.312] [-0.26  0.06  9.68]
-8.518661 [ 9.437 -9.5    0.   ] [-0.33  0.    9.67]
-8.619981 [ 9.5   -9.625  0.563] [-0.36 -0.09  9.66]
-8.721339 [ 9.562 -9.5    1.   ] [-0.34 -0.17  9.66]
-8.822667 [ 9.562 -8.812  1.313] [-0.22 -0.22  9.68]
-8.924334 [ 9.5   -8.062  0.75 ] [-0.11 -0.14  9.7 ]
-9.026165 [ 9.625 -6.687 -0.437] [-1.14  0.08  9.73]
-9.127662 [ 9.687 -5.937 -1.5  ] [-1.02  0.25  9.74]
-9.229121 [ 9.687 -5.375 -2.375] [-0.92  0.4   9.75]
-9.331087 [ 9.75  -5.125 -3.25 ] [-0.88  0.55  9.75]
-9.434077 [ 9.812 -4.687 -5.   ] [-0.8   0.85  9.73]
-9.536564 [ 10.     -4.5    -7.312] [-0.77  1.21  9.7 ]
-9.638168 [ 10.125  -4.375  -9.875] [-0.74  1.68  9.63]
-9.739445 [ 10.375  -4.187 -14.062] [-0.72  2.37  9.48]
-9.84115 [ 10.625  -4.187 -17.25 ] [-0.72  2.9   9.33]
-9.943856 [ 10.625  -4.25  -17.875] [-0.72  3.    9.3 ]
-10.046529 [ 10.625  -4.    -17.937] [-0.69  3.02  9.3 ]
-10.148551 [ 10.625  -4.062 -17.875] [-0.69  3.    9.3 ]
-10.249957 [ 10.5    -3.562 -17.312] [-0.61  2.91  9.34]
-10.351564 [ 10.187  -2.187 -16.312] [-0.37  2.76  9.4 ]
-10.454084 [  9.75    0.313 -14.5  ] [ 1.33  2.46  9.49]
-10.557363 [  9.375   2.688 -13.25 ] [ 1.73  2.26  9.53]
-10.65935 [  9.312   3.313 -12.562] [ 1.84  2.13  9.55]
-10.760525 [  9.312   4.313 -11.875] [ 0.73  2.01  9.56]
-10.861707 [  9.187   5.625 -10.312] [ 2.24  1.74  9.6 ]
-10.963035 [ 9.062  6.75  -9.687] [ 2.43  1.64  9.59]
-11.064116 [ 9.     7.563 -9.312] [ 1.29  1.58  9.59]
-11.165291 [ 9.     8.938 -9.062] [ 1.52  1.53  9.56]
-11.266469 [  8.937  10.125  -9.   ] [ 1.72  1.51  9.53]
-11.367643 [  8.875  10.5    -8.562] [ 1.79  1.43  9.53]
-11.469315 [  8.75   10.938  -7.937] [ 1.85  1.34  9.53]
-11.570953 [  8.687  11.375  -7.5  ] [ 1.93  1.26  9.53]
-11.67243 [  8.687  11.313  -7.125] [ 1.93  1.19  9.53]
-11.77382 [  8.562  10.938  -6.062] [ 1.86  1.02  9.57]
-11.875031 [  8.5   10.5   -5.25] [ 1.79  0.88  9.6 ]
-11.976021 [ 8.562  8.938 -4.937] [ 1.52  0.83  9.65]
-12.077001 [ 8.937  4.625 -4.187] [ 2.07  0.71  9.74]
-12.17851 [ 9.625 -0.375 -2.812] [-0.06  0.48  9.79]
-12.280156 [ 10.25   -6.375  -1.625] [-0.99  0.3   9.75]
-12.381685 [ 10.75   -9.812  -1.125] [-0.39  0.19  9.66]
-12.482984 [ 11.25   -9.187  -0.25 ] [-0.28  0.05  9.68]
-12.584314 [ 11.25  -9.5    0.  ] [-0.34  0.    9.67]
-12.686631 [ 11.25   -9.625   0.313] [-0.37 -0.05  9.66]
-12.789765 [ 11.375  -9.375   1.125] [-1.6  -0.19  9.67]
-12.891821 [ 11.375  -8.875   1.188] [-0.24 -0.2   9.68]
-12.993319 [ 11.437  -8.125   0.813] [-0.11 -0.14  9.7 ]
-13.094705 [ 11.5    -7.687   0.   ] [-0.03  0.    9.71]
-13.19703 [ 11.562  -6.625  -0.937] [-1.14  0.16  9.73]
-13.300158 [ 11.625  -6.062  -2.125] [-1.05  0.35  9.74]
-13.402695 [-1699.687    -5.812    -3.062] [-1.    0.52  9.74]
-13.503904 [ 11.812  -5.625  -4.625] [-0.96  0.79  9.72]
-13.605046 [ 11.937  -5.437  -6.437] [-0.93  1.09  9.69]
-13.707119 [ 12.062  -5.375  -8.625] [-0.92  1.47  9.65]
-13.809788 [ 12.312  -5.375 -12.   ] [-0.92  2.02  9.54]
-13.912617 [ 12.625  -5.    -17.062] [-0.86  2.82  9.35]
-14.014486 [ 12.687  -5.062 -17.937] [-0.86  3.01  9.29]
-14.115681 [ 12.625  -4.75  -17.687] [-0.81  2.97  9.31]
-14.216785 [ 12.625  -4.812 -17.375] [-0.82  2.91  9.32]
-14.318116 [ 12.437  -3.875 -17.   ] [-0.67  2.86  9.35]
-14.419755 [ 12.     -1.937 -16.   ] [-0.33  2.7   9.41]
-14.521133 [ 11.562   1.063 -14.125] [ 1.46  2.39  9.5 ]
-14.622669 [ 11.25    3.313 -12.812] [ 1.85  2.17  9.54]
-14.72398 [ 11.187   3.875 -11.812] [ 1.93  2.01  9.57]
-14.82542 [ 11.125   4.688 -11.062] [ 2.08  1.87  9.59]
-14.926626 [ 11.      5.438 -10.375] [ 2.21  1.76  9.6 ]
-15.02795 [ 10.875   6.75   -9.062] [ 2.43  1.53  9.61]
-15.129063 [ 10.875   7.25   -8.625] [ 2.52  1.46  9.61]
-15.230954 [ 10.812   9.063  -8.437] [ 1.54  1.42  9.57]
-15.332228 [ 10.75   10.313  -8.062] [ 1.75  1.36  9.55]
-15.434107 [ 10.875  10.75   -9.062] [ 1.82  1.49  9.51]
-15.535845 [ 10.875  11.25   -9.25 ] [ 1.92  1.54  9.49]
-15.637113 [ 10.75   11.625  -8.375] [ 1.98  1.4   9.5 ]
-15.738723 [ 10.687  11.5    -7.562] [ 1.96  1.27  9.52]
-15.841096 [ 10.562  11.125  -6.125] [ 1.9   1.03  9.56]
-15.944072 [ 10.75   10.063  -5.937] [ 1.74  1.    9.59]
-16.046203 [ 11.437   7.438  -5.25 ] [ 2.55  0.89  9.68]
-16.147622 [ 12.25    3.     -4.437] [ 1.79  0.76  9.76]
-16.248961 [ 13.25   -2.5    -3.062] [-0.43  0.53  9.78]
-16.351103 [ 14.062  -8.687  -2.25 ] [-0.2   0.38  9.68]
-16.454086 [ 14.5   -9.5   -0.75] [-1.62  0.14  9.66]
-16.556374 [ 14.562  -8.875   0.813] [-1.53 -0.11  9.68]
-16.657685 [ 14.562  -9.25    1.   ] [-0.3  -0.17  9.67]
-16.759005 [ 14.625  -9.562   1.313] [-0.35 -0.22  9.66]
-16.860589 [ 14.562  -9.375   1.688] [-0.32 -0.28  9.67]
-16.963349 [ 14.562  -8.75    1.563] [-0.21 -0.27  9.68]
-17.066376 [ 14.562  -8.312   1.188] [-0.14 -0.2   9.7 ]
-17.168499 [ 14.625  -7.687   0.375] [-0.03 -0.06  9.71]
-17.269856 [ 14.687  -7.125  -0.562] [-1.21  0.1   9.73]
-17.37111 [ 14.812  -6.437  -1.687] [-1.09  0.29  9.74]
-17.472577 [ 14.875  -6.187  -2.687] [-1.05  0.46  9.73]
-17.573887 [ 14.937  -5.812  -4.187] [-0.99  0.71  9.72]
-17.675273 [ 15.125  -5.562  -6.375] [-0.95  1.09  9.69]
-17.776451 [ 15.25   -5.437  -8.75 ] [-0.93  1.49  9.64]
-17.878088 [ 15.562  -5.25  -12.937] [-0.91  2.1   9.53]
-17.979802 [ 15.75  -4.75 -16.75] [-0.81  2.81  9.35]
-18.081147 [ 15.75   -4.625 -17.187] [-0.79   2.89   8.051]
-18.183367 [ 15.75   -4.437 -17.125] [-0.76  2.88  9.34]
-18.284969 [ 15.687  -4.187 -17.062] [-0.72  2.86  9.34]
-18.386498 [ 15.625  -3.812 -16.562] [-0.65  2.79  9.37]
-18.4882 [ 15.187  -1.75  -15.25 ] [-0.34  2.6   9.44]
-18.590804 [ 14.75    1.188 -13.5  ] [ 1.48  2.29  9.53]
-18.692597 [ 14.437   3.375 -12.437] [ 1.86  2.1   9.55]
-18.794898 [ 14.375   3.813 -11.875] [ 1.93  2.01  9.57]
-18.897944 [ 14.25   4.75 -11.  ] [ 0.8   1.87  9.59]
-19.000347 [ 14.125   5.75   -9.375] [ 2.27  1.59  9.62]
-19.101876 [ 14.      6.938  -8.75 ] [ 2.46  1.48  9.62]
-19.203281 [ 14.      7.688  -8.5  ] [ 1.31  1.43  9.61]
-19.305258 [ 13.937   9.5    -8.125] [ 1.62  1.37  9.57]
-19.408317 [ 13.875  10.5    -7.75 ] [ 1.79  1.3   9.55]
-19.510868 [ 13.812  11.063  -7.25 ] [ 1.88  1.22  9.54]
-19.612397 [ 13.812  11.875  -6.937] [ 2.01  1.15  9.52]
-19.713576 [ 13.75   12.313  -6.437] [ 2.09  1.08  9.51]
-19.815822 [ 13.75   11.813  -6.   ] [ 2.01  1.    9.54]
-19.918892 [ 13.687  11.438  -4.875] [ 1.95  0.83  9.57]
-20.0215 [ 13.75   10.688  -4.812] [ 1.82  0.81  9.6 ]
-20.12324 [ 13.937   8.625  -4.562] [ 1.48  0.77  9.66]
-20.225248 [ 15.062   4.188  -3.75 ] [ 2.    0.64  9.75]
-20.326956 [ 16.     -0.812  -2.375] [-0.14  0.4   9.79]
-20.428326 [ 8.937 -6.562 -1.312] [-1.12  0.22  9.73]
-20.529793 [ -1.69743700e+03  -9.50000000e+00  -7.50000000e-01] [-0.34  0.13  9.66]
-20.631098 [ 9.812 -8.812  0.125] [-0.22 -0.01  9.69]
-20.732692 [ 9.875 -9.312  0.5  ] [-1.58 -0.08  9.67]
-20.834257 [ 9.937 -9.437  1.125] [-0.33 -0.19  9.67]
-20.935644 [ 9.937 -9.187  1.625] [-0.29 -0.28  9.67]
-21.036918 [ 9.937 -8.562  1.75 ] [-0.18 -0.29  9.69]
-21.138089 [ 9.937 -8.25   1.375] [-0.12 -0.24  9.7 ]
-21.239618 [ 10.062  -7.625   0.375] [-0.02 -0.07  9.71]
-21.340789 [ 10.187  -6.562  -0.75 ] [-1.13  0.12  9.74]
-21.4426 [ 10.25   -5.812  -1.687] [-1.01  0.27  9.75]
-21.544522 [ 10.312  -5.5    -2.375] [-0.94  0.41  9.75]
-21.645655 [ 10.375  -5.25   -3.875] [-0.9   0.66  9.74]
-21.746934 [ 10.562  -5.     -6.125] [-0.86  1.04  9.71]
-21.849247 [ 10.687  -4.937  -8.625] [-0.85  1.47  9.65]
-21.951856 [ 11.     -4.812 -12.687] [-0.83  2.06  9.54]
-22.054172 [ 11.25   -4.875 -16.625] [-0.83  2.76  9.37]
-22.155837 [ 11.375  -5.187 -17.062] [-0.88  2.86  9.33]
-22.257345 [ 11.375  -5.187 -16.875] [-0.89   2.84   8.061]
-22.358837 [ 11.312  -5.125 -16.687] [-0.88  2.81  9.35]
-22.46188 [ 19.125  -3.937 -16.25 ] [-0.67  2.74  9.39]
-22.564528 [ 10.75   -1.875 -15.25 ] [-0.37  2.6   9.44]
-22.666223 [ 10.312   0.688 -13.937] [ 1.39  2.37  9.51]
-22.767345 [ 10.      3.125 -12.75 ] [ 1.81  2.16  9.55]
-22.8687 [  9.937   3.813 -11.875] [ 1.93  2.02  9.57]
-22.971175 [  9.812   4.625 -11.25 ] [ 2.08  1.91  9.58]
-23.074176 [ 9.687  5.688 -9.687] [ 0.95  1.66  9.61]
-23.176641 [ 9.625  6.563 -9.312] [ 2.4   1.58  9.61]
-23.277916 [ 9.562  7.5   -8.812] [ 1.28  1.49  9.6 ]
-23.379073 [ 9.562  9.375 -8.875] [ 1.6   1.49  9.55]
-23.480588 [  9.625  10.625  -9.062] [ 1.81  1.52  9.51]
-23.581874 [  9.75  11.   -10.  ] [ 1.87  1.67  9.47]
-23.683321 [  9.75   11.313 -10.312] [ 1.93  1.72  9.45]
-23.784469 [  9.625  11.625  -9.375] [ 1.97  1.56  9.47]
-23.885816 [  9.5    11.563  -8.125] [ 1.97  1.38  9.5 ]
-23.986994 [  9.312  11.188  -6.312] [ 1.91  1.09  9.55]
-24.088484 [  9.125  10.563  -4.437] [ 1.79  0.75  9.61]
-24.190026 [ 9.25   8.938 -4.187] [ 1.52  0.7   9.66]
-24.291277 [ 9.5    4.938 -3.312] [ 2.12  0.57  9.75]
-24.392626 [ 10.      0.125  -2.062] [ 1.3   0.35  9.8 ]
-24.494077 [ 10.5    -5.125  -1.125] [  3.26800000e+02   1.90000000e-01   9.76000000e+00]
-24.594862 [ 10.875 -10.5    -0.625] [-0.51  0.1   9.64]
-24.696058 [ 10.75   -9.812   0.125] [-0.39 -0.02  9.66]
-24.797491 [ 10.75   -9.562   0.625] [-0.35 -0.1   9.66]
-24.898914 [ 10.812  -9.687   1.125] [-0.37 -0.19  9.66]
-25.000513 [ 10.812  -9.5     1.5  ] [-0.34 -0.25  9.66]
-25.102435 [ 18.687  -9.062   1.438] [-0.26 -0.25  9.68]
-25.205311 [ 10.75   -8.5     1.313] [-1.45 -0.22  9.69]
-25.308236 [ 10.875  -7.812   0.188] [-0.07 -0.06  9.71]
-25.410078 [ 11.     -6.875  -1.437] [-1.18  0.25  9.73]
-25.511259 [ 11.062  -6.312  -2.437] [-1.08  0.41  9.73]
-25.612644 [ 11.062  -5.937  -3.187] [-1.01  0.54  9.73]
-25.714925 [ 19.187  -5.687  -4.875] [-0.97  0.83  9.72]
-25.818127 [ 11.312  -5.437  -7.062] [-0.93  1.17  9.69]
-25.920248 [ 11.5   -5.25  -9.25] [-0.9   1.57  9.63]
-26.021569 [ 11.687  -5.125 -12.687] [-0.87  2.14  9.52]
-26.12282 [ 11.937  -5.    -15.875] [-0.86  2.67  9.39]
-26.224967 [ 20.062  -5.312 -16.687] [-0.91  2.8   9.35]
-26.328223 [ 12.125  -5.75  -16.625] [-0.98  2.79  9.34]
-26.431145 [ 12.     -5.375 -16.187] [-0.92  2.73  9.37]
-26.532693 [ 11.875  -4.5   -15.75 ] [-0.77  2.65  9.4 ]
-26.634107 [ 11.562  -2.937 -15.187] [-0.5   2.57  9.44]
-26.735623 [ 11.125  -0.187 -14.125] [-0.03  2.4   9.5 ]
-26.836917 [ 10.812   2.375 -13.062] [ 1.69  2.21  9.54]
-26.938158 [ 10.625   3.438 -12.312] [ 0.59  2.09  9.56]
-27.039662 [ 10.437   4.188 -11.437] [ 2.    1.94  9.58]
-27.141325 [ 10.25    5.5    -9.375] [ 2.19  1.61  9.62]
-27.242725 [ 10.187   6.75   -8.75 ] [ 2.44  1.48  9.62]
-27.343951 [ 10.187   7.313  -8.5  ] [ 2.53  1.44  9.61]
-27.445143 [ 10.062   9.375  -8.187] [ 1.59  1.37  9.57]
-27.54636 [ 10.     10.313  -7.937] [ 1.75  1.34  9.55]
-27.647555 [ 10.187  10.75   -8.875] [ 1.83  1.49  9.51]
-27.748817 [ 10.25   11.25   -9.125] [ 1.91  1.52  9.49]
-27.850154 [ 10.125  11.688  -8.25 ] [ 1.99  1.38  9.5 ]
-27.952049 [ 10.062  11.5    -7.437] [ 1.96  1.27  9.52]
-28.053771 [  9.875  11.125  -5.75 ] [ 1.89  0.96  9.57]
-28.155101 [  9.812  10.375  -4.75 ] [ 1.77  0.8   9.61]
-28.257153 [ 17.937   8.563  -4.5  ] [ 1.46  0.76  9.66]
-28.360945 [ 10.      4.063  -3.5  ] [ 0.77  0.61  9.75]
-28.463373 [ 10.375  -0.562  -2.187] [-0.09  0.37  9.79]
-28.564745 [ 10.875  -5.812  -1.125] [-0.99  0.19  9.75]
-28.665896 [ 11.375 -10.5    -0.625] [-0.5   0.11  9.64]
-28.767677 [ 11.937  -9.5     0.063] [-0.34 -0.01  9.67]
-28.870499 [ 12.     -9.75    0.438] [-0.38 -0.07  9.66]
-28.973226 [ 12.062  -9.875   0.875] [-0.4  -0.14  9.65]
-29.075063 [ 12.062  -9.687   1.313] [-0.37 -0.22  9.66]
-29.176219 [ 12.     -9.062   1.25 ] [-0.27 -0.21  9.68]
-29.277679 [ 11.937  -8.812   1.063] [-0.22 -0.18  9.68]
-29.380365 [ 12.062  -7.875  -0.125] [-0.06  0.03  9.71]
-29.483607 [ 12.187  -7.562  -1.687] [-0.01  0.28  9.71]
-29.585755 [ 12.187  -6.437  -2.125] [-1.11  0.36  9.73]
-29.687031 [ 12.25   -6.187  -2.875] [-1.06  0.49  9.73]
-29.788296 [ 12.375 -13.875  -5.   ] [-1.    0.85  9.71]
-29.889584 [ 12.562  -5.625  -8.187] [-0.96  1.39  9.65]
-29.990953 [ 12.812  -5.437 -11.875] [-0.93  2.    9.55]
-30.09236 [ 12.937  -5.312 -14.875] [-0.9   2.51  9.43]
-30.19357 [ 12.937  -5.    -15.125] [-0.85  2.55  9.43]
-30.29497 [ 13.     -4.937 -15.625] [-0.85  2.62  9.41]
-30.39643 [ 12.937  -4.5   -16.437] [-0.77  2.76  9.37]
-30.497521 [ 12.937  -4.5   -16.187] [-0.77  2.73  9.38]
-30.59903 [ 12.875  -4.25  -15.937] [-0.72  2.68  9.4 ]
-30.700198 [ 12.687  -3.187 -15.375] [-0.54  2.59  9.44]
-30.80151 [ 12.312  -1.187 -14.25 ] [-0.2   2.42  9.5 ]
-30.90279 [ 11.937   1.938 -13.25 ] [ 1.61  2.24  9.53]
-31.004203 [ 11.625   4.    -12.375] [ 1.96  2.1   9.55]
-31.106141 [ 11.5     4.625 -11.687] [ 2.06  1.99  9.56]
-31.207641 [ 11.25    5.688  -9.812] [ 2.25  1.66  9.61]
-31.309206 [ 11.187   6.563  -9.187] [ 2.4   1.56  9.61]
-31.411151 [ 11.125   7.188  -8.812] [ 1.23  1.49  9.61]
-31.514068 [ 11.062   9.375  -8.437] [ 1.6   1.42  9.56]
-31.616779 [ 11.062  10.375  -8.437] [ 1.75  1.41  9.54]
-31.718578 [ 11.187  10.75   -9.375] [ 1.83  1.57  9.5 ]
-31.820205 [ 19.187  11.25   -9.312] [ 1.91  1.56  9.49]
-31.922649 [ 19.062  11.625  -8.437] [ 1.98  1.41  9.49]
-32.025677 [ 11.     11.375  -7.5  ] [ 1.94  1.28  9.52]
-32.127968 [ 10.812  10.938  -5.875] [ 1.86  1.02  9.57]
-32.229762 [ 10.812  10.313  -4.937] [ 1.75  0.83  9.61]
-32.331049 [ 10.875   8.75   -4.812] [ 1.49  0.82  9.65]
-32.433358 [ 11.      4.75   -3.937] [ 2.09  0.67  9.74]
-32.536607 [ 11.437  -0.5    -2.562] [ 0.    0.46  9.79]
-32.639084 [ 12.     -5.937  -1.625] [-1.01  0.27  9.74]
-32.74091 [ 12.437  -9.812  -1.   ] [-0.39  0.17  9.66]
-32.842142 [ 12.625  -8.875  -0.187] [-0.24  0.03  9.68]
-32.943353 [ 12.625  -9.062   0.188] [-0.27 -0.03  9.68]
-33.044476 [ 12.687  -9.25    0.75 ] [-0.3  -0.13  9.67]
-33.14549 [ 12.625  -9.187   1.125] [-0.29 -0.2   9.67]
-33.246792 [ 12.437  -8.687   1.063] [-0.21 -0.18  9.69]
-33.347915 [ 12.437  -8.375   0.875] [-0.14 -0.15  9.7 ]
-33.449435 [ 12.75   -7.375  -0.562] [-1.27  0.06  9.72]
-33.551061 [ 12.75   -6.437  -1.562] [-1.1   0.26  9.74]
-33.652445 [ 12.812  -5.75   -2.25 ] [-0.98  0.38  9.74]
-33.753746 [ 12.875  -5.562  -3.062] [-0.95  0.52  9.74]
-33.854854 [ 12.937  -5.312  -5.   ] [-0.91  0.85  9.72]
-33.955829 [ 13.062  -5.     -8.   ] [-0.86  1.36  9.67]
-34.056998 [ 13.25   -4.875 -10.937] [-0.83  1.86  9.59]
-34.158455 [ 13.437  -4.812 -14.187] [-0.82  2.39  9.47]
-34.260284 [ 13.375  -4.375 -15.187] [-0.75  2.56  9.43]
-34.362063 [ 13.375  -3.937 -15.312] [-0.67  2.58  9.43]
-34.463352 [ 13.312  -3.5   -16.   ] [-0.6  2.7  9.4]
-34.56497 [ 13.187  -3.062 -16.375] [-0.52  2.76  9.39]
-34.667007 [ 13.187  -2.937 -16.062] [-0.5   2.71  9.41]
-34.770151 [ 13.062  -2.312 -15.562] [-0.42  2.64  9.43]
-34.872439 [ 12.812  -0.812 -14.5  ] [-0.14  2.45  9.49]
-34.973801 [ 12.437   1.813 -13.375] [ 1.59  2.27  9.53]
-35.075126 [ 12.187   4.    -12.5  ] [ 1.96  2.12  9.54]
-35.177361 [ 12.062   4.75  -11.812] [ 2.09  2.    9.56]
-35.280449 [ 11.937   5.75  -10.125] [ 0.96  1.74  9.6 ]
-35.38276 [ 11.812   6.938  -9.375] [ 2.46  1.59  9.6 ]
-35.484214 [ 11.75    7.75   -8.937] [ 1.32  1.51  9.59]
-35.585902 [ 11.687   9.5    -8.687] [ 1.62  1.46  9.56]
-35.688106 [ 11.625  10.688  -8.375] [ 1.82  1.4   9.53]
-35.791282 [ 11.75   11.188  -9.125] [ 1.9  1.5  9.5]
-35.893568 [ 11.875  11.5    -9.812] [ 1.96  1.64  9.46]
-35.995047 [ 11.75   11.688  -8.937] [ 1.99  1.5   9.48]
-36.096267 [ 11.687  11.625  -8.062] [ 1.98  1.35  9.5 ]
-36.197618 [ 11.5    11.25   -6.437] [ 1.91  1.08  9.55]
-36.298746 [ 11.375  10.813  -5.062] [ 1.84  0.85  9.59]
-36.400142 [ 11.437   9.438  -4.875] [ 1.61  0.82  9.63]
-36.501737 [ 11.062   5.625  -4.062] [ 2.24  0.7   9.73]
-36.603217 [ 11.125   0.688  -2.687] [ 1.48  0.49  9.79]
