The flat matrix is [[  8.     -1.    -14.625]
 [ -0.17    2.48    9.48 ]] 
-0.079219 [ 2.    -1.125 -1.625] [-0.19  0.26 -0.08]274.493101 269.49310095 268.9438875 263.9438874 255.814709 250.81470905 261.798602 256.79860195 
-0.18268 [-5.125  0.625  1.   ] [ 0.1  -0.17  0.04]274.8798395 269.87983975 267.529996 262.5299959 255.2960635 250.296063419 263.2426755 258.24267555 
-0.286237 [ 3.063  0.438  0.5  ] [ 0.08 -0.08  0.02]274.99901 269.99900985 266.0658185 261.06581865 255.029741 250.029740863 264.721438 259.721438 
-0.388139 [ 3.063  0.5    0.063] [ 0.08 -0.02  0.01]274.833728 269.833728 264.580559 259.5805592 255.0433625 250.043362546 266.2056675 261.2056677 
-0.490909 [ 3.     0.563 -0.312] [ 0.09  0.04 -0.01]274.405555 269.4055551 263.1034445 258.1034447 255.334854 250.334854105 267.666146 262.66614625 
-0.594396 [ 2.938  0.563 -0.625] [ 0.1   0.1  -0.02]273.743654 268.74365405 261.663744 256.663744 255.8758995 250.87589956 269.0736565 264.07365665 
-0.69707 [ 2.938  0.563 -0.937] [ 0.1   0.15 -0.04]272.877188 267.87718785 260.2907305 255.29073025 256.63728 251.63727976 270.398982 265.39898195 
-0.798939 [ 2.938  0.625 -1.187] [ 0.1   0.19 -0.05]271.8353195 266.83531945 259.013677 254.013676775 257.5897755 252.589775535 271.612905 266.6129051 
-0.900963 [ 2.875  0.625 -1.562] [ 0.11  0.25 -0.07]270.647212 265.6472118 257.8618565 252.8618567 258.7041675 253.704167735 272.686209 267.68620915 
-1.004207 [ 2.875  0.5   -1.875] [ 0.09  0.3  -0.08]269.342028 264.3420278 256.8645435 251.86454326 259.951237 254.95123719 273.589677 268.58967705 
-1.107282 [ 2.813  0.188 -2.   ] [ 0.03  0.33 -0.09]267.9489305 262.94893045 256.0510095 251.05100965 261.301765 256.30176475 274.294092 269.29409185 
-1.209091 [ 2.75  -0.187 -2.125] [-0.04  0.35 -0.1 ]266.4970825 261.4970827 255.450529 250.450529086 262.726531 257.72653125 274.7702365 269.7702365 
-1.310902 [ 2.688 -0.562 -2.187] [-0.1   0.36 -0.1 ]265.0156475 260.01564745 255.092375 250.092374773 264.1963175 259.19631755 274.988894 269.98889405 
-1.412488 [ 2.813 -0.937 -2.312] [-0.16  0.37 -0.11]263.533799 258.53379905 255.005749 250.005748838 265.6819045 260.6819045 274.9245465 269.92454675 
-1.514001 [ 2.813 -1.312 -2.375] [-0.23  0.38 -0.11]262.080758 257.0807582 255.2034985 250.2034985 267.1540755 262.1540754 274.5868015 269.58680165 
-1.615796 [ 2.875 -1.687 -2.375] [-0.3   0.39 -0.12]260.685758 255.6857578 255.6613285 250.66132832 268.583616 263.58361595 274.004672 269.0046722 
-1.717589 [ 2.875 -2.    -2.437] [-0.34  0.39 -0.12]259.3780305 254.37803073 256.3498145 251.34981448 269.941312 264.94131205 273.207376 268.20737605 
-1.81951 [-5.187 -2.187 -2.437] [-0.38  0.39 -0.13]258.18681 253.186809815 257.239533 252.23953316 271.1979495 266.1979496 272.224131 267.22413105 
-1.921258 [ 3.    -2.437 -2.5  ] [-0.42  0.41 -0.13]257.141328 252.141327915 258.3010605 253.301060535 272.3243145 267.32431445 271.084155 266.0841548 
-2.022779 [ 3.438 -2.75  -2.437] [-0.47  0.39 -0.13]256.270818 251.270817875 259.504973 254.504972795 273.2911925 268.2911925 269.816665 264.8166651 
-2.124617 [ 3.625 -2.875 -2.437] [-0.5   0.39 -0.13]255.6045125 250.604512555 260.821846 255.8218461 274.0693695 269.06936965 268.4508795 263.4508796 
-2.226702 [ 4.063 -3.062 -2.437] [-0.52  0.39 -0.14]255.171645 250.171644799 262.2222565 257.22225665 274.6296315 269.62963175 267.016016 262.01601605 
-2.328835 [ 4.313 -3.187 -2.312] [-0.55  0.36 -0.13]255.0014475 250.001447463 263.6767805 258.67678065 274.9427645 269.9427647 265.541292 260.5412922 
-2.431185 [ 4.625 -3.375 -1.75 ] [-0.58  0.28 -0.11]255.116026 250.116026178 265.1559945 260.15599445 274.9800495 269.98004965 264.055926 259.05592575 
-2.533568 [ 4.813 -3.25  -1.437] [-0.56  0.23 -0.09]255.4990605 250.499060641 266.6306925 261.6306927 274.735851 269.7358509 262.589135 257.5891349 
-2.63714 [ 5.188 -3.312 -1.375] [-0.56  0.22 -0.09]256.121338 251.12133825 268.072309 263.072309 274.236943 269.2369432 261.170138 256.170138 
-2.739756 [ 5.625 -3.375 -1.125] [-0.58  0.18 -0.08]256.953637 251.95363696 269.452393 264.45239305 273.51253 268.51252995 259.8281535 254.82815357 
-2.843885 [-1.812 -3.562 -0.812] [-0.62  0.12 -0.06]257.9667345 252.96673473 270.7424945 265.74249465 272.5918145 267.59181445 258.5924 253.59240002 
-2.952326 [ 6.375 -3.812 -0.687] [-0.66  0.1  -0.06]259.1314095 254.131409515 271.9141635 266.9141635 271.504 266.504 257.492096 252.492095795 
-3.054786 [ 6.375 -3.937 -0.75 ] [-0.67  0.11 -0.07]260.4184395 255.4184393 272.9389495 267.93894945 270.27829 265.2782899 256.5564595 251.556459325 
-3.158326 [ 6.438 -4.187 -0.875] [-0.71  0.13 -0.08]261.798602 256.79860195 274.493101 269.49310095 268.9438875 263.9438874 255.814709 250.81470905 
-3.260815 [ 6.438 -4.687 -0.625] [-0.8   0.08 -0.07]263.2426755 258.24267555 274.8798395 269.87983975 267.529996 262.5299959 255.2960635 250.296063419 
-3.362438 [ 6.438 -5.    -0.312] [-0.86  0.03 -0.06]264.721438 259.721438 274.99901 269.99900985 266.0658185 261.06581865 255.029741 250.029740863 
-3.464972 [ 6.75  -5.     0.063] [-0.86 -0.02 -0.05]266.2056675 261.2056677 274.833728 269.833728 264.580559 259.5805592 255.0433625 250.043362546 
-3.566627 [ 7.188 -3.75   0.375] [-0.64 -0.08 -0.01]267.666146 262.66614625 274.405555 269.4055551 263.1034445 258.1034447 255.334854 250.334854105 
-3.66832 [    7.438    -3.     2048.625] [-0.52 -0.11  0.  ]269.0736565 264.07365665 273.743654 268.74365405 261.663744 256.663744 255.8758995 250.87589956 
-3.770205 [ 7.25  -2.937  0.938] [-0.51 -0.16  0.02]270.398982 265.39898195 272.877188 267.87718785 260.2907305 255.29073025 256.63728 251.63727976 
-3.872803 [ 6.938 -3.     0.938] [-0.52 -0.16  0.02]271.612905 266.6129051 271.8353195 266.83531945 259.013677 254.013676775 257.5897755 252.589775535 
-3.97454 [ 6.813 -3.062  0.875] [-0.52 -0.15  0.01]272.686209 267.68620915 270.647212 265.6472118 257.8618565 252.8618567 258.7041675 253.704167735 
-4.076439 [ 6.875 -3.187  0.813] [-0.54 -0.14  0.01]273.589677 268.58967705 269.342028 264.3420278 256.8645435 251.86454326 259.951237 254.95123719 
-4.178084 [ 7.188 -3.25   0.625] [-0.55 -0.12  0.  ]274.294092 269.29409185 267.9489305 262.94893045 256.0510095 251.05100965 261.301765 256.30176475 
-4.280386 [ 0.25  -3.562  0.125] [-0.61 -0.03 -0.02]274.7702365 269.7702365 266.4970825 261.4970827 255.450529 250.450529086 262.726531 257.72653125 
-4.382643 [ 7.938 -3.437 -0.375] [-0.59  0.05 -0.04]274.988894 269.98889405 265.0156475 260.01564745 255.092375 250.092374773 264.1963175 259.19631755 
-4.484223 [ 7.688 -3.5   -0.625] [-0.6   0.1  -0.06]274.9245465 269.92454675 263.533799 258.53379905 255.005749 250.005748838 265.6819045 260.6819045 
-4.586802 [-0.125 -3.062 -0.937] [-0.53  0.14 -0.06]274.5868015 269.58680165 262.080758 257.0807582 255.2034985 250.2034985 267.1540755 262.1540754 
-4.690225 [ 7.938 -2.875 -1.25 ] [-0.49  0.19 -0.07]274.004672 269.0046722 260.685758 255.6857578 255.6613285 250.66132832 268.583616 263.58361595 
-4.793256 [ 7.938 -2.75  -1.312] [-0.48  0.21 -0.08]273.207376 268.20737605 259.3780305 254.37803073 256.3498145 251.34981448 269.941312 264.94131205 
-4.89552 [ 7.938 -2.687 -1.312] [-0.47  0.21 -0.08]272.224131 267.22413105 258.18681 253.186809815 257.239533 252.23953316 271.1979495 266.1979496 
-4.998714 [ 7.938 -2.625 -1.312] [-0.45  0.21 -0.08]271.084155 266.0841548 257.141328 252.141327915 258.3010605 253.301060535 272.3243145 267.32431445 
-5.101776 [ 0.125 -2.437 -1.562] [-0.43  0.25 -0.09]269.816665 264.8166651 256.270818 251.270817875 259.504973 254.504972795 273.2911925 268.2911925 
-5.203758 [ 0.25  -2.375 -2.   ] [-0.4   0.32 -0.11]268.4508795 263.4508796 255.6045125 250.604512555 260.821846 255.8218461 274.0693695 269.06936965 
-5.305783 [ 0.25  -2.375 -2.125] [-0.4   0.34 -0.11]267.016016 262.01601605 255.171645 250.171644799 262.2222565 257.22225665 274.6296315 269.62963175 
-5.409306 [ 0.25  -2.312 -2.375] [-0.4   0.39 -0.13]265.541292 260.5412922 255.0014475 250.001447463 263.6767805 258.67678065 274.9427645 269.9427647 
-5.512629 [ 0.188 -2.312 -2.5  ] [-0.4   0.4  -0.13]264.055926 259.05592575 255.116026 250.116026178 265.1559945 260.15599445 274.9800495 269.98004965 
-5.61471 [ 0.063 -2.562 -2.5  ] [-0.44  0.41 -0.13]262.589135 257.5891349 255.4990605 250.499060641 266.6306925 261.6306927 274.735851 269.7358509 
-5.716665 [ 7.938 -2.562 -2.562] [-0.44  0.41 -0.14]261.170138 256.170138 256.121338 251.12133825 268.072309 263.072309 274.236943 269.2369432 
-5.818504 [ 7.938 -2.875 -2.562] [-0.5   0.41 -0.14]259.8281535 254.82815357 256.953637 251.95363696 269.452393 264.45239305 273.51253 268.51252995 
-5.920462 [ 0.    -3.562 -2.625] [-0.61  0.42 -0.15]258.5924 253.59240002 257.9667345 252.96673473 270.7424945 265.74249465 272.5918145 267.59181445 
-6.022338 [ 0.063 -4.75  -2.812] [-0.81  0.44 -0.18]257.492096 252.492095795 259.1314095 254.131409515 271.9141635 266.9141635 271.504 266.504 
-6.12441 [ 0.313 -4.937 -2.687] [-0.85  0.43 -0.18]256.5564595 251.556459325 260.4184395 255.4184393 272.9389495 267.93894945 270.27829 265.2782899 
-6.23006 [ 7.625 -5.625 -1.937] [-0.96  0.3  -0.15]255.814709 250.81470905 261.798602 256.79860195 274.493101 269.49310095 268.9438875 263.9438874 
-6.334448 [ 6.75  -5.25  -1.937] [-0.9   0.29 -0.14]255.2960635 250.296063419 263.2426755 258.24267555 274.8798395 269.87983975 267.529996 262.5299959 
-6.436132 [ 0.063 -4.125 -1.375] [-0.71  0.21 -0.1 ]255.029741 250.029740863 264.721438 259.721438 274.99901 269.99900985 266.0658185 261.06581865 
-6.538533 [ 0.375 -3.937 -1.125] [-0.68  0.17 -0.08]255.0433625 250.043362546 266.2056675 261.2056677 274.833728 269.833728 264.580559 259.5805592 
-6.642085 [ 0.563 -3.812 -0.937] [-0.65  0.15 -0.07]255.334854 250.334854105 267.666146 262.66614625 274.405555 269.4055551 263.1034445 258.1034447 
-6.744521 [ 0.5   -3.812 -0.812] [-0.65  0.12 -0.07]255.8758995 250.87589956 269.0736565 264.07365665 273.743654 268.74365405 261.663744 256.663744 
-6.846451 [ 0.5  -3.75 -0.75] [-0.65  0.11 -0.06]256.63728 251.63727976 270.398982 265.39898195 272.877188 267.87718785 260.2907305 255.29073025 
-6.948294 [ 0.5  -3.75 -0.5 ] [  3.27040000e+02   7.00000000e-02  -5.00000000e-02]257.5897755 252.589775535 271.612905 266.6129051 271.8353195 266.83531945 259.013677 254.013676775 
-7.051142 [ 0.5   -3.687 -0.437] [-0.63  0.06 -0.05]258.7041675 253.704167735 272.686209 267.68620915 270.647212 265.6472118 257.8618565 252.8618567 
-7.154314 [  5.00000000e-01  -3.68700000e+00   2.04781300e+03] [-0.63  0.02 -0.04]259.951237 254.95123719 273.589677 268.58967705 269.342028 264.3420278 256.8645435 251.86454326 
-7.255687 [ 0.5   -3.562  0.125] [-0.61 -0.04 -0.02]261.301765 256.30176475 274.294092 269.29409185 267.9489305 262.94893045 256.0510095 251.05100965 
-7.357232 [ 0.563 -3.312  0.188] [  3.27110000e+02  -4.00000000e-02  -2.00000000e-02]262.726531 257.72653125 274.7702365 269.7702365 266.4970825 261.4970827 255.450529 250.450529086 
-7.45937 [ 0.688 -2.812  0.25 ] [-0.48 -0.05 -0.01]264.1963175 259.19631755 274.988894 269.98889405 265.0156475 260.01564745 255.092375 250.092374773 
-7.562897 [ 0.75  -2.062  0.375] [-0.37 -0.07  0.01]265.6819045 260.6819045 274.9245465 269.92454675 263.533799 258.53379905 255.005749 250.005748838 
-7.665542 [ 0.813 -1.812  0.438] [-0.31 -0.08  0.01]267.1540755 262.1540754 274.5868015 269.58680165 262.080758 257.0807582 255.2034985 250.2034985 
-7.767214 [ 0.813 -1.687  0.438] [-0.29 -0.08  0.01]268.583616 263.58361595 274.004672 269.0046722 260.685758 255.6857578 255.6613285 250.66132832 
-7.869001 [ 0.813 -1.562  0.438] [-0.27 -0.08  0.01]269.941312 264.94131205 273.207376 268.20737605 259.3780305 254.37803073 256.3498145 251.34981448 
-7.970826 [ 0.875 -1.25   0.438] [-0.22 -0.08  0.01]271.1979495 266.1979496 272.224131 267.22413105 258.18681 253.186809815 257.239533 252.23953316 
-8.072847 [ 0.875 -1.     0.438] [-0.17 -0.08  0.02]272.3243145 267.32431445 271.084155 266.0841548 257.141328 252.141327915 258.3010605 253.301060535 
-8.175476 [ 0.875 -0.75   0.438] [-0.14 -0.08  0.02]273.2911925 268.2911925 269.816665 264.8166651 256.270818 251.270817875 259.504973 254.504972795 
-8.27712 [ 0.938 -0.437  0.438] [-0.08 -0.08  0.02]274.0693695 269.06936965 268.4508795 263.4508796 255.6045125 250.604512555 260.821846 255.8218461 
-8.379444 [ 0.938 -0.312  0.25 ] [-0.05 -0.05  0.01]274.6296315 269.62963175 267.016016 262.01601605 255.171645 250.171644799 262.2222565 257.22225665 
-8.48129 [ 0.938 -0.125  0.063] [-0.03 -0.01  0.  ]274.9427645 269.9427647 265.541292 260.5412922 255.0014475 250.001447463 263.6767805 258.67678065 
-8.582865 [ 0.938 -0.062 -0.187] [-0.01  0.03 -0.01]274.9800495 269.98004965 264.055926 259.05592575 255.116026 250.116026178 265.1559945 260.15599445 
-8.684569 [ 0.938 -0.062 -0.5  ] [-0.01  0.07 -0.02]274.735851 269.7358509 262.589135 257.5891349 255.4990605 250.499060641 266.6306925 261.6306927 
-8.786788 [ 0.938 -0.062 -0.75 ] [-0.01  0.12 -0.03]274.236943 269.2369432 261.170138 256.170138 256.121338 251.12133825 268.072309 263.072309 
-8.888782 [ 0.938  0.    -1.   ] [-0.01  0.16 -0.04]273.51253 268.51252995 259.8281535 254.82815357 256.953637 251.95363696 269.452393 264.45239305 
-8.991108 [ 0.938  0.    -1.25 ] [ 0.    0.2  -0.05]272.5918145 267.59181445 258.5924 253.59240002 257.9667345 252.96673473 270.7424945 265.74249465 
-9.094377 [ 0.938  0.    -1.5  ] [ 0.    0.24 -0.07]271.504 266.504 257.492096 252.492095795 259.1314095 254.131409515 271.9141635 266.9141635 
-9.197161 [ 0.938  0.    -1.75 ] [ 0.    0.28 -0.08]270.27829 265.2782899 256.5564595 251.556459325 260.4184395 255.4184393 272.9389495 267.93894945 
-9.299074 [ 0.938  0.    -1.812] [-0.01  0.29 -0.08]268.9438875 263.9438874 255.814709 250.81470905 261.798602 256.79860195 274.493101 269.49310095 
-9.401002 [ 0.938 -0.187 -2.062] [-0.03  0.34 -0.1 ]267.529996 262.5299959 255.2960635 250.296063419 263.2426755 258.24267555 274.8798395 269.87983975 
-9.504213 [ 0.875 -0.5   -2.25 ] [-0.09  0.37 -0.11]266.0658185 261.06581865 255.029741 250.029740863 264.721438 259.721438 274.99901 269.99900985 
-9.607422 [ 0.813 -0.937 -2.375] [-0.16  0.38 -0.11]264.580559 259.5805592 255.0433625 250.043362546 266.2056675 261.2056677 274.833728 269.833728 
-9.709565 [ 0.75  -1.375 -2.437] [-0.24  0.39 -0.12]263.1034445 258.1034447 255.334854 250.334854105 267.666146 262.66614625 274.405555 269.4055551 
-9.811219 [ 0.688 -1.687 -2.437] [-0.29  0.4  -0.12]261.663744 256.663744 255.8758995 250.87589956 269.0736565 264.07365665 273.743654 268.74365405 
-9.913868 [ 0.625 -2.    -2.437] [-0.34  0.4  -0.13]260.2907305 255.29073025 256.63728 251.63727976 270.398982 265.39898195 272.877188 267.87718785 
-10.017563 [ 0.563 -2.312 -2.5  ] [-0.39  0.4  -0.13]259.013677 254.013676775 257.5897755 252.589775535 271.612905 266.6129051 271.8353195 266.83531945 
-10.120043 [ 0.563 -2.437 -2.5  ] [-0.42  0.4  -0.13]257.8618565 252.8618567 258.7041675 253.704167735 272.686209 267.68620915 270.647212 265.6472118 
-10.222063 [ 0.5   -2.625 -2.437] [-0.45  0.4  -0.13]256.8645435 251.86454326 259.951237 254.95123719 273.589677 268.58967705 269.342028 264.3420278 
-10.323728 [ 0.5   -2.75  -2.437] [-0.47  0.39 -0.13]256.0510095 251.05100965 261.301765 256.30176475 274.294092 269.29409185 267.9489305 262.94893045 
-10.425516 [ 0.5   -2.812 -2.375] [-0.49  0.38 -0.13]255.450529 250.450529086 262.726531 257.72653125 274.7702365 269.7702365 266.4970825 261.4970827 
-10.527316 [ 0.438 -2.875 -2.125] [-0.5   0.34 -0.12]255.092375 250.092374773 264.1963175 259.19631755 274.988894 269.98889405 265.0156475 260.01564745 
-10.629216 [ 0.438 -2.875 -1.625] [-0.5   1.54 -0.09]255.005749 250.005748838 265.6819045 260.6819045 274.9245465 269.92454675 263.533799 258.53379905 
-10.731186 [ 0.438 -2.937 -1.437] [-0.5   0.23 -0.09]255.2034985 250.2034985 267.1540755 262.1540754 274.5868015 269.58680165 262.080758 257.0807582 
-10.832927 [ 0.438 -2.937 -1.187] [-0.51  0.19 -0.07]255.6613285 250.66132832 268.583616 263.58361595 274.004672 269.0046722 260.685758 255.6857578 
-10.934618 [ 0.438 -3.    -1.062] [-0.51  0.17 -0.07]256.3498145 251.34981448 269.941312 264.94131205 273.207376 268.20737605 259.3780305 254.37803073 
-11.036421 [ 0.375 -3.    -0.812] [-0.51  0.12 -0.06]257.239533 252.23953316 271.1979495 266.1979496 272.224131 267.22413105 258.18681 253.186809815 
-11.138882 [ 0.375 -3.    -0.625] [-0.51  0.1  -0.05]258.3010605 253.301060535 272.3243145 267.32431445 271.084155 266.0841548 257.141328 252.141327915 
-11.24134 [ 0.375 -3.    -0.312] [-0.51  0.05 -0.04]259.504973 254.504972795 273.2911925 268.2911925 269.816665 264.8166651 256.270818 251.270817875 
-11.342903 [ 0.375 -3.    -0.125] [-0.51  0.01 -0.03]260.821846 255.8218461 274.0693695 269.06936965 268.4508795 263.4508796 255.6045125 250.604512555 
-11.446003 [ 0.375 -2.937  0.063] [-0.51 -0.02 -0.02]262.2222565 257.22225665 274.6296315 269.62963175 267.016016 262.01601605 255.171645 250.171644799 
-11.549501 [ 0.438 -2.687  0.125] [-0.47 -0.03 -0.01]263.6767805 258.67678065 274.9427645 269.9427647 265.541292 260.5412922 255.0014475 250.001447463 
-11.651703 [ 0.5  -2.    0.25] [-0.35 -0.04  0.  ]265.1559945 260.15599445 274.9800495 269.98004965 264.055926 259.05592575 255.116026 250.116026178 
-11.753239 [ 0.563 -1.437  0.25 ] [-0.25 -0.05  0.  ]266.6306925 261.6306927 274.735851 269.7358509 262.589135 257.5891349 255.4990605 250.499060641 
-11.855364 [ 0.563 -1.187  0.25 ] [-0.21 -0.05  0.01]268.072309 263.072309 274.236943 269.2369432 261.170138 256.170138 256.121338 251.12133825 
-11.959081 [ 0.625 -1.062  0.25 ] [-0.18 -0.05  0.01]269.452393 264.45239305 273.51253 268.51252995 259.8281535 254.82815357 256.953637 251.95363696 
-12.061553 [ 0.625 -0.812  0.25 ] [-0.15 -0.05  0.01]270.7424945 265.74249465 272.5918145 267.59181445 258.5924 253.59240002 257.9667345 252.96673473 
-12.163277 [ 0.688 -0.625  0.25 ] [-0.11 -0.05  0.01]271.9141635 266.9141635 271.504 266.504 257.492096 252.492095795 259.1314095 254.131409515 
-12.265278 [ 0.688 -0.437  0.25 ] [-0.08 -0.05  0.01]272.9389495 267.93894945 270.27829 265.2782899 256.5564595 251.556459325 260.4184395 255.4184393 
-12.368477 [ 0.75  -0.125  0.25 ] [-0.03 -0.05  0.01]274.493101 269.49310095 268.9438875 263.9438874 255.814709 250.81470905 261.798602 256.79860195 
-12.471459 [ 0.75   0.125  0.188] [ 0.02 -0.03  0.01]274.8798395 269.87983975 267.529996 262.5299959 255.2960635 250.296063419 263.2426755 258.24267555 
-12.573699 [ 0.75   0.25  -0.125] [ 0.04  0.02  0.  ]274.99901 269.99900985 266.0658185 261.06581865 255.029741 250.029740863 264.721438 259.721438 
-12.6755 [ 0.75   0.25  -0.375] [ 0.04  0.06 -0.02]274.833728 269.833728 264.580559 259.5805592 255.0433625 250.043362546 266.2056675 261.2056677 
-12.777211 [ 0.75   0.313 -0.687] [ 0.05  0.11 -0.03]274.405555 269.4055551 263.1034445 258.1034447 255.334854 250.334854105 267.666146 262.66614625 
-12.879023 [ 0.813  0.313 -0.937] [ 0.05  0.15 -0.04]273.743654 268.74365405 261.663744 256.663744 255.8758995 250.87589956 269.0736565 264.07365665 
-12.980963 [ 0.813  0.375 -1.25 ] [ 0.06  0.2  -0.05]272.877188 267.87718785 260.2907305 255.29073025 256.63728 251.63727976 270.398982 265.39898195 
-13.082857 [ 0.813  0.375 -1.375] [ 0.06  0.23 -0.06]271.8353195 266.83531945 259.013677 254.013676775 257.5897755 252.589775535 271.612905 266.6129051 
-13.18461 [ 0.813  0.375 -1.625] [ 0.06  0.26 -0.07]270.647212 265.6472118 257.8618565 252.8618567 258.7041675 253.704167735 272.686209 267.68620915 
-13.286202 [ 0.813  0.313 -1.875] [ 0.05  0.3  -0.08]269.342028 264.3420278 256.8645435 251.86454326 259.951237 254.95123719 273.589677 268.58967705 
-13.387839 [ 0.75   0.125 -2.062] [ 0.02  0.33 -0.09]267.9489305 262.94893045 256.0510095 251.05100965 261.301765 256.30176475 274.294092 269.29409185 
-13.489446 [ 0.75  -0.062 -2.187] [-0.01  0.36 -0.1 ]266.4970825 261.4970827 255.450529 250.450529086 262.726531 257.72653125 274.7702365 269.7702365 
-13.591495 [ 0.688 -0.375 -2.375] [-0.06  0.39 -0.11]265.0156475 260.01564745 255.092375 250.092374773 264.1963175 259.19631755 274.988894 269.98889405 
-13.693305 [ 0.625 -0.687 -2.437] [-0.11  0.4  -0.12]263.533799 258.53379905 255.005749 250.005748838 265.6819045 260.6819045 274.9245465 269.92454675 
-13.794804 [ 0.563 -1.125 -2.5  ] [-0.19  0.4  -0.12]262.080758 257.0807582 255.2034985 250.2034985 267.1540755 262.1540754 274.5868015 269.58680165 
-13.896383 [ 0.5   -1.437 -2.562] [-0.25  0.42 -0.13]260.685758 255.6857578 255.6613285 250.66132832 268.583616 263.58361595 274.004672 269.0046722 
-13.999958 [ 0.5   -1.75  -2.562] [-0.3   0.42 -0.13]259.3780305 254.37803073 256.3498145 251.34981448 269.941312 264.94131205 273.207376 268.20737605 
-14.103269 [ 0.438 -2.    -2.562] [-0.34  0.42 -0.13]258.18681 253.186809815 257.239533 252.23953316 271.1979495 266.1979496 272.224131 267.22413105 
-14.205346 [ 0.375 -2.25  -2.562] [-0.39  0.41 -0.13]257.141328 252.141327915 258.3010605 253.301060535 272.3243145 267.32431445 271.084155 266.0841548 
-14.307018 [ 0.375 -2.437 -2.562] [-0.41  0.41 -0.13]256.270818 251.270817875 259.504973 254.504972795 273.2911925 268.2911925 269.816665 264.8166651 
-14.410322 [ 0.375 -2.5   -2.5  ] [-0.43  0.4  -0.13]255.6045125 250.604512555 260.821846 255.8218461 274.0693695 269.06936965 268.4508795 263.4508796 
-14.51373 [ 0.313 -2.625 -2.437] [-0.45  0.39 -0.13]255.171645 250.171644799 262.2222565 257.22225665 274.6296315 269.62963175 267.016016 262.01601605 
-14.615508 [ 0.313 -2.687 -2.125] [-0.46  0.34 -0.11]255.0014475 250.001447463 263.6767805 258.67678065 274.9427645 269.9427647 265.541292 260.5412922 
-14.716979 [ 0.313 -2.687 -1.687] [-0.46  0.27 -0.09]255.116026 250.116026178 265.1559945 260.15599445 274.9800495 269.98004965 264.055926 259.05592575 
-14.819635 [ 0.313 -2.687 -1.5  ] [-0.46  0.24 -0.09]255.4990605 250.499060641 266.6306925 261.6306927 274.735851 269.7358509 262.589135 257.5891349 
-14.923067 [ 0.313 -2.687 -1.312] [-0.46  0.21 -0.08]256.121338 251.12133825 268.072309 263.072309 274.236943 269.2369432 261.170138 256.170138 
-15.025768 [ 0.313 -2.687 -1.   ] [-0.46  0.16 -0.06]256.953637 251.95363696 269.452393 264.45239305 273.51253 268.51252995 259.8281535 254.82815357 
-15.127231 [ 0.313 -2.687 -0.937] [-0.46  0.14 -0.06]257.9667345 252.96673473 270.7424945 265.74249465 272.5918145 267.59181445 258.5924 253.59240002 
-15.228939 [  2.50000000e-01  -2.68700000e+00   2.04725000e+03] [-0.46  0.11 -0.05]259.1314095 254.131409515 271.9141635 266.9141635 271.504 266.504 257.492096 252.492095795 
-15.330213 [ 0.25  -2.687 -0.312] [-0.46  0.04 -0.03]260.4184395 255.4184393 272.9389495 267.93894945 270.27829 265.2782899 256.5564595 251.556459325 
-15.431755 [ 0.25  -2.687 -0.062] [-0.46  0.   -0.02]261.798602 256.79860195 274.493101 269.49310095 268.9438875 263.9438874 255.814709 250.81470905 
-15.533581 [ 0.25  -2.687  0.125] [-0.46 -0.02 -0.01]263.2426755 258.24267555 274.8798395 269.87983975 267.529996 262.5299959 255.2960635 250.296063419 
-15.636154 [ 0.313 -2.437  0.125] [-0.42 -0.03 -0.01]264.721438 259.721438 274.99901 269.99900985 266.0658185 261.06581865 255.029741 250.029740863 
-15.73777 [ 0.375 -1.937  0.25 ] [-0.34 -0.05  0.  ]266.2056675 261.2056677 274.833728 269.833728 264.580559 259.5805592 255.0433625 250.043362546 
-15.839514 [ 0.438 -1.375  0.313] [-0.24 -0.06  0.01]267.666146 262.66614625 274.405555 269.4055551 263.1034445 258.1034447 255.334854 250.334854105 
-15.941364 [ 0.5   -1.125  0.313] [-0.19 -0.06  0.01]269.0736565 264.07365665 273.743654 268.74365405 261.663744 256.663744 255.8758995 250.87589956 
-16.043198 [ 0.5   -0.937  0.313] [-0.16 -0.06  0.01]270.398982 265.39898195 272.877188 267.87718785 260.2907305 255.29073025 256.63728 251.63727976 
-16.146342 [ 0.563 -0.625  0.313] [-0.11 -0.06  0.01]271.612905 266.6129051 271.8353195 266.83531945 259.013677 254.013676775 257.5897755 252.589775535 
-16.24798 [ 0.563 -0.437  0.313] [-0.08 -0.06  0.01]272.686209 267.68620915 270.647212 265.6472118 257.8618565 252.8618567 258.7041675 253.704167735 
-16.350239 [ 0.625 -0.187  0.313] [-0.03 -0.06  0.01]273.589677 268.58967705 269.342028 264.3420278 256.8645435 251.86454326 259.951237 254.95123719 
-16.453616 [ 0.625  0.188  0.188] [ 0.03 -0.04  0.01]274.294092 269.29409185 267.9489305 262.94893045 256.0510095 251.05100965 261.301765 256.30176475 
-16.55663 [ 0.688  0.313  0.   ] [ 0.05  0.    0.  ]274.7702365 269.7702365 266.4970825 261.4970827 255.450529 250.450529086 262.726531 257.72653125 
-16.658341 [ 0.688  0.438 -0.25 ] [ 0.07  0.04 -0.01]274.988894 269.98889405 265.0156475 260.01564745 255.092375 250.092374773 264.1963175 259.19631755 
-16.760996 [ 0.688  0.438 -0.5  ] [ 0.07  0.08 -0.02]274.9245465 269.92454675 263.533799 258.53379905 255.005749 250.005748838 265.6819045 260.6819045 
-16.864366 [ 0.688  0.438 -0.812] [ 0.07  0.12 -0.03]274.5868015 269.58680165 262.080758 257.0807582 255.2034985 250.2034985 267.1540755 262.1540754 
-16.967063 [ 0.688  0.5   -1.   ] [ 0.08  0.17 -0.04]274.004672 269.0046722 260.685758 255.6857578 255.6613285 250.66132832 268.583616 263.58361595 
-17.069101 [ 0.688  0.5   -1.25 ] [ 0.08  0.21 -0.06]273.207376 268.20737605 259.3780305 254.37803073 256.3498145 251.34981448 269.941312 264.94131205 
-17.170771 [ 0.688  0.5   -1.5  ] [ 0.08  0.24 -0.07]272.224131 267.22413105 258.18681 253.186809815 257.239533 252.23953316 271.1979495 266.1979496 
-17.273687 [ 0.688  0.5   -1.75 ] [ 0.08  0.28 -0.08]271.084155 266.0841548 257.141328 252.141327915 258.3010605 253.301060535 272.3243145 267.32431445 
-17.377212 [ 0.688  0.5   -1.937] [ 0.08  0.32 -0.09]269.816665 264.8166651 256.270818 251.270817875 259.504973 254.504972795 273.2911925 268.2911925 
-17.479318 [ 0.688  0.375 -2.062] [ 0.06  0.33 -0.09]268.4508795 263.4508796 255.6045125 250.604512555 260.821846 255.8218461 274.0693695 269.06936965 
-17.581131 [ 0.625  0.188 -2.25 ] [ 0.03  0.37 -0.1 ]267.016016 262.01601605 255.171645 250.171644799 262.2222565 257.22225665 274.6296315 269.62963175 
-17.682961 [ 0.625 -0.062 -2.437] [-0.01  0.39 -0.11]265.541292 260.5412922 255.0014475 250.001447463 263.6767805 258.67678065 274.9427645 269.9427647 
-17.784601 [ 0.563 -0.437 -2.5  ] [-0.07  0.4  -0.12]264.055926 259.05592575 255.116026 250.116026178 265.1559945 260.15599445 274.9800495 269.98004965 
-17.886284 [ 0.5   -0.812 -2.562] [-0.14  0.41 -0.12]262.589135 257.5891349 255.4990605 250.499060641 266.6306925 261.6306927 274.735851 269.7358509 
-17.988071 [ 0.438 -1.25  -2.562] [-0.21  0.42 -0.13]261.170138 256.170138 256.121338 251.12133825 268.072309 263.072309 274.236943 269.2369432 
-18.090103 [ 0.375 -1.5   -2.562] [-0.26  0.42 -0.13]259.8281535 254.82815357 256.953637 251.95363696 269.452393 264.45239305 273.51253 268.51252995 
-18.191743 [ 0.313 -1.75  -2.562] [-0.3   0.42 -0.13]258.5924 253.59240002 257.9667345 252.96673473 270.7424945 265.74249465 272.5918145 267.59181445 
-18.293486 [ 0.313 -2.    -2.625] [-0.34  0.42 -0.13]257.492096 252.492095795 259.1314095 254.131409515 271.9141635 266.9141635 271.504 266.504 
-18.394962 [ 0.25  -2.187 -2.625] [-0.38  0.42 -0.13]256.5564595 251.556459325 260.4184395 255.4184393 272.9389495 267.93894945 270.27829 265.2782899 
-18.496623 [ 0.25  -2.312 -2.5  ] [-0.4   0.41 -0.13]255.814709 250.81470905 261.798602 256.79860195 274.493101 269.49310095 268.9438875 263.9438874 
-18.598416 [ 0.188 -2.5   -2.437] [-0.43  0.39 -0.13]255.2960635 250.296063419 263.2426755 258.24267555 274.8798395 269.87983975 267.529996 262.5299959 
-18.70043 [ 0.188 -2.562 -2.187] [-0.44  0.35 -0.12]255.029741 250.029740863 264.721438 259.721438 274.99901 269.99900985 266.0658185 261.06581865 
-18.802059 [ 0.188 -2.562 -1.625] [-0.44  0.26 -0.09]255.0433625 250.043362546 266.2056675 261.2056677 274.833728 269.833728 264.580559 259.5805592 
-18.90458 [ 0.188 -2.562 -1.375] [-0.44  0.22 -0.08]255.334854 250.334854105 267.666146 262.66614625 274.405555 269.4055551 263.1034445 258.1034447 
-19.00798 [ 0.188 -2.625 -1.187] [-0.45  0.19 -0.07]255.8758995 250.87589956 269.0736565 264.07365665 273.743654 268.74365405 261.663744 256.663744 
-19.110601 [ 0.188 -2.625 -0.937] [-0.45  0.15 -0.06]256.63728 251.63727976 270.398982 265.39898195 272.877188 267.87718785 260.2907305 255.29073025 
-19.21239 [ 0.188 -2.625 -0.875] [-0.45  0.13 -0.05]257.5897755 252.589775535 271.612905 266.6129051 271.8353195 266.83531945 259.013677 254.013676775 
-19.314426 [ 0.125 -2.625 -0.625] [-0.45  0.09 -0.04]258.7041675 253.704167735 272.686209 267.68620915 270.647212 265.6472118 257.8618565 252.8618567 
-19.417341 [ 0.125 -2.625 -0.312] [-0.45  0.05 -0.03]259.951237 254.95123719 273.589677 268.58967705 269.342028 264.3420278 256.8645435 251.86454326 
-19.520765 [ 0.125 -2.625 -0.187] [-0.45  0.03 -0.03]261.301765 256.30176475 274.294092 269.29409185 267.9489305 262.94893045 256.0510095 251.05100965 
-19.622508 [ 0.125 -2.5    0.   ] [-0.43 -0.01 -0.02]262.726531 257.72653125 274.7702365 269.7702365 266.4970825 261.4970827 255.450529 250.450529086 
-19.725264 [ 0.25  -2.187  0.188] [-0.37 -0.04  0.  ]264.1963175 259.19631755 274.988894 269.98889405 265.0156475 260.01564745 255.092375 250.092374773 
-19.829024 [ 0.313 -1.5    0.25 ] [-0.26 -0.05  0.  ]265.6819045 260.6819045 274.9245465 269.92454675 263.533799 258.53379905 255.005749 250.005748838 
-19.931788 [ 0.375 -1.062  0.25 ] [-0.19 -0.05  0.01]267.1540755 262.1540754 274.5868015 269.58680165 262.080758 257.0807582 255.2034985 250.2034985 
-20.033479 [  3.75000000e-01  -9.37000000e-01   2.04831300e+03] [-0.16 -0.05  0.01]268.583616 263.58361595 274.004672 269.0046722 260.685758 255.6857578 255.6613285 250.66132832 
-20.134714 [ 0.438 -0.687  0.313] [-0.12 -0.05  0.01]269.941312 264.94131205 273.207376 268.20737605 259.3780305 254.37803073 256.3498145 251.34981448 
-20.236253 [ 0.438 -0.562  0.313] [-0.09 -0.05  0.01]271.1979495 266.1979496 272.224131 267.22413105 258.18681 253.186809815 257.239533 252.23953316 
-20.337786 [ 0.438 -0.375  0.313] [-0.07 -0.05  0.01]272.3243145 267.32431445 271.084155 266.0841548 257.141328 252.141327915 258.3010605 253.301060535 
-20.439524 [ 0.5    0.     0.313] [ 0.   -0.05  0.01]273.2911925 268.2911925 269.816665 264.8166651 256.270818 251.270817875 259.504973 254.504972795 
-20.541748 [ 0.563  0.313  0.313] [ 0.05 -0.05  0.01]274.0693695 269.06936965 268.4508795 263.4508796 255.6045125 250.604512555 260.821846 255.8218461 
-20.643592 [ 0.563  0.5    0.125] [ 0.08 -0.03  0.01]274.6296315 269.62963175 267.016016 262.01601605 255.171645 250.171644799 262.2222565 257.22225665 
-20.745127 [ 0.563  0.563 -0.062] [ 0.09  0.01  0.  ]274.9427645 269.9427647 265.541292 260.5412922 255.0014475 250.001447463 263.6767805 258.67678065 
-20.846946 [ 0.563  0.563 -0.375] [ 0.09  0.06 -0.01]274.9800495 269.98004965 264.055926 259.05592575 255.116026 250.116026178 265.1559945 260.15599445 
-20.948694 [ 0.563  0.563 -0.625] [ 0.09  0.1  -0.03]274.735851 269.7358509 262.589135 257.5891349 255.4990605 250.499060641 266.6306925 261.6306927 
-21.050574 [ 0.563  0.563 -0.937] [ 0.09  0.14 -0.04]274.236943 269.2369432 261.170138 256.170138 256.121338 251.12133825 268.072309 263.072309 
-21.152655 [ 0.563  0.563 -1.187] [ 0.09  0.19 -0.05]273.51253 268.51252995 259.8281535 254.82815357 256.953637 251.95363696 269.452393 264.45239305 
-21.254365 [ 0.563  0.563 -1.375] [ 0.09  0.23 -0.06]272.5918145 267.59181445 258.5924 253.59240002 257.9667345 252.96673473 270.7424945 265.74249465 
-21.355947 [ 0.563  0.563 -1.625] [ 0.09  0.27 -0.07]271.504 266.504 257.492096 252.492095795 259.1314095 254.131409515 271.9141635 266.9141635 
-21.459185 [ 0.563  0.563 -1.875] [ 0.09  0.31 -0.09]270.27829 265.2782899 256.5564595 251.556459325 260.4184395 255.4184393 272.9389495 267.93894945 
-21.562366 [ 0.563  0.5   -2.062] [ 0.08  0.34 -0.09]268.9438875 263.9438874 255.814709 250.81470905 261.798602 256.79860195 274.493101 269.49310095 
-21.664437 [ 0.563  0.25  -2.25 ] [ 0.04  0.36 -0.1 ]267.529996 262.5299959 255.2960635 250.296063419 263.2426755 258.24267555 274.8798395 269.87983975 
-21.76665 [ 0.5    0.    -2.375] [ 0.    0.39 -0.11]266.0658185 261.06581865 255.029741 250.029740863 264.721438 259.721438 274.99901 269.99900985 
-21.870108 [ 0.438 -0.375 -2.5  ] [-0.06  0.41 -0.12]264.580559 259.5805592 255.0433625 250.043362546 266.2056675 261.2056677 274.833728 269.833728 
-21.973485 [ 0.375 -0.812 -2.625] [-0.14  0.43 -0.13]263.1034445 258.1034447 255.334854 250.334854105 267.666146 262.66614625 274.405555 269.4055551 
-22.075286 [ 0.313 -1.125 -2.687] [-0.2   0.43 -0.13]261.663744 256.663744 255.8758995 250.87589956 269.0736565 264.07365665 273.743654 268.74365405 
-22.177533 [ 0.313 -1.437 -2.687] [-0.24  0.43 -0.13]260.2907305 255.29073025 256.63728 251.63727976 270.398982 265.39898195 272.877188 267.87718785 
-22.290171 [ 0.25  -1.687 -2.687] [-0.29  0.43 -0.13]259.013677 254.013676775 257.5897755 252.589775535 271.612905 266.6129051 271.8353195 266.83531945 
-22.391714 [ 0.188 -1.875 -2.687] [-0.33  0.43 -0.14]257.8618565 252.8618567 258.7041675 253.704167735 272.686209 267.68620915 270.647212 265.6472118 
-22.49325 [ 0.188 -2.125 -2.625] [-0.36  0.43 -0.14]256.8645435 251.86454326 259.951237 254.95123719 273.589677 268.58967705 269.342028 264.3420278 
-22.594743 [ 0.125 -2.25  -2.562] [-0.39  0.42 -0.13]256.0510095 251.05100965 261.301765 256.30176475 274.294092 269.29409185 267.9489305 262.94893045 
-22.696205 [ 0.125 -2.375 -2.5  ] [-0.41  0.41 -0.13]255.450529 250.450529086 262.726531 257.72653125 274.7702365 269.7702365 266.4970825 261.4970827 
-22.797778 [ 0.125 -2.437 -2.25 ] [-0.42  0.36 -0.12]255.092375 250.092374773 264.1963175 259.19631755 274.988894 269.98889405 265.0156475 260.01564745 
-22.89926 [ 0.125 -2.437 -1.812] [-0.42  0.28 -0.1 ]255.005749 250.005748838 265.6819045 260.6819045 274.9245465 269.92454675 263.533799 258.53379905 
-23.000929 [ 0.125 -2.5   -1.625] [-0.43  0.26 -0.09]255.2034985 250.2034985 267.1540755 262.1540754 274.5868015 269.58680165 262.080758 257.0807582 
-23.10268 [ 0.063 -2.5   -1.375] [-0.43  0.21 -1.36]255.6613285 250.66132832 268.583616 263.58361595 274.004672 269.0046722 260.685758 255.6857578 
-23.204582 [ 0.063 -2.5   -1.125] [-0.43  0.18 -0.07]256.3498145 251.34981448 269.941312 264.94131205 273.207376 268.20737605 259.3780305 254.37803073 
-23.306347 [ 0.063 -2.5   -0.937] [-0.43  0.14 -0.06]257.239533 252.23953316 271.1979495 266.1979496 272.224131 267.22413105 258.18681 253.186809815 
-23.410977 [ 0.063 -2.5   -0.5  ] [-0.43  0.08 -0.04]258.3010605 253.301060535 272.3243145 267.32431445 271.084155 266.0841548 257.141328 252.141327915 
-23.514421 [ 0.063 -2.5   -0.312] [-0.43  0.05 -0.03]259.504973 254.504972795 273.2911925 268.2911925 269.816665 264.8166651 256.270818 251.270817875 
-23.617006 [ 0.063 -2.5   -0.312] [-0.43  0.04 -0.03]260.821846 255.8218461 274.0693695 269.06936965 268.4508795 263.4508796 255.6045125 250.604512555 
-23.719244 [ 0.063 -2.5   -0.25 ] [-0.43  0.03 -0.03]262.2222565 257.22225665 274.6296315 269.62963175 267.016016 262.01601605 255.171645 250.171644799 
-23.822566 [ 0.125 -2.312 -0.062] [-0.39  0.01 -0.02]263.6767805 258.67678065 274.9427645 269.9427647 265.541292 260.5412922 255.0014475 250.001447463 
-23.931461 [ 0.188 -1.562  0.063] [-0.27 -0.01 -0.01]265.1559945 260.15599445 274.9800495 269.98004965 264.055926 259.05592575 255.116026 250.116026178 
-24.035138 [ 0.25  -1.     0.125] [-0.17 -0.02  0.  ]266.6306925 261.6306927 274.735851 269.7358509 262.589135 257.5891349 255.4990605 250.499060641 
-24.137208 [ 0.313 -0.812  0.125] [-0.14 -0.02  0.  ]268.072309 263.072309 274.236943 269.2369432 261.170138 256.170138 256.121338 251.12133825 
-24.238803 [ 0.313 -0.625  0.125] [-0.11 -0.02  0.  ]269.452393 264.45239305 273.51253 268.51252995 259.8281535 254.82815357 256.953637 251.95363696 
-24.340246 [ 0.313 -0.5    0.125] [-0.08 -0.03  0.  ]270.7424945 265.74249465 272.5918145 267.59181445 258.5924 253.59240002 257.9667345 252.96673473 
-24.441807 [ 0.375 -0.25   0.125] [-0.05 -0.03  0.01]271.9141635 266.9141635 271.504 266.504 257.492096 252.492095795 259.1314095 254.131409515 
-24.543645 [ 0.375 -0.125  0.125] [-0.02 -0.03  0.01]272.9389495 267.93894945 270.27829 265.2782899 256.5564595 251.556459325 260.4184395 255.4184393 
-24.645459 [ 0.438  0.25   0.125] [ 0.04 -0.03  0.01]274.493101 269.49310095 268.9438875 263.9438874 255.814709 250.81470905 261.798602 256.79860195 
-24.74718 [ 0.5    0.563  0.   ] [ 0.1  -0.01  0.  ]274.8798395 269.87983975 267.529996 262.5299959 255.2960635 250.296063419 263.2426755 258.24267555 
-24.848813 [ 0.5    0.625 -0.312] [ 0.11  0.04 -0.01]274.99901 269.99900985 266.0658185 261.06581865 255.029741 250.029740863 264.721438 259.721438 
-24.950419 [ 0.5    0.688 -0.562] [ 0.11  0.09 -1.3 ]274.833728 269.833728 264.580559 259.5805592 255.0433625 250.043362546 266.2056675 261.2056677 
-25.052628 [ 0.5    0.688 -0.875] [ 0.11  0.14 -0.04]274.405555 269.4055551 263.1034445 258.1034447 255.334854 250.334854105 267.666146 262.66614625 
-25.154228 [ 0.5    0.688 -1.062] [ 0.11  0.18 -0.05]273.743654 268.74365405 261.663744 256.663744 255.8758995 250.87589956 269.0736565 264.07365665 
-25.255842 [ 0.5    0.625 -1.312] [ 0.11  0.21 -0.06]272.877188 267.87718785 260.2907305 255.29073025 256.63728 251.63727976 270.398982 265.39898195 
-25.358289 [ 0.5    0.625 -1.5  ] [ 0.11  0.24 -0.07]271.8353195 266.83531945 259.013677 254.013676775 257.5897755 252.589775535 271.612905 266.6129051 
-25.459835 [ 0.5    0.625 -1.687] [ 0.11  0.27 -0.07]270.647212 265.6472118 257.8618565 252.8618567 258.7041675 253.704167735 272.686209 267.68620915 
-25.562436 [ 0.5    0.5   -1.937] [ 0.09  0.31 -0.09]269.342028 264.3420278 256.8645435 251.86454326 259.951237 254.95123719 273.589677 268.58967705 
-25.665932 [ 0.438  0.375 -2.125] [ 0.06  0.34 -0.1 ]267.9489305 262.94893045 256.0510095 251.05100965 261.301765 256.30176475 274.294092 269.29409185 
-25.768544 [ 0.438  0.188 -2.25 ] [ 0.03  0.37 -0.1 ]266.4970825 261.4970827 255.450529 250.450529086 262.726531 257.72653125 274.7702365 269.7702365 
-25.870217 [ 0.375 -0.062 -2.437] [-0.01  0.39 -0.11]265.0156475 260.01564745 255.092375 250.092374773 264.1963175 259.19631755 274.988894 269.98889405 
-25.973085 [ 0.313 -0.375 -2.5  ] [-0.06  0.41 -0.12]263.533799 258.53379905 255.005749 250.005748838 265.6819045 260.6819045 274.9245465 269.92454675 
-26.076265 [ 0.25  -0.812 -2.625] [-0.14  0.42 -0.12]262.080758 257.0807582 255.2034985 250.2034985 267.1540755 262.1540754 274.5868015 269.58680165 
-26.178872 [ 0.188 -1.187 -2.687] [-0.2   0.43 -0.13]260.685758 255.6857578 255.6613285 250.66132832 268.583616 263.58361595 274.004672 269.0046722 
-26.280493 [ 0.188 -1.5   -2.687] [-0.25  0.43 -0.13]259.3780305 254.37803073 256.3498145 251.34981448 269.941312 264.94131205 273.207376 268.20737605 
-26.382872 [ 0.125 -1.75  -2.687] [-0.3   0.43 -0.13]258.18681 253.186809815 257.239533 252.23953316 271.1979495 266.1979496 272.224131 267.22413105 
-26.486422 [ 0.063 -2.    -2.687] [-0.34  0.43 -0.14]257.141328 252.141327915 258.3010605 253.301060535 272.3243145 267.32431445 271.084155 266.0841548 
-26.589653 [ 0.063 -2.125 -2.625] [-0.37  0.43 -0.14]256.270818 251.270817875 259.504973 254.504972795 273.2911925 268.2911925 269.816665 264.8166651 
-26.691575 [ 0.    -2.25  -2.562] [-0.39  0.41 -0.13]255.6045125 250.604512555 260.821846 255.8218461 274.0693695 269.06936965 268.4508795 263.4508796 
-26.793195 [ 0.    -2.375 -2.5  ] [-0.41  0.41 -0.13]255.171645 250.171644799 262.2222565 257.22225665 274.6296315 269.62963175 267.016016 262.01601605 
-26.894774 [ 0.    -2.437 -2.375] [-0.41  0.38 -0.13]255.0014475 250.001447463 263.6767805 258.67678065 274.9427645 269.9427647 265.541292 260.5412922 
-26.996391 [ 0.    -2.437 -1.875] [-0.41  0.3  -0.1 ]255.116026 250.116026178 265.1559945 260.15599445 274.9800495 269.98004965 264.055926 259.05592575 
-27.097974 [ 0.    -2.437 -1.625] [-0.41  0.26 -0.09]255.4990605 250.499060641 266.6306925 261.6306927 274.735851 269.7358509 262.589135 257.5891349 
-27.200056 [ 0.    -2.437 -1.375] [-0.42  0.22 -0.08]256.121338 251.12133825 268.072309 263.072309 274.236943 269.2369432 261.170138 256.170138 
-27.301504 [ 0.    -2.437 -1.187] [-0.42  0.19 -0.07]256.953637 251.95363696 269.452393 264.45239305 273.51253 268.51252995 259.8281535 254.82815357 
-27.40317 [ 7.938 -2.437 -1.   ] [-0.42  0.15 -0.06]257.9667345 252.96673473 270.7424945 265.74249465 272.5918145 267.59181445 258.5924 253.59240002 
-27.504884 [ 7.938 -2.437 -0.625] [-0.42  0.1  -0.04]259.1314095 254.131409515 271.9141635 266.9141635 271.504 266.504 257.492096 252.492095795 
-27.606702 [ 7.938 -2.437 -0.562] [-0.42  0.08 -0.04]260.4184395 255.4184393 272.9389495 267.93894945 270.27829 265.2782899 256.5564595 251.556459325 
-27.708647 [ 7.938 -2.437 -0.312] [-0.42  0.05 -0.03]261.798602 256.79860195 274.493101 269.49310095 268.9438875 263.9438874 255.814709 250.81470905 
-27.810666 [ 7.938 -2.437 -0.062] [-0.42  0.01 -0.02]263.2426755 258.24267555 274.8798395 269.87983975 267.529996 262.5299959 255.2960635 250.296063419 
-27.912515 [    0.      -2.25  2048.  ] [-0.38 -0.01 -0.01]264.721438 259.721438 274.99901 269.99900985 266.0658185 261.06581865 255.029741 250.029740863 
-28.0145 [ 0.125 -1.687  0.125] [-0.29 -0.03  0.  ]266.2056675 261.2056677 274.833728 269.833728 264.580559 259.5805592 255.0433625 250.043362546 
-28.1165 [ 0.188 -1.125  0.188] [-0.2  -0.03  0.  ]267.666146 262.66614625 274.405555 269.4055551 263.1034445 258.1034447 255.334854 250.334854105 
-28.220028 [ 0.25  -0.875  0.188] [-0.16 -0.03  0.  ]269.0736565 264.07365665 273.743654 268.74365405 261.663744 256.663744 255.8758995 250.87589956 
-28.322106 [ 0.25  -0.75   0.188] [-0.13 -0.03  0.01]270.398982 265.39898195 272.877188 267.87718785 260.2907305 255.29073025 256.63728 251.63727976 
-28.423751 [ 0.25  -0.562  0.188] [-0.1  -0.03  0.01]271.612905 266.6129051 271.8353195 266.83531945 259.013677 254.013676775 257.5897755 252.589775535 
-28.52572 [ 0.313 -0.25   0.188] [-0.04 -0.04  0.01]272.686209 267.68620915 270.647212 265.6472118 257.8618565 252.8618567 258.7041675 253.704167735 
-28.629254 [ 0.375  0.063  0.188] [ 0.   -0.04  0.01]273.589677 268.58967705 269.342028 264.3420278 256.8645435 251.86454326 259.951237 254.95123719 
-28.731788 [ 0.375  0.313  0.188] [ 0.05 -0.03  0.01]274.294092 269.29409185 267.9489305 262.94893045 256.0510095 251.05100965 261.301765 256.30176475 
-28.833582 [ 0.375  0.438 -0.062] [ 0.07  0.01  0.  ]274.7702365 269.7702365 266.4970825 261.4970827 255.450529 250.450529086 262.726531 257.72653125 
-28.935131 [ 0.438  0.563 -0.312] [ 0.09  0.05 -0.01]274.988894 269.98889405 265.0156475 260.01564745 255.092375 250.092374773 264.1963175 259.19631755 
-29.03824 [ 0.438  0.625 -0.562] [ 0.1   0.09 -0.02]274.9245465 269.92454675 263.533799 258.53379905 255.005749 250.005748838 265.6819045 260.6819045 
-29.141575 [ 0.438  0.625 -0.875] [ 0.1   0.13 -0.03]274.5868015 269.58680165 262.080758 257.0807582 255.2034985 250.2034985 267.1540755 262.1540754 
-29.243755 [ 0.438  0.625 -1.062] [ 0.1   0.17 -0.05]274.004672 269.0046722 260.685758 255.6857578 255.6613285 250.66132832 268.583616 263.58361595 
-29.345287 [ 0.438  0.625 -1.312] [ 0.1   0.21 -0.06]273.207376 268.20737605 259.3780305 254.37803073 256.3498145 251.34981448 269.941312 264.94131205 
-29.446666 [ 0.438  0.625 -1.5  ] [ 0.1   0.24 -0.07]272.224131 267.22413105 258.18681 253.186809815 257.239533 252.23953316 271.1979495 266.1979496 
-29.548421 [ 0.438  0.625 -1.687] [ 0.1   0.28 -0.08]271.084155 266.0841548 257.141328 252.141327915 258.3010605 253.301060535 272.3243145 267.32431445 
-29.650365 [ 0.438  0.625 -1.937] [ 0.1   0.32 -0.09]269.816665 264.8166651 256.270818 251.270817875 259.504973 254.504972795 273.2911925 268.2911925 
-29.752289 [ 0.438  0.5   -2.062] [ 0.09  0.34 -0.09]268.4508795 263.4508796 255.6045125 250.604512555 260.821846 255.8218461 274.0693695 269.06936965 
-29.854137 [ 0.375  0.313 -2.125] [ 0.06  0.35 -0.1 ]267.016016 262.01601605 255.171645 250.171644799 262.2222565 257.22225665 274.6296315 269.62963175 
-29.955828 [ 0.313  0.063 -2.312] [ 0.01  0.37 -0.11]265.541292 260.5412922 255.0014475 250.001447463 263.6767805 258.67678065 274.9427645 269.9427647 
-30.057472 [ 0.313 -0.25  -2.437] [-0.05  0.39 -0.11]264.055926 259.05592575 255.116026 250.116026178 265.1559945 260.15599445 274.9800495 269.98004965 
-30.159993 [ 0.25  -0.687 -2.5  ] [-0.12  0.41 -0.12]262.589135 257.5891349 255.4990605 250.499060641 266.6306925 261.6306927 274.735851 269.7358509 
-30.262122 [ 0.125 -1.125 -2.562] [-0.19  0.42 -0.13]261.170138 256.170138 256.121338 251.12133825 268.072309 263.072309 274.236943 269.2369432 
-30.364742 [ 0.125 -1.437 -2.625] [-0.25  0.43 -0.13]259.8281535 254.82815357 256.953637 251.95363696 269.452393 264.45239305 273.51253 268.51252995 
-30.467026 [ 0.063 -1.687 -2.625] [-0.29  0.43 -0.13]258.5924 253.59240002 257.9667345 252.96673473 270.7424945 265.74249465 272.5918145 267.59181445 
-30.569609 [ 0.    -1.937 -2.625] [-0.33  0.42 -0.13]257.492096 252.492095795 259.1314095 254.131409515 271.9141635 266.9141635 271.504 266.504 
-30.673433 [ 0.    -2.125 -2.625] [-0.36  0.42 -0.13]256.5564595 251.556459325 260.4184395 255.4184393 272.9389495 267.93894945 270.27829 265.2782899 
-30.775339 [ 7.938 -2.25  -2.562] [-0.39  0.41 -0.13]255.814709 250.81470905 261.798602 256.79860195 274.493101 269.49310095 268.9438875 263.9438874 
-30.877011 [-0.062 -2.437 -2.437] [-0.42  0.39 -0.13]255.2960635 250.296063419 263.2426755 258.24267555 274.8798395 269.87983975 267.529996 262.5299959 
-30.98019 [ 7.938 -2.5   -2.312] [-0.43  0.37 -0.12]255.029741 250.029740863 264.721438 259.721438 274.99901 269.99900985 266.0658185 261.06581865 
-31.083651 [ 7.938 -2.5   -1.75 ] [-0.43  0.29 -0.1 ]255.0433625 250.043362546 266.2056675 261.2056677 274.833728 269.833728 264.580559 259.5805592 
-31.185669 [ 7.875 -2.562 -1.5  ] [-0.44  0.24 -0.08]255.334854 250.334854105 267.666146 262.66614625 274.405555 269.4055551 263.1034445 258.1034447 
-31.287877 [ 7.875 -2.625 -1.312] [-0.45  0.2  -0.07]255.8758995 250.87589956 269.0736565 264.07365665 273.743654 268.74365405 261.663744 256.663744 
-31.390765 [ 7.875 -2.625 -1.125] [-0.45  0.17 -0.07]256.63728 251.63727976 270.398982 265.39898195 272.877188 267.87718785 260.2907305 255.29073025 
-31.494146 [ 7.875 -2.625 -0.937] [-0.45  0.15 -0.06]257.5897755 252.589775535 271.612905 266.6129051 271.8353195 266.83531945 259.013677 254.013676775 
-31.597068 [ 7.875 -2.625 -0.625] [-0.45  0.1  -0.05]258.7041675 253.704167735 272.686209 267.68620915 270.647212 265.6472118 257.8618565 252.8618567 
-31.698903 [ 7.875 -2.625 -0.5  ] [-0.45  0.07 -0.04]259.951237 254.95123719 273.589677 268.58967705 269.342028 264.3420278 256.8645435 251.86454326 
-31.800602 [ 7.875 -2.625 -0.437] [-0.45  0.06 -0.03]261.301765 256.30176475 274.294092 269.29409185 267.9489305 262.94893045 256.0510095 251.05100965 
-31.902725 [ 7.875 -2.5   -0.25 ] [-0.43  0.03 -0.03]262.726531 257.72653125 274.7702365 269.7702365 266.4970825 261.4970827 255.450529 250.450529086 
-32.004357 [ 7.938 -2.062 -0.062] [-0.36  0.01 -0.02]264.1963175 259.19631755 274.988894 269.98889405 265.0156475 260.01564745 255.092375 250.092374773 
-32.106048 [ 0.063 -1.312  0.063] [-0.24 -0.01  0.  ]265.6819045 260.6819045 274.9245465 269.92454675 263.533799 258.53379905 255.005749 250.005748838 
-32.207613 [ 0.063 -0.937  0.063] [-0.16 -0.02  0.  ]267.1540755 262.1540754 274.5868015 269.58680165 262.080758 257.0807582 255.2034985 250.2034985 
-32.309289 [ 0.125 -0.812  0.063] [-0.14 -0.02  0.  ]268.583616 263.58361595 274.004672 269.0046722 260.685758 255.6857578 255.6613285 250.66132832 
-32.410876 [ 0.125 -0.562  0.125] [-0.1  -0.02  0.  ]269.941312 264.94131205 273.207376 268.20737605 259.3780305 254.37803073 256.3498145 251.34981448 
-32.512644 [ 0.125 -0.437  0.125] [-0.08 -0.02  0.  ]271.1979495 266.1979496 272.224131 267.22413105 258.18681 253.186809815 257.239533 252.23953316 
-32.614345 [ 0.188 -0.312  0.125] [-0.05 -0.02  0.  ]272.3243145 267.32431445 271.084155 266.0841548 257.141328 252.141327915 258.3010605 253.301060535 
-32.71636 [ 0.25   0.125  0.125] [ 0.02 -0.02  0.01]273.2911925 268.2911925 269.816665 264.8166651 256.270818 251.270817875 259.504973 254.504972795 
-32.818304 [ 0.25   0.375  0.125] [ 0.06 -0.02  0.01]274.0693695 269.06936965 268.4508795 263.4508796 255.6045125 250.604512555 260.821846 255.8218461 
-32.920104 [ 0.25   0.438  0.   ] [ 0.08 -0.01  0.  ]274.6296315 269.62963175 267.016016 262.01601605 255.171645 250.171644799 262.2222565 257.22225665 
-33.023554 [ 0.313  0.563 -0.187] [ 0.09  0.03 -0.01]274.9427645 269.9427647 265.541292 260.5412922 255.0014475 250.001447463 263.6767805 258.67678065 
-33.126497 [ 0.313  0.625 -0.437] [ 0.11  0.07 -0.02]274.9800495 269.98004965 264.055926 259.05592575 255.116026 250.116026178 265.1559945 260.15599445 
-33.228549 [ 0.313  0.688 -0.687] [ 0.12  0.11 -0.03]274.735851 269.7358509 262.589135 257.5891349 255.4990605 250.499060641 266.6306925 261.6306927 
-33.330586 [ 0.313  0.688 -0.937] [ 0.12  0.15 -0.04]274.236943 269.2369432 261.170138 256.170138 256.121338 251.12133825 268.072309 263.072309 
-33.434986 [ 0.313  0.688 -1.25 ] [ 0.12  0.2  -0.05]273.51253 268.51252995 259.8281535 254.82815357 256.953637 251.95363696 269.452393 264.45239305 
-33.537883 [ 0.313  0.688 -1.437] [ 0.11  0.24 -0.06]272.5918145 267.59181445 258.5924 253.59240002 257.9667345 252.96673473 270.7424945 265.74249465 
-33.640027 [ 0.313  0.688 -1.687] [ 0.11  0.27 -0.07]271.504 266.504 257.492096 252.492095795 259.1314095 254.131409515 271.9141635 266.9141635 
-33.742615 [ 0.313  0.688 -1.937] [ 0.11  0.31 -0.09]270.27829 265.2782899 256.5564595 251.556459325 260.4184395 255.4184393 272.9389495 267.93894945 
-33.846019 [ 0.313  0.563 -2.125] [ 0.1   0.34 -0.09]268.9438875 263.9438874 255.814709 250.81470905 261.798602 256.79860195 274.493101 269.49310095 
-33.948617 [ 0.25   0.375 -2.125] [ 0.06  0.35 -0.1 ]267.529996 262.5299959 255.2960635 250.296063419 263.2426755 258.24267555 274.8798395 269.87983975 
-34.050356 [ 0.25   0.    -2.187] [ 0.    0.36 -0.1 ]266.0658185 261.06581865 255.029741 250.029740863 264.721438 259.721438 274.99901 269.99900985 
-34.152078 [ 0.188 -0.375 -2.375] [-0.06  0.39 -0.11]264.580559 259.5805592 255.0433625 250.043362546 266.2056675 261.2056677 274.833728 269.833728 
-34.253746 [ 0.125 -0.75  -2.5  ] [-0.13  0.4  -0.12]263.1034445 258.1034447 255.334854 250.334854105 267.666146 262.66614625 274.405555 269.4055551 
-34.355262 [ 0.063 -1.062 -2.5  ] [-0.18  0.41 -0.12]261.663744 256.663744 255.8758995 250.87589956 269.0736565 264.07365665 273.743654 268.74365405 
-34.456842 [ 0.    -9.312 -2.5  ] [-0.23  0.41 -0.12]260.2907305 255.29073025 256.63728 251.63727976 270.398982 265.39898195 272.877188 267.87718785 
-34.558834 [ 7.938 -1.625 -2.5  ] [-0.28  0.41 -0.13]259.013677 254.013676775 257.5897755 252.589775535 271.612905 266.6129051 271.8353195 266.83531945 
-34.660611 [ 7.938 -1.875 -2.5  ] [-0.32  0.41 -0.13]257.8618565 252.8618567 258.7041675 253.704167735 272.686209 267.68620915 270.647212 265.6472118 
-34.762327 [ 7.875 -2.062 -2.5  ] [-0.35  0.4  -0.13]256.8645435 251.86454326 259.951237 254.95123719 273.589677 268.58967705 269.342028 264.3420278 
-34.864029 [ 7.875 -2.187 -2.437] [-0.38  0.4  -0.13]256.0510095 251.05100965 261.301765 256.30176475 274.294092 269.29409185 267.9489305 262.94893045 
-34.96578 [ 7.875 -2.312 -2.437] [-0.4   0.39 -0.13]255.450529 250.450529086 262.726531 257.72653125 274.7702365 269.7702365 266.4970825 261.4970827 
-35.068895 [ 7.813 -2.437 -2.062] [-0.41  0.33 -0.11]255.092375 250.092374773 264.1963175 259.19631755 274.988894 269.98889405 265.0156475 260.01564745 
-35.17096 [ 7.813 -2.437 -1.625] [-0.41  0.26 -0.09]255.005749 250.005748838 265.6819045 260.6819045 274.9245465 269.92454675 263.533799 258.53379905 
-35.273206 [ 7.813 -2.437 -1.5  ] [-0.42  0.23 -0.08]255.2034985 250.2034985 267.1540755 262.1540754 274.5868015 269.58680165 262.080758 257.0807582 
-35.3761 [ 7.813 -2.5   -1.25 ] [-0.43  0.2  -0.07]255.6613285 250.66132832 268.583616 263.58361595 274.004672 269.0046722 260.685758 255.6857578 
-35.479318 [ 7.813 -2.5   -1.062] [-0.43  0.17 -0.06]256.3498145 251.34981448 269.941312 264.94131205 273.207376 268.20737605 259.3780305 254.37803073 
-35.581558 [ 7.813 -2.5   -0.75 ] [-0.43  0.12 -0.05]257.239533 252.23953316 271.1979495 266.1979496 272.224131 267.22413105 258.18681 253.186809815 
-35.683548 [ 7.813 -2.5   -0.5  ] [-0.43  0.08 -0.04]258.3010605 253.301060535 272.3243145 267.32431445 271.084155 266.0841548 257.141328 252.141327915 
-35.787057 [-0.25  -2.5   -0.375] [-0.43  0.05 -0.03]259.504973 254.504972795 273.2911925 268.2911925 269.816665 264.8166651 256.270818 251.270817875 
-35.890182 [ 7.75  -2.5   -0.187] [-0.43  0.03 -0.02]260.821846 255.8218461 274.0693695 269.06936965 268.4508795 263.4508796 255.6045125 250.604512555 
-35.991953 [ 7.813 -2.5   -0.125] [-0.43  0.01 -0.02]262.2222565 257.22225665 274.6296315 269.62963175 267.016016 262.01601605 255.171645 250.171644799 
-36.094049 [ 7.813 -2.187  0.   ] [-0.38  0.   -0.01]263.6767805 258.67678065 274.9427645 269.9427647 265.541292 260.5412922 255.0014475 250.001447463 
-36.196956 [ 7.938 -1.562  0.063] [-0.27 -0.02  0.  ]265.1559945 260.15599445 274.9800495 269.98004965 264.055926 259.05592575 255.116026 250.116026178 
-36.300153 [ 0.    -1.062  0.125] [-0.19 -0.02  0.  ]266.6306925 261.6306927 274.735851 269.7358509 262.589135 257.5891349 255.4990605 250.499060641 
-36.402412 [ 0.    -0.875  0.125] [-0.15 -0.02  0.  ]268.072309 263.072309 274.236943 269.2369432 261.170138 256.170138 256.121338 251.12133825 
-36.503968 [ 0.063 -0.687  0.125] [-0.12 -0.02  0.  ]269.452393 264.45239305 273.51253 268.51252995 259.8281535 254.82815357 256.953637 251.95363696 
-36.605557 [ 0.063 -0.437  0.125] [-0.08 -0.03  0.  ]270.7424945 265.74249465 272.5918145 267.59181445 258.5924 253.59240002 257.9667345 252.96673473 
-36.706985 [ 0.125 -0.375  0.125] [-0.06 -0.03  0.01]271.9141635 266.9141635 271.504 266.504 257.492096 252.492095795 259.1314095 254.131409515 
-36.808647 [ 0.125  0.     0.125] [-0.01 -0.03  0.01]272.9389495 267.93894945 270.27829 265.2782899 256.5564595 251.556459325 260.4184395 255.4184393 
