-0.075444 [ 8.313 -1.75  -9.187] [-0.26  1.56  9.67]
-0.17901 [  7.75  -15.687  -7.437] [-0.04  1.26  9.63]
-0.281873 [ 7.313 -9.687 -3.312] [-0.38  0.56  9.64]
-0.386032 [  7.    -10.937  -0.125] [-0.57  0.07  9.62]
-0.48932 [  6.625 -11.187   1.563] [-0.63 -0.27  9.61]
-0.591776 [  6.563 -10.812   1.313] [-0.56 -0.22  9.62]
-0.694373 [  6.563 -10.125   1.   ] [-0.44 -0.17  9.65]
-0.796816 [ 6.563 -9.125  0.5  ] [-0.3  -0.1   9.67]
-0.899251 [ 6.563 -8.    -0.375] [-0.09  0.06  9.7 ]
-1.001699 [ 6.5   -7.437 -1.   ] [-1.28  0.17  9.72]
-1.103827 [ 6.438 -6.75  -2.25 ] [-1.15  0.39  8.45]
-1.20613 [ 1.625 -6.    -3.375] [-1.03  0.58  9.73]
-1.30916 [ 6.313 -5.625 -5.   ] [-0.96  0.85  9.72]
-1.411727 [ 6.125 -5.437 -7.812] [-0.93  1.33  9.66]
-1.515324 [  2.     -5.187 -11.25 ] [-0.89  1.91  9.57]
-1.61919 [  5.625  -5.25  -16.375] [-0.9   2.76  9.36]
-1.721791 [  5.75   -5.625 -19.125] [-0.96  3.2   9.21]
-1.825085 [  5.563  -6.062 -19.75 ] [-1.03  3.29  9.17]
-1.929261 [  5.5    -6.5   -19.625] [-1.12  3.27  9.17]
-2.032065 [  5.625  -5.937 -19.187] [-1.01  3.21  9.2 ]
-2.135123 [  6.063  -4.187 -18.187] [-0.72  3.05  9.29]
-2.239573 [  6.563  -1.687 -16.875] [-0.29  2.85  9.37]
-2.342282 [  7.      0.813 -16.   ] [ 1.42  2.7   9.42]
-2.444446 [  7.25    2.813 -14.937] [ 1.77  2.53  9.46]
-2.546891 [  7.5     4.    -14.125] [ 1.96  2.39  9.48]
-2.649464 [  7.875   5.25  -11.875] [ 2.16  2.05  9.54]
-2.752318 [  8.      6.875 -10.437] [ 2.45  1.77  9.57]
-2.85464 [  8.063   8.063 -10.062] [ 1.38  1.7   9.55]
-2.957211 [ 8.125  9.375 -9.625] [ 1.6   1.61  9.53]
-3.05965 [  8.188  11.875  -9.562] [ 1.99  1.59  9.46]
-3.162389 [  8.063  13.125 -10.5  ] [ 2.23  1.74  9.38]
-3.26485 [  8.125  14.063 -10.125] [ 2.38  1.67  9.36]
-3.369203 [  8.25   14.688  -9.   ] [ 2.48  1.49  9.36]
-3.472434 [  8.438  14.938  -8.187] [ 2.53  1.35  9.37]
-3.574727 [  8.563  14.813  -7.625] [ 2.51  1.26  9.39]
-3.678884 [  8.438  13.875  -7.562] [ 2.37  1.25  9.42]
-3.782315 [  8.188  12.375  -7.125] [ 2.1   1.19  9.5 ]
-3.884646 [-4.187 -0.062 -0.062] [ 1.49  1.03  9.63]
-3.987761 [ 1.062  3.875 -4.937] [ 0.67  0.85  9.74]
-4.091806 [ 6.313 -1.375 -3.75 ] [-0.24  0.65  9.78]
-4.194661 [ 5.688 -6.375 -2.625] [-1.09  0.45  9.73]
-4.297399 [  4.875 -11.062  -1.75 ] [-0.6   0.3   9.61]
-4.400309 [  4.625 -10.812   0.   ] [-0.56  0.    9.63]
-4.502991 [  4.563 -10.625   1.438] [-0.53 -0.24  9.63]
-4.605422 [  4.563 -10.937   1.375] [-0.58 -0.24  9.62]
-4.707992 [  4.438 -10.5     1.438] [-0.5  -0.24  9.63]
-4.8106 [ 3.562 -9.875  1.188] [-0.4  -0.2   9.65]
-4.913199 [ 4.5  -8.75  0.5 ] [-0.22 -0.09  9.69]
-5.015927 [ 3.562 -7.875 -0.437] [-0.06  0.08  9.71]
-5.119772 [ 3.625 -7.375 -1.312] [-1.26  0.22  9.72]
-5.223666 [    4.313  2041.063    -2.375] [-1.19  0.4   9.72]
-5.326666 [ 4.188 -6.375 -3.687] [-1.09  0.63  9.72]
-5.430519 [ 4.063 -5.75  -6.125] [-0.98  1.    9.7 ]
-5.533969 [ 3.938 -5.562 -8.625] [-0.95  1.47  9.64]
-5.636409 [  3.813  -5.375 -11.25 ] [-0.92  1.9   9.57]
-5.73986 [  3.563  -5.312 -15.25 ] [-0.91  2.56  9.42]
-5.843866 [  3.375  -5.625 -18.687] [-0.96  3.13  9.24]
-5.946571 [  3.188  -6.187 -19.25 ] [-1.05  3.21  9.2 ]
-6.0489 [  3.063  -7.187 -18.75 ] [-1.23  3.13  9.21]
-6.151726 [  3.25   -6.625 -18.187] [-1.14  3.04  9.25]
-6.254341 [  3.563  -4.875 -17.812] [-0.83  2.99  9.3 ]
-6.356648 [  4.125  -2.125 -17.062] [-0.36  2.87  9.36]
-6.459389 [  4.563   0.563 -16.25 ] [ 1.37  2.75  9.41]
-6.561834 [  5.125   3.063 -15.375] [ 1.81  2.6   9.43]
-6.664274 [  5.5     4.75  -14.375] [ 0.81  2.44  9.46]
-6.766997 [  5.813   5.75  -13.375] [ 2.26  2.26  9.49]
-6.870112 [  6.125   7.    -11.687] [ 2.47  1.97  9.53]
-6.974315 [  6.25    8.25  -10.875] [ 1.39  1.84  9.52]
-7.077144 [  6.313   9.438 -10.562] [ 1.61  1.78  9.5 ]
-7.180178 [  6.375  11.5   -10.437] [ 1.96  1.74  9.44]
-7.284336 [  6.375  12.25  -10.687] [ 2.07  1.76  9.42]
-7.38751 [  6.188  13.    -11.75 ] [ 2.21  1.95  9.35]
-7.490376 [  6.313  13.688 -11.187] [ 2.32  1.85  9.34]
-7.594397 [  6.5    13.938 -10.187] [ 2.36  1.7   9.36]
-7.697981 [  6.688  13.625  -9.062] [ 2.31  1.5   9.4 ]
-7.800678 [  6.813  13.     -7.812] [ 2.2   1.3   9.46]
-7.903145 [  7.    12.25  -6.  ] [ 2.08  1.    9.52]
-8.005454 [  7.     10.125  -4.375] [ 1.78  0.75  9.61]
-8.108155 [ 6.688  5.875 -3.625] [ 2.28  0.62  9.73]
-8.210638 [ 6.188  1.375 -2.687] [ 1.51  0.47  9.79]
-8.3129 [ 5.5   -3.437 -1.562] [-0.59  0.27  9.78]
-8.415208 [  4.313 -10.312  -0.687] [-0.35  0.13  9.66]
-8.518366 [  4.375 -11.375   0.063] [-0.65 -0.01  9.61]
-8.620929 [  4.625 -10.625   0.938] [-0.53 -0.15  9.63]
-8.725936 [  4.625 -10.812   1.188] [-0.56 -0.19  9.62]
-8.829252 [  4.438 -10.5     1.25 ] [-0.5  -0.21  9.63]
-8.932115 [ 4.438 -9.687  0.938] [-0.37 -0.16  9.66]
-9.036235 [ 4.438 -8.687  0.438] [-0.22 -0.1   9.69]
-9.139422 [ 4.375 -7.937 -0.625] [-0.07  0.11  9.71]
-9.241855 [ 4.375 -7.375 -1.25 ] [-1.25  0.21  9.72]
-9.345749 [ 4.313 -6.687 -2.125] [-1.15  0.34  9.73]
-9.449756 [ 4.25  -6.062 -3.625] [-1.04  0.62  9.73]
-9.552178 [ 4.063 -5.625 -6.062] [-0.96  1.03  9.7 ]
-9.654447 [ 3.938 -5.375 -8.687] [-0.92  1.47  9.65]
-9.757174 [  3.75   -5.25  -11.687] [-0.9   1.93  9.57]
-9.859804 [  3.5    -5.312 -15.437] [-0.91  2.59  9.41]
-9.962261 [  3.438  -5.437 -18.5  ] [-0.93  3.1   9.25]
-10.064549 [  3.25   -5.937 -19.25 ] [-1.02  3.21  9.2 ]
-10.167114 [  3.313  -5.812 -19.187] [-0.99  3.2   9.21]
-10.269867 [  3.438  -5.25  -18.75 ] [-0.9   3.13  9.24]
-10.372148 [  4.375  -4.5   -17.75 ] [-0.77  2.98  9.3 ]
-10.475721 [-6.    -0.062 -0.062] [-0.48  2.82  9.37]
-10.579466 [  4.563   0.438 -15.625] [ 0.03  2.66  9.43]
-10.682325 [  4.938   3.    -14.937] [   1.79 -325.16    9.46]
-10.785615 [  5.375   4.813 -13.937] [ 2.1   2.35  9.48]
-10.889815 [  5.5     5.813 -13.062] [ 0.98  2.22  9.5 ]
-10.992715 [  2.187   7.    -11.312] [ 2.48  1.91  9.54]
-11.095806 [  5.938   8.188 -10.5  ] [ 1.39  1.77  9.54]
-11.200254 [  6.      9.5   -10.125] [ 1.58  1.71  9.52]
-11.303129 [  6.     11.625 -10.062] [ 1.98  1.68  9.45]
-11.405715 [  6.     12.313 -10.187] [ 2.09  1.7   9.42]
-11.508289 [  5.875  12.938 -11.125] [ 2.2   1.84  9.37]
-11.610599 [  5.938  13.625 -10.812] [ 2.3   1.8   9.35]
-11.713184 [  6.063  13.938 -10.   ] [ 2.36  1.65  9.37]
-11.815642 [  6.25   13.625  -8.937] [ 2.31  1.48  9.41]
-11.918073 [  6.375  13.125  -7.812] [ 2.22  1.3   9.46]
-12.020779 [  6.563  12.313  -6.   ] [ 2.11  1.04  9.51]
-12.123705 [  6.688  10.625  -3.75 ] [ 1.8   0.63  9.61]
-12.226244 [ 6.375  6.938 -3.312] [ 2.46  0.56  9.71]
-12.330556 [ 5.875  1.875 -2.375] [ 1.68  0.41  9.78]
-12.43385 [ 5.438 -2.75  -1.187] [-0.47  0.21  9.79]
-12.536551 [ 4.563 -8.562 -0.312] [-0.19  0.06  9.69]
-12.640582 [  3.938 -11.562   0.438] [-0.71 -0.06  9.6 ]
-12.744035 [  4.125 -11.      1.375] [-0.59 -0.23  9.62]
-12.846617 [  4.125 -11.062   1.625] [-0.6  -0.27  9.62]
-12.950601 [  4.    -10.625   1.875] [-0.53 -0.31  9.63]
-13.05427 [ 4.    -9.812  1.625] [-0.39 -0.27  9.65]
-13.156916 [ 4.    -8.937  0.875] [-0.24 -0.15  9.68]
-13.2595 [ 4.    -7.875 -0.187] [-0.06  0.03  9.71]
-13.361819 [ 3.938 -7.125 -1.062] [-1.21  0.18  9.72]
-13.464401 [ 3.875 -6.687 -2.25 ] [-1.15  0.37  9.73]
-13.566851 [ 3.813 -6.062 -3.437] [-1.04  0.59  9.73]
-13.66915 [ 3.688 -5.562 -5.437] [-0.95  0.93  9.71]
-13.771568 [ 3.563 -5.375 -8.562] [-0.92  1.46  9.65]
-13.87403 [  3.313  -5.125 -12.687] [-0.89  2.07  9.54]
-13.977028 [  3.125  -5.    -16.937] [-0.86  2.84  9.34]
-14.080047 [  3.     -5.312 -18.062] [-0.91  3.02  9.28]
-14.18424 [  2.938  -5.625 -18.375] [-0.95  3.08  9.26]
-14.2872 [  2.875  -6.125 -18.25 ] [-1.05  3.06  9.25]
-14.390391 [  2.875  -6.25  -17.875] [-1.07  3.    9.27]
-14.494544 [  3.188  -4.625 -17.437] [-0.83  2.94  9.31]
-14.597544 [  3.688  -2.25  -16.75 ] [-0.39  2.82  9.38]
-14.7004 [  4.125   0.625 -15.812] [ 1.38  2.67  9.43]
-14.804695 [  4.625   3.25  -15.   ] [ 1.79  2.55  9.45]
-14.907872 [  5.      4.813 -13.937] [ 2.1   2.36  9.48]
-15.010323 [  5.25    5.75  -13.062] [ 2.27  2.2   9.5 ]
-15.112765 [  5.563   7.    -11.187] [ 2.47  1.89  9.54]
-15.215057 [  5.688   8.313 -10.562] [ 1.4   1.79  9.53]
-15.317772 [  5.75    9.375 -10.312] [ 1.6   1.73  9.51]
-15.42052 [  5.75   11.5   -10.187] [ 1.95  1.7   9.45]
-15.523526 [  5.813  12.25  -10.062] [ 2.08  1.67  9.43]
-15.626409 [  5.625  13.063 -11.125] [ 2.2   1.83  9.37]
-15.729409 [  5.688  13.75  -10.625] [ 2.33  1.75  9.36]
-15.832541 [  2.187  14.188  -9.812] [ 2.4   1.62  9.36]
-15.936853 [  6.     13.813  -8.562] [ 2.36  1.44  9.4 ]
-16.03973 [  6.188  13.375  -7.312] [ 2.26  1.21  9.46]
-16.142144 [  6.438  12.813  -5.687] [ 2.17  0.95  9.51]
-16.246305 [  6.688  10.313  -4.437] [ 1.82  0.76  9.6 ]
-16.350484 [ 6.5    6.313 -3.437] [ 2.36  0.59  9.72]
-16.453944 [ 2.125  1.375 -2.375] [ 0.24  0.41  9.79]
-16.558793 [ 5.25  -4.187 -1.062] [-0.72  0.18  9.77]
-16.661518 [  4.125 -11.     -0.312] [-0.59  0.05  9.62]
-16.763958 [  4.188 -12.062   0.375] [-0.77 -0.06  9.58]
-16.866388 [  4.625 -11.25    1.313] [-0.64 -0.22  9.61]
-16.969274 [  4.625 -11.375   1.625] [-0.65 -0.27  9.6 ]
-17.07172 [  4.5   -11.      1.625] [-0.59 -0.28  9.62]
-17.174156 [  4.438 -10.312   1.25 ] [-0.47 -0.21  9.64]
-17.277157 [ 4.438 -9.375  0.875] [-0.32 -0.14  9.67]
-17.380036 [ 4.438 -8.25  -0.312] [-0.12  0.06  9.7 ]
-17.482501 [ 4.375 -7.937 -1.187] [-0.07  0.2   9.71]
-17.585217 [ 4.313 -7.687 -2.125] [-0.04  0.36  9.71]
-17.689928 [ 4.25  -7.    -3.625] [-1.2   0.62  9.71]
-17.79286 [ 4.125 -6.687 -5.937] [-1.14  1.01  9.68]
-17.896781 [ 3.938 -6.25  -1.062] [-1.07  1.53  9.62]
-18.001428 [  3.75   -5.937 -13.187] [-1.02  2.22  9.49]
-18.103996 [  3.625  -5.75  -16.625] [-0.99  2.79  9.34]
-18.207732 [  3.563  -5.562 -17.437] [-0.95  2.92  9.31]
-18.311732 [  3.563  -5.5   -17.812] [-0.94  2.98  9.29]
-18.414035 [  3.5    -5.875 -17.75 ] [-1.    2.97  9.28]
-18.517179 [  3.5    -6.125 -17.562] [-1.04  2.95  9.29]
-18.619765 [  3.688  -5.    -17.25 ] [-0.88  2.91  9.32]
-18.72249 [  4.063  -3.    -16.562] [-0.51  2.79  9.38]
-18.824928 [  4.625   0.063 -15.687] [ 1.29  2.65  9.43]
-18.927398 [  5.063   2.813 -14.75 ] [ 1.76  2.49  9.47]
-19.03059 [  5.438   4.438 -13.625] [ 2.03  2.32  9.49]
-19.133682 [  5.688   5.5   -12.5  ] [ 2.22  2.12  9.52]
-19.2361 [  5.875   6.75  -10.75 ] [ 2.43  1.82  9.56]
-19.340271 [  5.938   7.875 -10.187] [ 1.33  1.73  9.55]
-19.44359 [ 6.     9.438 -9.875] [ 1.61  1.66  9.52]
-19.545923 [  5.938  11.5   -10.187] [ 1.96  1.7   9.45]
-19.649501 [  5.75  12.5  -11.  ] [ 2.13  1.83  9.39]
-19.753459 [  5.813  13.375 -10.812] [ 2.27  1.79  9.36]
-19.855812 [  5.938  14.063 -10.   ] [ 2.39  1.65  9.36]
-19.959387 [  6.125  14.25   -9.   ] [ 2.42  1.48  9.38]
-20.063954 [  6.313  14.     -7.75 ] [ 2.37  1.28  9.42]
-20.166673 [  6.5    13.563  -6.562] [ 2.3   1.09  9.47]
-20.26898 [  6.438  12.75   -6.   ] [ 2.16  1.    9.51]
-20.371143 [ 5.938  9.813 -5.   ] [ 1.67  0.84  9.62]
-20.473422 [ 4.438  4.625 -3.812] [ 2.16  0.67  9.74]
-20.575726 [ 3.625 -0.312 -2.875] [-0.05  0.49  9.79]
-20.678147 [ 3.    -5.625 -1.562] [-0.96  0.27  9.75]
-20.780608 [  1.75  -12.062  -0.937] [-0.77  0.15  9.58]
-20.883036 [  2.063 -11.375   0.   ] [-0.67  0.02  9.6 ]
-20.985942 [  2.063 -11.312   0.625] [-0.65 -0.11  9.61]
-21.088329 [  2.063 -11.437   0.938] [-0.66 -0.15  9.6 ]
-21.191915 [  1.938 -11.062   1.313] [-0.6  -0.22  9.62]
-21.295978 [  2.188 -10.562   1.   ] [-0.51 -0.17  9.63]
-21.398533 [  2.125 -10.5     1.063] [-0.51 -0.18  9.63]
-21.502074 [ 2.    -9.125  0.5  ] [-0.28 -0.08  9.68]
-21.605851 [ 1.938 -7.875 -0.687] [-0.07  0.12  9.71]
-21.708426 [ 6.125 -7.125 -1.875] [-1.21  0.32  9.72]
-21.811581 [ 1.813 -6.375 -3.437] [-1.09  0.58  9.72]
-21.915586 [ 1.688 -6.062 -5.812] [-1.05  0.94  9.7 ]
-22.018629 [ 1.563 -5.812 -8.5  ] [-1.    1.44  9.64]
-22.120861 [  1.375  -5.687 -11.312] [-0.97  1.91  9.56]
-22.222716 [  1.125  -5.625 -15.187] [-0.96  2.56  9.41]
-22.324398 [  1.125  -6.    -18.125] [-1.02  3.04  9.26]
-22.426334 [  0.938  -6.687 -18.875] [-1.14  3.15  9.21]
-22.528291 [  0.875  -7.062 -18.937] [-1.21  3.15  9.2 ]
-22.630233 [  1.063  -6.312 -18.5  ] [-1.08  3.09  9.24]
-22.73208 [  1.375  -4.75  -17.875] [-0.81  3.    9.29]
-22.833684 [  1.875  -2.437 -17.   ] [-0.42  2.86  9.36]
-22.935413 [  2.25   0.   -16.  ] [ 1.28  2.7   9.42]
-23.040788 [  2.688   2.563 -15.375] [ 1.72  2.6   9.44]
-23.143467 [  3.063   4.313 -14.312] [ 2.02  2.42  9.47]
-23.247137 [  3.438   5.125 -12.937] [ 2.15  2.22  9.51]
-23.349399 [  4.125   6.125 -11.312] [ 2.32  1.91  9.56]
-23.451182 [  4.5     6.875 -10.625] [ 2.45  1.8   9.56]
-23.553727 [  3.437   8.938 -10.125] [ 1.53  1.71  9.53]
-23.657403 [  4.625  11.75  -10.062] [ 1.97  1.68  9.45]
-23.76007 [  4.688  12.625  -9.875] [ 2.14  1.64  9.42]
-23.861799 [  4.5    13.375 -10.562] [ 2.27  1.75  9.37]
-23.964689 [  4.563  14.125 -10.062] [ 2.39  1.66  9.36]
-24.06868 [  4.75   14.313  -9.   ] [ 2.42  1.5   9.38]
-24.171153 [  4.875  13.938  -8.062] [ 2.37  1.33  9.42]
-24.272939 [  5.063  13.563  -6.75 ] [ 2.29  1.13  9.46]
-24.374577 [  5.125  12.813  -6.   ] [ 2.18  1.    9.5 ]
-24.47884 [ 4.563  9.875 -4.937] [ 1.74  0.85  9.61]
-24.58081 [ 3.563  5.375 -3.875] [ 2.2   0.66  9.74]
-24.682624 [ 2.813  0.563 -2.875] [ 1.38  0.49  9.79]
-24.784357 [ 2.188 -4.687 -1.625] [-0.8   0.28  9.76]
-24.88608 [  1.    -11.75   -0.812] [-0.72  0.13  9.59]
-24.987973 [  0.813 -12.25    0.   ] [-0.8  -0.01  9.58]
-25.090253 [  0.813 -11.625   1.   ] [-1.97 -0.16  9.6 ]
-25.192296 [  0.813 -11.625   1.313] [-0.69 -0.22  9.6 ]
-25.294096 [  0.625 -11.25    1.625] [-0.63 -0.27  9.61]
-25.396877 [  0.625 -10.5     1.375] [-0.51 -0.23  9.63]
-25.500343 [ 0.625 -9.5    0.688] [-1.64 -0.14  9.66]
-25.602343 [ 0.688 -8.562 -0.437] [-0.18  0.07  9.69]
-25.704076 [ 0.688 -7.812 -1.187] [-0.05  0.2   9.71]
-25.806005 [ 7.375 -7.437 -2.312] [-1.26  0.39  9.71]
-25.909474 [ 0.5   -7.062 -3.812] [-1.22  0.62  9.71]
-26.014556 [ 0.438 -6.5   -6.   ] [-1.11  1.02  9.68]
-26.117317 [ 7.687 -6.25  -8.937] [-1.07  1.51  9.62]
-26.220951 [  0.125  -6.    -12.5  ] [-1.03  2.04  9.53]
-26.32352 [  0.     -5.937 -16.562] [-1.01  2.78  9.34]
-26.425178 [  8.125  -6.062 -18.125] [-1.04  3.04  9.26]
-26.526873 [  8.187  -6.312 -18.312] [-1.07  3.07  9.25]
-26.628874 [  8.25   -6.75  -18.125] [-1.16  3.03  9.25]
-26.730757 [  8.25   -6.937 -17.875] [-1.18  2.99  9.26]
-26.832628 [  0.     -5.625 -17.625] [-0.99  2.96  9.29]
-26.934339 [  0.375  -3.562 -17.187] [-0.61  2.89  9.34]
-27.035999 [  0.938  -0.562 -16.437] [-0.09  2.78  9.4 ]
-27.137814 [  1.375   2.063 -15.437] [ 1.63  2.61  9.44]
-27.239647 [  1.75    3.688 -14.375] [ 1.91  2.43  9.47]
-27.341486 [  6.      4.75  -13.437] [ 2.09  2.27  9.5 ]
-27.443501 [  2.313   6.125 -11.562] [ 2.33  1.95  9.55]
-27.548482 [  2.375   7.375 -10.937] [ 2.54  1.84  9.54]
-27.652266 [  2.438   8.813 -10.5  ] [ 1.47  1.77  9.53]
-27.754892 [  2.5    10.875 -10.562] [ 1.85  1.76  9.46]
-27.856619 [  2.375  12.063 -11.312] [ 2.05  1.88  9.4 ]
-27.958848 [  2.313  12.875 -11.75 ] [ 2.19  1.95  9.35]
-28.062902 [  2.438  13.438 -10.875] [ 2.28  1.81  9.36]
-28.165503 [  2.563  13.563 -10.125] [ 2.3   1.68  9.38]
-28.267415 [  5.312  13.     -9.   ] [ 2.21  1.5   9.43]
-28.370254 [  2.813  12.438  -7.937] [ 2.11  1.32  9.48]
-28.473726 [  2.938  11.563  -6.062] [ 1.98  1.06  9.54]
-28.576667 [ 3.063  9.875 -3.937] [ 1.69  0.66  9.63]
-28.678603 [ 2.875  5.938 -3.312] [ 2.29  0.56  9.73]
-28.78058 [ 2.313  1.063 -2.375] [ 1.47  0.4   9.79]
-28.8823 [ 1.688 -3.937 -1.25 ] [-0.67  0.21  9.78]
-28.986756 [  0.563 -11.062  -0.5  ] [-0.6   0.09  9.62]
-29.088632 [  0.125 -12.437   0.188] [-0.83 -0.04  9.57]
-29.190436 [  0.375 -11.437   1.125] [-0.67 -0.19  9.6 ]
-29.292 [  0.313 -11.562   1.5  ] [-0.69 -0.25  9.6 ]
-29.395435 [  0.188 -11.187   1.5  ] [-0.63 -0.25  9.61]
-29.497596 [  0.125 -10.687   1.125] [-0.54 -0.18  9.63]
-29.599904 [ 0.25  -9.937  0.688] [-0.41 -0.12  9.65]
-29.70314 [ 0.188 -8.687 -0.625] [-0.2   0.1   9.69]
-29.806375 [ 0.125 -8.    -1.812] [-1.38  0.29  9.7 ]
-29.90838 [ 0.063 -7.562 -2.937] [-0.01  0.5   9.7 ]
-30.010174 [ 0.    -7.062 -4.25 ] [-1.21  0.72  9.7 ]
-30.112878 [ 8.125 -6.687 -6.437] [-1.14  1.09  9.67]
-30.216361 [ 8.187 -6.25  -9.875] [-1.07  1.61  9.61]
-30.318783 [  8.375  -6.062 -13.5  ] [-1.03  2.28  9.47]
-30.420867 [  8.437  -6.    -16.437] [-1.03  2.75  9.35]
-30.525544 [  8.5    -5.937 -17.25 ] [-1.01  2.88  9.31]
-30.629288 [  8.5    -5.875 -17.812] [-1.01  2.98  9.28]
-30.731719 [  8.437  -5.625 -17.937] [-0.96  3.    9.28]
-30.834024 [  8.437  -5.562 -17.875] [-0.95  3.    9.28]
-30.93658 [  8.375  -5.25  -17.812] [-0.9   2.99  9.29]
-31.039179 [  0.     -3.687 -17.375] [-0.63  2.92  9.33]
-31.141729 [  0.438  -1.187 -16.375] [-0.2   2.77  9.4 ]
-31.244071 [  0.938   1.875 -15.312] [ 1.6   2.59  9.45]
-31.346642 [  1.313   3.813 -14.312] [ 1.93  2.42  9.47]
-31.449792 [  1.688   4.875 -13.187] [ 2.12  2.23  9.51]
-31.552106 [  1.875   6.188 -11.375] [ 2.34  1.92  9.55]
-31.655423 [  1.938   7.25  -10.875] [ 2.52  1.83  9.55]
-31.759709 [  2.      8.688 -10.5  ] [ 1.48  1.77  9.52]
-31.862075 [  2.     10.875 -10.5  ] [ 1.85  1.76  9.46]
-31.965039 [  6.125  11.688 -11.125] [ 1.99  1.85  9.42]
-32.069278 [  1.75   12.625 -12.125] [ 2.14  2.    9.35]
-32.17228 [  1.813  13.188 -11.625] [ 2.24  1.92  9.34]
-32.275311 [  6.062  13.188 -10.562] [ 2.23  1.75  9.38]
-32.37978 [  2.063  12.625  -9.437] [ 2.16  1.59  9.43]
-32.482935 [  2.125  12.063  -8.562] [ 2.05  1.43  9.48]
-32.585519 [  2.313  11.313  -6.625] [ 1.93  1.11  9.54]
-32.688099 [ 2.438  9.813 -4.125] [   1.68 -326.98    9.63]
-32.790555 [ 2.063  5.625 -3.5  ] [ 2.24  0.59  9.74]
-32.892976 [ 1.625  0.813 -2.5  ] [ 1.42  0.43  9.79]
-32.995301 [ 1.063 -4.375 -1.375] [-0.75  0.24  9.77]
-33.097637 [  8.125 -11.687  -0.687] [-0.7   0.12  9.6 ]
-33.200174 [  8.125 -11.812   0.125] [-0.74 -0.01  9.59]
-33.302905 [  0.188 -11.125   9.   ] [-0.61 -0.17  9.61]
-33.405618 [  0.125 -11.187   1.25 ] [-0.62 -0.21  9.61]
-33.509487 [  8.062 -10.75    1.375] [-0.56 -0.23  9.62]
-33.612933 [ 8.062 -9.937  1.063] [-0.42 -0.18  9.65]
-33.715407 [ 0.    -9.062  0.5  ] [-0.26 -0.09  9.68]
-33.819239 [ 8.062 -8.562 -0.687] [-0.18  0.11  9.69]
-33.922974 [ 8.062 -7.75  -1.562] [-0.04  0.27  9.71]
-34.025284 [ 8.125 -7.062 -2.75 ] [-1.21  0.47  9.71]
-34.12874 [ 8.25  -6.625 -4.312] [-1.14  0.73  9.71]
-34.232881 [ 8.375 -6.187 -6.875] [-1.06  1.17  9.67]
-34.33541 [ 8.5   -5.875 -9.437] [-1.01  1.6   9.62]
-34.437775 [  8.687  -5.687 -12.812] [-0.97  2.16  9.51]
-34.540339 [  8.875  -5.5   -17.125] [-0.94  2.88  9.32]
-34.642924 [  9.    -5.5  -18.75] [-0.94  3.12  9.24]
-34.745514 [  9.062  -5.562 -19.125] [-0.95  3.2   9.21]
-34.847827 [  9.125  -5.937 -19.062] [-1.02  3.19  9.21]
-34.950237 [  9.187  -6.375 -18.812] [-1.09  3.15  9.22]
-35.05325 [  8.937  -5.187 -18.187] [-0.88  3.05  9.27]
-35.155867 [  8.5    -2.937 -17.437] [-0.5   2.94  9.34]
-35.259161 [  0.063   0.    -16.437] [ 1.28  2.77  9.4 ]
-35.363185 [  0.5     2.625 -15.687] [ 0.41  2.66  9.42]
-35.466168 [  1.      4.688 -14.687] [ 2.08  2.48  9.45]
-35.569334 [  6.812   5.5   -13.687] [ 0.94  2.31  9.48]
-35.67358 [  1.625   6.688 -11.937] [ 1.12  2.03  9.52]
-35.776614 [  1.75   7.75 -11.25] [ 1.33  1.89  9.52]
-35.879784 [  1.813   8.813 -11.062] [ 1.5   1.86  9.5 ]
-35.984096 [  1.875  11.188 -10.75 ] [ 1.88  1.81  9.45]
-36.087115 [  1.875  11.75  -11.125] [ 1.99  1.85  9.42]
-36.189558 [  1.75   12.375 -12.062] [ 2.1   2.    9.36]
-36.29199 [  1.813  12.938 -11.875] [ 2.19  1.97  9.35]
-36.39416 [  1.938  13.25  -10.687] [ 2.25  1.78  9.37]
-36.496718 [  2.     12.875  -9.75 ] [ 2.18  1.62  9.42]
-36.599175 [  2.125  12.188  -8.687] [ 2.07  1.45  9.47]
-36.701754 [  2.25   11.375  -7.187] [ 1.93  1.2   9.53]
-36.803897 [ 2.313  9.    -5.437] [   1.6     0.93 -318.05]
-36.906633 [ 2.25   4.625 -4.5  ] [ 2.08  0.77  9.74]
-37.009203 [ 1.938 -0.125 -3.5  ] [-0.02  0.6   9.78]
