-0.075772 [ 7.813 -2.062 -8.437] [-0.36  1.44  9.69]
-0.178934 [ 7.188 -8.062 -6.875] [-0.09  1.16  9.63]
-0.282089 [  6.375 -10.062  -2.187] [-0.43  0.37  9.64]
-0.385123 [  6.125 -11.187   0.5  ] [-0.62 -0.08  9.61]
-0.488831 [  5.875 -11.375   1.875] [-0.66 -0.32  9.6 ]
-0.592842 [  5.813 -11.      1.563] [-0.59 -0.26  9.62]
-0.695441 [  5.813 -10.375   1.313] [-0.48 -0.22  9.64]
-0.799303 [ 5.813 -9.437  0.875] [-0.33 -0.15  9.67]
-0.903449 [ 5.813 -7.937  8.   ] [-0.08  0.    9.71]
-1.006042 [-5.125 -0.062 -0.062] [-1.21  0.13  9.72]
-1.109346 [ 5.688 -6.437 -1.75 ] [-1.1   0.3   9.73]
-1.213802 [ 5.625 -5.937 -2.75 ] [-1.02  0.47  9.74]
-1.31637 [ 5.563 -5.812 -4.812] [-0.99  0.82  9.72]
-1.419088 [ 5.375 -5.562 -7.687] [-0.95  1.31  9.67]
-1.521726 [  5.25   -5.437 -10.625] [-0.92  1.8   9.59]
-1.624626 [  4.938  -5.312 -15.375] [-0.9   2.58  9.41]
-1.727591 [  4.875  -5.437 -19.125] [-0.93  3.2   9.22]
-1.830299 [  4.688  -5.625 -20.5  ] [-0.96  3.41  9.14]
-1.932886 [  4.688  -5.5   -20.562] [-0.95  3.43  9.13]
-2.035724 [  4.938  -4.625 -20.187] [-0.8   3.37  9.17]
-2.138478 [  5.375  -2.875 -19.375] [-0.49  3.25  9.23]
-2.242202 [  5.875  -0.187 -17.875] [-0.07  3.03  9.32]
-2.345797 [  6.313   2.25  -16.312] [ 1.66  2.76  9.4 ]
-2.448503 [  6.438   3.5   -14.562] [ 1.88  2.46  9.47]
-2.55266 [  6.625   4.313 -13.75 ] [ 0.72  2.33  9.49]
-2.656531 [  7.      5.25  -12.875] [ 2.18  2.17  9.51]
-2.759257 [  0.75    6.5   -11.062] [ 1.11  1.87  9.56]
-2.86342 [ 7.5    8.125 -9.812] [ 1.36  1.67  9.56]
-2.967284 [ 7.625  9.625 -9.125] [ 1.64  1.53  9.54]
-3.069855 [  7.75   12.125  -8.5  ] [ 2.06  1.42  9.48]
-3.172599 [  8.063  13.5    -7.5  ] [ 2.29  1.24  9.45]
-3.275617 [  7.75   14.875  -8.937] [ 2.5   1.48  9.36]
-3.378721 [  7.75   15.438  -9.   ] [ 3.89  1.48  9.33]
-3.481214 [  7.75   15.438  -8.812] [ 3.89  1.44  9.34]
-3.583811 [  7.813  15.     -8.5  ] [ 2.54  1.4   9.36]
-3.68693 [  8.688  13.375  -7.875] [ 2.27  1.31  9.44]
-3.789566 [  9.125  12.     -5.312] [ 2.04  0.88  9.54]
-3.8931 [ 9.813  9.313 -4.75 ] [ 1.59  0.8   9.64]
-3.997265 [ 11.625   4.063  -3.437] [ 1.98  0.59  9.76]
-4.099909 [ 12.313  -0.5    -2.375] [-0.09  0.41  9.79]
-4.204014 [ 4.25  -4.875 -1.312] [-0.84  0.23  9.76]
-4.308309 [ 12.063 -11.687  -0.5  ] [-0.71  0.08  9.6 ]
-4.410905 [ 11.5   -12.125   0.313] [-0.78 -0.06  9.58]
-4.514941 [ 11.188 -11.625   1.188] [-0.69 -0.19  9.6 ]
-4.618797 [ 11.125 -11.687   1.438] [-0.71 -0.25  9.59]
-4.721366 [ 10.938 -11.375   1.625] [  3.27030000e+02  -2.70000000e-01   9.60000000e+00]
-4.823794 [ 10.938 -10.5     1.5  ] [-0.51 -0.25  9.63]
-4.926393 [ 10.938  -9.5     0.688] [-0.35 -0.13  9.66]
-5.029132 [ 10.813  -8.875   0.   ] [-0.23  0.    9.68]
-5.13162 [ 10.813  -8.687  -0.625] [-0.2   0.1   9.69]
-5.233988 [ 10.75   -7.875  -1.5  ] [-0.07  0.25  9.7 ]
-5.336409 [ 2.688 -7.125 -2.437] [-1.22  0.41  9.72]
-5.439456 [ 10.625  -6.625  -4.687] [-1.13  0.8   9.7 ]
-5.542335 [ 2.5   -6.437 -7.562] [-1.1   1.28  9.65]
-5.646398 [ 10.313  -6.25  -10.625] [-1.07  1.74  9.58]
-5.750224 [ 10.063  -6.125 -14.5  ] [-1.04  2.44  9.43]
-5.852791 [  9.938  -6.375 -18.812] [-1.09  3.14  9.22]
-5.957094 [  9.688  -6.875 -20.25 ] [-1.16  3.36  9.13]
-6.06067 [  9.813  -6.375 -20.437] [-1.09  3.4   9.12]
-6.163402 [ 10.125  -5.25  -20.187] [-0.9   3.37  9.16]
-6.267837 [ 10.688  -3.062 -19.437] [-0.56  3.28  9.22]
-6.37158 [ 11.188  -0.437 -18.   ] [-0.08  3.03  9.32]
-6.474133 [ 11.5     1.375 -16.062] [ 1.51  2.71  9.41]
-6.576882 [ 11.688   1.875 -14.062] [ 1.6   2.38  9.5 ]
-6.679615 [ 12.188   3.063 -13.312] [ 1.78  2.27  9.52]
-6.782149 [ 12.563   4.313 -12.562] [ 2.02  2.13  9.54]
-6.884637 [ 12.75    5.813 -10.375] [ 2.27  1.76  9.59]
-6.987215 [ 12.938   7.063  -9.312] [ 2.49  1.58  9.6 ]
-7.089649 [ 13.      8.688  -8.687] [ 1.44  1.47  9.58]
-7.192409 [ 13.063  10.813  -8.75 ] [ 1.84  1.47  9.51]
-7.294972 [ 13.     12.313  -9.312] [ 2.09  1.55  9.45]
-7.399265 [ 13.313  13.938  -8.25 ] [ 2.34  1.39  9.41]
-7.502882 [ 13.688  14.875  -6.812] [ 2.52  1.13  9.4 ]
-7.605495 [  5.563  15.375  -6.875] [ 3.88  1.13  9.38]
-7.710447 [ 13.563  14.688  -7.125] [ 2.51  1.17  9.4 ]
-7.81389 [ 14.313  13.125  -6.937] [ 2.23  1.15  9.47]
-7.917171 [  7.125  11.125  -6.5  ] [ 1.89  1.09  9.55]
-8.021426 [ 8.75   6.875 -5.625] [ 2.53  0.97  9.67]
-8.124587 [ 10.188   1.625  -4.437] [ 1.55  0.76  9.77]
-8.227088 [ 10.5    -2.937  -3.312] [-0.5   0.57  9.77]
-8.329545 [ 10.188  -7.625  -2.25 ] [-0.02  0.38  9.71]
-8.432261 [ 10.   -11.    -1.25] [-0.58  0.22  9.62]
-8.534954 [  9.875 -11.75   -0.5  ] [-0.72  0.09  9.59]
-8.637877 [  9.813 -12.25    0.063] [-0.8  -0.01  9.58]
-8.740593 [  9.68800000e+00   2.03587500e+03   7.50000000e-01] [-0.79 -0.12  9.58]
-8.843322 [  9.625 -11.812   1.25 ] [-0.72 -0.21  9.59]
-8.946033 [  9.625 -11.062   1.375] [-0.6  -0.23  9.61]
-9.04991 [  9.563 -10.562   1.   ] [-0.52 -0.17  9.63]
-9.154097 [  9.5   -10.5     0.313] [-0.5  -0.05  9.64]
-9.257079 [ 9.438 -9.562 -0.437] [-1.63  0.07  9.66]
-9.361377 [ 9.313 -8.812 -1.5  ] [-1.51  0.24  9.68]
-9.464958 [ 9.25  -8.5   -2.937] [-0.17  0.49  9.68]
-9.56754 [ 9.125 -8.125 -4.875] [-1.39  0.83  9.67]
-9.671734 [ 9.063 -7.75  -8.062] [-1.33  1.31  9.62]
-9.775516 [  8.813  -7.5   -11.437] [-1.28  1.93  9.52]
-9.878454 [  8.5    -7.312 -16.375] [-1.25  2.74  9.32]
-9.981189 [  8.375  -7.937 -19.812] [-0.07  3.29  9.13]
-10.084047 [  8.25   -8.062 -20.812] [-0.11  3.45  9.07]
-10.186788 [  8.438  -7.187 -20.562] [-1.22  3.42  9.1 ]
-10.289474 [  8.75   -5.875 -20.125] [-1.    3.35  9.15]
-10.39202 [  9.188  -3.812 -19.187] [-0.65  3.22  9.23]
-10.495099 [  9.625  -1.5   -18.062] [-0.26  3.04  9.31]
-10.59783 [ 10.      0.5   -16.187] [ 1.37  2.74  9.41]
-10.701547 [ 10.25    2.438 -14.562] [ 1.7   2.47  9.48]
-10.805998 [ 10.375   3.25  -13.75 ] [ 1.84  2.33  9.5 ]
-10.908867 [ 10.563   4.125 -12.812] [-325.69    2.17    9.53]
-11.012883 [ 10.75    5.375 -10.937] [ 2.17  1.88  9.58]
-11.116732 [ 10.938   6.875  -9.75 ] [ 2.45  1.65  9.59]
-11.219475 [ 11.063   8.625  -8.937] [ 1.48  1.5   9.57]
-11.323643 [ 11.375  11.188  -8.   ] [ 1.87  1.36  9.52]
-11.427502 [ 11.5    12.625  -7.187] [ 2.14  1.2   9.49]
-11.52998 [ 11.125  14.375  -8.187] [ 2.44  1.36  9.4 ]
-11.632665 [ 11.     15.     -8.312] [ 2.53  1.37  9.37]
-11.735381 [ 11.313  14.813  -8.437] [ 2.52  1.39  9.37]
-11.83799 [ 11.813  13.688  -8.437] [ 2.32  1.39  9.42]
-11.940399 [ 12.25   12.25   -7.937] [ 2.08  1.32  9.49]
-12.043147 [ 12.375   2.375  -7.562] [ 1.77  1.27  9.56]
-12.145872 [ 12.813   6.5    -6.25 ] [ 2.47  1.11  9.66]
-12.249315 [ 12.813   2.938  -3.312] [ 1.78  0.57  9.77]
-12.352884 [ 12.688   0.125  -2.   ] [ 0.02  0.34  9.8 ]
-12.457469 [ 12.313  -3.75   -1.062] [-0.64  0.18  9.78]
-12.560064 [ 11.625  -8.937  -0.312] [-0.24  0.05  9.68]
-12.66349 [ 10.813 -12.875   0.25 ] [-2.19 -0.05  9.55]
-12.76781 [ 10.938 -12.062   1.313] [-0.77 -0.22  9.58]
-12.870385 [ 10.875 -12.125   1.563] [-0.78 -0.26  9.58]
-12.973826 [ 10.688 -11.875   1.625] [-2.009 -0.27   9.59 ]
-13.078555 [ 10.688 -11.062   1.438] [-0.6  -0.24  9.62]
-13.181157 [ 10.688 -10.062   0.875] [-0.43 -0.15  9.65]
-13.283879 [ 10.625  -9.187  -0.375] [-0.28  0.06  9.68]
-13.386592 [ 10.563  -8.75   -1.   ] [-0.21  0.17  9.69]
-13.489477 [ 10.5    -8.187  -1.5  ] [-0.12  0.26  9.7 ]
-13.592048 [ 10.5    -7.5    -2.562] [-1.28  0.44  9.71]
-13.694907 [ 10.375  -7.     -4.687] [-1.2   0.8   9.69]
-13.797657 [ 10.25  -6.75  -8.  ] [-1.16  1.3   9.64]
-13.900661 [ 10.063  -6.5   -11.562] [-1.11  1.96  9.54]
-14.003662 [  9.813  -6.25  -16.5  ] [-1.07  2.77  9.34]
-14.10827 [  9.625  -6.625 -19.437] [-1.12  3.22  9.19]
-14.211257 [  9.438  -7.062 -20.062] [-1.21  3.34  9.13]
-14.314319 [  9.375  -7.375 -19.875] [-1.26  3.31  9.14]
-14.418884 [  9.563  -6.437 -19.312] [-1.12  3.24  9.18]
-14.521913 [ 10.063  -4.375 -18.25 ] [-0.75  3.06  9.28]
-14.625039 [ 10.5    -2.    -16.875] [-0.35  2.84  9.37]
-14.729489 [ 10.938   0.5   -15.75 ] [ 0.05  2.67  9.43]
-14.832772 [ 11.313   2.625 -14.75 ] [ 1.73  2.49  9.47]
-14.935373 [ 11.438   3.563 -13.875] [ 1.89  2.34  9.5 ]
-15.038046 [ 11.625   4.438 -13.   ] [ 2.04  2.2   9.52]
-15.141101 [ 11.938   5.75  -11.   ] [ 2.26  1.86  9.57]
-15.244121 [ 12.063   7.375  -9.875] [ 2.54  1.66  9.58]
-15.346816 [ 12.188   9.063  -9.187] [ 1.54  1.54  9.55]
-15.449257 [ 12.25   11.25   -8.437] [ 1.89  1.42  9.51]
-15.552754 [ 12.25   12.5    -7.687] [ 2.12  1.28  9.48]
-15.6559 [ 12.063  13.938  -7.687] [ 2.37  1.27  9.42]
-15.760328 [ 12.063  14.938  -7.25 ] [ 2.52  1.2   9.4 ]
-15.863204 [ 12.063  15.063  -7.437] [ 2.54  1.23  9.38]
-15.966321 [ 12.    14.25  -7.75] [ 2.42  1.28  9.41]
-16.071193 [ 12.125  12.875  -7.562] [ 2.21  1.27  9.46]
-16.174368 [ 12.125  11.188  -7.125] [ 1.91  1.2   9.54]
-16.278102 [ 11.875   7.688  -6.062] [ 1.31  1.03  9.66]
-16.382376 [ 11.125   2.438  -4.875] [ 1.7   0.83  9.76]
-16.485277 [ 10.5    -2.187  -2.875] [-0.37  0.49  9.78]
-16.587981 [ 9.875 -7.    -0.812] [-1.2   0.14  8.45]
-16.690607 [  8.875 -13.625   0.313] [-1.03 -0.05  9.52]
-16.793233 [  8.938 -13.25    0.875] [-0.97 -0.14  9.54]
-16.896026 [  9.188 -11.75    1.5  ] [-0.71 -0.25  9.59]
-16.998784 [  9.125 -11.875   1.625] [-0.74 -0.27  9.59]
-17.101501 [  9.    -11.312   1.813] [-0.65 -0.3   9.6 ]
-17.204824 [  9.    -10.562   1.563] [-0.52 -0.26  9.63]
-17.307813 [ 9.063 -9.75   0.875] [-0.38 -0.15  9.66]
-17.41226 [ 9.    -9.5   -0.062] [-0.35  0.    9.66]
-17.515537 [ 8.938 -8.625 -0.937] [-0.19  0.15  9.69]
-17.618856 [ 8.875 -7.75  -1.812] [-0.04  0.31  9.71]
-17.723137 [ 8.813 -7.062 -3.   ] [-1.22  0.48  9.71]
-17.826299 [ 8.75  -6.687 -5.187] [-1.14  0.88  9.69]
-17.929591 [ 8.625 -6.437 -8.25 ] [-1.1   1.4   9.64]
-18.034326 [  8.375  -6.187 -12.   ] [-1.05  2.02  9.53]
-18.137339 [  8.25   -5.875 -16.75 ] [-1.    2.81  9.33]
-18.240072 [  8.063  -5.937 -18.75 ] [-1.01  3.14  9.23]
-18.342947 [ 15.875  -6.5   -19.625] [-1.1   3.27  9.17]
-18.445814 [ 15.75   -7.125 -19.5  ] [-1.21  3.25  9.16]
-18.548543 [ 15.875  -6.875 -18.937] [-1.17  3.16  9.2 ]
-18.651114 [  8.25   -5.25  -18.062] [-0.9   3.03  9.28]
-18.753715 [  8.75   -2.5   -16.875] [-0.47  2.86  9.36]
-18.856852 [  9.188   0.125 -16.062] [ 1.3   2.71  9.42]
-18.959898 [  9.563   2.375 -15.   ] [ 1.69  2.54  9.46]
-19.06447 [  9.875   3.875 -14.   ] [ 0.65  2.39  9.48]
-19.16818 [ 10.375   4.75  -12.687] [ 2.1   2.15  9.53]
-19.271938 [ 10.5     6.188 -10.687] [ 2.34  1.81  9.57]
-19.376208 [ 10.688   7.688 -10.   ] [ 1.31  1.69  9.56]
-19.478948 [ 10.625   9.375 -10.25 ] [ 1.6   1.72  9.51]
-19.582666 [ 10.625  11.625 -10.5  ] [ 1.98  1.75  9.44]
-19.6871 [ 10.688  13.125 -10.062] [ 2.22  1.67  9.4 ]
-19.789695 [ 10.875  14.     -9.   ] [ 2.37  1.49  9.39]
-19.892281 [ 11.063  14.938  -7.875] [ 2.52  1.29  9.38]
-19.995151 [ 11.     15.438  -7.375] [ 3.9   1.21  9.37]
-20.097733 [ 10.938  14.813  -7.562] [ 2.5   1.25  9.39]
-20.200463 [ 11.125  13.5    -7.375] [ 2.29  1.23  9.45]
-20.303156 [ 11.5  11.5  -7. ] [ 1.96  1.17  9.53]
-20.405768 [ 12.5     7.375  -5.937] [ 1.35  1.03  9.65]
-20.508922 [ 13.5     2.063 -12.687] [ 1.64  0.8   9.76]
-20.611784 [ 13.563  -2.562  -3.75 ] [-0.44  0.64  9.77]
-20.716241 [ 13.25  -8.    -2.5 ] [-1.26  0.44  9.71]
-20.819352 [ 13.125 -12.25   -1.625] [-0.8   0.28  9.57]
-20.923395 [ 12.875 -11.875  -0.812] [-2.02  0.13  9.59]
-21.028297 [ 12.813 -12.187  -0.062] [-0.79  0.01  9.58]
-21.130986 [ 12.688 -12.062   0.438] [-0.77 -0.07  9.58]
-21.234513 [ 12.563 -11.562   0.75 ] [-0.69 -0.13  9.6 ]
-21.339453 [ 12.563 -10.75    0.938] [-0.55 -0.16  9.63]
-21.442333 [ 12.563  -9.937   0.813] [-0.41 -0.14  9.65]
-21.545348 [ 12.5    -9.25   -0.125] [-0.3   0.02  9.67]
-21.648935 [ 12.313  -8.125  -1.187] [-0.1   0.21  9.7 ]
-21.758887 [ 12.313  -7.75   -2.25 ] [-0.04  0.38  9.7 ]
-21.861662 [-1.875 -0.062 -0.062] [-1.23  0.63  9.7 ]
-21.964967 [ 12.125  -6.75   -6.   ] [-1.15  1.02  9.68]
-22.069236 [ 11.938  -6.5    -9.062] [-1.11  1.54  9.61]
-22.171891 [ 11.813  -6.25  -12.375] [-1.07  2.09  9.51]
-22.275132 [ 11.625  -6.125 -17.125] [-1.05  2.87  9.31]
-22.379566 [ 11.313  -6.375 -19.437] [-1.09  3.24  9.18]
-22.482327 [ 11.125  -7.187 -20.187] [-1.23  3.36  9.12]
-22.586033 [ 11.063  -7.437 -20.25 ] [-1.27  3.37  9.11]
-22.691165 [ 11.25   -6.5   -19.687] [-1.11  3.28  9.17]
-22.793921 [ 11.688  -4.75  -18.625] [-0.81  3.12  9.25]
-22.896522 [ 12.125  -2.562 -17.375] [-0.44  2.92  9.34]
-22.999073 [ 12.625   0.125 -16.25 ] [-0.01  2.76  9.4 ]
-23.101679 [ 12.938   2.25  -15.187] [ 1.66  2.56  9.45]
-23.204118 [ 13.188   4.125 -14.125] [ 1.99  2.38  9.48]
-23.306823 [ 13.5     5.    -13.125] [ 2.14  2.22  9.51]
-23.409292 [ 13.875   6.188 -11.875] [ 2.32  2.04  9.53]
-23.512035 [ 14.063   7.563 -10.562] [ 1.29  1.78  9.55]
-23.61466 [ 14.188   9.063 -10.062] [ 1.54  1.7   9.53]
-23.719041 [ 14.188  10.813 -10.062] [ 1.83  1.67  9.48]
-23.822503 [ 14.25   12.125 -10.812] [ 2.06  1.8   9.41]
-23.925213 [ 14.5    13.25   -9.625] [ 2.24  1.6   9.4 ]
-24.029227 [ 14.75   14.438  -8.25 ] [ 2.43  1.38  9.39]
-24.132909 [ 14.875  15.313  -7.25 ] [ 3.87  1.2   9.38]
-24.235727 [ 14.625  15.125  -7.5  ] [ 3.84  1.24  9.38]
-24.340383 [ 14.188  13.875  -7.437] [ 2.37  1.23  9.43]
-24.444383 [ 13.625  12.375  -6.937] [ 2.1   1.16  9.5 ]
-24.547285 [ 12.5     9.438  -6.062] [ 1.6   1.02  9.61]
-24.649886 [ 10.813   4.438  -4.937] [ 2.04  0.84  9.74]
-24.752607 [ 9.688 -1.187 -3.75 ] [-0.13  0.66  9.78]
-24.855327 [ 9.063 -6.375 -2.625] [-1.09  0.44  9.73]
-24.957775 [  8.188 -11.375  -1.937] [-0.66  0.32  9.6 ]
-25.060486 [  8.563 -10.562  -1.   ] [-0.52  0.17  9.63]
-25.163502 [  8.563 -10.625  -0.187] [-0.53  0.03  9.63]
-25.266353 [  8.5   -10.625   0.375] [-0.52 -0.06  9.63]
-25.369521 [  8.313 -10.187   0.75 ] [-0.46 -0.13  9.64]
-25.473834 [ 8.313 -9.312  0.688] [-0.3  -0.12  9.67]
-25.576862 [ 8.313 -8.812  0.375] [-0.22 -0.06  9.69]
-25.680441 [ 8.188 -8.75  -0.125] [-1.49  0.03  9.69]
-25.784715 [ 8.063 -7.625 -1.437] [-0.02  0.24  9.71]
-25.887459 [ 8.    -7.25  -2.375] [-1.23  0.4   9.71]
-25.99119 [ 15.875  -6.562  -3.625] [-1.12  0.61  9.72]
-26.095478 [ 15.75   -5.875  -6.062] [-1.01  1.03  9.69]
-26.198347 [ 15.625  -5.687  -8.625] [-0.97  1.46  9.64]
-26.300944 [ 15.438  -5.5   -11.375] [-0.94  1.92  9.56]
-26.403726 [ 15.063  -5.5   -16.187] [-0.93  2.62  9.4 ]
-26.506675 [ 14.813  -5.875 -19.125] [-1.01  3.2   9.21]
-26.60925 [ 14.625  -6.625 -19.812] [-1.13  3.3   9.16]
-26.711734 [ 14.563  -7.187 -19.625] [-1.23  3.26  9.16]
-26.81457 [ 14.813  -6.25  -18.937] [-1.09  3.17  9.21]
-26.917601 [ 15.313  -4.    -18.125] [-0.69  3.04  9.29]
-27.020821 [ 15.75   -1.562 -17.187] [-0.27  2.89  9.36]
-27.125472 [  8.25    1.    -16.125] [ 1.41  2.74  9.41]
-27.228628 [  8.625   2.938 -15.312] [ 1.78  2.59  9.44]
-27.332272 [  9.125   4.938 -14.312] [ 2.13  2.42  9.46]
-27.436787 [  9.5     5.813 -13.25 ] [ 2.28  2.23  9.49]
-27.539521 [  9.75    6.938 -11.437] [ 2.46  1.94  9.53]
-27.642982 [  9.938   8.438 -10.5  ] [ 1.44  1.77  9.53]
-27.747262 [ 10.      9.938 -10.187] [ 1.69  1.71  9.5 ]
-27.849708 [ 10.063  11.5   -10.125] [ 1.95  1.69  9.45]
-27.952275 [ 10.063  12.    -10.125] [ 2.04  1.68  9.44]
-28.054886 [  9.938  12.938 -11.   ] [ 2.2   1.82  9.38]
-28.157744 [ 10.    13.75 -10.5 ] [ 2.33  1.74  9.36]
-28.260307 [ 10.25   14.375  -9.562] [ 2.43  1.57  9.36]
-28.362778 [ 10.563  14.25   -8.062] [ 2.42  1.34  9.4 ]
-28.465472 [ 10.875  14.063  -6.812] [ 2.38  1.13  9.44]
-28.568343 [ 10.813  13.063  -6.687] [ 2.22  1.11  9.48]
-28.670802 [ 10.688   9.688  -5.625] [ 1.65  0.95  9.61]
-28.776756 [ 10.438   4.5    -4.5  ] [ 2.14  0.78  9.73]
-28.879958 [ 10.125  -0.187  -3.437] [-0.04  0.59  9.78]
-28.982844 [ 9.563 -5.312 -2.312] [-0.91  0.39  9.75]
-29.087155 [  8.5   -12.312  -1.562] [-0.77  0.28  9.58]
-29.190576 [  8.75  -11.5    -0.625] [-0.67  0.11  9.6 ]
-29.294023 [  8.813 -11.25    0.125] [-0.63 -0.02  9.61]
-29.398753 [  8.75  -11.25    0.563] [-0.64 -0.1   9.61]
-29.501968 [  8.688 -10.687   1.   ] [-0.53 -0.17  9.63]
-29.604611 [ 8.688 -9.937  1.   ] [-0.41 -0.17  9.65]
-29.707128 [ 8.625 -9.687  0.688] [-0.37 -0.12  9.66]
-29.80996 [ 8.5   -9.062 -0.062] [-0.27  0.01  9.68]
-29.912397 [ 8.438 -8.375 -1.25 ] [-0.15  0.22  9.69]
-30.015107 [ 8.313 -7.75  -2.5  ] [-0.04  0.42  9.7 ]
-30.117661 [ 8.313 -6.937 -3.625] [-1.19  0.61  9.71]
-30.22123 [ 8.25  -6.437 -5.25 ] [-1.1   0.89  9.7 ]
-30.326281 [ 8.063 -6.25  -8.   ] [-1.06  1.35  9.65]
-30.430606 [ 15.875  -5.937 -12.125] [-1.01  2.05  9.53]
-30.53307 [ 15.625  -6.    -17.25 ] [-1.02  2.89  9.31]
-30.636765 [ 15.313  -6.562 -19.25 ] [-1.12  3.21  9.19]
-30.740943 [ 15.125  -7.437 -19.812] [-1.27  3.29  9.14]
-30.843376 [  7.125  -7.625 -19.687] [-0.02  3.27  9.15]
-30.946913 [ 15.438  -6.375 -19.125] [-1.09  3.19  9.2 ]
-31.051408 [  8.     -3.75  -17.937] [-0.64  3.01  9.3 ]
-31.154557 [  8.438  -1.375 -16.75 ] [-0.24  2.83  9.38]
-31.257253 [  8.813   0.875 -15.937] [ 1.43  2.69  9.42]
-31.359864 [  9.188   3.313 -14.562] [ 1.81  2.49  9.46]
-31.462753 [  9.313   4.125 -13.687] [ 1.99  2.32  9.5 ]
-31.565379 [  9.5     5.063 -13.   ] [ 2.15  2.19  9.51]
-31.668188 [  9.75    6.313 -11.125] [ 2.36  1.89  9.56]
-31.7709 [ 10.      7.875 -10.125] [ 1.32  1.72  9.56]
-31.874228 [ 10.063   9.313  -9.75 ] [ 1.59  1.64  9.53]
-31.977351 [ 10.125  11.063  -9.812] [ 1.88  1.64  9.48]
-32.081692 [  9.938  12.375 -10.812] [ 2.08  1.78  9.41]
-32.184689 [  9.938  13.375 -10.75 ] [ 2.26  1.78  9.37]
-32.287551 [ 10.125  14.     -9.625] [ 2.37  1.59  9.37]
-32.391703 [ 10.438  14.625  -8.375] [ 2.47  1.4   9.38]
-32.494869 [ 10.75   14.563 -15.062] [ 2.46  1.17  9.41]
-32.597733 [ 10.688  13.813  -7.062] [ 2.34  1.17  9.44]
-32.701989 [ 10.563  11.938  -6.75 ] [ 2.06  1.14  9.51]
-32.805332 [ 10.375   8.563  -5.75 ] [ 1.46  0.98  9.64]
-32.9082 [ 9.875  3.938 -4.625] [ 1.96  0.79  9.75]
-33.010498 [ 9.25  -0.937 -3.562] [-0.16  0.61  9.78]
-33.113073 [ 8.5   -7.125 -2.375] [-1.11  0.42  9.73]
-33.215942 [ 15.625 -12.125  -1.562] [-0.79  0.26  9.58]
-33.318678 [  8.063 -11.437  -0.5  ] [-0.67  0.09  9.61]
-33.42141 [ 15.938 -11.625   0.25 ] [-0.7  -0.04  9.6 ]
-33.524544 [ 15.875 -11.562   0.688] [-0.68 -0.12  9.6 ]
-33.627567 [ 15.75  -11.125   1.125] [-0.62 -0.18  9.61]
-33.730872 [ 15.75  -10.375   1.125] [-0.49 -0.19  9.64]
-33.835166 [ 15.75  -10.062   0.75 ] [-0.44 -0.13  9.65]
-33.93804 [ 15.625  -9.5    -0.125] [-0.34  0.02  9.67]
-34.041629 [ 15.563  -8.562  -1.062] [-1.46  0.18  9.69]
-34.145776 [ 15.375  -7.375  -2.312] [-1.26  0.4   9.71]
-34.248811 [ 15.313  -7.187  -3.5  ] [-1.22  0.59  9.71]
-34.352655 [ 7.188 -6.812 -5.562] [-1.17  0.95  9.68]
-34.456967 [ 15.063  -6.437  -8.812] [-1.1   1.5   9.62]
-34.559551 [ 14.875  -6.25  -12.062] [-1.07  2.04  9.53]
-34.662136 [ 14.75   -5.875 -16.812] [-1.    2.82  9.33]
-34.765017 [ 14.5    -6.312 -19.312] [-1.07  3.21  9.2 ]
-34.868017 [ 14.313  -6.937 -20.   ] [-1.19  3.33  9.14]
-34.97061 [ 14.375  -6.937 -19.875] [-1.18  3.31  9.15]
-35.073152 [ 14.5   -6.25 -19.25] [-1.07  3.22  9.2 ]
-35.176194 [ 14.875  -4.625 -18.312] [-0.82  3.09  9.27]
-35.279488 [ 15.313  -2.25  -17.125] [-0.39  2.89  9.36]
-35.382894 [  7.75    0.25  -16.125] [ 0.04  2.73  9.41]
-35.487378 [  8.125   2.625 -14.875] [ 1.73  2.51  9.46]
-35.590255 [  8.313   3.813 -13.937] [ 1.93  2.35  9.49]
-35.693802 [  8.438   4.875 -13.25 ] [ 2.11  2.24  9.5 ]
-35.797929 [  8.75    6.125 -11.312] [ 2.33  1.91  9.56]
-35.901155 [  8.875   7.438 -10.437] [ 2.55  1.77  9.56]
-36.005303 [  8.938   9.063 -10.062] [ 1.52  1.69  9.53]
-36.109184 [  9.     10.875 -10.   ] [ 1.85  1.67  9.48]
-36.211757 [  8.875  12.    -10.75 ] [ 2.03  1.79  9.42]
-36.314483 [  8.75   12.875 -11.062] [ 2.18  1.83  9.38]
-36.417495 [  9.     13.625 -10.062] [ 2.3   1.68  9.38]
-36.520509 [  9.188  14.188  -9.   ] [ 2.41  1.49  9.38]
-36.623127 [  9.5    14.125  -7.625] [ 2.39  1.26  9.42]
-36.725681 [  9.938  13.875  -5.937] [ 2.36  0.99  9.46]
-36.828393 [  9.875  13.063  -5.687] [ 2.25  0.95  9.49]
-36.93156 [  9.563  10.25   -4.75 ] [ 1.75  0.79  9.61]
-37.035001 [ 9.063  5.875 -3.687] [ 2.29  0.63  9.73]
-37.139452 [ 8.375  0.625 -2.5  ] [ 1.38  0.43  9.79]
