-0.07487 [ 6.313 -2.062 -8.5  ] [-0.35  1.45  9.69]
-0.178456 [ 5.563 -8.5   -7.062] [-0.17  1.19  9.62]
-0.280201 [  5.188 -10.125  -2.812] [-0.44  0.47  9.64]
-0.381592 [  5.063 -11.25   -0.062] [-0.63  0.01  9.61]
-0.482768 [  4.875 -11.562   2.063] [-0.69 -0.35  9.59]
-0.583927 [  4.875 -11.25    1.875] [-0.64 -0.31  9.61]
-0.685381 [  5.    -10.562   1.5  ] [-0.52 -0.26  9.63]
-0.787096 [ 5.125 -9.625  1.063] [-0.36 -0.18  9.66]
-0.888808 [ 5.125 -9.062 -0.125] [-0.28  0.01  9.68]
-0.990509 [ 5.    -7.937 -0.75 ] [-0.07  0.12  9.71]
-1.091911 [  5.    -15.187  -1.562] [-1.23  0.26  9.72]
-1.1934 [ 4.938 -6.25  -2.562] [-1.07  0.44  9.73]
-1.294863 [ 4.875 -6.    -4.562] [-1.02  0.77  9.72]
-1.396509 [ 4.75  -5.75  -7.312] [-0.98  1.24  9.67]
-1.498213 [ 3.312 -5.562 -9.5  ] [-0.95  1.61  9.62]
-1.600021 [  4.625  -5.5   -11.687] [-0.94  1.94  9.56]
-1.70167 [  4.5    -5.187 -14.5  ] [-0.89  2.45  9.45]
-1.803024 [  4.563  -4.75  -18.312] [-0.81  3.07  9.27]
-1.90533 [  4.875  -4.062 -18.937] [-0.7   3.17  9.25]
-2.008771 [  5.063  -3.562 -18.562] [-0.62  3.12  9.27]
-2.111081 [  5.188  -3.    -18.062] [-0.52  3.03  9.3 ]
-2.212444 [  5.438  -2.125 -17.187] [-0.36  2.89  9.36]
-2.313929 [  5.75   -0.375 -15.875] [-0.06  2.68  9.43]
-2.416401 [  1.75    2.188 -14.562] [ 1.65  2.46  9.48]
-2.519577 [  6.5     3.563 -13.437] [ 1.88  2.29  9.51]
-2.621932 [  6.938   4.625 -12.75 ] [ 2.07  2.16  9.53]
-2.723466 [  7.563   5.813 -11.   ] [ 2.27  1.87  9.57]
-2.825094 [  7.75    6.938 -10.062] [ 2.47  1.7   9.58]
-2.927952 [  7.875   8.5   -10.312] [ 1.45  1.73  9.54]
-3.031427 [  8.125  11.25  -10.875] [ 1.88  1.8   9.45]
-3.13338 [  8.313  12.188 -10.   ] [ 2.07  1.67  9.43]
-3.234831 [  8.625  13.125  -9.   ] [ 2.22  1.5   9.43]
-3.336309 [  8.813  13.813  -8.187] [ 2.35  1.36  9.42]
-3.437656 [  8.938  14.375  -7.312] [ 2.44  1.2   9.41]
-3.53913 [  9.     14.563  -6.812] [ 2.46  1.13  9.42]
-3.640715 [  8.813  13.563  -6.812] [ 2.3   1.13  9.46]
-3.74219 [  8.75   11.688  -6.375] [ 2.02  1.08  9.53]
-3.843664 [ 8.563  8.063 -5.437] [ 1.37  0.92  9.66]
-3.944958 [ 8.688  3.188 -4.25 ] [ 1.83  0.72  9.76]
-4.046402 [ 8.313 -0.937 -3.187] [-0.17  0.54  9.78]
-4.14785 [ 7.75  -5.125 -2.125] [-0.88  0.36  9.76]
-4.249341 [ 7.125 -9.312 -1.125] [-0.31  0.19  9.67]
-4.350814 [  7.063 -11.     -0.062] [-0.59  0.01  9.62]
-4.452751 [  7.    -11.437   0.5  ] [-0.66 -0.08  9.61]
-4.554839 [  7.    -11.562   0.938] [-0.68 -0.16  9.6 ]
-4.656761 [  6.938 -11.062   1.375] [-0.6  -0.23  9.62]
-4.758207 [  7.    -10.312   1.313] [-0.48 -0.22  9.64]
-4.861613 [  1.125 -10.437   1.063] [-0.5  -0.17  9.64]
-4.964353 [ 6.75  -9.25   0.375] [-0.3  -0.07  9.67]
-5.066203 [ 6.563 -8.187  0.063] [-0.12 -0.02  9.7 ]
-5.167933 [ 6.375 -7.062 -0.375] [-1.21  0.06  9.73]
-5.27096 [ 6.188 -6.187 -1.062] [-1.06  0.18  9.74]
-5.374289 [ 5.938 -5.187 -2.75 ] [-0.9   0.44  9.75]
-5.476537 [ 5.75  -4.5   -4.687] [-0.77  0.8   9.74]
-5.57869 [ 5.5   -3.562 -6.375] [-0.61  1.09  9.72]
-5.688346 [ 5.563 -2.812 -7.437] [-0.48  1.26  9.71]
-5.790181 [ 5.438 -2.187 -8.687] [-0.37  1.48  9.68]
-5.893429 [  5.438  -1.5   -10.   ] [-0.26  1.71  9.65]
-5.995476 [  5.5    -0.937 -11.25 ] [-0.17  1.9   9.61]
-6.097419 [  5.563  -0.625 -12.562] [-0.1   2.14  9.56]
-6.199137 [  5.688   0.125 -14.562] [ 1.3   2.47  9.48]
-6.300763 [  6.      0.375 -19.125] [ 1.35  3.21  9.26]
-6.402239 [  7.625   0.688 -18.25 ] [ 1.4   3.08  9.3 ]
-6.503709 [  9.125   1.75  -14.937] [ 1.57  2.53  9.46]
-6.60566 [ 10.      2.875 -13.5  ] [ 0.47  2.3   9.52]
-6.707619 [ 10.563   4.063 -12.687] [ 1.98  2.15  9.54]
-6.80934 [ 11.125   5.563 -10.937] [ 2.23  1.85  9.58]
-6.911749 [ 3.375  6.625 -9.937] [ 1.13  1.68  9.59]
-7.015166 [ 11.5     8.     -9.562] [ 1.33  1.61  9.57]
-7.11765 [ 11.5    9.75  -9.75] [ 1.66  1.63  9.52]
-7.219076 [ 11.438  10.625 -10.5  ] [ 1.81  1.76  9.47]
-7.320762 [ 11.438  11.688 -10.812] [ 1.98  1.8   9.43]
-7.425902 [ 11.563  12.188  -9.75 ] [ 2.06  1.64  9.44]
-7.528465 [ 11.688  12.5    -8.937] [ 2.12  1.49  9.45]
-7.629944 [ 11.813  12.5    -7.812] [ 2.12  1.3   9.48]
-7.732246 [  3.938  12.063  -6.625] [ 2.05  1.11  9.52]
-7.83603 [ 11.875  10.875  -6.312] [ 1.89  1.06  9.56]
-7.93863 [ 11.938   7.625  -5.25 ] [ 1.3   0.89  9.67]
-8.040197 [ 11.813   3.125  -4.187] [ 1.82  0.72  9.76]
-8.141665 [ 11.438  -1.062  -3.   ] [-0.18  0.51  9.79]
-8.243008 [ 10.75   -4.687  -1.312] [-0.81  0.23  9.77]
-8.344562 [ 9.938 -8.25  -0.375] [-0.13  0.06  9.7 ]
-8.445995 [  9.25  -11.187   0.688] [-0.63 -0.12  9.61]
-8.547668 [  9.375 -11.687   2.063] [-0.7  -0.35  9.59]
-8.649221 [  9.5  -11.75   2.25] [-0.72 -0.38  9.59]
-8.751094 [  9.5   -11.5     2.125] [-0.67 -0.35  9.6 ]
-8.852494 [  8.875 -10.687   1.75 ] [-0.54 -0.29  9.63]
-8.954532 [  6.625 -10.25    1.313] [-0.46 -0.22  9.64]
-9.056525 [ 4.063 -9.125  0.75 ] [-0.28 -0.12  9.68]
-9.158469 [ 0.688 -6.812  1.063] [-1.19 -0.17  9.73]
-9.260644 [  9.00000000e+00   2.04337500e+03   1.68800000e+00] [-0.79 -0.29  9.76]
-9.36185 [ 10.75   -4.625   1.438] [-0.79 -0.24  9.77]
-9.46372 [ 12.312  -4.562   0.25 ] [-0.78 -0.04  9.77]
-9.566665 [ 13.812  -3.625  -1.437] [-0.62  0.24  9.78]
-9.669629 [ 14.312  -1.937  -2.   ] [-0.36  0.34  9.79]
-9.771638 [ 14.437  -2.125  -3.437] [-0.37  0.59  9.78]
-9.872827 [ 14.437  -2.5    -5.687] [-0.43  0.97  9.74]
-9.974775 [ 14.5    -2.687  -9.062] [-0.45  1.54  9.67]
-10.077934 [ 14.5    -1.562 -13.062] [-0.27  2.21  9.54]
-10.18073 [ 14.5     0.125 -19.687] [ 0.    3.17  9.27]
-10.282461 [ 12.812   1.375 -21.812] [ 1.51  3.65  9.09]
-10.384217 [ 10.75    1.563 -20.375] [ 1.55  3.41  9.18]
-10.486642 [  9.875   2.188 -17.812] [ 1.65  2.99  9.32]
-10.589996 [  8.75    3.063 -14.75 ] [ 1.79  2.52  9.46]
-10.692279 [    8.25      3.938  2034.5  ] [ 1.96  2.29  9.51]
-10.79391 [  0.25    5.125 -12.812] [ 2.15  2.17  9.52]
-10.895249 [  0.813   6.625 -10.937] [ 2.41  1.85  9.56]
-10.996885 [  0.938   7.75  -10.125] [ 1.32  1.71  9.56]
-11.098462 [ 1.063  8.875 -9.937] [ 1.52  1.67  9.54]
-11.199959 [  1.375  11.5   -10.312] [ 1.96  1.72  9.45]
-11.301598 [  1.5    12.625  -9.75 ] [ 2.13  1.63  9.43]
-11.403098 [  1.625  13.125  -9.25 ] [ 2.23  1.54  9.42]
-11.50455 [  1.75   13.688  -8.75 ] [ 2.32  1.45  9.41]
-11.60619 [  1.813  14.     -8.125] [ 2.37  1.35  9.41]
-11.708004 [  1.938  13.813  -7.125] [ 2.34  1.18  9.44]
-11.809628 [  2.     13.5    -6.375] [ 2.29  1.06  9.47]
-11.911586 [  1.688  12.063  -6.125] [ 2.08  1.04  9.52]
-12.013388 [ 1.     8.938 -5.187] [ 1.53  0.88  9.64]
-12.115014 [ 8.062  4.688 -4.125] [ 2.09  0.7   9.74]
-12.216571 [ 9.687  0.25  -3.   ] [ 1.32  0.51  9.79]
-12.319131 [ 11.437  -4.375  -1.812] [-0.75  0.31  9.77]
-12.422765 [ 13.187  -8.875  -0.687] [-1.48  0.13  9.69]
-12.524857 [ 13.25  -9.5    0.  ] [-0.34  0.    9.67]
-12.626399 [ 13.25   -9.937   0.625] [-1.7  -0.1   9.65]
-12.72793 [ 13.187 -10.125   1.125] [-0.45 -0.18  9.65]
-12.830442 [ 13.062  -9.812   1.5  ] [-0.39 -0.26  9.65]
-12.933361 [ 13.062 -10.187   1.625] [-0.44 -0.27  9.64]
-13.035156 [ 13.062  -9.625   1.188] [-0.36 -0.2   9.66]
-13.136683 [ 13.187  -8.187   0.438] [-0.11 -0.07  9.7 ]
-13.238469 [ 13.312  -6.812   0.   ] [-1.16  0.    9.73]
-13.341356 [ 13.437  -5.812  -0.312] [-1.    0.05  9.75]
-13.444844 [ 13.437  -4.812  -1.125] [-0.83  0.18  9.76]
-13.547127 [ 13.687  -3.937  -2.25 ] [-0.68  0.38  9.77]
-13.64886 [ 13.937  -2.937  -3.875] [-0.51  0.67  9.77]
-13.750396 [ 14.187  -2.     -5.312] [-0.34  0.91  9.75]
-13.851764 [ 14.187  -1.25   -6.562] [-0.22  1.12  9.73]
-13.953148 [ 14.25   -0.687  -7.625] [-0.12  1.31  9.71]
-14.054819 [ 14.187   0.     -9.25 ] [-0.01  1.55  9.68]
-14.156509 [ 14.187   0.313 -10.437] [ 1.34  1.77  9.64]
-14.257901 [ 14.125   0.125 -12.   ] [ 1.3   2.04  9.59]
-14.359334 [ 13.375  -0.062 -15.312] [-0.01  2.59  9.45]
-14.460781 [ 12.187   0.063 -19.062] [ 1.29  3.21  9.26]
-14.562057 [ 10.437   0.125 -17.187] [ 1.3   2.9   9.36]
-14.663391 [  9.25    1.125 -14.5  ] [ 1.47  2.46  9.49]
-14.765156 [  8.937   2.688 -13.437] [ 1.71  2.29  9.52]
-14.867093 [  8.437   4.313 -12.5  ] [ 2.01  2.12  9.54]
-14.971094 [  8.125   5.875 -10.312] [ 2.28  1.75  9.59]
-15.074563 [ 0.     7.188 -9.562] [ 1.21  1.61  9.59]
-15.17733 [ 8.187  9.438 -9.875] [ 1.61  1.66  9.52]
-15.278892 [  8.375  11.75  -10.687] [ 2.    1.78  9.43]
-15.380473 [  8.125  12.688  -9.625] [ 2.15  1.6   9.43]
-15.482785 [  0.063  13.563  -8.812] [ 2.3   1.46  9.41]
-15.586172 [  0.313  14.563  -7.687] [ 2.45  1.29  9.4 ]
-15.688471 [  0.188  15.063  -7.5  ] [ 2.55  1.24  9.38]
-15.789915 [  8.25   14.313  -7.687] [ 2.42  1.27  9.41]
-15.891583 [  8.875  13.     -7.437] [ 2.21  1.23  9.47]
-15.994331 [  9.375  11.375  -7.125] [ 1.94  1.19  9.53]
-16.097628 [ 10.125   7.438  -6.   ] [ 1.34  1.03  9.65]
-16.199579 [ 11.5     2.938  -4.375] [ 1.79  0.74  9.76]
-16.300931 [ 12.375  -0.812  -2.687] [-0.14  0.46  9.79]
-16.404602 [ 13.312  -4.562  -1.312] [-0.78  0.23  9.77]
-16.506295 [ 14.375  -8.187  -0.375] [-0.12  0.06  9.7 ]
-16.607626 [ 14.625  -9.937   0.75 ] [-0.4  -0.11  9.66]
-16.709393 [ 14.562 -10.562   2.188] [-0.52 -0.36  9.63]
-16.81124 [ 14.625 -10.812   2.188] [-0.56 -0.37  9.62]
-16.912498 [ 14.437 -10.5     2.063] [-0.5  -0.35  9.63]
-17.013954 [ 14.25   -9.812   1.688] [-0.39 -0.28  9.65]
-17.115389 [ 14.187  -9.625   1.25 ] [-0.36 -0.21  9.66]
-17.216725 [ 14.312  -8.562   0.563] [-0.18 -0.1   9.69]
-17.318448 [ 14.5    -7.312   0.063] [-1.28 -0.02  9.72]
-17.420167 [ 14.562  -6.125  -0.312] [ -1.05000000e+00   5.00000000e-02  -3.17940000e+02]
-17.521616 [ 14.75   -5.187  -0.812] [-0.88  0.14  9.76]
-17.623036 [ 15.187  -4.125  -2.125] [-0.71  0.36  9.77]
-17.725378 [ 15.5    -2.937  -3.687] [-0.5   0.63  9.77]
-17.828838 [ 15.687  -1.937  -5.062] [-0.35  0.85  9.76]
-17.933354 [ 15.812  -1.187  -5.875] [-0.21  1.    9.75]
-18.035115 [ 15.875  -0.5    -6.875] [-0.08  1.17  9.73]
-18.138439 [ 16.     -0.062  -8.5  ] [ 1.28  1.43  9.7 ]
-18.241089 [ 15.625  -0.937 -10.312] [-0.16  1.75  9.64]
-18.342797 [ 15.187  -1.625 -12.625] [-0.28  2.14  9.56]
-18.444364 [ 14.562  -1.5   -16.687] [-0.26  2.81  9.38]
-18.547096 [ 13.125  -1.125 -19.25 ] [-0.19  3.24  9.25]
-18.650486 [ 10.875  -0.5   -16.187] [-0.1   2.79  9.39]
-18.752839 [ 10.125   1.5   -14.437] [ 1.54  2.45  9.49]
-18.854114 [  9.875   3.875 -13.625] [ 1.94  2.3   9.5 ]
-18.955437 [  9.562   4.813 -12.812] [ 2.1   2.17  9.52]
-19.057084 [  8.937   5.938 -11.062] [ 1.01  1.88  9.57]
-19.158453 [  8.75    7.125 -10.062] [ 2.5   1.7   9.58]
-19.259963 [ 8.625  8.625 -9.687] [ 1.47  1.64  9.55]
-19.36141 [  8.437  10.625  -9.25 ] [ 1.79  1.57  9.51]
-19.465067 [  8.25   11.563  -8.875] [ 1.97  1.48  9.49]
-19.56655 [  8.187  13.     -9.375] [ 2.21  1.55  9.42]
-19.667966 [  0.188  14.     -8.   ] [ 2.37  1.33  9.42]
-19.769601 [  0.5    14.875  -6.75 ] [ 2.51  1.11  9.41]
-19.871102 [  0.125  14.5    -7.062] [ 2.46  1.16  9.41]
-19.972601 [  0.25   13.125  -6.812] [ 2.26  1.14  9.47]
-20.074791 [  0.563  11.313  -6.437] [ 1.93  1.08  9.55]
-20.176261 [ 0.875  7.813 -5.375] [ 1.33  0.91  9.67]
-20.278277 [ 1.188  3.063 -4.25 ] [ 1.8   0.72  9.76]
-20.381403 [ 0.938 -1.562 -3.125] [-0.19  0.55  9.78]
-20.483996 [ 0.313 -5.625 -1.937] [-0.96  0.33  9.75]
-20.585632 [ 9.    -9.875 -1.   ] [-0.41  0.17  9.65]
-20.687204 [  9.    -10.625  -0.25 ] [-0.53  0.04  9.63]
-20.789922 [  8.937 -11.      0.5  ] [-0.59 -0.08  9.62]
-20.895406 [  8.937 -10.937   0.875] [-0.58 -0.15  9.62]
-20.997068 [  8.812 -10.5     1.25 ] [-0.51 -0.21  9.63]
-21.099355 [  8.812 -11.125   1.5  ] [-0.61 -0.25  9.61]
-21.202777 [  8.812 -10.687   1.063] [-0.55 -0.19  9.63]
-21.305349 [ 8.875 -9.375  0.375] [-0.32 -0.07  9.67]
-21.40702 [ 9.    -7.562  0.125] [-0.01 -0.02  9.72]
-21.508634 [ 9.125 -6.375  0.   ] [-1.08  0.    9.74]
-21.610163 [ 9.375 -5.312 -0.75 ] [-0.91  0.13  9.76]
-21.711626 [ 9.812 -4.187 -2.   ] [-0.72  0.34  9.77]
-21.813031 [ 10.125  -3.125  -3.375] [-0.54  0.58  9.77]
-21.914433 [ 10.312  -2.125  -4.5  ] [-0.37  0.76  9.76]
-22.015694 [ 10.5    -1.312  -5.5  ] [-0.22  0.94  9.75]
-22.117289 [ 10.687  -0.5    -6.687] [-0.09  1.14  9.73]
-22.21863 [ 10.437  -1.375  -8.625] [-0.23  1.48  9.69]
-22.320152 [ 10.375  -2.125 -10.75 ] [-0.36  1.83  9.62]
-22.423719 [ 10.312  -2.562 -12.937] [-0.44  2.19  9.54]
-22.525902 [  9.312  -2.062 -17.812] [-0.37  2.89  9.36]
-22.627871 [  0.188  -0.187 -18.562] [-0.03  3.12  9.29]
-22.729363 [  6.      0.75  -16.187] [ 1.41  2.73  9.41]
-22.831539 [  3.375   1.563 -14.   ] [ 1.55  2.37  9.51]
-22.934668 [  4.313   2.5   -12.875] [ 1.69  2.19  9.54]
-23.037352 [  4.875   3.75  -12.   ] [ 1.92  2.03  9.57]
-23.139051 [  5.125   5.375 -10.187] [ 2.2   1.73  9.6 ]
-23.240752 [ 5.188  6.5   -9.375] [ 2.39  1.59  9.61]
-23.343623 [ 5.313  7.813 -9.062] [ 1.33  1.53  9.59]
-23.44676 [  5.313  10.188  -9.062] [ 1.71  1.51  9.53]
-23.548845 [  5.313  10.938  -9.5  ] [ 1.86  1.59  9.49]
-23.650532 [  5.188  11.875 -10.437] [ 2.02  1.74  9.43]
-23.752792 [  5.25  12.5  -10.  ] [ 2.12  1.66  9.42]
-23.855962 [  5.375  13.063  -9.062] [ 2.21  1.52  9.43]
-23.9602 [  5.5    12.813  -7.937] [ 2.17  1.32  9.46]
-24.061953 [  5.625  12.313  -6.687] [ 2.09  1.11  9.51]
-24.163472 [  5.75   11.688  -5.125] [ 1.99  0.86  9.56]
-24.264883 [  5.813  10.313  -3.5  ] [ 1.76  0.59  9.62]
-24.367629 [ 5.438  6.25  -2.562] [ 2.41  0.45  9.72]
-24.469359 [ 4.75   2.063 -1.687] [ 1.64  0.29  9.79]
-24.571113 [ 3.875 -1.812 -0.562] [-0.31  0.09  9.8 ]
-24.672492 [ 2.75  -5.937  0.375] [-1.01 -0.07  9.75]
-24.773989 [  1.313 -10.187   1.375] [-0.45 -0.23  9.64]
-24.875395 [  1.063 -11.312   2.125] [-0.65 -0.36  9.6 ]
-24.977044 [  6.937 -11.437   2.313] [-0.66 -0.39  9.6 ]
-25.079345 [  1.125 -11.125   2.438] [-1.9  -0.42  9.61]
-25.18105 [  1.188 -10.687   2.063] [-0.54 -0.35  9.62]
-25.282488 [  6.812 -10.062   1.563] [-0.44 -0.26  9.65]
-25.38739 [ 0.938 -9.437  1.125] [-0.33 -0.19  9.67]
-25.490172 [ 0.625 -7.875  0.813] [-0.06 -0.14  9.71]
-25.591875 [ 0.313 -6.687  0.5  ] [-1.14 -0.08  9.73]
-25.693378 [ 0.   -5.5  -0.25] [-0.94  0.04  9.76]
-25.795374 [ 8.375 -4.562 -1.625] [-0.78  0.28  9.77]
-25.898792 [ 8.625 -3.5   -2.875] [-0.61  0.48  9.77]
-26.001429 [ 9.  -2.5 -4. ] [-0.43  0.68  9.77]
-26.103117 [ 9.125 -1.687 -4.812] [-0.28  0.82  9.76]
-26.204488 [ 9.25  -0.812 -5.75 ] [-0.13  0.99  9.75]
-26.307332 [ 9.125 -1.562 -7.687] [-0.27  1.31  9.71]
-26.410745 [ 9.062 -2.75  -9.812] [-0.46  1.64  9.65]
-26.512827 [  9.   -3.  -11.5] [-0.51  1.96  9.59]
-26.614257 [  8.062  -2.437 -14.937] [-0.42  2.52  9.46]
-26.71566 [  1.5    -1.687 -17.375] [-0.29  2.92  9.35]
-26.817382 [  4.563  -0.562 -15.375] [-0.1   2.61  9.45]
-26.921681 [  5.563   2.063 -14.437] [ 1.58  2.46  9.48]
-27.023472 [  6.063   2.813 -13.25 ] [ 1.76  2.24  9.53]
-27.125051 [  6.5     3.688 -12.437] [ 1.92  2.11  9.55]
-27.226739 [  6.875   4.813 -10.812] [ 2.1   1.84  9.59]
-27.328385 [ 7.063  6.188 -9.812] [ 2.33  1.66  9.6 ]
-27.429962 [ 7.063  7.375 -9.375] [ 2.54  1.59  9.59]
-27.531637 [ 7.063  9.688 -9.562] [ 1.63  1.6   9.53]
-27.633398 [  6.875  10.813 -10.562] [ 1.83  1.74  9.47]
-27.734799 [  6.938  11.5   -10.062] [ 1.95  1.68  9.45]
-27.836597 [  7.125  12.188  -9.25 ] [ 2.07  1.54  9.45]
-27.93906 [  7.25   12.563  -8.375] [ 2.14  1.39  9.46]
-28.042468 [  7.438  12.5    -7.062] [ 2.13  1.2   9.49]
-28.144483 [  7.625  12.125  -6.187] [ 2.06  1.03  9.53]
-28.245971 [  7.5    10.938  -6.   ] [ 1.86  1.01  9.57]
-28.347859 [ 7.375  7.813 -5.187] [ 1.34  0.88  9.67]
-28.451106 [ 1.     3.438 -4.062] [ 1.86  0.69  9.76]
-28.554004 [ 6.188 -1.187 -2.875] [-0.13  0.51  9.79]
-28.655724 [ 5.375 -5.562 -1.625] [-0.95  0.28  9.75]
-28.757334 [  4.313 -10.062  -0.75 ] [-0.43  0.13  9.65]
-28.859885 [  4.125 -11.375   0.063] [-0.65 -0.01  9.61]
-28.962972 [  4.25  -11.75    0.688] [-0.72 -0.1   9.59]
-29.065671 [  4.25  -11.812   1.125] [-0.73 -0.19  9.59]
-29.167326 [  4.25  -11.375   1.563] [-0.65 -0.26  9.6 ]
-29.268818 [  4.188 -11.25    1.563] [-0.63 -0.26  9.61]
-29.370248 [  4.   -11.25   1.75] [-0.64 -0.29  9.61]
-29.471676 [ 3.563 -9.5    1.625] [-0.34 -0.28  9.66]
-29.573131 [ 3.063 -7.687  1.625] [-0.03 -0.28  9.71]
-29.674838 [ 2.563 -5.687  1.688] [-0.99 -0.28  9.75]
-29.776405 [ 2.063 -4.187  1.625] [-0.71 -0.28  9.77]
-29.8777 [ 1.5   -2.937  0.938] [-0.5  -0.16  9.79]
-29.979231 [ 1.063 -3.375 -0.437] [-0.58  0.07  9.78]
-30.081041 [ 0.75  -4.    -2.125] [-0.68  0.36  9.77]
-30.182479 [ 0.875 -4.25  -3.812] [-0.72  0.65  9.75]
-30.283865 [ 7.125 -4.625 -5.625] [-0.79  0.96  9.72]
-30.385818 [ 0.875 -3.375 -6.875] [-0.6   1.16  9.71]
-30.487659 [ 0.813 -2.562 -7.312] [-0.44  1.25  9.71]
-30.589309 [ 1.188 -2.562 -9.437] [-0.44  1.61  9.66]
-30.691595 [  1.75   -1.625 -12.562] [-0.28  2.14  9.56]
-30.794856 [  2.563  -0.437 -18.562] [-0.09  3.11  9.29]
-30.897279 [  4.625   0.    -16.062] [ 1.28  2.72  9.42]
-30.998874 [  5.625   1.063 -14.125] [ 0.18  2.39  9.5 ]
-31.100364 [  6.125   3.813 -13.062] [ 1.93  2.21  9.52]
-31.202758 [  6.5     4.5   -12.125] [ 2.05  2.05  9.55]
-31.305951 [  6.813   5.688 -10.937] [ 2.24  1.89  9.57]
-31.408213 [ 7.063  6.875 -9.75 ] [ 2.46  1.65  8.31]
-31.509995 [ 7.125  8.125 -9.375] [ 1.38  1.58  9.57]
-31.611392 [ 7.188  9.625 -9.25 ] [ 1.64  1.55  9.54]
-31.713836 [  7.125  10.188  -9.5  ] [ 1.74  1.59  9.51]
-31.817057 [  7.    11.25 -10.5 ] [ 1.9   1.74  9.46]
-31.919626 [  7.063  11.875 -10.   ] [ 2.02  1.66  9.45]
-32.021283 [  7.25   12.125  -9.062] [ 2.06  1.51  9.46]
-32.122639 [  7.313  11.875  -8.   ] [ 2.01  1.34  9.5 ]
-32.223922 [-1680.562     3.313    -6.812] [ 1.92  1.14  9.54]
-32.325375 [  7.563  10.5    -5.562] [ 1.79  0.93  9.59]
-32.427064 [ 7.625  8.125 -4.875] [ 1.39  0.83  9.67]
-32.528794 [ 7.5    3.375 -3.75 ] [ 1.93  0.66  9.76]
-32.630467 [ 7.188 -1.    -2.75 ] [-0.17  0.47  9.79]
-32.731878 [ 6.375 -5.25  -1.625] [-0.9   0.28  9.76]
-32.833245 [ 5.313 -9.562 -0.75 ] [-0.34  0.12  9.66]
-32.934684 [  4.938 -11.187   0.063] [-0.62 -0.01  9.61]
-33.036304 [  4.938 -11.562   0.688] [-0.69 -0.12  9.6 ]
-33.137885 [  4.938 -11.687   1.188] [-0.71 -0.2   9.59]
-33.239907 [  4.938 -11.25    1.563] [-1.93 -0.26  9.61]
-33.341933 [  4.938 -10.625   1.5  ] [-0.52 -0.25  9.63]
-33.4433 [  3.125 -10.812   1.563] [-0.56 -0.26  9.62]
-33.545659 [  4.563 -10.      1.25 ] [-0.42 -0.21  9.65]
-33.64891 [ 4.188 -8.25   0.938] [-0.15 -0.16  9.69]
-33.751165 [ 3.813 -7.     0.625] [-1.19 -0.11  9.73]
-33.852567 [ 3.313 -5.75  -0.062] [-0.98  1.29  9.75]
-33.953896 [ 5.187 -4.5   -1.125] [-0.77  0.19  9.77]
-34.056211 [ 2.375 -3.312 -2.375] [-0.56  0.4   9.78]
-34.159389 [ 2.    -2.062 -3.312] [-0.38  0.55  9.78]
-34.261636 [ 1.75  -1.437 -4.125] [-0.25  0.7   9.77]
-34.363346 [ 1.938 -2.75  -5.937] [-0.47  1.01  9.74]
-34.465041 [ 1.875 -3.687 -7.75 ] [-0.63  1.32  9.69]
-34.567959 [ 6.    -3.937 -9.25 ] [-0.67  1.58  9.65]
-34.671394 [  2.688  -3.875 -11.937] [-0.69  1.97  9.58]
-34.773506 [  3.5    -1.625 -16.187] [-0.28  2.73  9.41]
-34.874828 [  5.25    0.    -26.437] [ 1.28  3.1   9.3 ]
-34.976207 [  7.625   0.188 -15.875] [ 1.32  2.68  9.43]
-35.077669 [  8.438   1.125 -13.687] [ 1.47  2.32  9.52]
-35.179248 [  8.625   2.188 -12.625] [ 1.65  2.14  9.56]
-35.280587 [  8.688   3.688 -11.   ] [ 1.91  1.87  9.6 ]
-35.382076 [ 8.625  5.313 -9.312] [ 2.15  1.67  9.62]
-35.48366 [ 8.75   6.688 -8.437] [-325.29    1.43    9.63]
-35.585121 [ 8.813  8.625 -8.312] [ 1.47  1.4   9.59]
-35.686564 [  8.813  10.25   -8.437] [ 1.75  1.42  9.54]
-35.788204 [  8.688  11.25   -9.062] [ 1.92  1.51  9.49]
-35.88987 [  8.688  12.5    -9.562] [ 2.12  1.59  9.44]
-35.991611 [  9.     13.313  -8.125] [ 2.25  1.35  9.44]
-36.093321 [  9.25   13.938  -6.875] [ 2.35  1.16  9.44]
-36.195057 [  9.188  13.75   -6.687] [ 2.33  1.11  9.45]
-36.296534 [  8.938  12.688  -6.625] [ 2.15  1.11  9.5 ]
-36.398762 [  8.438  11.063  -6.375] [ 1.88  1.07  9.56]
-36.501944 [ 0.437  8.063 -5.437] [ 1.38  0.92  9.66]
-36.604503 [ 6.313  3.063 -4.187] [ 1.8   0.72  9.76]
-36.706164 [ 5.625 -1.25  -3.187] [-0.21  0.55  9.78]
