The flat matrix is [[ -1.68806200e+03  -9.00000000e+00   2.04137500e+03]
 [ -1.70000000e-01  -3.25210000e+02   8.20000000e+00]] 
-0.078653 [ 1696.875     7.063 -2057.375] [ -1.70000000e-01   3.27940000e+02   1.21000000e+00]290.872295 287.698581 276.1783385 259.5382815 274.4868425 281.419723 290.8160115 287.4718655 
-0.181271 [ 1697.        7.125 -2057.   ] [ -1.50000000e-01   3.27850000e+02   1.23000000e+00]291.664354 290.798717 278.0862115 259.0948 270.521465 279.274399 291.614545 290.611514 
-0.282707 [ 1697.437     8.5   -2048.75 ] [  8.00000000e-02   3.27810000e+02   1.25000000e+00]292.3482305 293.2001265 279.6807535 258.96841 266.862399 277.14347 292.306466 293.0657785 
-0.384117 [ 1697.437     8.625 -2056.812] [  1.10000000e-01   3.27820000e+02   1.25000000e+00]292.8938985 294.7391295 281.020237 259.2163475 263.758344 275.045179 292.863042 294.6633845 
-0.485427 [ 1697.437     8.938 -2056.812] [  1.60000000e-01   3.27820000e+02   1.25000000e+00]293.23648 295.4537835 282.1629355 259.8958485 261.458002 272.9977675 293.221591 295.429675 
-0.586883 [ 1697.5       9.313 -2056.75 ] [   1.5   327.82    1.25]293.299138 295.4513735 283.167122 261.064149 260.208839 271.0194745 293.305315 295.471734 
-0.688671 [ 1697.75      9.813 -2056.687] [   1.59  327.8     1.25]293.0050225 294.839248 284.0910695 262.7784845 260.1139185 269.128272 293.037371 294.896912 
-0.790344 [ 1697.75      9.875 -2056.625] [   1.6   327.79    1.25]292.277286 293.7247545 284.993051 265.096091 260.9984015 267.341617 292.3409155 293.8125605 
-0.892748 [ 1697.75      9.875 -2056.625] [   1.6   327.79    1.25]291.0390795 292.2152415 285.927043 268.060712 262.6558735 265.676909 291.1391055 292.3260305 
-0.994393 [ 1697.75      9.875 -2056.625] [   1.61  327.79    1.25]289.213554 290.4180565 286.8994185 271.566597 264.87992 264.1515455 289.3550975 290.5446735 
-1.096995 [ 1697.75      9.813 -2056.625] [   1.59  327.79    1.25]286.723861 288.4405475 287.886912 275.414926 267.464127 262.7829255 286.9120475 288.57584 
-1.19871 [ 1697.625     9.063 -2056.062] [   1.46  327.7     1.28]283.5335915 286.3789945 288.865813 279.405474 270.20208 261.5884475 283.7652715 286.5180785 
-1.300906 [ 1697.375     7.875 -2056.312] [ -1.00000000e-02   3.27740000e+02   1.27000000e+00]279.8206675 284.271014 289.8124085 283.338016 272.8873645 260.5855105 280.0794465 284.41263 
-1.403278 [ 1697.312     7.188 -2056.25 ] [ -1.40000000e-01   3.27730000e+02   1.27000000e+00]275.8337465 282.134863 290.7029875 287.0123265 275.314403 259.791639 276.1030515 282.2777975 
-1.504729 [ 1697.187     6.5   -2056.   ] [ -2.60000000e-01   3.27690000e+02   1.27000000e+00]271.821531 279.9887855 291.513838 290.228181 277.3639255 259.237347 272.084786 280.1318225 
-1.606508 [ 1689.        5.688 -2055.5  ] [  -0.4   327.6     1.29]268.032723 277.8510255 292.221248 292.7853535 279.076807 258.977252 268.273351 277.9929465 
-1.7101 [ 1696.937     5.188 -2054.937] [  -0.47  327.51    1.31]264.716024 275.7398285 292.798554 294.5007045 280.511321 259.0685905 264.917448 275.8794115 
-1.81298 [ 1696.875     4.813 -2054.562] [  -0.54  327.44    1.32]262.1201365 273.673438 293.1878985 295.371653 281.725741 259.5685975 262.2657765 273.809459 
-1.914891 [ 1696.812     4.375 -2054.437] [  -0.63  327.42    1.31]260.4937625 271.6700985 293.312689 295.504068 282.7783395 260.53451 260.567038 271.801331 
-2.017066 [ 1696.812     4.    -2054.312] [  -0.68  327.4     1.31]260.0265385 269.747944 293.0960765 295.0052975 283.7273895 262.023563 260.022799 269.8731815 
-2.120363 [ 1696.75      3.875 -2054.312] [  -0.7   327.39    1.31]260.607486 267.9245445 292.461212 293.98269 284.6311645 264.0929925 260.5402905 268.04262 
-2.223228 [ 1696.75      3.875 -2054.312] [  -0.71  327.4     1.31]262.0302285 266.2172905 291.331247 292.543593 285.547638 266.799093 261.9133365 266.327045 
-2.325255 [ 1696.75      3.813 -2054.375] [  -0.71  327.41    1.31]264.088352 264.6435735 289.629333 290.7953545 286.507326 270.111937 263.935523 264.743856 
-2.427824 [ 1696.75      3.75  -2054.437] [  -0.73  327.42    1.31]266.575442 263.2207845 287.2786215 288.8453225 287.491618 273.8473155 266.4004355 263.3104505 
-2.531571 [ 1696.75      3.688 -2054.625] [  -0.73  327.44    1.3 ]269.285083 261.966315 284.221411 286.7956045 288.4768015 277.805003 269.1016595 262.044228 
-2.634321 [ 1696.937     3.875 -2055.25 ] [  -0.71  327.56    1.27]272.010861 260.897555 280.5931305 284.6954475 289.4391645 281.784774 271.8327815 260.962587 
-2.736069 [ 1697.125     4.125 -2056.125] [  -0.66  327.7     1.24]274.546361 260.0318965 276.641113 282.563471 290.3549955 285.5864045 274.387386 260.082926 
-2.837954 [ 1697.562     4.5   -2056.812] [  -0.6   327.82    1.22]276.721035 259.392133 272.61406 280.417919 291.200583 289.009668 276.5877765 259.4269655 
-2.93988 [ 1697.75      4.688 -2057.312] [  -0.57  327.89    1.2 ]278.539657 259.027469 268.7606745 278.2770365 291.9522145 291.8543405 278.4283215 259.042323 
-3.041554 [ 1698.        4.813 -2057.937] [  -0.55  328.      1.17]280.060486 258.995166 265.3296575 276.159067 292.5859545 293.92149 279.96719 258.98622 
-3.143576 [ 1698.312     4.938 -2058.687] [  -0.53  328.11    1.13]281.3417965 259.3524875 262.5697115 274.082256 293.0596035 295.117909 281.262655 259.3158915 
-3.24568 [ 1698.562     5.75  -2059.375] [  -0.39  328.24    1.1 ]282.4418605 260.156697 260.7295385 272.064847 293.2994375 295.5328555 282.372989 260.088573 
-3.347346 [ 1698.625     6.75  -2059.812] [ -2.20000000e-01   3.28310000e+02   1.09000000e+00]283.418951 261.4650575 260.029529 270.125031 293.228608 295.2736775 283.356466 261.3615015 
-3.448697 [ 1698.625     6.688 -2059.75 ] [ -2.20000000e-01   3.28300000e+02   1.09000000e+00]284.331342 263.3348335 260.4173475 268.280489 292.770266 294.447723 284.271358 263.1919125 
-3.550654 [ 1698.625     6.688 -2059.75 ] [ -2.30000000e-01   3.28300000e+02   1.09000000e+00]285.2373055 265.8232875 261.6882445 266.548615 291.8475635 293.16234 285.1759395 265.6370415 
-3.654119 [ 1698.625     6.688 -2059.625] [ -2.30000000e-01   3.28290000e+02   1.10000000e+00]286.183523 268.951261 263.635805 264.9467995 290.383651 291.5248765 286.1191705 268.724883 
-3.75634 [ 1698.625     6.688 -2059.687] [ -2.30000000e-01   3.28280000e+02   1.10000000e+00]287.1622455 272.5685805 266.0536145 263.4924335 288.3016805 289.64268 287.0964665 272.3152745 
-3.857587 [ 1698.5       6.563 -2059.625] [ -2.50000000e-01   3.28280000e+02   1.10000000e+00]288.149764 276.474924 268.7352585 262.2029085 285.5263675 287.622671 288.0841385 276.208065 
-3.960784 [ 1690.375     6.438 -2059.562] [ -2.70000000e-01   3.28270000e+02   1.10000000e+00]289.122367 280.469964 271.4743225 261.0956155 282.0972185 285.5403505 289.0584755 280.20303 
-4.064144 [ 1698.437     6.813 -2059.187] [ -2.10000000e-01   3.28210000e+02   1.12000000e+00]290.056343 284.3533725 274.064391 260.1879455 278.2448515 283.4189125 289.9957645 284.0999435 
-4.16617 [ 1698.625     7.688 -2058.937] [ -6.00000000e-02   3.28170000e+02   1.14000000e+00]290.9279805 287.924822 276.3164475 259.49991 274.2179685 281.2766015 290.872295 287.698581 
-4.267717 [ 1698.75      8.375 -2058.625] [  6.00000000e-02   3.28120000e+02   1.16000000e+00]291.713568 290.983984 278.2016205 259.0756455 270.2652715 279.1316615 291.664354 290.798717 
-4.37 [ 1698.875     8.875 -2058.25 ] [  1.40000000e-01   3.28060000e+02   1.18000000e+00]292.3893945 293.3305315 279.7773465 258.972289 266.635463 277.0023375 292.3482305 293.2001265 
-4.473395 [ 1698.937     9.188 -2058.125] [  1.90000000e-01   3.28040000e+02   1.18000000e+00]292.923913 294.809561 281.1018985 259.2471045 263.5772445 274.906874 292.8938985 294.7391295 
-4.575844 [ 1698.937     9.438 -2057.937] [   1.52  328.01    1.19]293.250233 295.47106 282.23355 259.957355 261.339318 272.8635145 293.23648 295.4537835 
-4.67768 [ 1699.062     9.75  -2057.75 ] [   1.57  327.98    1.2 ]293.2915055 295.422756 283.2305735 261.1603045 260.1679005 270.8904995 293.299138 295.4513735 
-4.779776 [ 1691.062     9.875 -2057.687] [   1.6   327.96    1.2 ]292.9708795 294.7723805 284.1512425 262.9132165 260.1446915 269.00576 293.0050225 294.839248 
-4.882467 [ 1699.062     9.938 -2057.625] [   1.61  327.96    1.21]292.211505 293.627664 285.05383 265.273354 261.0871265 267.2267315 292.277286 293.7247545 
-4.98615 [ 1699.187     9.938 -2056.75 ] [   1.61  327.81    1.25]290.9365315 292.0963385 285.9909205 268.280109 262.7887915 265.5708055 291.0390795 292.2152415 
-5.088372 [ 1699.5      10.188 -2056.   ] [   1.66  327.68    1.28]289.069108 290.286135 286.965039 271.815584 265.0432715 264.055373 289.213554 290.4180565 
-5.190158 [ 1699.437    10.063 -2055.875] [   1.63  327.67    1.29]286.532385 288.304784 287.952695 275.680149 267.6441515 262.6978245 286.723861 288.4405475 
-5.291722 [ 1699.187     9.063 -2056.062] [   1.47  327.69    1.28]283.299545 286.2460445 288.930178 279.673476 270.385017 261.515552 283.5335915 286.3789945 
-5.393549 [ 1699.        8.    -2056.187] [   0.    327.72    1.27]279.560583 284.143128 289.873776 283.595237 273.0594535 260.5259455 279.8206675 284.271014 
-5.495246 [ 1698.937     7.063 -2056.187] [ -1.50000000e-01   3.27720000e+02   1.27000000e+00]275.564206 282.012848 290.759778 287.2451045 275.46268 259.746643 275.8337465 282.134863 
-5.59694 [ 1698.812     6.5   -2055.812] [ -2.60000000e-01   3.27660000e+02   1.28000000e+00]271.5591225 279.87202 291.5644725 290.4227505 277.4879485 259.210049 271.821531 279.9887855 
-5.698158 [ 1698.687     5.75  -2055.375] [  -0.38  327.58    1.29]267.794042 277.7374575 292.2641485 292.927847 279.1804605 258.9714575 268.032723 277.8510255 
-5.799512 [ 1698.562     5.375 -2054.875] [  -0.45  327.5     1.31]264.517672 275.625975 292.831206 294.5826045 280.5984895 259.088133 264.716024 275.7398285 
-5.901289 [ 1698.562     4.875 -2054.5  ] [  -0.54  327.43    1.32]261.978722 273.554387 293.2053135 295.398992 281.800308 259.617338 262.1201365 273.673438 
-6.003513 [ 1698.812     4.063 -2054.437] [  -0.68  327.42    1.31]260.4258995 271.5395075 293.3097435 295.48403 282.84419 260.616336 260.4937625 271.6700985 
-6.10514 [ 1699.125     3.438 -2054.312] [  -0.78  327.39    1.31]260.0350505 269.5990975 293.0676455 294.94545 283.788408 262.1423915 260.0265385 269.747944 
-6.20728 [ 1699.375     3.188 -2054.25 ] [  -0.82  327.38    1.3 ]260.6786675 267.75486 292.4021685 293.8909835 284.6912355 264.252767 260.607486 267.9245445 
-6.308927 [ 1699.5       3.063 -2054.187] [  -0.85  327.37    1.3 ]262.1503115 266.029523 291.236463 292.4283615 285.6103755 267.0029375 262.0302285 266.2172905 
-6.410599 [ 1699.562     3.    -2054.25 ] [  -0.85  327.39    1.3 ]264.243544 264.4458145 289.4936775 290.6653145 286.572439 270.350685 264.088352 264.6435735 
-6.512803 [ 1699.5       3.188 -2054.5  ] [  -0.83  327.43    1.29]266.751925 263.026463 287.0969625 288.709575 287.5575255 274.107653 266.575442 263.2207845 
-6.616405 [ 1699.687     3.375 -2054.937] [  -0.79  327.49    1.28]269.4690165 261.794197 283.9945615 286.661865 288.541923 278.0735145 269.285083 261.966315 
-6.718904 [ 1699.937     3.625 -2055.312] [  -0.75  327.56    1.27]272.188379 260.7717445 280.336927 284.5664385 289.5019205 282.0479415 272.010861 260.897555 
-6.820528 [ 1700.187     3.875 -2055.875] [  -0.71  327.65    1.25]274.703573 259.981833 276.3721365 282.440286 290.4138065 285.8306055 274.546361 260.0318965 
-6.923164 [ 1700.562     4.188 -2056.625] [  -0.65  327.78    1.22]276.4536395 259.4632355 272.348898 280.3002225 291.253869 289.2211795 276.721035 259.392133 
-7.026711 [ 1700.687     4.625 -2057.375] [  -0.59  327.89    1.2 ]278.316905 259.058985 268.51592 278.163062 291.998398 292.019335 278.539657 259.027469 
-7.129253 [ 1700.75      4.813 -2058.062] [  -0.54  328.02    1.16]279.8742745 258.979296 265.121911 276.045618 292.6232675 294.02714 280.060486 258.995166 
-7.230912 [ 1692.875     5.563 -2058.75 ] [  -0.41  328.14    1.13]281.1840955 259.2814405 262.4155805 273.964706 293.083728 295.166232 281.3417965 259.3524875 
-7.333312 [ 1693.187     6.688 -2059.437] [ -2.20000000e-01   3.28250000e+02   1.11000000e+00]282.3047155 260.02269 260.645636 271.9371395 293.3052515 295.530882 282.4418605 260.156697 
-7.436675 [ 1701.187     6.688 -2059.937] [ -2.20000000e-01   3.28330000e+02   1.08000000e+00]283.2944815 261.2603165 260.023857 269.980213 293.2109865 295.2288215 283.418951 261.4650575 
-7.539413 [ 1701.187     6.688 -2060.   ] [ -2.20000000e-01   3.28340000e+02   1.08000000e+00]284.2117415 263.0515915 260.477096 268.114923 292.7240835 294.367782 284.331342 263.3348335 
-7.641047 [ 1701.187     6.75  -2059.937] [ -2.20000000e-01   3.28330000e+02   1.08000000e+00]285.1148425 265.453788 261.7996495 266.3639875 291.767691 293.055494 285.2373055 265.8232875 
-7.742467 [ 1701.187     6.75  -2059.937] [ -2.20000000e-01   3.28330000e+02   1.08000000e+00]286.054772 268.5010855 263.7850795 264.750135 290.2649595 291.3996895 286.183523 268.951261 
-7.844127 [ 1701.187     6.625 -2059.875] [ -2.40000000e-01   3.28320000e+02   1.09000000e+00]287.0303905 272.06413 266.226946 263.296094 288.1390385 289.508099 287.1622455 272.5685805 
-7.945483 [ 1701.125     6.438 -2059.625] [ -2.70000000e-01   3.28280000e+02   1.10000000e+00]288.0180555 275.942965 268.9188105 262.0245925 285.3159005 287.487666 288.149764 276.474924 
-8.047201 [ 1701.187     6.5   -2059.5  ] [ -2.60000000e-01   3.28260000e+02   1.10000000e+00]288.994035 279.937356 271.6542335 260.958359 281.850767 285.4092375 289.122367 280.469964 
-8.148761 [ 1701.375     7.25  -2058.937] [ -1.40000000e-01   3.28170000e+02   1.14000000e+00]289.9345975 283.8470675 274.2267765 260.120121 277.978994 283.293358 290.056343 284.3533725 
-8.250238 [ 1701.5      8.   -2058.75] [   0.    328.13    1.15]290.8160115 287.4718655 276.0391445 259.577993 273.9492895 281.156841 290.9279805 287.924822 
-8.351877 [ 1701.625     8.563 -2058.437] [  9.00000000e-02   3.28090000e+02   1.17000000e+00]291.614545 290.611514 277.9705905 259.115703 270.0103625 279.0165015 291.713568 290.983984 
-8.45326 [ 1701.75      8.938 -2058.062] [  1.60000000e-01   3.28030000e+02   1.19000000e+00]292.306466 293.0657785 279.5844715 258.96652 266.410921 276.8891535 292.3893945 293.3305315 
-8.556056 [ 1701.875     9.125 -2057.875] [   1.48  328.      1.2 ]292.863042 294.6633845 280.9391345 259.187716 263.399674 274.791611 292.923913 294.809561 
-8.65793 [ 1693.937     9.438 -2057.562] [   1.53  327.94    1.21]293.221591 295.429675 282.092927 259.8365625 261.22533 272.7406885 293.250233 295.47106 
-8.759902 [ 1702.187    10.    -2055.937] [   1.62  327.67    1.28]293.305315 295.471734 283.104196 260.970332 260.132212 270.7532575 293.2915055 295.422756 
-8.86183 [ 1702.5      10.75  -2055.187] [   1.75  327.55    1.31]293.037371 294.896912 284.0312895 262.6462955 260.179922 268.848589 292.9708795 294.7723805 
-8.963819 [ 1694.5      10.875 -2055.5  ] [   1.77  327.6     1.3 ]292.3409155 293.8125605 284.9325545 264.921726 261.1795225 267.0491845 292.211505 293.627664 
-9.067205 [ 1702.437    10.5   -2055.687] [   1.71  327.64    1.29]291.1391055 292.3260305 285.863182 267.8439925 262.9245745 265.3777715 290.9365315 292.0963385 
-9.170268 [ 1702.437    10.313 -2055.875] [   1.67  327.66    1.29]289.3550975 290.5446735 286.8335435 271.3198505 265.208639 263.8570785 289.069108 290.286135 
-9.272116 [ 1702.312     9.938 -2056.   ] [   1.61  327.68    1.28]286.9120475 288.57584 287.820698 275.151546 267.825277 262.509834 286.532385 288.304784 
-9.37523 [ 1702.187     9.    -2056.125] [   1.45  327.7     1.28]283.7652715 286.5180785 288.800913 279.1388445 270.5680495 261.3587655 283.299545 286.2460445 
-9.478675 [ 1701.937     7.813 -2056.187] [ -2.00000000e-02   3.27720000e+02   1.27000000e+00]280.0794465 284.41263 289.7504575 283.081511 273.230517 260.426602 279.560583 284.143128 
-9.580944 [ 1701.937     7.125 -2056.187] [ -1.50000000e-01   3.27710000e+02   1.27000000e+00]276.1030515 282.2777975 290.6456 286.77931 275.164578 259.83775 275.564206 282.012848 
-9.682699 [ 1701.812     6.5   -2055.812] [ -2.60000000e-01   3.27660000e+02   1.28000000e+00]272.084786 280.1318225 291.4626075 290.0320075 277.2393875 259.2662535 271.5591225 279.87202 
-9.785231 [ 1693.687     5.688 -2055.25 ] [  -0.39  327.56    1.3 ]268.273351 277.9929465 292.1777495 292.6393675 278.973293 258.984955 267.794042 277.7374575 
-9.888655 [ 1701.625     5.313 -2054.687] [  -0.46  327.46    1.32]264.917448 275.8794115 292.7651155 294.413772 280.424641 259.0511265 264.517672 275.625975 
-9.992599 [ 1701.562     4.875 -2054.375] [  -0.54  327.41    1.32]262.2657765 273.809459 293.169408 295.337791 281.65178 259.5220405 261.978722 273.554387 
-10.095844 [ 1701.5       4.313 -2054.312] [  -0.63  327.4     1.32]260.567038 271.801331 293.3142445 295.516108 282.713057 260.454968 260.4258995 271.5395075 
-10.197994 [ 1701.437     4.    -2054.187] [  -0.69  327.38    1.32]260.022799 269.8731815 293.1227815 295.056074 283.666819 261.9071815 260.0350505 269.5990975 
-10.299696 [ 1701.437     3.875 -2054.125] [  -0.71  327.37    1.32]260.5402905 268.04262 292.518176 294.0650405 284.5714135 263.9359525 260.6786675 267.75486 
-10.40224 [ 1701.437     3.875 -2054.187] [  -0.71  327.38    1.32]261.9133365 266.327045 291.4235845 292.650358 285.4850555 266.5981365 262.1503115 266.029523 
-10.503951 [ 1701.437     3.875 -2054.312] [  -0.71  327.4     1.31]263.935523 264.743856 289.7621635 290.919378 286.442055 269.8755935 264.243544 264.4458145 
-10.605664 [ 1701.437     3.75  -2054.437] [  -0.73  327.41    1.31]266.4004355 263.3104505 287.4570695 288.9794515 287.42534 273.5889825 266.751925 263.026463 
-10.707495 [ 1701.437     3.688 -2054.562] [  -0.74  327.44    1.3 ]269.1016595 262.044228 284.4456825 286.9340365 288.4111785 277.538068 269.4690165 261.794197 
-10.809206 [ 1701.562     3.938 -2055.25 ] [  -0.7   327.56    1.27]271.8327815 260.962587 280.847816 284.8366545 289.375839 281.5226155 272.188379 260.7717445 
-10.910966 [ 1701.625     4.313 -2056.187] [  -0.64  327.7     1.24]274.387386 260.082926 276.9096385 282.7062395 290.29559 285.3423895 274.703573 259.981833 
-11.01306 [ 1701.75     4.75 -2057.  ] [  -0.56  327.84    1.21]276.5877765 259.4269655 272.879851 280.5610335 291.1466995 288.797156 276.4536395 259.4632355 
-11.114912 [ 1701.812     5.188 -2057.562] [  -0.48  327.93    1.19]278.4283215 259.042323 269.007154 278.4192785 291.9054355 291.686679 278.316905 259.058985 
-11.217555 [ 1701.875     5.313 -2058.125] [  -0.46  328.03    1.16]279.96719 258.98622 265.5402485 276.299216 292.547964 293.811321 279.8742745 258.979296 
-11.320964 [ 1701.875     5.438 -2058.812] [  -0.44  328.14    1.13]281.262655 259.3158915 262.7278345 274.2190875 293.0345225 295.063679 281.1840955 259.2814405 
-11.423639 [ 1701.875     5.563 -2059.375] [  -0.42  328.23    1.1 ]282.372989 260.088573 260.8186135 272.197135 293.2923625 295.5273945 282.3047155 260.02269 
-11.525382 [ 1701.937     5.625 -2059.75 ] [  -0.41  328.3     1.08]283.356466 261.3615015 260.040132 270.251561 293.244641 295.309819 283.2944815 261.2603165 
-11.627744 [ 1694.187     7.063 -2059.937] [ -1.60000000e-01   3.28330000e+02   1.08000000e+00]284.271358 263.1919125 260.3617425 268.40009 292.8145135 294.518303 284.2117415 263.0515915 
-11.730748 [ 1702.25      7.063 -2060.062] [ -1.70000000e-01   3.28350000e+02   1.08000000e+00]285.1759395 265.6370415 261.5801905 266.660126 291.9251375 293.2601985 285.1148425 265.453788 
-11.83378 [ 1702.25      7.063 -2059.812] [ -1.70000000e-01   3.28310000e+02   1.09000000e+00]286.1191705 268.724883 263.489062 265.0490675 290.499669 291.6428555 286.054772 268.5010855 
-11.935379 [ 1702.187     6.938 -2059.75 ] [ -1.80000000e-01   3.28300000e+02   1.09000000e+00]287.0964665 272.3152745 265.8819425 263.584314 288.4612655 289.7736255 287.0303905 272.06413 
-12.037193 [ 1702.25      6.75  -2059.562] [ -2.20000000e-01   3.28260000e+02   1.10000000e+00]288.0841385 276.208065 268.552418 262.283263 285.7338335 287.7596545 288.0180555 275.942965 
-12.14035 [ 1702.25      6.75  -2059.375] [ -2.20000000e-01   3.28230000e+02   1.11000000e+00]289.0584755 280.20303 271.294073 261.1633135 282.341727 285.6805925 288.994035 279.937356 
-12.243446 [ 1702.5       7.125 -2058.937] [ -1.60000000e-01   3.28170000e+02   1.14000000e+00]289.9957645 284.0999435 273.9004945 260.2418645 278.50983 283.561202 289.9345975 283.8470675 
-12.345513 [ 1702.687     7.938 -2058.687] [ -1.00000000e-02   3.28120000e+02   1.16000000e+00]290.872295 287.698581 276.1783385 259.5382815 274.4868425 281.419723 290.8160115 287.4718655 
-12.447927 [ 1702.812     8.625 -2058.437] [  1.00000000e-01   3.28080000e+02   1.17000000e+00]291.664354 290.798717 278.0862115 259.0948 270.521465 279.274399 291.614545 290.611514 
-12.549506 [ 1702.875     9.    -2058.125] [   1.45  328.03    1.18]292.3482305 293.2001265 279.6807535 258.96841 266.862399 277.14347 292.306466 293.0657785 
-12.651528 [ 1703.        9.25  -2057.875] [   1.49  327.99    1.2 ]292.8938985 294.7391295 281.020237 259.2163475 263.758344 275.045179 292.863042 294.6633845 
-12.753835 [ 1703.125     9.5   -2057.625] [   1.53  327.95    1.21]293.23648 295.4537835 282.1629355 259.8958485 261.458002 272.9977675 293.221591 295.429675 
-12.85571 [ 1703.187     9.875 -2057.437] [   1.6   327.92    1.22]293.299138 295.4513735 283.167122 261.064149 260.208839 271.0194745 293.305315 295.471734 
-12.957613 [ 1703.25     10.    -2057.375] [   1.62  327.92    1.22]293.0050225 294.839248 284.0910695 262.7784845 260.1139185 269.128272 293.037371 294.896912 
-13.060151 [ 1703.25     10.    -2057.375] [   1.62  327.92    1.22]292.277286 293.7247545 284.993051 265.096091 260.9984015 267.341617 292.3409155 293.8125605 
-13.163805 [ 1703.25     10.    -2056.812] [   1.62  327.85    1.24]291.0390795 292.2152415 285.927043 268.060712 262.6558735 265.676909 291.1391055 292.3260305 
-13.265902 [ 1703.312    10.063 -2055.75 ] [   1.63  327.65    1.29]289.213554 290.4180565 286.8994185 271.566597 264.87992 264.1515455 289.3550975 290.5446735 
-13.367509 [ 1703.312     9.875 -2055.5  ] [   1.6  327.6    1.3]286.723861 288.4405475 287.886912 275.414926 267.464127 262.7829255 286.9120475 288.57584 
-13.470038 [ 1703.125     9.    -2055.625] [  1.60000000e-01   3.27620000e+02   1.30000000e+00]283.5335915 286.3789945 288.865813 279.405474 270.20208 261.5884475 283.7652715 286.5180785 
-13.57323 [ 1703.        7.938 -2055.75 ] [   0.    327.65    1.29]279.8206675 284.271014 289.8124085 283.338016 272.8873645 260.5855105 280.0794465 284.41263 
-13.675795 [ 1702.875     7.063 -2055.812] [ -1.60000000e-01   3.27660000e+02   1.28000000e+00]275.8337465 282.134863 290.7029875 287.0123265 275.314403 259.791639 276.1030515 282.2777975 
-13.777475 [ 1702.75      6.625 -2055.625] [ -2.40000000e-01   3.27620000e+02   1.29000000e+00]271.821531 279.9887855 291.513838 290.228181 277.3639255 259.237347 272.084786 280.1318225 
-13.879258 [ 1702.625     5.75  -2055.125] [  -0.38  327.54    1.3 ]268.032723 277.8510255 292.221248 292.7853535 279.076807 258.977252 268.273351 277.9929465 
-13.982435 [ 1702.562     5.25  -2054.687] [  -0.47  327.46    1.32]264.716024 275.7398285 292.798554 294.5007045 280.511321 259.0685905 264.917448 275.8794115 
-14.085782 [ 1702.5       4.813 -2054.312] [  -0.54  327.4     1.33]262.1201365 273.673438 293.1878985 295.371653 281.725741 259.5685975 262.2657765 273.809459 
-14.188204 [ 1702.437     4.438 -2054.25 ] [  -0.61  327.39    1.32]260.4937625 271.6700985 293.312689 295.504068 282.7783395 260.53451 260.567038 271.801331 
-14.29048 [ 1702.375     4.063 -2054.125] [  -0.67  327.37    1.32]260.0265385 269.747944 293.0960765 295.0052975 283.7273895 262.023563 260.022799 269.8731815 
-14.393785 [ 1702.375     3.938 -2054.062] [  -0.69  327.36    1.32]260.607486 267.9245445 292.461212 293.98269 284.6311645 264.0929925 260.5402905 268.04262 
-14.496634 [ 1702.375     3.875 -2054.125] [  -0.7   327.36    1.32]262.0302285 266.2172905 291.331247 292.543593 285.547638 266.799093 261.9133365 266.327045 
-14.59856 [ 1702.375     3.875 -2054.187] [  -0.71  327.38    1.32]264.088352 264.6435735 289.629333 290.7953545 286.507326 270.111937 263.935523 264.743856 
-14.700365 [ 1702.375     3.75  -2054.312] [  -0.73  327.39    1.31]266.575442 263.2207845 287.2786215 288.8453225 287.491618 273.8473155 266.4004355 263.3104505 
-14.802124 [ 1702.375     3.688 -2054.437] [-0.73 -0.26  1.3 ]269.285083 261.966315 284.221411 286.7956045 288.4768015 277.805003 269.1016595 262.044228 
-14.904091 [ 1702.562     3.875 -2055.187] [  -0.7   327.54    1.28]272.010861 260.897555 280.5931305 284.6954475 289.4391645 281.784774 271.8327815 260.962587 
-15.006379 [ 1702.687     4.25  -2056.062] [  -0.65  327.68    1.25]274.546361 260.0318965 276.641113 282.563471 290.3549955 285.5864045 274.387386 260.082926 
-15.108333 [ 1702.875     4.75  -2056.875] [  -0.56  327.83    1.22]276.721035 259.392133 272.61406 280.417919 291.200583 289.009668 276.5877765 259.4269655 
-15.210112 [ 1702.875     5.    -2057.437] [  -0.51  327.92    1.19]278.539657 259.027469 268.7606745 278.2770365 291.9522145 291.8543405 278.4283215 259.042323 
-15.311957 [ 1703.125     6.563 -2058.062] [ -2.40000000e-01   3.28020000e+02   1.18000000e+00]280.060486 258.995166 265.3296575 276.159067 292.5859545 293.92149 279.96719 258.98622 
-15.413555 [ 1703.125     6.625 -2058.437] [ -2.40000000e-01   3.28080000e+02   1.16000000e+00]281.3417965 259.3524875 262.5697115 274.082256 293.0596035 295.117909 281.262655 259.3158915 
-15.515658 [ 1695.187     6.563 -2058.875] [ -2.40000000e-01   3.28160000e+02   1.14000000e+00]282.4418605 260.156697 260.7295385 272.064847 293.2994375 295.5328555 282.372989 260.088573 
-15.618063 [ 1703.375     6.563 -2059.25 ] [ -2.50000000e-01   3.28210000e+02   1.12000000e+00]283.418951 261.4650575 260.029529 270.125031 293.228608 295.2736775 283.356466 261.3615015 
-15.719483 [ 1703.375     6.5   -2059.312] [ -2.50000000e-01   3.28230000e+02   1.12000000e+00]284.331342 263.3348335 260.4173475 268.280489 292.770266 294.447723 284.271358 263.1919125 
-15.82092 [ 1703.375     6.5   -2059.312] [ -2.50000000e-01   3.28230000e+02   1.12000000e+00]285.2373055 265.8232875 261.6882445 266.548615 291.8475635 293.16234 285.1759395 265.6370415 
-15.923084 [ 1703.375     6.563 -2059.375] [ -2.50000000e-01   3.28240000e+02   1.11000000e+00]286.183523 268.951261 263.635805 264.9467995 290.383651 291.5248765 286.1191705 268.724883 
-16.026453 [ 1703.062     6.563 -2059.625] [ -2.40000000e-01   3.28280000e+02   1.10000000e+00]287.1622455 272.5685805 266.0536145 263.4924335 288.3016805 289.64268 287.0964665 272.3152745 
-16.128896 [ 1702.5       6.5   -2059.625] [ -2.60000000e-01   3.28280000e+02   1.10000000e+00]288.149764 276.474924 268.7352585 262.2029085 285.5263675 287.622671 288.0841385 276.208065 
-16.230324 [ 1702.562     6.563 -2059.5  ] [ -2.50000000e-01   3.28260000e+02   1.10000000e+00]289.122367 280.469964 271.4743225 261.0956155 282.0972185 285.5403505 289.0584755 280.20303 
-16.332191 [ 1702.625     7.    -2059.187] [ -1.70000000e-01   3.28210000e+02   1.12000000e+00]290.056343 284.3533725 274.064391 260.1879455 278.2448515 283.4189125 289.9957645 284.0999435 
-16.434952 [ 1702.687     7.938 -2058.875] [ -2.00000000e-02   3.28160000e+02   1.14000000e+00]290.9279805 287.924822 276.3164475 259.49991 274.2179685 281.2766015 290.872295 287.698581 
-16.538057 [ 1702.812     8.688 -2058.5  ] [  1.10000000e-01   3.28100000e+02   1.16000000e+00]291.713568 290.983984 278.2016205 259.0756455 270.2652715 279.1316615 291.664354 290.798717 
-16.640037 [ 1702.937     9.063 -2058.187] [   1.46  328.04    1.18]292.3893945 293.3305315 279.7773465 258.972289 266.635463 277.0023375 292.3482305 293.2001265 
-16.741825 [ 1703.        9.375 -2057.937] [   1.51  328.      1.19]292.923913 294.809561 281.1018985 259.2471045 263.5772445 274.906874 292.8938985 294.7391295 
-16.845157 [ 1695.062     9.625 -2057.687] [   1.55  327.97    1.2 ]293.250233 295.47106 282.23355 259.957355 261.339318 272.8635145 293.23648 295.4537835 
-16.948898 [ 1703.25     10.    -2057.437] [   0.33  327.93    1.22]293.2915055 295.422756 283.2305735 261.1603045 260.1679005 270.8904995 293.299138 295.4513735 
-17.051906 [ 1703.25     10.063 -2057.375] [   1.63  327.91    1.22]292.9708795 294.7723805 284.1512425 262.9132165 260.1446915 269.00576 293.0050225 294.839248 
-17.153826 [ 1703.25     10.063 -2057.375] [   1.63  327.91    1.22]292.211505 293.627664 285.05383 265.273354 261.0871265 267.2267315 292.277286 293.7247545 
-17.255413 [ 1703.312    10.063 -2057.   ] [   1.63  327.85    1.24]290.9365315 292.0963385 285.9909205 268.280109 262.7887915 265.5708055 291.0390795 292.2152415 
-17.357391 [ 1703.562    10.438 -2056.   ] [   1.69  327.69    1.28]289.069108 290.286135 286.965039 271.815584 265.0432715 264.055373 289.213554 290.4180565 
-17.459197 [ 1703.5     10.25 -2055.  ] [   1.67  327.54    1.32]286.532385 288.304784 287.952695 275.680149 267.6441515 262.6978245 286.723861 288.4405475 
-17.560886 [ 1703.25      9.188 -2055.25 ] [   1.48  327.56    1.31]283.299545 286.2460445 288.930178 279.673476 270.385017 261.515552 283.5335915 286.3789945 
-17.662646 [ 1703.125     8.125 -2055.5  ] [  2.00000000e-02   3.27600000e+02   1.30000000e+00]279.560583 284.143128 289.873776 283.595237 273.0594535 260.5259455 279.8206675 284.271014 
-17.764193 [ 1702.875     7.063 -2055.5  ] [ -1.60000000e-01   3.27600000e+02   1.30000000e+00]275.564206 282.012848 290.759778 287.2451045 275.46268 259.746643 275.8337465 282.134863 
-17.865823 [ 1702.812     6.625 -2055.25 ] [ -2.30000000e-01   3.27560000e+02   1.31000000e+00]271.5591225 279.87202 291.5644725 290.4227505 277.4879485 259.210049 271.821531 279.9887855 
-17.967559 [ 1702.687     5.875 -2054.937] [  -0.37  327.5     1.31]267.794042 277.7374575 292.2641485 292.927847 279.1804605 258.9714575 268.032723 277.8510255 
-18.069498 [ 1702.5      5.25 -2054.5 ] [  -0.46  327.44    1.32]264.517672 275.625975 292.831206 294.5826045 280.5984895 259.088133 264.716024 275.7398285 
-18.171527 [ 1702.437     4.875 -2054.187] [  -0.54  327.38    1.33]261.978722 273.554387 293.2053135 295.398992 281.800308 259.617338 262.1201365 273.673438 
-18.273578 [ 1702.375     4.438 -2054.125] [  -0.61  327.37    1.33]260.4258995 271.5395075 293.3097435 295.48403 282.84419 260.616336 260.4937625 271.6700985 
-18.37548 [ 1702.312     4.125 -2054.062] [  -0.66  327.35    1.33]260.0350505 269.5990975 293.0676455 294.94545 283.788408 262.1423915 260.0265385 269.747944 
-18.47878 [ 1702.312     4.    -2054.062] [  -0.69  327.35    1.32]260.6786675 267.75486 292.4021685 293.8909835 284.6912355 264.252767 260.607486 267.9245445 
-18.58157 [ 1702.312     3.938 -2054.062] [  -0.7   327.36    1.32]262.1503115 266.029523 291.236463 292.4283615 285.6103755 267.0029375 262.0302285 266.2172905 
-18.683423 [ 1702.312     3.813 -2054.187] [  -0.71  327.38    1.32]264.243544 264.4458145 289.4936775 290.6653145 286.572439 270.350685 264.088352 264.6435735 
-18.785221 [ 1694.312     3.75  -2054.25 ] [  -0.73  327.39    1.31]266.751925 263.026463 287.0969625 288.709575 287.5575255 274.107653 266.575442 263.2207845 
-18.888685 [ 1694.312     3.75  -2054.5  ] [  -0.72  327.43    1.3 ]269.4690165 261.794197 283.9945615 286.661865 288.541923 278.0735145 269.285083 261.966315 
-18.991874 [ 1702.437     4.125 -2055.375] [  -0.67  327.57    1.28]272.188379 260.7717445 280.336927 284.5664385 289.5019205 282.0479415 272.010861 260.897555 
-19.093788 [ 1702.5       4.438 -2056.062] [  -0.61  327.69    1.25]274.703573 259.981833 276.3721365 282.440286 290.4138065 285.8306055 274.546361 260.0318965 
-19.19556 [ 1702.687     4.813 -2056.625] [  -0.55  327.78    1.23]276.4536395 259.4632355 272.348898 280.3002225 291.253869 289.2211795 276.721035 259.392133 
-19.298543 [ 1694.75      5.125 -2056.812] [  -0.5   327.82    1.22]278.316905 259.058985 268.51592 278.163062 291.998398 292.019335 278.539657 259.027469 
-19.402234 [ 1702.312     5.625 -2057.375] [  -0.41  327.91    1.2 ]279.8742745 258.979296 265.121911 276.045618 292.6232675 294.02714 280.060486 258.995166 
-19.504324 [ 1701.687     6.    -2058.125] [  -0.34  328.04    1.17]281.1840955 259.2814405 262.4155805 273.964706 293.083728 295.166232 281.3417965 259.3524875 
-19.606029 [ 1701.625     6.625 -2058.75 ] [ -2.40000000e-01   3.28130000e+02   1.15000000e+00]282.3047155 260.02269 260.645636 271.9371395 293.3052515 295.530882 282.4418605 260.156697 
-19.707297 [ 1693.5       7.625 -2059.   ] [ -7.00000000e-02   3.28180000e+02   1.14000000e+00]283.2944815 261.2603165 260.023857 269.980213 293.2109865 295.2288215 283.418951 261.4650575 
-19.809422 [ 1693.5       7.563 -2059.062] [ -7.00000000e-02   3.28190000e+02   1.13000000e+00]284.2117415 263.0515915 260.477096 268.114923 292.7240835 294.367782 284.331342 263.3348335 
-19.912873 [ 1701.437     7.563 -2059.062] [ -8.00000000e-02   3.28190000e+02   1.13000000e+00]285.1148425 265.453788 261.7996495 266.3639875 291.767691 293.055494 285.2373055 265.8232875 
-20.014803 [ 1701.437     7.563 -2059.062] [ -8.00000000e-02   3.28190000e+02   1.13000000e+00]286.054772 268.5010855 263.7850795 264.750135 290.2649595 291.3996895 286.183523 268.951261 
-20.11659 [ 1701.312     7.438 -2059.125] [ -1.00000000e-01   3.28200000e+02   1.13000000e+00]287.0303905 272.06413 266.226946 263.296094 288.1390385 289.508099 287.1622455 272.5685805 
-20.218055 [ 1701.187     7.25  -2059.312] [ -1.30000000e-01   3.28230000e+02   1.12000000e+00]288.0180555 275.942965 268.9188105 262.0245925 285.3159005 287.487666 288.149764 276.474924 
-20.321349 [ 1701.187     7.313 -2059.125] [ -1.20000000e-01   3.28220000e+02   1.12000000e+00]288.994035 279.937356 271.6542335 260.958359 281.850767 285.4092375 289.122367 280.469964 
-20.423221 [ 1701.375     7.75  -2058.812] [ -4.00000000e-02   3.28140000e+02   1.15000000e+00]289.9345975 283.8470675 274.2267765 260.120121 277.978994 283.293358 290.056343 284.3533725 
-20.524833 [ 1701.75      8.438 -2058.5  ] [  7.00000000e-02   3.28100000e+02   1.16000000e+00]290.8160115 287.4718655 276.0391445 259.577993 273.9492895 281.156841 290.9279805 287.924822 
-20.626128 [ 1702.062     8.875 -2058.25 ] [  1.50000000e-01   3.28050000e+02   1.18000000e+00]291.614545 290.611514 277.9705905 259.115703 270.0103625 279.0165015 291.713568 290.983984 
-20.727402 [ 1702.25     9.25 -2058.  ] [   1.49  328.01    1.19]292.306466 293.0657785 279.5844715 258.96652 266.410921 276.8891535 292.3893945 293.3305315 
-20.830168 [ 1702.375     9.5   -2057.812] [   1.53  327.98    1.2 ]292.863042 294.6633845 280.9391345 259.187716 263.399674 274.791611 292.923913 294.809561 
-20.934414 [ 1702.562     9.813 -2057.562] [   1.59  327.94    1.21]293.221591 295.429675 282.092927 259.8365625 261.22533 272.7406885 293.250233 295.47106 
-21.036397 [ 1702.75     10.188 -2057.312] [   1.65  327.9     1.22]293.305315 295.471734 283.104196 260.970332 260.132212 270.7532575 293.2915055 295.422756 
-21.138335 [ 1702.812    10.25  -2057.25 ] [   0.38  327.89    1.23]293.037371 294.896912 284.0312895 262.6462955 260.179922 268.848589 292.9708795 294.7723805 
-21.241661 [ 1702.812    10.188 -2057.25 ] [   1.66  327.89    1.23]292.3409155 293.8125605 284.9325545 264.921726 261.1795225 267.0491845 292.211505 293.627664 
-21.344371 [ 1702.812    10.188 -2057.187] [   1.66  327.89    1.23]291.1391055 292.3260305 285.863182 267.8439925 262.9245745 265.3777715 290.9365315 292.0963385 
-21.446559 [ 1702.812    10.188 -2057.25 ] [   1.66  327.89    1.23]289.3550975 290.5446735 286.8335435 271.3198505 265.208639 263.8570785 289.069108 290.286135 
-21.548669 [ 1702.875    10.188 -2056.   ] [   0.38  327.69    1.28]286.9120475 288.57584 287.820698 275.151546 267.825277 262.509834 286.532385 288.304784 
-21.652497 [ 1702.562     9.25  -2055.062] [   1.52  327.53    1.32]283.7652715 286.5180785 288.800913 279.1388445 270.5680495 261.3587655 283.299545 286.2460445 
-21.755103 [ 1702.437     8.438 -2055.375] [  7.00000000e-02   3.27580000e+02   1.31000000e+00]280.0794465 284.41263 289.7504575 283.081511 273.230517 260.426602 279.560583 284.143128 
-21.856872 [ 1702.25      7.5   -2055.375] [ -9.00000000e-02   3.27580000e+02   1.30000000e+00]276.1030515 282.2777975 290.6456 286.77931 275.164578 259.83775 275.564206 282.012848 
-21.958379 [ 1702.187     6.938 -2055.125] [ -1.80000000e-01   3.27540000e+02   1.31000000e+00]272.084786 280.1318225 291.4626075 290.0320075 277.2393875 259.2662535 271.5591225 279.87202 
-22.059785 [ 1702.062     6.125 -2054.75 ] [ -3.20000000e-01   3.27480000e+02   1.32000000e+00]268.273351 277.9929465 292.1777495 292.6393675 278.973293 258.984955 267.794042 277.7374575 
-22.161258 [ 1701.937     5.625 -2054.375] [  -0.41  327.42    1.33]264.917448 275.8794115 292.7651155 294.413772 280.424641 259.0511265 264.517672 275.625975 
-22.26357 [ 1701.875     5.25  -2054.187] [  -0.48  327.38    1.34]262.2657765 273.809459 293.169408 295.337791 281.65178 259.5220405 261.978722 273.554387 
-22.365534 [ 1701.812     4.625 -2054.125] [  -0.57  327.37    1.33]260.567038 271.801331 293.3142445 295.516108 282.713057 260.454968 260.4258995 271.5395075 
-22.467368 [ 1701.75      4.375 -2054.062] [  -0.63  327.36    1.33]260.022799 269.8731815 293.1227815 295.056074 283.666819 261.9071815 260.0350505 269.5990975 
-22.568662 [ 1693.75      4.188 -2054.062] [  -0.65  327.35    1.33]260.5402905 268.04262 292.518176 294.0650405 284.5714135 263.9359525 260.6786675 267.75486 
-22.671132 [ 1701.75      4.188 -2054.125] [  -0.65  327.37    1.32]261.9133365 266.327045 291.4235845 292.650358 285.4850555 266.5981365 262.1503115 266.029523 
-22.774573 [ 1701.75      4.063 -2054.25 ] [  -0.67  327.38    1.32]263.935523 264.743856 289.7621635 290.919378 286.442055 269.8755935 264.243544 264.4458145 
-22.876351 [ 1701.75      4.    -2054.375] [  -0.69  327.41    1.31]266.4004355 263.3104505 287.4570695 288.9794515 287.42534 273.5889825 266.751925 263.026463 
-22.978131 [ 1701.812     4.    -2054.625] [  -0.68  327.45    1.3 ]269.1016595 262.044228 284.4456825 286.9340365 288.4111785 277.538068 269.4690165 261.794197 
-23.079773 [ 1702.        4.125 -2055.25 ] [  -0.66  327.55    1.28]271.8327815 260.962587 280.847816 284.8366545 289.375839 281.5226155 272.188379 260.7717445 
-23.183059 [ 1702.25      4.313 -2055.812] [  -0.63  327.65    1.26]274.387386 260.082926 276.9096385 282.7062395 290.29559 285.3423895 274.703573 259.981833 
-23.28606 [ 1702.437     4.688 -2056.312] [  -0.57  327.74    1.24]276.5877765 259.4269655 272.879851 280.5610335 291.1466995 288.797156 276.4536395 259.4632355 
-23.388136 [ 1702.5       5.063 -2056.687] [  -0.51  327.79    1.23]278.4283215 259.042323 269.007154 278.4192785 291.9054355 291.686679 278.316905 259.058985 
-23.489962 [ 1702.562     5.25  -2057.125] [  -0.47  327.86    1.21]279.96719 258.98622 265.5402485 276.299216 292.547964 293.811321 279.8742745 258.979296 
-23.592954 [ 1694.625     5.438 -2057.875] [  -0.44  327.99    1.18]281.262655 259.3158915 262.7278345 274.2190875 293.0345225 295.063679 281.1840955 259.2814405 
-23.696723 [ 1702.812     5.563 -2058.812] [  -0.41  328.14    1.13]282.372989 260.088573 260.8186135 272.197135 293.2923625 295.5273945 282.3047155 260.02269 
-23.798682 [ 1703.125     5.688 -2059.312] [  -0.4   328.23    1.11]283.356466 261.3615015 260.040132 270.251561 293.244641 295.309819 283.2944815 261.2603165 
-23.900932 [ 1683.75      8.938 -2041.437] [ -3.10000000e-01   3.28300000e+02   1.09000000e+00]284.271358 263.1919125 260.3617425 268.40009 292.8145135 294.518303 284.2117415 263.0515915 
-24.003807 [ 1703.875     7.5   -2060.312] [ -9.00000000e-02   3.28390000e+02   1.07000000e+00]285.1759395 265.6370415 261.5801905 266.660126 291.9251375 293.2601985 285.1148425 265.453788 
-24.106938 [ 1696.437     6.938 -2060.687] [ -1.80000000e-01   3.28450000e+02   1.04000000e+00]286.1191705 268.724883 263.489062 265.0490675 290.499669 291.6428555 286.054772 268.5010855 
-24.208637 [ 1697.062     6.75  -2059.875] [ -2.10000000e-01   3.28310000e+02   1.09000000e+00]287.0964665 272.3152745 265.8819425 263.584314 288.4612655 289.7736255 287.0303905 272.06413 
-24.31027 [ 1697.625     6.813 -2059.625] [ -2.10000000e-01   3.28280000e+02   1.10000000e+00]288.0841385 276.208065 268.552418 262.283263 285.7338335 287.7596545 288.0180555 275.942965 
-24.411684 [ 1698.25      7.063 -2059.562] [ -1.70000000e-01   3.28270000e+02   1.11000000e+00]289.0584755 280.20303 271.294073 261.1633135 282.341727 285.6805925 288.994035 279.937356 
-24.514816 [ 1698.562     7.25  -2059.312] [ -1.30000000e-01   3.28220000e+02   1.12000000e+00]289.9957645 284.0999435 273.9004945 260.2418645 278.50983 283.561202 289.9345975 283.8470675 
-24.616627 [ 1698.625     7.688 -2059.   ] [ -7.00000000e-02   3.28180000e+02   1.14000000e+00]290.872295 287.698581 276.1783385 259.5382815 274.4868425 281.419723 290.8160115 287.4718655 
-24.718525 [ 1698.687     8.438 -2058.75 ] [  8.00000000e-02   3.28140000e+02   1.15000000e+00]291.664354 290.798717 278.0862115 259.0948 270.521465 279.274399 291.614545 290.611514 
-24.82041 [ 1698.812     8.875 -2058.5  ] [  1.50000000e-01   3.28100000e+02   1.16000000e+00]292.3482305 293.2001265 279.6807535 258.96841 266.862399 277.14347 292.306466 293.0657785 
-24.922438 [ 1699.562     9.375 -2056.562] [   1.51  327.78    1.26]292.8938985 294.7391295 281.020237 259.2163475 263.758344 275.045179 292.863042 294.6633845 
-25.024331 [ 1699.625     9.25  -2056.312] [   1.49  327.74    1.27]293.23648 295.4537835 282.1629355 259.8958485 261.458002 272.9977675 293.221591 295.429675 
-25.126652 [ 1699.625     9.375 -2056.25 ] [  2.40000000e-01   3.27730000e+02   1.27000000e+00]293.299138 295.4513735 283.167122 261.064149 260.208839 271.0194745 293.305315 295.471734 
-25.228856 [ 1699.625     9.5   -2056.25 ] [   1.53  327.73    1.27]293.0050225 294.839248 284.0910695 262.7784845 260.1139185 269.128272 293.037371 294.896912 
-25.330422 [ 1699.625     9.5   -2056.25 ] [   1.54  327.72    1.27]292.277286 293.7247545 284.993051 265.096091 260.9984015 267.341617 292.3409155 293.8125605 
-25.432102 [ 1699.625     9.563 -2056.25 ] [   1.54  327.72    1.27]291.0390795 292.2152415 285.927043 268.060712 262.6558735 265.676909 291.1391055 292.3260305 
-25.534667 [ 1699.625     9.563 -2056.25 ] [   1.54  327.72    1.27]289.213554 290.4180565 286.8994185 271.566597 264.87992 264.1515455 289.3550975 290.5446735 
-25.638832 [ 1699.562     9.375 -2056.375] [   1.52  327.75    1.27]286.723861 288.4405475 287.886912 275.414926 267.464127 262.7829255 286.9120475 288.57584 
-25.740699 [ 1699.5       8.938 -2056.562] [  1.60000000e-01   3.27770000e+02   1.26000000e+00]283.5335915 286.3789945 288.865813 279.405474 270.20208 261.5884475 283.7652715 286.5180785 
-25.842295 [ 1699.375     7.875 -2056.5  ] [ -2.00000000e-02   3.27770000e+02   1.26000000e+00]279.8206675 284.271014 289.8124085 283.338016 272.8873645 260.5855105 280.0794465 284.41263 
-25.945275 [ 1699.312     7.188 -2056.375] [ -1.50000000e-01   3.27740000e+02   1.26000000e+00]275.8337465 282.134863 290.7029875 287.0123265 275.314403 259.791639 276.1030515 282.2777975 
-26.048301 [ 1699.062     6.188 -2056.062] [ -2.90000000e-01   3.27700000e+02   1.27000000e+00]271.821531 279.9887855 291.513838 290.228181 277.3639255 259.237347 272.084786 280.1318225 
-26.150197 [ 1698.875     5.5   -2055.562] [  -0.42  327.6     1.28]268.032723 277.8510255 292.221248 292.7853535 279.076807 258.977252 268.273351 277.9929465 
-26.251664 [ 1698.75      5.125 -2054.937] [  -0.49  327.5     1.31]264.716024 275.7398285 292.798554 294.5007045 280.511321 259.0685905 264.917448 275.8794115 
-26.353267 [ 1698.687     4.75  -2054.5  ] [  -0.55  327.43    1.32]262.1201365 273.673438 293.1878985 295.371653 281.725741 259.5685975 262.2657765 273.809459 
-26.456065 [ 1698.625     4.375 -2054.375] [  -0.62  327.41    1.32]260.4937625 271.6700985 293.312689 295.504068 282.7783395 260.53451 260.567038 271.801331 
-26.55921 [ 1698.562     3.938 -2054.25 ] [  -0.69  327.39    1.32]260.0265385 269.747944 293.0960765 295.0052975 283.7273895 262.023563 260.022799 269.8731815 
-26.661381 [ 1698.562     3.813 -2054.25 ] [  -0.72  327.38    1.32]260.607486 267.9245445 292.461212 293.98269 284.6311645 264.0929925 260.5402905 268.04262 
-26.763196 [ 1698.5      3.75 -2054.25] [  -0.73  327.38    1.31]262.0302285 266.2172905 291.331247 292.543593 285.547638 266.799093 261.9133365 266.327045 
-26.865096 [ 1698.562     3.75  -2054.312] [  -0.73  327.4     1.31]264.088352 264.6435735 289.629333 290.7953545 286.507326 270.111937 263.935523 264.743856 
-26.966967 [ 1698.5       3.625 -2054.437] [  -0.75  327.41    1.31]266.575442 263.2207845 287.2786215 288.8453225 287.491618 273.8473155 266.4004355 263.3104505 
-27.069471 [ 1698.5       3.625 -2054.5  ] [  -0.75  327.43    1.3 ]269.285083 261.966315 284.221411 286.7956045 288.4768015 277.805003 269.1016595 262.044228 
-27.171425 [ 1698.625     3.875 -2055.187] [  -0.71  327.54    1.28]272.010861 260.897555 280.5931305 284.6954475 289.4391645 281.784774 271.8327815 260.962587 
-27.273346 [ 1698.687     4.25  -2056.062] [  -0.64  327.69    1.25]274.546361 260.0318965 276.641113 282.563471 290.3549955 285.5864045 274.387386 260.082926 
-27.375255 [ 1698.75      4.813 -2056.937] [  -0.54  327.84    1.21]276.721035 259.392133 272.61406 280.417919 291.200583 289.009668 276.5877765 259.4269655 
-27.476825 [ 1698.812     5.188 -2057.437] [  -0.48  327.92    1.2 ]278.539657 259.027469 268.7606745 278.2770365 291.9522145 291.8543405 278.4283215 259.042323 
-27.578257 [ 1698.875     5.438 -2058.062] [  -0.43  328.02    1.17]280.060486 258.995166 265.3296575 276.159067 292.5859545 293.92149 279.96719 258.98622 
-27.680332 [ 1699.125     6.875 -2058.75 ] [ -1.90000000e-01   3.28130000e+02   1.15000000e+00]281.3417965 259.3524875 262.5697115 274.082256 293.0596035 295.117909 281.262655 259.3158915 
-27.782123 [ 1699.125     6.938 -2059.   ] [ -1.90000000e-01   3.28180000e+02   1.13000000e+00]282.4418605 260.156697 260.7295385 272.064847 293.2994375 295.5328555 282.372989 260.088573 
-27.883732 [ 1699.125     6.938 -2059.437] [ -1.90000000e-01   3.28250000e+02   1.11000000e+00]283.418951 261.4650575 260.029529 270.125031 293.228608 295.2736775 283.356466 261.3615015 
-27.985099 [ 1699.125     6.938 -2059.562] [ -1.90000000e-01   3.28270000e+02   1.10000000e+00]284.331342 263.3348335 260.4173475 268.280489 292.770266 294.447723 284.271358 263.1919125 
-28.087601 [ 1699.125     6.938 -2059.625] [ -1.90000000e-01   3.28280000e+02   1.10000000e+00]285.2373055 265.8232875 261.6882445 266.548615 291.8475635 293.16234 285.1759395 265.6370415 
-28.190409 [ 1699.125     6.938 -2059.562] [ -1.90000000e-01   3.28270000e+02   1.10000000e+00]286.183523 268.951261 263.635805 264.9467995 290.383651 291.5248765 286.1191705 268.724883 
-28.292627 [ 1699.        6.813 -2059.625] [ -2.10000000e-01   3.28280000e+02   1.10000000e+00]287.1622455 272.5685805 266.0536145 263.4924335 288.3016805 289.64268 287.0964665 272.3152745 
-28.393937 [ 1698.875     6.625 -2059.687] [ -2.30000000e-01   3.28290000e+02   1.10000000e+00]288.149764 276.474924 268.7352585 262.2029085 285.5263675 287.622671 288.0841385 276.208065 
-28.496412 [ 1698.875     6.625 -2059.312] [ -2.40000000e-01   3.28230000e+02   1.11000000e+00]289.122367 280.469964 271.4743225 261.0956155 282.0972185 285.5403505 289.0584755 280.20303 
-28.599364 [ 1699.        7.125 -2059.062] [ -1.60000000e-01   3.28190000e+02   1.13000000e+00]290.056343 284.3533725 274.064391 260.1879455 278.2448515 283.4189125 289.9957645 284.0999435 
-28.701473 [ 1699.25      7.938 -2058.812] [ -3.00000000e-02   3.28150000e+02   1.15000000e+00]290.9279805 287.924822 276.3164475 259.49991 274.2179685 281.2766015 290.872295 287.698581 
-28.80296 [ 1699.437     8.688 -2058.437] [  1.20000000e-01   3.28090000e+02   1.17000000e+00]291.713568 290.983984 278.2016205 259.0756455 270.2652715 279.1316615 291.664354 290.798717 
-28.90413 [ 1699.5       9.063 -2058.125] [   1.47  328.04    1.18]292.3893945 293.3305315 279.7773465 258.972289 266.635463 277.0023375 292.3482305 293.2001265 
-29.005673 [ 1699.562     9.375 -2057.937] [   1.51  328.      1.19]292.923913 294.809561 281.1018985 259.2471045 263.5772445 274.906874 292.8938985 294.7391295 
-29.107963 [ 1699.687     9.625 -2057.75 ] [   1.56  327.97    1.2 ]293.250233 295.47106 282.23355 259.957355 261.339318 272.8635145 293.23648 295.4537835 
-29.211361 [ 1699.75      9.938 -2057.562] [  3.20000000e-01   3.27950000e+02   1.21000000e+00]293.2915055 295.422756 283.2305735 261.1603045 260.1679005 270.8904995 293.299138 295.4513735 
-29.31325 [ 1699.75     10.063 -2057.437] [   1.63  327.93    1.21]292.9708795 294.7723805 284.1512425 262.9132165 260.1446915 269.00576 293.0050225 294.839248 
-29.414741 [ 1699.75     10.063 -2057.437] [   1.64  327.93    1.21]292.211505 293.627664 285.05383 265.273354 261.0871265 267.2267315 292.277286 293.7247545 
-29.51601 [ 1699.812    10.063 -2057.125] [   1.63  327.87    1.23]290.9365315 292.0963385 285.9909205 268.280109 262.7887915 265.5708055 291.0390795 292.2152415 
-29.617501 [ 1700.       10.188 -2056.062] [   1.65  327.69    1.28]289.069108 290.286135 286.965039 271.815584 265.0432715 264.055373 289.213554 290.4180565 
-29.718976 [ 1699.875     9.688 -2055.562] [   1.57  327.61    1.3 ]286.532385 288.304784 287.952695 275.680149 267.6441515 262.6978245 286.723861 288.4405475 
-29.820321 [ 1699.75      8.875 -2055.625] [  1.50000000e-01   3.27630000e+02   1.30000000e+00]283.299545 286.2460445 288.930178 279.673476 270.385017 261.515552 283.5335915 286.3789945 
-29.924009 [ 1699.625     7.875 -2055.875] [ -3.00000000e-02   3.27660000e+02   1.29000000e+00]279.560583 284.143128 289.873776 283.595237 273.0594535 260.5259455 279.8206675 284.271014 
-30.025458 [ 1699.5       7.063 -2055.812] [ -1.60000000e-01   3.27660000e+02   1.28000000e+00]275.564206 282.012848 290.759778 287.2451045 275.46268 259.746643 275.8337465 282.134863 
-30.126991 [ 1699.375     6.563 -2055.5  ] [ -2.50000000e-01   3.27600000e+02   1.29000000e+00]271.5591225 279.87202 291.5644725 290.4227505 277.4879485 259.210049 271.821531 279.9887855 
-30.228431 [ 1699.187     5.813 -2055.125] [  -0.38  327.54    1.3 ]267.794042 277.7374575 292.2641485 292.927847 279.1804605 258.9714575 268.032723 277.8510255 
-30.329896 [ 1699.062     5.313 -2054.687] [  -0.46  327.47    1.32]264.517672 275.625975 292.831206 294.5826045 280.5984895 259.088133 264.716024 275.7398285 
-30.431837 [ 1699.        4.938 -2054.375] [  -0.52  327.41    1.33]261.978722 273.554387 293.2053135 295.398992 281.800308 259.617338 262.1201365 273.673438 
-30.534084 [ 1698.937     4.438 -2054.312] [  -0.61  327.4     1.32]260.4258995 271.5395075 293.3097435 295.48403 282.84419 260.616336 260.4937625 271.6700985 
-30.636391 [ 1698.875     4.125 -2054.187] [  -0.66  327.38    1.32]260.0350505 269.5990975 293.0676455 294.94545 283.788408 262.1423915 260.0265385 269.747944 
-30.738663 [ 1698.875     4.    -2054.187] [  -0.68  327.37    1.32]260.6786675 267.75486 292.4021685 293.8909835 284.6912355 264.252767 260.607486 267.9245445 
-30.842067 [ 1698.875     4.    -2054.187] [  -0.69  327.38    1.32]262.1503115 266.029523 291.236463 292.4283615 285.6103755 267.0029375 262.0302285 266.2172905 
-30.944968 [ 1698.875     3.938 -2054.312] [  -0.69  327.4     1.31]264.243544 264.4458145 289.4936775 290.6653145 286.572439 270.350685 264.088352 264.6435735 
-31.047895 [ 1698.875     3.875 -2054.437] [  -0.71  327.41    1.31]266.751925 263.026463 287.0969625 288.709575 287.5575255 274.107653 266.575442 263.2207845 
-31.151594 [ 1698.875     3.938 -2054.625] [  -0.7   327.44    1.3 ]269.4690165 261.794197 283.9945615 286.661865 288.541923 278.0735145 269.285083 261.966315 
-31.254487 [ 1699.062     4.125 -2055.312] [  -0.66  327.57    1.28]272.188379 260.7717445 280.336927 284.5664385 289.5019205 282.0479415 272.010861 260.897555 
-31.356576 [ 1699.125     4.438 -2056.187] [  -0.61  327.71    1.24]274.703573 259.981833 276.3721365 282.440286 290.4138065 285.8306055 274.546361 260.0318965 
-31.458877 [ 1699.25      4.938 -2057.062] [  -0.52  327.85    1.21]276.4536395 259.4632355 272.348898 280.3002225 291.253869 289.2211795 276.721035 259.392133 
-31.56213 [ 1699.312     5.313 -2057.625] [  -0.47  327.94    1.19]278.316905 259.058985 268.51592 278.163062 291.998398 292.019335 278.539657 259.027469 
-31.665137 [ 1699.437     6.188 -2058.187] [ -3.20000000e-01   3.28040000e+02   1.17000000e+00]279.8742745 258.979296 265.121911 276.045618 292.6232675 294.02714 280.060486 258.995166 
-31.766726 [ 1699.562     6.813 -2058.75 ] [ -2.10000000e-01   3.28140000e+02   1.14000000e+00]281.1840955 259.2814405 262.4155805 273.964706 293.083728 295.166232 281.3417965 259.3524875 
-31.868409 [ 1699.562     6.813 -2059.062] [ -2.10000000e-01   3.28180000e+02   1.13000000e+00]282.3047155 260.02269 260.645636 271.9371395 293.3052515 295.530882 282.4418605 260.156697 
-31.97002 [ 1699.625     6.813 -2059.5  ] [ -2.00000000e-01   3.28260000e+02   1.10000000e+00]283.2944815 261.2603165 260.023857 269.980213 293.2109865 295.2288215 283.418951 261.4650575 
-32.072311 [ 1699.625     6.813 -2059.75 ] [ -2.10000000e-01   3.28300000e+02   1.09000000e+00]284.2117415 263.0515915 260.477096 268.114923 292.7240835 294.367782 284.331342 263.3348335 
-32.175526 [ 1699.625     6.813 -2059.75 ] [ -2.10000000e-01   3.28300000e+02   1.09000000e+00]285.1148425 265.453788 261.7996495 266.3639875 291.767691 293.055494 285.2373055 265.8232875 
-32.277227 [ 1699.625     6.813 -2059.75 ] [ -2.10000000e-01   3.28300000e+02   1.09000000e+00]286.054772 268.5010855 263.7850795 264.750135 290.2649595 291.3996895 286.183523 268.951261 
-32.378822 [ 1699.75      6.75  -2059.812] [ -2.20000000e-01   3.28310000e+02   1.09000000e+00]287.0303905 272.06413 266.226946 263.296094 288.1390385 289.508099 287.1622455 272.5685805 
-32.48023 [ 1700.062     6.563 -2059.812] [ -2.50000000e-01   3.28310000e+02   1.09000000e+00]288.0180555 275.942965 268.9188105 262.0245925 285.3159005 287.487666 288.149764 276.474924 
-32.581471 [ 1700.25      6.688 -2059.625] [ -2.30000000e-01   3.28280000e+02   1.10000000e+00]288.994035 279.937356 271.6542335 260.958359 281.850767 285.4092375 289.122367 280.469964 
-32.682826 [ 1700.687     7.188 -2059.187] [ -1.40000000e-01   3.28210000e+02   1.13000000e+00]289.9345975 283.8470675 274.2267765 260.120121 277.978994 283.293358 290.056343 284.3533725 
-32.784137 [ 1700.875     7.938 -2058.937] [ -1.00000000e-02   3.28170000e+02   1.14000000e+00]290.8160115 287.4718655 276.0391445 259.577993 273.9492895 281.156841 290.9279805 287.924822 
-32.885852 [ 1700.937     8.625 -2058.687] [  1.00000000e-01   3.28130000e+02   1.16000000e+00]291.614545 290.611514 277.9705905 259.115703 270.0103625 279.0165015 291.713568 290.983984 
-32.987574 [ 1700.875     9.063 -2058.25 ] [   1.47  328.06    1.18]292.306466 293.0657785 279.5844715 258.96652 266.410921 276.8891535 292.3893945 293.3305315 
-33.089448 [ 1700.875     9.375 -2058.   ] [   1.51  328.02    1.19]292.863042 294.6633845 280.9391345 259.187716 263.399674 274.791611 292.923913 294.809561 
-33.191902 [ 1700.812     9.625 -2057.75 ] [   1.56  327.97    1.2 ]293.221591 295.429675 282.092927 259.8365625 261.22533 272.7406885 293.250233 295.47106 
-33.295559 [ 1700.875    10.25  -2057.437] [   1.66  327.93    1.21]293.305315 295.471734 283.104196 260.970332 260.132212 270.7532575 293.2915055 295.422756 
-33.397972 [ 1700.937    10.375 -2057.312] [   1.68  327.9     1.22]293.037371 294.896912 284.0312895 262.6462955 260.179922 268.848589 292.9708795 294.7723805 
-33.499637 [ 1700.937    10.375 -2057.312] [   1.68  327.9     1.22]292.3409155 293.8125605 284.9325545 264.921726 261.1795225 267.0491845 292.211505 293.627664 
-33.60187 [ 1700.875    10.375 -2057.312] [   0.4   327.9     1.22]291.1391055 292.3260305 285.863182 267.8439925 262.9245745 265.3777715 290.9365315 292.0963385 
-33.705764 [ 1700.937    10.375 -2057.312] [   0.4   327.9     1.22]289.3550975 290.5446735 286.8335435 271.3198505 265.208639 263.8570785 289.069108 290.286135 
-33.808185 [ 1700.937    10.063 -2057.437] [   1.64  327.92    1.22]286.9120475 288.57584 287.820698 275.151546 267.825277 262.509834 286.532385 288.304784 
-33.909882 [ 1700.937     9.125 -2057.375] [   1.47  327.92    1.22]283.7652715 286.5180785 288.800913 279.1388445 270.5680495 261.3587655 283.299545 286.2460445 
-34.011786 [ 1700.875     8.375 -2057.062] [  6.00000000e-02   3.27860000e+02   1.23000000e+00]280.0794465 284.41263 289.7504575 283.081511 273.230517 260.426602 279.560583 284.143128 
-34.115918 [ 1700.75      7.625 -2056.562] [ -5.00000000e-02   3.27780000e+02   1.25000000e+00]276.1030515 282.2777975 290.6456 286.77931 275.164578 259.83775 275.564206 282.012848 
-34.219327 [ 1700.625     6.875 -2056.062] [ -2.00000000e-01   3.27700000e+02   1.27000000e+00]272.084786 280.1318225 291.4626075 290.0320075 277.2393875 259.2662535 271.5591225 279.87202 
-34.320742 [ 1700.687     6.    -2055.687] [  -0.35  327.63    1.28]268.273351 277.9929465 292.1777495 292.6393675 278.973293 258.984955 267.794042 277.7374575 
-34.422537 [ 1700.687     5.563 -2055.187] [  -0.42  327.54    1.3 ]264.917448 275.8794115 292.7651155 294.413772 280.424641 259.0511265 264.517672 275.625975 
-34.524455 [ 1700.625     5.063 -2054.75 ] [  -0.5   327.47    1.31]262.2657765 273.809459 293.169408 295.337791 281.65178 259.5220405 261.978722 273.554387 
-34.626242 [ 1700.562     4.563 -2054.562] [  -0.59  327.44    1.31]260.567038 271.801331 293.3142445 295.516108 282.713057 260.454968 260.4258995 271.5395075 
-34.728107 [ 1700.562     4.25  -2054.375] [  -0.64  327.42    1.31]260.022799 269.8731815 293.1227815 295.056074 283.666819 261.9071815 260.0350505 269.5990975 
-34.829822 [ 1700.5       4.125 -2054.375] [  -0.66  327.41    1.31]260.5402905 268.04262 292.518176 294.0650405 284.5714135 263.9359525 260.6786675 267.75486 
-34.931481 [ 1700.5       4.063 -2054.375] [  -0.68  327.41    1.31]261.9133365 266.327045 291.4235845 292.650358 285.4850555 266.5981365 262.1503115 266.029523 
-35.034003 [ 1700.5       4.    -2054.375] [  -0.68  327.41    1.31]263.935523 264.743856 289.7621635 290.919378 286.442055 269.8755935 264.243544 264.4458145 
-35.137659 [ 1700.5       4.    -2054.437] [  -0.69  327.42    1.31]266.4004355 263.3104505 287.4570695 288.9794515 287.42534 273.5889825 266.751925 263.026463 
-35.24001 [ 1700.5       3.938 -2054.625] [  -0.69  327.45    1.3 ]269.1016595 262.044228 284.4456825 286.9340365 288.4111785 277.538068 269.4690165 261.794197 
-35.341736 [ 1700.75      4.125 -2055.187] [  -0.67  327.54    1.28]271.8327815 260.962587 280.847816 284.8366545 289.375839 281.5226155 272.188379 260.7717445 
-35.444535 [ 1701.        4.438 -2056.062] [  -0.62  327.69    1.25]274.387386 260.082926 276.9096385 282.7062395 290.29559 285.3423895 274.703573 259.981833 
-35.548103 [ 1701.25      4.813 -2056.812] [  -0.56  327.8     1.22]276.5877765 259.4269655 272.879851 280.5610335 291.1466995 288.797156 276.4536395 259.4632355 
-35.65067 [ 1701.375     5.063 -2057.25 ] [  -0.5   327.88    1.2 ]278.4283215 259.042323 269.007154 278.4192785 291.9054355 291.686679 278.316905 259.058985 
-35.752443 [ 1701.562     5.125 -2057.812] [  -0.49  327.97    1.18]279.96719 258.98622 265.5402485 276.299216 292.547964 293.811321 279.8742745 258.979296 
-35.854643 [ 1701.75      5.25  -2058.375] [  -0.48  328.07    1.15]281.262655 259.3158915 262.7278345 274.2190875 293.0345225 295.063679 281.1840955 259.2814405 
-35.958112 [ 1701.937     6.813 -2059.25 ] [ -2.30000000e-01   3.28210000e+02   1.12000000e+00]282.372989 260.088573 260.8186135 272.197135 293.2923625 295.5273945 282.3047155 260.02269 
-36.060255 [ 1702.        7.    -2059.437] [ -1.70000000e-01   3.28250000e+02   1.11000000e+00]283.356466 261.3615015 260.040132 270.251561 293.244641 295.309819 283.2944815 261.2603165 
-36.161916 [ 1702.        7.    -2059.562] [ -1.70000000e-01   3.28260000e+02   1.11000000e+00]284.271358 263.1919125 260.3617425 268.40009 292.8145135 294.518303 284.2117415 263.0515915 
-36.263304 [ 1702.        7.    -2059.562] [ -1.70000000e-01   3.28260000e+02   1.11000000e+00]285.1759395 265.6370415 261.5801905 266.660126 291.9251375 293.2601985 285.1148425 265.453788 
-36.365317 [ 1702.        7.    -2059.562] [ -1.70000000e-01   3.28270000e+02   1.11000000e+00]286.1191705 268.724883 263.489062 265.0490675 290.499669 291.6428555 286.054772 268.5010855 
-36.468695 [ 1702.        6.938 -2059.562] [ -1.80000000e-01   3.28270000e+02   1.10000000e+00]287.0964665 272.3152745 265.8819425 263.584314 288.4612655 289.7736255 287.0303905 272.06413 
-36.570979 [ 1701.812     6.688 -2059.687] [ -2.20000000e-01   3.28290000e+02   1.09000000e+00]288.0841385 276.208065 268.552418 262.283263 285.7338335 287.7596545 288.0180555 275.942965 
-36.672748 [ 1701.75      6.563 -2059.312] [ -2.40000000e-01   3.28220000e+02   1.12000000e+00]289.0584755 280.20303 271.294073 261.1633135 282.341727 285.6805925 288.994035 279.937356 
-36.774197 [ 1701.812     6.875 -2059.   ] [ -1.90000000e-01   3.28180000e+02   1.13000000e+00]289.9957645 284.0999435 273.9004945 260.2418645 278.50983 283.561202 289.9345975 283.8470675 
