-0.044935 [ 0.438 -2.125 -8.75 ] [-0.36  1.49  9.68]
-0.107936 [  7.50000000e-01  -8.56200000e+00   2.04018800e+03] [ -1.50000000e-01   1.37000000e+00  -3.19260000e+02]
-0.168304 [  1.00000000e+00   2.50000000e-01   2.03275000e+03] [  3.00000000e-02  -3.26450000e+02  -3.19240000e+02]
-0.229503 [  9.38000000e-01   4.38000000e-01   2.03256300e+03] [  7.00000000e-02  -3.26410000e+02  -3.19240000e+02]
-0.291781 [ 0.875  0.438 -7.812] [  8.00000000e-02   5.00000000e-02  -3.19250000e+02]
-0.358233 [ 0.875  0.5   -8.375] [  8.00000000e-02   1.41000000e+00  -3.19260000e+02]
-0.422942 [ 0.875  0.5   -8.75 ] [  8.00000000e-02   2.10000000e-01  -3.19270000e+02]
-0.483523 [ 0.875  0.5   -9.125] [ 0.08  0.28  8.4 ]
-0.545377 [ 0.875  0.5   -9.562] [ 0.08  1.63  9.66]
-0.609397 [  0.875   0.313 -10.   ] [  5.00000000e-02   4.20000000e-01  -3.19310000e+02]
-0.670355 [  0.813   0.    -10.375] [   0.      0.48 -319.32]
-0.731408 [ 0.813 -8.437 -2.687] [ -8.00000000e-02   1.82000000e+00  -3.19330000e+02]
-0.792377 [  0.75   -9.062 -11.   ] [ -1.80000000e-01   1.87000000e+00  -3.19340000e+02]
-0.853467 [ 0.688 -9.437 -3.187] [ -2.50000000e-01   1.90000000e+00  -3.19350000e+02]
-0.914275 [ 0.688 -9.875 -3.312] [ -3.20000000e-01  -3.25760000e+02  -3.19360000e+02]
-0.974914 [  0.688  -2.312 -11.375] [-0.4   1.94  9.6 ]
-1.037795 [  0.625 -10.812  -3.375] [-0.47  1.94  9.6 ]
-1.100063 [  0.625 -11.312  -3.437] [  -0.57 -325.74    8.31]
-1.161419 [  0.563 -11.812  -3.5  ] [ 327.03 -325.73    8.3 ]
-1.222082 [  5.00000000e-01   2.03568800e+03  -3.43700000e+00] [ 326.95 -325.74    8.3 ]
-1.282915 [  5.00000000e-01   2.03531300e+03  -3.12500000e+00] [ 326.88    1.89    8.3 ]
-1.343982 [  0.5    -5.    -10.812] [ 326.83    1.83    9.59]
-1.407822 [  4.38000000e-01   2.03481300e+03  -2.43700000e+00] [ 326.8     1.77 -319.36]
-1.468658 [  4.38000000e-01   2.03481300e+03  -2.00000000e+00] [ 326.79    1.7     9.61]
-1.530133 [  4.38000000e-01   2.03481300e+03  -1.43700000e+00] [ 326.79    1.62 -319.33]
-1.59141 [  4.38000000e-01   2.03481300e+03  -1.00000000e+00] [ 326.79    1.53 -319.32]
-1.65219 [  4.38000000e-01   2.03481300e+03  -5.62000000e-01] [ 326.79    1.45 -319.31]
-1.712888 [  3.75000000e-01   2.03481300e+03  -1.87000000e-01] [ 326.79    1.39 -319.3 ]
-1.773819 [ 0.375 -5.187 -7.875] [ 326.8     1.34 -319.29]
-1.835823 [ 0.375 -5.187 -7.437] [-0.89  1.26  9.68]
-1.898928 [  4.38000000e-01   2.03487500e+03   2.04125000e+03] [-0.88  1.16  9.69]
-1.961303 [  4.38000000e-01   2.03531300e+03   2.04156300e+03] [ 326.88 -325.31 -319.25]
-2.022018 [  5.00000000e-01   2.03593800e+03   2.04181300e+03] [ 326.98 -325.35 -319.24]
-2.082574 [  5.00000000e-01  -1.13750000e+01   2.04193800e+03] [  -0.58 -325.37 -319.23]
-2.143057 [  5.63000000e-01  -1.08750000e+01   2.04200000e+03] [  -0.49 -326.65 -319.23]
-2.203527 [  5.63000000e-01  -1.03120000e+01   2.04200000e+03] [  -0.4  -325.38 -319.22]
-2.263962 [  6.25000000e-01  -9.81200000e+00   2.04200000e+03] [ -3.10000000e-01  -3.25380000e+02  -3.19220000e+02]
-2.324266 [  6.25000000e-01  -9.31200000e+00   2.04200000e+03] [ -2.30000000e-01  -3.25380000e+02  -3.19220000e+02]
-2.384491 [  6.25000000e-01  -8.87500000e+00   2.04200000e+03] [ -1.50000000e-01  -3.25380000e+02  -3.19210000e+02]
-2.444778 [  6.88000000e-01  -8.50000000e+00   2.04193800e+03] [ -8.00000000e-02  -3.25370000e+02  -3.19210000e+02]
-2.505109 [  6.88000000e-01  -8.18700000e+00   2.04181300e+03] [ -3.00000000e-02  -3.25340000e+02  -3.19220000e+02]
-2.565631 [  6.25000000e-01   0.00000000e+00   2.03337500e+03] [   0.   -326.55 -319.22]
-2.626384 [ 0.688  0.125 -6.937] [ 0.02  1.19  9.73]
-2.689771 [  6.88000000e-01   2.50000000e-01   2.03256300e+03] [ 0.04  1.26  9.72]
-2.751538 [  6.88000000e-01   3.13000000e-01   2.03200000e+03] [  6.00000000e-02   9.00000000e-02  -3.19250000e+02]
-2.812623 [ 0.688  0.375 -8.5  ] [  6.00000000e-02   1.70000000e-01  -3.19270000e+02]
-2.874559 [ 0.688  0.375 -8.937] [  7.00000000e-02   2.40000000e-01  -3.19280000e+02]
-2.935336 [ 0.688  0.375 -9.312] [ 0.07  0.31  8.39]
-2.997519 [ 0.688  0.375 -9.75 ] [ 0.07  1.66  9.66]
-3.060756 [  0.688   0.375 -10.125] [  7.00000000e-02   4.50000000e-01  -3.19310000e+02]
-3.121512 [  0.625   0.125 -10.437] [  3.00000000e-02   4.90000000e-01  -3.19320000e+02]
-3.182536 [ 0.625 -8.25  -2.875] [ -4.00000000e-02   1.85000000e+00  -3.19330000e+02]
-3.24316 [ 0.688 -8.875 -3.312] [ -1.50000000e-01  -3.25750000e+02  -3.19350000e+02]
-3.304008 [  0.5   -10.125  -3.625] [  -0.37 -325.71    8.31]
-3.365044 [  0.5   -10.625  -3.812] [  -0.45 -325.67    8.3 ]
-3.425729 [  0.563 -10.937  -3.812] [  -0.5  -325.67    8.3 ]
-3.486435 [  0.563  -3.312 -11.812] [  -0.56 -325.68    8.3 ]
-3.548317 [  0.5    -3.625 -11.812] [-0.62  2.    9.57]
-3.611527 [  0.5   -12.     -3.812] [ 327.   -325.68    8.29]
-3.672895 [  4.38000000e-01   2.03562500e+03  -3.62500000e+00] [ 326.93 -325.71    8.29]
-3.733604 [  4.38000000e-01   2.03531300e+03  -3.25000000e+00] [ 326.88    1.91    8.3 ]
-3.794544 [  3.75000000e-01   2.03506300e+03  -2.81200000e+00] [ 326.84    1.84    8.31]
-3.855202 [  3.75000000e-01   2.03487500e+03  -2.43700000e+00] [ 326.8     1.77 -319.36]
-3.931289 [ 8.375 -5.187 -9.812] [-0.88  1.68  9.61]
-4.034329 [ 8.375 -5.187 -9.25 ] [-0.89  1.57  9.63]
-4.136504 [ 8.375 -5.187 -8.625] [-0.89  1.47  9.65]
-4.239536 [ 0.313 -5.187 -8.25 ] [-0.89  1.41  9.66]
-4.343267 [ 8.313 -5.187 -8.   ] [-0.89  1.36  9.67]
-4.447395 [ 8.313 -5.187 -7.562] [-0.89  1.28  9.68]
-4.550699 [ 8.25  -5.062 -6.937] [-0.87  1.18  9.69]
-4.653566 [ 8.313 -4.5   -6.562] [-0.77  1.11  8.43]
-4.755918 [ 8.375 -3.687 -6.375] [-0.63  1.08  9.72]
-4.858159 [ 8.375 -3.187 -6.187] [-0.54  1.06  9.73]
-4.959379 [ 8.375 -2.812 -6.125] [-0.48  1.04  9.73]
-5.060098 [ 8.438 -2.312 -6.   ] [-0.39  2.31  9.74]
-5.160665 [ 8.438 -1.687 -6.   ] [-0.29  1.02  9.74]
-5.2613 [ 8.5  -1.25 -6.  ] [-0.22  1.02  9.74]
-5.363173 [ 8.5   -0.812 -6.   ] [-0.14  1.03  9.75]
-5.465009 [ 8.5   -0.375 -6.   ] [-0.06  1.03  9.75]
-5.566712 [ 8.563 -0.125 -6.062] [-0.02  1.03  9.75]
-5.670016 [ 8.5    0.    -6.312] [ 1.28  1.08  9.74]
-5.771543 [ 8.563  0.313 -6.687] [ 1.33  1.14  9.73]
-5.875783 [ 8.563  0.438 -7.062] [ 1.36  1.2   9.73]
-5.977304 [ 8.563  0.5   -7.562] [ 1.36  1.29  9.72]
-6.079153 [ 8.5    0.5   -8.187] [ 1.36  1.4   9.7 ]
-6.183029 [ 8.5    0.5   -8.687] [ 1.36  1.47  9.69]
-6.285933 [ 8.5    0.5   -9.187] [ 1.37  1.56  9.68]
-6.387929 [ 8.5    0.5   -9.562] [ 1.37  1.62  9.66]
-6.489934 [ 8.5    0.5   -9.937] [ 1.37  1.69  9.65]
-6.593313 [  8.5     0.313 -10.437] [ 1.34  1.77  9.64]
-6.695971 [  8.438  -0.062 -10.812] [-0.01  1.84  9.63]
-6.798548 [  8.438  -0.75  -11.062] [-0.12  1.88  9.62]
-6.901419 [  8.313  -1.562 -11.5  ] [-0.26  1.96  9.6 ]
-7.005584 [  8.25   -2.    -11.562] [-0.33  1.97  9.6 ]
-7.108548 [  8.25   -2.375 -11.625] [-0.41  1.97  9.59]
-7.210165 [  8.188  -2.875 -11.625] [-0.5   1.97  9.59]
-7.312745 [  8.125  -3.375 -11.625] [-0.57  1.97  9.58]
-7.41665 [  8.125  -3.75  -11.625] [-0.64  1.97  9.58]
-7.519782 [  8.063  -4.125 -11.437] [-0.7   1.94  9.58]
-7.621811 [  8.     -4.312 -11.125] [-0.74  1.88  9.59]
-7.724107 [  8.     -4.625 -10.75 ] [-0.79  1.83  9.6 ]
-7.826257 [  7.938  -4.937 -10.25 ] [-0.84  1.75  9.61]
-7.928418 [ 7.938 -5.062 -9.75 ] [-0.87  1.65  9.62]
-8.030544 [ 7.938 -5.062 -9.312] [-0.87  1.58  9.63]
-8.133685 [ 7.938 -5.125 -8.812] [-0.87  1.5   9.65]
-8.238577 [ 7.875 -5.125 -8.312] [-0.88  1.41  9.66]
-8.340709 [ 0.125 -5.125 -8.062] [-0.88  1.37  9.67]
-8.443607 [ 7.875 -5.125 -7.687] [-0.88  1.3   9.67]
-8.54705 [ 7.875 -5.125 -7.062] [-0.88  1.21  9.69]
-8.649905 [ 7.813 -5.125 -6.562] [-0.87  1.12  9.7 ]
-8.751357 [ 7.875 -4.687 -6.375] [-0.8   1.08  9.71]
-8.853944 [ 7.938 -3.875 -6.125] [-0.66  1.05  9.72]
-8.96112 [ 7.938 -3.125 -6.062] [-0.54  1.03  9.73]
-9.063423 [ 0.   -2.75 -6.  ] [-0.47  1.03  9.74]
-9.165288 [ 8.    -2.312 -6.   ] [-0.39  1.02  9.74]
-9.267729 [ 8.    -1.625 -5.937] [-0.29  1.01  9.74]
-9.369708 [ 8.063 -1.187 -5.937] [-0.21  1.01  9.75]
-9.472185 [ 8.063 -0.812 -5.937] [-0.14  1.01  9.75]
-9.575332 [ 8.125 -0.312 -5.937] [-0.05  1.01  9.75]
-9.681475 [ 8.125  0.    -6.   ] [ 1.28  1.02  9.75]
-9.78435 [ 8.125  0.188 -6.312] [ 1.31  1.07  9.74]
-9.887874 [ 8.125  0.5   -6.75 ] [ 0.08  1.14  9.73]
-9.99023 [ 8.125  0.688 -7.062] [ 1.39  1.2   9.73]
-10.091513 [ 8.125  0.688 -7.625] [ 1.4   1.3   9.71]
-10.193095 [ 8.125  0.75  -8.25 ] [ 1.41  1.41  9.7 ]
-10.295973 [ 0.125  0.75  -8.625] [ 0.12  1.47  9.69]
-10.401258 [ 8.125  0.75  -9.125] [ 1.4   1.56  9.68]
-10.502835 [ 8.125  0.75  -9.5  ] [ 1.4   1.62  9.67]
-10.604152 [ 0.125  0.688 -9.812] [ 0.12  1.67  9.66]
-10.70732 [  8.125   0.375 -10.187] [ 1.34  1.74  9.65]
-10.810464 [  8.063  -0.125 -10.562] [ -1.00000000e-02   1.79000000e+00  -3.18040000e+02]
-10.912052 [  8.063  -0.812 -10.875] [-0.13  1.85  9.62]
-11.013516 [  8.     -1.312 -11.25 ] [-0.23  1.91  9.61]
-11.114903 [  7.813  -2.312 -11.625] [-0.39  1.97  9.59]
-11.216529 [  7.875  -2.562 -11.687] [-0.44  1.98  9.59]
-11.318116 [  7.813  -3.    -11.687] [-0.52  1.98  9.58]
-11.419555 [  7.75   -3.437 -11.687] [-0.59  1.98  9.58]
-11.521223 [  7.75   -3.812 -11.687] [-0.65  1.98  9.58]
-11.622848 [  7.688  -4.125 -11.562] [-0.71  1.96  9.58]
-11.725023 [  7.688  -4.375 -11.375] [-0.75  1.93  9.58]
-11.829132 [  7.625  -4.687 -10.937] [-0.8   1.85  9.59]
-11.945108 [  7.625  -4.937 -10.437] [-0.84  1.78  9.6 ]
-12.050337 [  7.563  -5.    -10.   ] [-0.85  1.7   9.61]
-12.153869 [ 7.563 -5.    -9.562] [-0.85  1.63  9.63]
-12.257534 [ 7.563 -5.062 -9.125] [-0.86  1.55  9.64]
-12.36278 [ 7.563 -5.062 -8.562] [-0.87  1.45  9.65]
-12.46669 [ 7.5   -5.062 -8.187] [-0.87  1.39  9.66]
-12.570276 [ 7.5   -5.062 -8.   ] [-0.87  1.36  9.67]
-12.673413 [ 7.5   -5.125 -7.375] [-0.87  1.26  9.68]
-12.775297 [ 7.5   -5.062 -6.75 ] [-0.87  1.15  9.69]
-12.876737 [ 7.5   -4.437 -6.437] [-0.76  1.1   9.71]
-12.978322 [ 7.75  -3.    -5.875] [-0.51  1.01  9.74]
-13.079868 [ 7.75  -2.75  -5.687] [-0.47  0.97  9.74]
-13.182188 [ 7.75  -2.437 -5.687] [-0.41  0.97  9.74]
-13.283836 [ 7.75  -2.    -5.687] [-0.35  0.97  9.75]
-13.38769 [ 7.813 -1.437 -5.687] [-0.25  0.97  9.75]
-13.490832 [ 0.187 -0.937 -5.687] [-0.16  0.97  9.75]
-13.595562 [ 7.875 -0.562 -5.687] [-0.1   0.97  9.75]
-13.699713 [ 0.125 -0.187 -5.75 ] [-0.03  0.98  9.75]
-13.805305 [ 7.875  0.    -6.   ] [ 1.28  1.03  9.75]
-13.909364 [ 7.875  0.125 -6.312] [ 1.3   1.08  9.74]
-14.014469 [ 7.875  0.313 -6.75 ] [ 1.33  1.15  9.73]
-14.118942 [ 7.875  0.5   -7.187] [ 1.36  1.23  9.72]
-14.22143 [ 7.875  0.563 -7.687] [ 1.38  1.32  9.71]
-14.324806 [ 7.875  0.625 -8.312] [ 1.39  1.42  9.7 ]
-14.427505 [ 7.875  0.625 -8.812] [ 1.39  1.5   9.68]
-14.530736 [ 7.875  0.625 -9.25 ] [ 1.39  1.57  9.67]
-14.633886 [ 7.875  0.625 -9.625] [ 1.39  1.63  9.66]
-14.737356 [  7.875   0.625 -10.   ] [ 1.39  1.71  9.65]
-14.841412 [  7.875   0.438 -10.375] [ 0.07  1.77  9.64]
-14.948887 [  7.813  -0.062 -10.687] [-0.01  1.82  9.63]
-15.052147 [  0.187  -0.625 -11.   ] [-0.1   1.87  9.62]
-15.156307 [  7.75  -1.25 -11.25] [-0.22  1.91  9.61]
-15.257879 [  7.688  -1.75  -11.375] [-0.3   1.93  9.6 ]
-15.35976 [  7.625  -2.25  -11.375] [-0.39  1.93  9.6 ]
-15.462757 [  0.437  -2.75  -11.375] [-0.48  1.93  9.6 ]
-15.566345 [  7.563  -3.25  -11.375] [-0.56  1.93  9.59]
-15.668372 [  7.5    -3.562 -11.375] [-0.61  1.93  9.59]
-15.769952 [  7.5    -3.937 -11.375] [ 327.      1.93    9.59]
-15.871833 [  7.438  -4.312 -11.125] [-0.74  1.89  9.59]
-15.973696 [  7.375  -4.625 -10.75 ] [-0.79  1.82  9.6 ]
-16.075119 [  7.375  -4.875 -10.437] [-0.84  1.77  9.6 ]
-16.177284 [  7.313  -5.062 -10.   ] [-0.87  1.69  9.61]
-16.279755 [ 7.313 -5.062 -9.5  ] [-0.87  1.61  9.63]
-16.383364 [ 7.313 -5.062 -9.   ] [-0.87  1.53  9.64]
-16.484988 [ 7.25  -5.125 -8.625] [-0.87  1.46  9.65]
-16.588087 [ 7.25  -5.062 -8.187] [-0.87  1.39  9.66]
-16.689912 [ 7.25  -5.062 -7.937] [-0.87  1.34  9.67]
-16.791496 [ 0.75  -5.125 -7.5  ] [-0.87  1.27  9.68]
-16.893767 [ 7.188 -5.    -6.875] [-0.85  1.17  9.69]
-16.996955 [ 7.25 -4.5  -6.5 ] [-0.78  1.11  9.71]
-17.098965 [ 7.25  -3.625 -6.312] [-0.62  1.07  9.72]
-17.201137 [ 7.313 -2.937 -6.062] [-0.51  1.04  9.73]
-17.304509 [ 7.313 -2.625 -6.   ] [-0.45  1.02  9.74]
-17.409142 [ 7.375 -2.125 -5.937] [-0.36  1.01  9.74]
-17.511162 [ 7.375 -1.562 -5.875] [-0.27  1.01  9.75]
-17.613023 [ 7.375 -1.125 -5.875] [-0.19  1.    9.75]
-17.716049 [ 7.438 -0.687 -5.875] [-0.12  1.    9.75]
-17.819042 [ 7.438 -0.25  -5.875] [-0.04  1.    9.75]
-17.922621 [ 7.438  0.    -5.937] [ 1.28  1.02  9.75]
-18.02328 [ 7.438  0.125 -6.187] [ 1.31  1.06  9.74]
-18.123728 [ 7.438  0.438 -6.625] [ 1.36  1.13  9.74]
-18.224086 [ 7.438  0.625 -7.   ] [ 1.38  1.2   9.73]
-18.325835 [ 7.438  0.625 -7.562] [ 1.38  1.29  9.72]
-18.426701 [ 7.438  0.625 -8.187] [ 1.38  1.4   9.7 ]
-18.527581 [ 7.438  0.625 -8.625] [ 1.39  1.47  9.69]
-18.628811 [ 7.438  0.625 -9.187] [ 1.39  1.55  9.68]
-18.731563 [ 7.438  0.625 -9.5  ] [ 1.39  1.62  9.67]
-18.835044 [ 7.438  0.625 -9.937] [ 1.39  1.69  9.65]
-18.938498 [  7.438   0.5   -10.375] [ 1.37  1.76  9.64]
-19.041941 [  7.375   0.    -10.687] [ 1.28  1.82  9.63]
-19.144718 [  7.313  -0.75  -11.   ] [-0.13  1.87  9.62]
-19.249543 [  7.25   -1.312 -11.375] [-0.22  1.93  9.61]
-19.353337 [  7.25   -1.75  -11.437] [-0.3   1.94  9.6 ]
-19.459747 [  7.188  -2.187 -11.5  ] [-0.37  1.95  9.6 ]
-19.563024 [  7.125  -2.687 -11.5  ] [-0.46  1.95  9.59]
-19.666141 [  7.063  -3.187 -11.5  ] [-0.54  1.95  9.59]
-19.770048 [  7.063  -3.625 -11.5  ] [-0.61  1.95  9.58]
-19.872039 [  7.     -4.    -11.375] [-0.68  1.93  9.58]
-19.974065 [  7.     -4.25  -11.062] [-0.73  1.88  9.59]
-20.076659 [  6.938  -4.562 -10.75 ] [-0.78  1.82  9.6 ]
-20.178367 [  6.875  -4.812 -10.312] [-0.83  1.75  9.61]
-20.279924 [ 6.875 -5.    -9.812] [-0.85  1.68  9.62]
-20.38195 [ 6.875 -5.    -9.437] [-0.85  1.6   9.63]
-20.483544 [ 6.875 -5.    -8.937] [-0.85  1.52  9.64]
-20.585705 [ 6.875 -5.    -8.437] [-0.86  1.44  9.66]
-20.687577 [    6.875  2043.       -8.125] [-0.86  1.38  9.66]
-20.78925 [ 6.813 -5.    -7.812] [-0.86  1.33  9.67]
-20.89299 [ 6.813 -5.062 -7.125] [ 326.82    1.21    9.69]
-20.994617 [ 6.813 -5.    -6.625] [-0.85  1.13  9.7 ]
-21.097051 [ 6.813 -4.562 -6.375] [-0.78  1.09  9.71]
-21.203805 [-1689.125   -11.812  2041.813] [ 327.03 -325.34 -319.24]
-21.264578 [-1689.125   -11.375  2041.875] [  -0.58 -325.35 -319.23]
-21.326049 [-1689.125   -10.937  2041.875] [  -0.5  -325.36 -319.23]
-21.387229 [-1689.062   -10.562  2041.938] [  -0.44 -325.37 -319.22]
-21.448402 [ 1.062 -2.062 -6.   ] [-0.35  1.03  9.74]
-21.512058 [-1689.       -9.5    2042.063] [ -2.70000000e-01   1.02000000e+00  -3.19220000e+02]
-21.574021 [-1689.       -9.062  2042.   ] [ -1.80000000e-01  -3.25380000e+02  -3.19210000e+02]
-21.634976 [-1689.       -8.625  2042.   ] [ -1.10000000e-01  -3.25380000e+02  -3.19210000e+02]
-21.696344 [-1688.937    -8.187  2042.   ] [ -3.00000000e-02  -3.25380000e+02  -3.19210000e+02]
-21.757743 [ 0.937  0.    -6.125] [ 0.    1.04  9.75]
-21.821606 [ -1.68893700e+03   3.75000000e-01   2.03350000e+03] [ 0.05  1.1   9.74]
-21.884012 [ -1.68893700e+03   6.25000000e-01   2.03318800e+03] [  1.10000000e-01  -3.26510000e+02  -3.19230000e+02]
-21.944494 [ -1.68893700e+03   7.50000000e-01   2.03281300e+03] [  1.30000000e-01  -3.26450000e+02  -3.19240000e+02]
-22.004795 [ -1.68887500e+03   8.13000000e-01   2.03225000e+03] [  1.40000000e-01   4.00000000e-02  -3.19250000e+02]
-22.065044 [ -1.68893700e+03   8.13000000e-01  -8.37500000e+00] [  1.40000000e-01   1.50000000e-01  -3.19260000e+02]
-22.125319 [ -1.68893700e+03   8.13000000e-01  -8.75000000e+00] [  1.40000000e-01   2.20000000e-01  -3.19280000e+02]
-22.185819 [ -1.68893700e+03   8.13000000e-01  -9.18700000e+00] [  1.40000000e-01   2.90000000e-01  -3.19290000e+02]
-22.246244 [ -1.68893700e+03   8.13000000e-01  -9.62500000e+00] [  1.40000000e-01   3.50000000e-01  -3.19300000e+02]
-22.306504 [ -1.68893700e+03   6.88000000e-01  -9.93700000e+00] [  1.20000000e-01   4.10000000e-01  -3.18030000e+02]
-22.366703 [ -1.68893700e+03   2.50000000e-01  -1.03120000e+01] [  5.00000000e-02   4.70000000e-01  -3.19320000e+02]
-22.428131 [-1689.       -8.187    -2.625] [ -3.00000000e-02   1.81000000e+00  -3.19330000e+02]
-22.488827 [-1689.       -8.687    -2.875] [ -1.20000000e-01   1.85000000e+00  -3.19340000e+02]
-22.549846 [  1.062  -1.312 -11.062] [-0.22  1.88  9.62]
-22.612804 [-1689.187    -9.937    -3.312] [-0.32  1.92  9.61]
-22.674594 [-1689.187   -10.437    -3.375] [  -0.42 -325.75 -319.36]
-22.735723 [-1689.25    -10.875    -3.437] [  -0.49 -325.74    8.31]
-22.796302 [-1689.312   -11.312    -3.437] [  -0.57 -325.74    8.31]
-22.856925 [-1689.312   -11.687    -3.437] [  -0.63 -325.74    8.31]
-22.917562 [-1689.375  2035.938    -3.437] [ 326.99 -325.74    8.3 ]
-22.978567 [-1689.375  2035.625    -3.187] [ 326.93    1.89    8.31]
-23.040055 [-1689.375  2035.375    -2.875] [ 326.89    1.84    8.31]
-23.100803 [  1.437  -4.812 -10.5  ] [-0.83  1.78  9.6 ]
-23.163818 [ -1.68943700e+03   2.03512500e+03  -2.00000000e+00] [-0.84  1.71  9.61]
-23.236155 [ -1.68943700e+03   2.03512500e+03  -1.43700000e+00] [ 326.84    1.61 -319.33]
-23.296459 [ -1.68950000e+03   2.03506300e+03  -1.06200000e+00] [ 326.84    1.54 -319.32]
-23.356695 [ -1.68950000e+03   2.03506300e+03  -6.25000000e-01] [ 326.83    1.46 -319.31]
-23.416762 [ -1.68950000e+03   2.03506300e+03  -1.87000000e-01] [ 326.83    1.4  -319.3 ]
-23.477105 [-1689.5    2035.063  2040.125] [ 326.83    1.34 -319.29]
-23.538464 [-1689.5    2035.063  2040.625] [ 326.83 -325.14 -319.28]
-23.598999 [ 1.5   -4.937 -6.812] [ 326.84 -325.24 -319.26]
-23.660808 [ 1.5   -4.562 -6.375] [-0.78  1.08  9.71]
-23.724244 [-1689.437   -11.875  2041.938] [-0.68  1.04  9.72]
-23.78622 [-1689.437   -11.062  2042.063] [  -0.53 -325.38 -319.23]
-23.846823 [-1689.375   -10.562  2042.063] [  -0.44    2.3  -319.22]
-23.918782 [ 6.625 -2.    -5.937] [-0.34  1.01  9.74]
-24.020918 [ 6.688 -1.25  -5.875] [-0.21  1.01  9.75]
-24.123846 [ 6.75  -0.75  -5.875] [-0.14  1.01  9.75]
-24.226427 [ 6.75  -0.375 -5.875] [-0.06  1.01  9.75]
-24.32816 [ 6.75   0.    -6.062] [ 1.28  1.04  9.75]
-24.429735 [ 6.75   0.063 -6.375] [ 1.3   1.09  9.74]
-24.53122 [ 6.813  0.313 -6.75 ] [ 1.33  1.16  9.73]
-24.633033 [ 6.875  0.75  -7.187] [ 1.41  1.23  9.72]
-24.73448 [ 6.875  0.813 -7.75 ] [ 1.42  1.32  9.71]
-24.836246 [ 6.875  0.813 -8.312] [ 1.42  1.41  9.7 ]
-24.937938 [ 6.875  0.813 -8.75 ] [ 1.42  1.5   9.69]
-25.039539 [ 6.875  0.75  -9.187] [ 1.41  1.57  9.67]
-25.140833 [ 6.875  0.75  -9.562] [ 1.41  1.63  9.66]
-25.24214 [  6.875   0.75  -10.062] [ 1.41  1.71  9.65]
-25.3433 [  6.813   0.625 -10.312] [ 1.38  1.76  9.64]
-25.447007 [  6.813   0.125 -10.687] [ 1.31  1.81  9.63]
-25.54932 [  6.75   -0.437 -11.   ] [-0.07  1.87  9.62]
-25.650772 [  6.75   -0.875 -11.187] [-0.15  1.9   9.61]
-25.75302 [  6.688  -1.5   -11.312] [-0.25  1.92  9.61]
-25.856504 [  6.625  -2.062 -11.375] [-0.34  1.93  9.6 ]
-25.958949 [  6.563 -10.562 -11.375] [-0.44  1.93  9.6 ]
-26.060619 [  6.5    -3.    -11.375] [-0.52  1.93  9.6 ]
-26.162533 [  1.5    -3.437 -11.375] [-0.59  1.93  9.59]
-26.266277 [  1.562  -3.812 -11.375] [-0.65  1.93  9.59]
-26.369851 [  6.375  -4.187 -11.125] [-0.72  1.89  9.59]
-26.471449 [  6.375  -4.5   -10.75 ] [-0.77  1.82  9.6 ]
-26.573755 [  1.687  -4.812 -10.375] [-0.82  1.77  9.6 ]
-26.677595 [ 6.313 -4.937 -9.937] [-0.84  1.69  9.62]
-26.780574 [ 6.313 -4.937 -9.5  ] [-0.84  1.61  9.63]
-26.882452 [ 6.25  -4.937 -9.125] [-0.85  1.55  9.64]
-26.985305 [ 6.25  -4.937 -8.625] [-0.85  1.46  9.65]
-27.086934 [ 6.25  -5.    -8.187] [-0.85  1.39  9.66]
-27.188522 [ 6.25 -5.   -8.  ] [-0.85  1.36  9.67]
-27.289965 [ 6.25  -5.    -7.437] [-0.85  1.27  9.68]
-27.391407 [ 6.188 -4.875 -6.75 ] [-0.84  1.15  9.7 ]
-27.492842 [ 6.188 -4.375 -6.437] [-0.75  1.1   9.71]
-27.594455 [ 6.25 -3.5  -6.25] [-0.6   1.07  9.72]
-27.696024 [ 6.313 -2.875 -6.062] [-0.49  1.04  9.73]
-27.797603 [ 6.313 -2.562 -6.   ] [-0.44  1.02  9.74]
-27.899719 [ 6.313 -2.062 -5.875] [-0.36  1.01  9.74]
-28.002039 [ 6.375 -1.437 -5.812] [-0.25  1.    9.75]
-28.103635 [ 6.375 -1.    -5.812] [-0.18  0.99  9.75]
-28.205923 [ 6.375 -0.625 -5.812] [-0.1   1.    9.75]
-28.308515 [ 1.562 -0.187 -5.812] [-0.04  1.    9.75]
-28.413532 [ 6.438  0.    -5.875] [ 1.28  1.01  9.75]
-28.515678 [ 6.438  0.188 -6.125] [ 0.03  1.05  9.74]
-28.619086 [ 1.562  0.438 -6.562] [ 1.35  1.12  9.74]
-28.721567 [ 6.438  0.563 -6.937] [ 0.1   1.18  9.73]
-28.8233 [ 6.438  0.625 -7.5  ] [ 1.39  1.28  9.72]
-28.924443 [ 6.438  0.625 -8.062] [ 1.39  1.38  9.7 ]
-29.025881 [ 6.438  0.625 -8.562] [ 1.39  1.46  9.69]
-29.128504 [ 6.438  0.625 -9.062] [ 1.38  1.54  9.68]
-29.233063 [ 6.438  0.625 -9.437] [ 1.38  1.6   9.67]
-29.335356 [ 6.438  0.625 -9.812] [ 1.38  1.67  9.66]
-29.439368 [  6.438   0.5   -10.25 ] [ 1.37  1.75  9.64]
-29.541683 [  6.438   0.063 -10.625] [ 1.29  1.81  9.63]
-29.64386 [  6.375  -0.625 -10.937] [-0.11  1.87  9.62]
-29.745717 [  6.313  -1.125 -11.312] [-0.19  1.92  9.61]
-29.848707 [  6.313  -1.625 -11.375] [-0.27  1.93  9.6 ]
-29.953399 [  6.25   -2.125 -11.437] [-0.36  1.95  9.6 ]
-30.055462 [  6.188  -2.625 -11.437] [-0.45  1.94  9.6 ]
-30.156757 [  1.875  -3.125 -11.437] [-0.53  1.95  9.59]
-30.26019 [  6.125  -3.5   -11.437] [-0.6   1.95  9.59]
-30.363928 [  6.063  -3.812 -11.375] [-0.65  1.93  9.59]
-30.465934 [  6.     -4.187 -11.062] [-0.71  1.88  9.59]
-30.568498 [  5.875  -5.187 -10.812] [-0.88  1.83  9.59]
-30.672961 [  5.875  -5.312 -10.312] [-0.91  1.76  9.6 ]
-30.776252 [ 5.875 -5.375 -9.812] [-0.92  1.66  9.61]
-30.878686 [ 5.875 -5.375 -9.375] [-0.92  1.59  9.63]
-30.982434 [ 5.875 -5.437 -8.812] [-0.93  1.51  9.64]
-31.085442 [ 5.813 -5.437 -8.375] [-0.93  1.42  9.65]
-31.187339 [ 5.813 -5.437 -8.062] [-0.93  1.37  9.66]
-31.288887 [ 5.813 -5.437 -7.687] [-0.93  1.31  9.67]
-31.392826 [ 5.813 -5.437 -7.   ] [-0.93  1.19  9.68]
-31.49532 [ 5.813 -5.187 -6.562] [-0.9   1.12  9.7 ]
-31.597924 [ 5.875 -4.437 -6.375] [-0.76  1.08  9.71]
-31.700538 [ 5.875 -3.812 -6.25 ] [-0.65  1.07  9.72]
-31.802506 [ 5.938 -3.187 -6.125] [-0.55  1.05  9.73]
-31.904475 [ 5.938 -2.75  -6.062] [-0.48  1.03  9.73]
-32.006855 [ 5.938 -2.25  -6.   ] [-0.39  1.02  9.74]
-32.108712 [ 6.    -1.687 -5.937] [-0.29  1.01  9.74]
-32.210004 [ 6.    -1.25  -5.937] [-0.22  1.02  9.75]
-32.312866 [ 6.063 -0.875 -5.937] [-0.15  1.02  9.75]
-32.415741 [ 6.063 -0.375 -5.937] [-0.07  1.02  9.75]
-32.517753 [ 6.063 -0.062 -6.   ] [-0.01  1.02  9.75]
