-0.074062 [ 5.375 -1.25  -9.125] [-0.22  1.55  9.67]
-0.175683 [ 5.625  1.    -9.   ] [ 1.45  1.53  9.68]
-0.276465 [ 5.563  1.25  -8.75 ] [ 1.49  1.49  9.68]
-0.379889 [ 2.437  1.188 -8.75 ] [ 0.21  1.49  9.68]
-0.483981 [ 5.563  1.188 -8.875] [ 0.21  1.51  9.68]
-0.58492 [ 5.563  1.188 -9.125] [ 1.49  1.55  9.68]
-0.685452 [ 5.563  1.125 -9.5  ] [ 1.47  1.62  9.66]
-0.786068 [ 5.563  0.938 -9.875] [ 1.45  1.68  9.65]
-0.886534 [  5.5     0.75  -10.125] [ 1.41  1.73  9.65]
-0.986847 [  5.438   0.438 -10.5  ] [ 1.35  1.79  9.64]
-1.087279 [  5.438   0.    -10.812] [ 1.28  1.84  9.63]
-1.187642 [  5.375  -0.437 -11.062] [-0.07  1.89  9.62]
-1.288052 [  5.375  -0.875 -11.312] [-0.15  1.92  9.61]
-1.388358 [  5.313  -1.25  -11.375] [-0.22  1.94  9.6 ]
-1.488805 [  5.25  -1.75 -11.5 ] [-0.3   1.95  9.6 ]
-1.589309 [  5.188  -2.375 -11.562] [-0.41  1.96  9.59]
-1.689903 [  5.188  -2.75  -11.562] [-0.47  1.97  9.59]
-1.79265 [  5.125  -3.25  -11.625] [-0.56  1.98  9.58]
-1.895694 [  5.063  -3.625 -11.687] [-0.62  1.98  9.58]
-2.001169 [  5.063  -3.875 -11.437] [-0.66  1.94  9.58]
-2.104261 [  5.063  -4.125 -11.125] [-0.7   1.89  9.59]
-2.2114 [  3.     -4.312 -10.812] [-0.73  1.84  9.6 ]
-2.314294 [  5.     -4.375 -10.312] [-0.74  1.76  9.61]
-2.416877 [ 5.    -4.375 -9.875] [-0.75  1.68  9.63]
-2.51914 [ 3.    -4.437 -9.375] [-0.76  1.6   9.64]
-2.621989 [ 4.875 -5.437 -8.937] [-0.93  1.52  9.64]
-2.725909 [ 4.875 -5.437 -8.375] [-0.93  1.43  9.65]
-2.828326 [ 4.875 -5.5   -8.125] [-0.94  1.38  9.66]
-2.930598 [ 4.813 -5.5   -7.625] [-0.94  1.3   9.67]
-3.03678 [ 4.813 -5.125 -6.875] [-0.88  1.17  9.69]
-3.141054 [ 4.875 -4.25  -6.5  ] [-0.73  1.11  9.71]
-3.242908 [ 4.938 -3.562 -6.25 ] [-0.61  1.07  9.72]
-3.344367 [ 4.938 -3.125 -5.937] [-0.54  1.01  9.73]
-3.445691 [ 4.938 -2.75  -5.937] [-0.47  1.01  9.74]
-3.547395 [-1683.062    -2.312    -5.875] [-0.39  1.01  9.74]
-3.649401 [ 5.    -1.75  -5.875] [-0.3   1.01  9.74]
-3.75098 [ 5.    -1.25  -5.875] [-0.22  1.01  9.75]
-3.852815 [ 5.063 -0.875 -5.875] [-0.15  2.29  9.75]
-3.955771 [ 5.063 -0.5   -5.875] [-0.09  1.01  9.75]
-4.058741 [ 5.063 -0.125 -6.062] [-0.02  1.04  9.75]
-4.160611 [ 5.063  0.    -6.437] [ 1.28  1.1   9.74]
-4.263411 [ 2.937  0.25  -6.812] [ 0.04  1.17  9.73]
-4.367201 [ 5.125  0.438 -7.312] [ 0.08  1.24  9.72]
-4.471474 [ 5.125  0.5   -7.875] [ 1.37  1.34  9.71]
-4.576425 [ 5.125  0.625 -8.437] [ 1.39  1.43  9.7 ]
-4.681379 [ 5.125  0.625 -8.875] [ 1.39  1.51  9.68]
-4.783971 [ 2.875  0.688 -9.312] [ 1.39  1.59  9.67]
-4.887122 [ 5.125  0.688 -9.687] [ 1.39  1.65  9.66]
-4.992098 [  5.125   0.688 -10.125] [ 1.39  1.73  9.65]
-5.093859 [  2.937   0.5   -10.375] [ 1.37  1.77  9.64]
-5.195568 [  5.063   0.125 -10.687] [ 0.02  1.82  9.63]
-5.297585 [  5.     -0.437 -11.062] [-0.06  1.88  9.62]
-5.399658 [  5.    -1.   -11.25] [-0.17  1.91  9.61]
-5.509403 [  4.875  -1.625 -11.375] [-0.28  1.93  9.6 ]
-5.619515 [  4.75   -2.625 -11.687] [-0.45  1.98  9.59]
-5.721786 [  4.75   -2.812 -11.687] [-0.49  1.98  9.59]
-5.824305 [  4.75   -3.25  -11.687] [-0.55  1.98  9.58]
-5.928428 [  4.688  -3.625 -11.687] [-0.61  1.98  9.58]
-6.031006 [  4.625  -3.937 -11.625] [-0.68  1.97  9.58]
-6.132292 [  4.625  -4.312 -11.312] [-0.74  1.92  9.58]
-6.233347 [  4.625  -4.562 -10.812] [-0.78  1.84  9.6 ]
-6.335239 [  4.563  -4.937 -10.437] [-0.84  1.78  9.6 ]
-6.439102 [  4.563  -5.    -10.   ] [-0.86  1.71  9.61]
-6.541333 [  4.563 -13.     -9.562] [-0.86  1.62  9.63]
-6.64451 [ 4.563 -5.062 -9.125] [-0.86  1.55  9.64]
-6.749722 [ 4.563 -5.062 -8.625] [-0.86  1.47  9.65]
-6.85448 [ 4.563 -5.062 -8.312] [-0.86  1.41  9.66]
-6.957046 [ 4.563 -5.062 -8.062] [-0.86  1.37  9.67]
-7.059971 [ 4.5   -5.062 -7.5  ] [-0.86  1.29  9.68]
-7.164197 [ 4.563 -4.875 -6.812] [-0.84  1.16  9.7 ]
-7.269702 [ 4.563 -4.312 -6.5  ] [-0.75  1.11  9.71]
-7.373717 [ 4.625 -3.5   -6.25 ] [-0.6   1.07  9.72]
-7.476238 [ 4.625 -3.    -6.062] [-0.52  1.04  9.73]
-7.581696 [ 4.625 -2.625 -6.   ] [-0.45  1.02  9.74]
-7.685734 [ 4.688 -2.062 -5.937] [-0.36  1.01  9.74]
-7.790345 [ 4.688 -1.5   -5.875] [-0.27  1.    9.75]
-7.895201 [ 4.688 -1.125 -5.875] [-0.19  1.    9.75]
-7.99825 [ 4.75  -0.75  -5.812] [-0.13  1.    9.75]
-8.101568 [ 4.75  -0.312 -5.812] [-0.05  1.    9.75]
-8.207217 [ 4.75  -0.062 -5.937] [-0.01  1.01  9.75]
-8.310833 [ 4.75   0.125 -6.25 ] [ 0.01  1.06  9.74]
-8.415175 [ 4.813  0.438 -6.625] [   1.35 -326.55    9.73]
-8.518021 [ 3.187  0.563 -7.   ] [ 0.1   1.2   9.73]
-8.621782 [ 4.813  0.625 -7.562] [ 0.11  1.29  9.72]
-8.724147 [ 4.813  0.688 -8.187] [ 0.11  1.4   9.7 ]
-8.826264 [ 4.813  0.688 -8.687] [ 0.12  1.48  9.69]
-8.929884 [ 3.187  0.688 -9.062] [ 1.4   1.54  9.68]
-9.033284 [ 4.813  0.688 -9.437] [ 1.4   1.61  9.67]
-9.135461 [ 4.813  0.688 -9.875] [ 1.4   1.68  9.66]
-9.239127 [  4.813   0.625 -10.312] [ 1.39  1.75  9.64]
-9.343484 [  4.75    0.    -10.687] [ 1.28  1.82  9.63]
-9.446549 [  4.688  -0.75  -11.   ] [-0.13  1.87  9.62]
-9.557414 [  4.625  -1.375 -11.375] [-0.24  1.93  9.6 ]
-9.668303 [  4.625  -1.812 -11.437] [-0.31  1.95  9.6 ]
-9.780369 [  3.437  -2.25  -11.5  ] [-0.39  1.96  9.6 ]
-9.887132 [  4.5   -2.75 -11.5 ] [-0.47  1.96  9.59]
-9.99107 [  4.5    -3.125 -11.5  ] [-0.54  1.96  9.59]
-10.095979 [  4.5  -3.5 -11.5] [-0.6   1.95  9.58]
-10.20204 [  4.438  -3.875 -11.437] [-0.67  1.94  9.58]
-10.305527 [  4.375  -4.125 -11.062] [-0.71  1.87  9.59]
-10.408648 [  4.375  -4.5   -10.75 ] [-0.76  1.82  9.6 ]
-10.515373 [  4.313  -4.812 -10.25 ] [-0.82  1.74  9.61]
-10.618796 [ 4.313 -4.937 -9.812] [-0.84  1.66  9.62]
-10.724559 [ 4.313 -4.937 -9.375] [-0.84  1.59  9.63]
-10.828817 [ 4.25  -4.937 -8.937] [-0.85  1.51  9.65]
-10.933993 [ 4.25  -5.    -8.437] [-0.85  1.44  9.66]
-11.036923 [ 4.25  -5.    -8.125] [-0.86  1.38  9.67]
-11.140157 [ 4.25  -5.    -7.812] [-0.86  1.32  9.67]
-11.247466 [ 4.188 -5.062 -7.125] [-0.86  1.22  9.69]
-11.350907 [ 4.188 -5.    -6.687] [-0.86  1.14  9.7 ]
-11.453918 [ 4.188 -4.5   -6.437] [-0.79  1.1   9.71]
-11.557546 [  4.25  -11.812  -6.25 ] [-0.65  1.06  9.72]
-11.6605 [ 4.25  -3.125 -6.062] [-0.54  1.03  9.73]
-11.763877 [ 4.313 -2.687 -5.937] [-0.47  1.02  9.74]
-11.867738 [-1683.687    -2.25     -5.875] [-0.38  1.01  9.74]
-11.97098 [ 4.375 -1.625 -5.812] [-0.28  1.    9.75]
-12.075432 [ 4.375 -1.125 -5.812] [-0.2   1.    9.75]
-12.178776 [ 4.375 -0.75  -5.812] [-0.13  1.    9.75]
-12.284468 [ 4.438 -0.312 -5.812] [-0.06  1.    9.75]
-12.389118 [ 4.438  0.    -5.937] [ 1.28  1.01  9.75]
-12.491966 [ 4.438  0.125 -6.25 ] [ 1.31  1.06  9.74]
-12.596959 [ 4.438  0.563 -6.687] [ 1.37  1.14  9.73]
-12.703466 [ 4.5    0.688 -7.   ] [ 1.4   1.19  9.73]
-12.807211 [ 4.5    0.75  -7.625] [ 1.41  1.3   9.71]
-12.914892 [ 4.5    0.813 -8.312] [ 1.42  1.41  9.7 ]
-13.018233 [ 4.5    0.813 -8.625] [ 1.42  1.48  9.69]
-13.123167 [ 4.5    0.813 -9.125] [ 1.42  1.56  9.68]
-13.238954 [ 4.438  0.813 -9.562] [ 1.42  1.63  9.66]
-13.343356 [ 4.438  0.75  -9.812] [ 1.41  1.68  9.66]
-13.449506 [  4.438   0.5   -10.25 ] [ 1.36  1.74  9.64]
-13.555807 [  4.375   0.063 -10.5  ] [ 1.29  1.79  9.64]
-13.659504 [  4.313  -0.625 -10.875] [-0.11  1.85  9.62]
-13.764356 [  3.75   -1.25  -11.187] [-0.21  1.91  9.61]
-13.892664 [  4.188  -1.75  -11.437] [-0.3   1.94  9.6 ]
-13.999698 [  4.188  -2.25  -11.5  ] [-0.39  1.95  9.6 ]
-14.105277 [  4.125  -2.687 -11.5  ] [-0.46  1.95  9.59]
-14.219443 [  4.063  -3.25  -11.5  ] [-0.55  1.96  9.59]
-14.322109 [  3.937  -3.562 -11.5  ] [-0.61  1.96  9.58]
-14.429392 [  4.     -3.937 -11.5  ] [-0.68  1.95  9.58]
-14.547803 [  3.938  -4.375 -11.375] [-0.74  1.94  9.58]
-14.658137 [  3.938  -4.562 -10.875] [-0.78  1.84  9.59]
-14.765941 [  3.938  -4.812 -10.5  ] [-0.82  1.78  9.6 ]
-14.869465 [  3.938  -4.875 -10.062] [-0.83  1.71  9.61]
-14.97078 [ 3.938 -4.937 -9.562] [-0.84  1.62  9.63]
-15.071714 [ 3.938 -4.937 -9.125] [-0.84  1.55  9.64]
-15.176134 [ 4.125 -4.937 -8.625] [-0.85  1.46  9.65]
-15.278859 [ 3.875 -4.937 -8.187] [-0.85  1.39  9.66]
-15.380791 [ 3.875 -5.    -7.937] [-0.85  1.35  9.67]
-15.483264 [ 4.125 -5.    -7.5  ] [-0.85  1.27  9.68]
-15.585899 [ 3.813 -4.937 -6.812] [-0.85  1.16  9.7 ]
-15.693164 [ 3.813 -4.625 -6.437] [-0.79  1.09  9.71]
-15.803192 [ 3.875 -3.875 -6.125] [-0.66  1.05  9.72]
-15.908 [ 3.938 -3.187 -5.937] [-0.55  1.01  9.73]
-16.014337 [ 3.938 -2.75  -5.937] [-0.47  1.01  9.74]
-16.116789 [ 3.938 -2.312 -5.875] [-0.4   1.01  9.74]
-16.218517 [ 4.    -1.75  -5.875] [-0.3   1.    9.74]
-16.319552 [ 4.    -1.187 -5.875] [-0.21  1.    9.75]
-16.420855 [ 4.063 -0.812 -5.875] [-0.14  1.    9.75]
-16.522633 [ 4.063 -0.5   -5.875] [-0.08  1.    9.75]
-16.624686 [ 4.063 -0.125 -6.062] [-0.02  1.03  9.75]
-16.727639 [ 3.937  0.    -6.375] [ 1.28  1.09  9.74]
-16.830642 [ 4.063  0.25  -6.75 ] [ 1.32  1.16  9.73]
-16.932634 [ 4.063  0.438 -7.25 ] [ 1.36  1.23  9.72]
-17.043128 [ 4.063  0.5   -7.875] [ 1.37  1.35  9.71]
-17.153749 [ 4.125  0.563 -8.375] [ 1.38  1.43  9.7 ]
-17.263943 [ 4.063  0.563 -8.812] [ 1.38  1.51  9.68]
-17.378241 [ 3.937  0.563 -9.312] [ 0.1   1.58  9.67]
-17.48124 [ 4.063  0.563 -9.625] [ 1.38  1.64  9.66]
-17.582991 [  4.063   0.563 -10.   ] [ 1.38  1.71  9.65]
-17.686991 [  4.063   0.438 -10.375] [ 0.07  1.77  9.64]
-17.791446 [  4.063   0.    -10.625] [ 1.28  1.81  9.63]
-17.893449 [  4.     -0.562 -10.937] [-0.1   1.86  9.62]
-17.995188 [  4.125  -1.187 -11.187] [-0.21  1.9   9.61]
-18.10074 [  3.875  -1.812 -11.312] [-0.3   1.92  9.61]
-18.20323 [  3.813  -2.312 -11.375] [-0.39  1.93  9.6 ]
-18.304536 [  3.75   -2.812 -11.375] [-0.48  1.93  9.6 ]
-18.406366 [  3.688  -3.25  -11.375] [-0.56  1.93  9.59]
-18.507834 [  3.688  -3.625 -11.375] [-0.62  1.93  9.59]
-18.616139 [  3.625  -4.    -11.375] [-0.69  1.93  9.58]
-18.721992 [  3.625  -4.375 -11.187] [-0.75  1.91  9.58]
-18.824158 [  3.563  -4.687 -10.812] [-0.8   1.83  9.59]
-18.925882 [  3.563  -5.062 -10.437] [-0.86  1.77  9.6 ]
-19.028473 [  4.437  -5.125 -10.   ] [-0.87  1.7   9.61]
-19.131707 [ 3.5   -5.125 -9.5  ] [-0.88  1.62  9.63]
-19.233633 [ 3.5   -5.125 -9.125] [-0.88  1.55  9.64]
-19.338378 [ 3.5   -5.125 -8.625] [-0.88  1.47  9.65]
-19.441942 [ 3.5   -5.125 -8.25 ] [-0.88  1.41  9.66]
-19.544116 [ 3.5   -5.125 -8.062] [-0.88  1.37  9.66]
-19.645539 [ 3.5   -5.125 -7.562] [-0.88  1.29  9.68]
-19.747974 [ 3.438 -5.    -6.875] [-0.86  1.17  9.69]
-19.858429 [ 3.5 -4.5 -6.5] [-0.77  1.11  9.71]
-19.968585 [ 3.5   -3.625 -6.312] [-0.62  1.08  9.72]
-20.081701 [ 3.563 -3.    -6.125] [-0.52  1.04  9.73]
-20.188183 [ 3.563 -2.75  -6.   ] [-0.47  1.03  9.74]
-20.290329 [ 3.563 -2.25  -5.937] [-0.39  1.02  9.74]
-20.392348 [ 3.625 -1.687 -5.875] [-0.29  1.01  9.74]
-20.493525 [ 3.625 -1.25  -5.875] [-0.22  1.01  9.75]
-20.594939 [ 3.625 -0.812 -5.875] [-0.14  1.01  9.75]
-20.695566 [ 3.688 -0.375 -5.875] [-0.07  1.01  9.75]
-20.796219 [ 3.688 -0.125 -5.937] [-0.02  1.02  9.75]
-20.896654 [ 3.688  0.063 -6.25 ] [ 1.29  1.07  9.74]
-20.997129 [ 3.75   0.375 -6.562] [ 1.34  1.12  9.74]
-21.098261 [ 3.75   0.563 -6.937] [ 1.37  1.18  9.73]
-21.201676 [ 4.25   0.563 -7.437] [ 0.09  1.27  9.72]
-21.304794 [ 3.75   0.563 -8.125] [ 1.37  1.39  9.7 ]
-21.406999 [ 3.75   0.563 -8.562] [ 1.38  1.46  9.69]
-21.509199 [ 3.75   0.563 -9.062] [ 1.38  1.54  9.68]
-21.611055 [ 3.75   0.563 -9.375] [ 1.38  1.6   9.67]
-21.714929 [ 3.75   0.563 -9.875] [ 1.38  1.67  9.66]
-21.816839 [  3.688   0.5   -10.312] [ 1.36  1.75  9.64]
-21.918249 [  3.688   0.    -10.625] [ 1.28  1.81  9.63]
-22.019551 [  3.625  -0.687 -10.937] [-0.12  1.86  9.62]
-22.121277 [  3.563  -1.312 -11.312] [-0.23  1.92  9.61]
-22.222868 [  3.5    -1.75  -11.375] [-0.3   1.93  9.6 ]
-22.325612 [  3.438  -2.312 -11.375] [-0.39  1.93  9.6 ]
-22.428517 [  4.562  -2.75  -11.375] [-0.47  1.94  9.6 ]
-22.531478 [  3.375  -3.187 -11.375] [-0.55  1.94  9.59]
-22.634927 [  3.313  -3.625 -11.375] [-0.62  1.94  9.59]
-22.738628 [  3.313  -4.    -11.312] [-0.69  1.92  9.59]
-22.840949 [  3.25   -4.25  -10.937] [-0.72  1.86  9.6 ]
-22.944812 [  3.188  -4.625 -10.625] [-0.78  1.81  9.6 ]
-23.046972 [  3.188  -4.875 -10.25 ] [-0.84  1.74  9.61]
-23.148245 [ 3.125 -5.    -9.75 ] [-0.86  1.66  9.62]
-23.251842 [ 3.125 -5.062 -9.375] [-0.86  1.59  9.63]
-23.355138 [ 3.125 -5.062 -8.875] [-0.86  1.51  9.64]
-23.461421 [ 3.125 -5.062 -8.437] [-0.87  1.43  9.66]
-23.563028 [ 3.125 -5.062 -8.062] [-0.87  1.37  9.67]
-23.664455 [ 3.125 -5.062 -7.75 ] [-0.87  1.32  9.67]
-23.766472 [ 3.063 -5.062 -7.125] [-0.87  1.22  9.69]
-23.869453 [ 3.063 -5.062 -6.625] [-0.86  1.13  9.7 ]
-23.975701 [ 3.063 -4.75  -6.375] [-0.82  1.09  9.7 ]
-24.08665 [ 3.125 -4.    -6.187] [-0.7   1.05  9.72]
-24.188687 [ 3.125 -3.312 -6.   ] [-0.57  1.03  9.73]
-24.289978 [ 4.812 -2.937 -6.   ] [-0.5   1.02  9.73]
-24.392144 [ 3.188 -2.5   -5.937] [-0.43  1.01  9.74]
-24.495287 [ 3.188 -1.875 -5.875] [-0.32  1.01  9.74]
-24.597726 [ 3.25  -1.437 -5.875] [-0.24  1.01  9.75]
-24.701429 [ 3.25  -1.062 -5.875] [-0.18  1.01  9.75]
-24.804455 [ 3.25  -0.562 -5.875] [-0.09  1.01  9.75]
-24.907731 [ 3.313 -0.25  -5.937] [-0.05  1.02  9.75]
-25.009937 [ 3.313  0.    -6.25 ] [ 1.28  1.06  9.74]
-25.111489 [ 3.313  0.438 -6.625] [ 1.35  1.13  9.74]
-25.213101 [ 3.313  0.625 -6.937] [ 1.39  1.18  9.73]
-25.314525 [ 3.313  0.688 -7.5  ] [ 1.39  1.28  9.72]
-25.416129 [ 3.375  0.625 -8.187] [ 1.39  1.4   9.7 ]
-25.517703 [ 3.313  0.625 -8.625] [ 1.39  1.46  9.69]
-25.619569 [ 3.313  0.625 -9.062] [ 1.39  1.55  9.68]
-25.721315 [ 3.313  0.688 -9.5  ] [ 1.39  1.61  9.67]
-25.822886 [ 3.313  0.563 -9.75 ] [ 1.38  1.66  9.66]
-25.924342 [  3.313   0.375 -10.125] [ 1.34  1.73  9.65]
-26.025745 [  3.25    0.    -10.437] [ 1.28  1.78  9.64]
-26.127372 [  3.188  -0.687 -10.812] [-0.1   1.83  9.63]
-26.231508 [  4.875  -1.25  -11.125] [-0.22  1.9   9.61]
-26.333814 [  3.063  -1.875 -11.375] [-0.32  1.93  9.6 ]
-26.436982 [  3.     -2.437 -11.437] [-0.41  1.94  9.6 ]
-26.539704 [  2.938  -2.875 -11.437] [-0.49  1.94  9.59]
-26.641282 [  2.875  -3.375 -11.437] [-0.58  1.94  9.59]
-26.74286 [  2.875  -3.75  -11.437] [-0.64  1.94  9.58]
-26.8454 [  5.187  -4.125 -11.437] [-0.71  1.94  9.58]
-26.948867 [  2.75   -4.437 -11.125] [-0.76  1.89  9.59]
-27.05102 [  2.75   -4.75  -10.812] [-0.81  1.83  9.59]
-27.154407 [  2.688  -5.    -10.437] [-0.86  1.77  9.6 ]
-27.259528 [ 2.75  -5.062 -9.937] [-0.86  1.7   9.61]
-27.361786 [ 2.688 -5.062 -9.5  ] [-0.87  1.62  9.63]
-27.463355 [ 2.688 -5.062 -9.125] [-0.87  1.55  9.64]
-27.564956 [ 2.688 -5.125 -8.687] [-0.87  1.47  9.65]
-27.668213 [ 2.688 -5.125 -8.25 ] [-0.87  1.4   9.66]
-27.777617 [ 2.688 -5.125 -8.   ] [-0.87  1.36  9.67]
-27.879528 [ 2.625 -5.125 -7.562] [-0.87  1.29  9.68]
-27.981253 [ 2.688 -5.125 -6.875] [-0.87  1.17  9.69]
-28.082325 [ 2.688 -4.812 -6.5  ] [-0.82  1.11  9.7 ]
-28.184236 [ 2.688 -4.187 -6.25 ] [-0.72  1.07  9.72]
-28.285279 [ 2.75  -3.437 -6.062] [-0.59  1.03  9.73]
-28.38839 [ 5.25  -2.937 -5.937] [-0.51  1.02  9.73]
-28.491638 [ 2.813 -2.5   -5.937] [-0.43  1.01  9.74]
-28.595081 [ 2.813 -1.875 -5.937] [-0.32  1.01  9.74]
-28.697544 [ 2.875 -1.375 -5.937] [-0.24  1.01  9.75]
-28.800688 [ 2.875 -1.    -5.937] [-0.18  1.01  9.75]
-28.902701 [ 2.875 -0.625 -5.937] [-0.11  1.01  9.75]
-29.005576 [ 2.938 -0.312 -6.   ] [-0.05  1.03  9.75]
-29.116006 [ 2.938 -0.187 -6.375] [-0.03  1.09  9.74]
-29.218019 [ 2.938  0.    -6.812] [ 1.28  1.16  9.73]
-29.31989 [ 2.938  0.25  -7.187] [ 1.32  1.23  9.72]
-29.423161 [ 2.938  0.313 -7.812] [ 1.33  1.33  9.71]
-29.526804 [ 2.938  0.375 -8.312] [ 1.35  1.41  9.7 ]
-29.628571 [ 2.938  0.438 -8.75 ] [ 1.35  1.49  9.69]
-29.730289 [ 5.062  0.438 -9.25 ] [ 1.35  1.57  9.67]
-29.834969 [ 2.938  0.438 -9.625] [ 1.35  1.63  9.66]
-29.937521 [  5.062   0.438 -10.062] [ 1.35  1.71  9.65]
-30.041276 [  2.938   0.375 -10.375] [ 1.34  1.76  9.64]
-30.148858 [  5.125   0.    -10.625] [ 0.    1.81  9.63]
-30.252874 [  2.813  -0.5   -10.937] [-0.09  1.86  9.62]
-30.354734 [  2.75   -1.125 -11.125] [-0.19  1.89  9.62]
-30.460596 [  2.75   -1.562 -11.125] [-0.26  1.89  9.61]
-30.563484 [  2.688  -2.    -11.125] [-0.35  1.89  9.61]
-30.667462 [  2.438  -3.812 -11.5  ] [-0.65  1.96  9.58]
-30.769935 [  2.5    -3.875 -11.562] [-0.67  1.96  9.58]
-30.874804 [  2.5    -4.    -11.562] [-0.69  1.96  9.58]
-30.976994 [  2.438  -4.312 -11.5  ] [-0.73  1.95  9.58]
-31.078392 [  2.438  -4.5   -11.25 ] [-0.77  1.9   9.58]
-31.18285 [  2.375  -4.812 -10.687] [-0.82  1.82  9.59]
-31.285134 [  2.375  -5.125 -10.375] [-0.88  1.76  9.6 ]
-31.388302 [ 2.313 -5.187 -9.937] [-0.89  1.69  9.61]
-31.491722 [ 2.313 -5.187 -9.437] [-0.89  1.61  9.63]
-31.594459 [ 2.375 -5.187 -9.   ] [-0.89  1.53  9.64]
-31.698427 [ 5.687 -5.187 -8.562] [ 326.79    1.45    9.65]
-31.802646 [ 2.313 -5.187 -8.125] [-0.89  1.39  9.66]
-31.90536 [ 2.313 -5.187 -7.875] [-0.89  1.34  9.67]
-32.010806 [ 2.313 -5.187 -7.5  ] [-0.89  1.27  9.68]
-32.114388 [ 2.25  -5.062 -6.75 ] [-0.87  1.15  9.69]
-32.216988 [ 2.313 -4.625 -6.5  ] [-0.79  1.11  9.71]
-32.318834 [ 2.313 -3.75  -6.312] [-0.64  1.07  9.72]
-32.421858 [ 2.375 -3.125 -6.062] [-0.54  1.04  9.73]
-32.534343 [ 2.375 -2.687 -6.   ] [-0.47  1.02  9.74]
-32.607031 [    5.625   -10.375  2042.063] [  -0.41 -325.39 -319.22]
-32.670495 [    5.625   -10.     2042.125] [  -0.34 -325.39 -319.22]
-32.733862 [    5.562    -9.5    2042.125] [-0.27  1.01  9.75]
-32.797186 [    5.562    -9.125  2042.125] [ -1.90000000e-01  -3.25390000e+02  -3.19210000e+02]
-32.860175 [ 5.562 -0.687 -5.875] [-0.12  1.01  9.75]
-32.926494 [    5.5      -8.312  2042.125] [ -5.00000000e-02  -3.25390000e+02  -3.19210000e+02]
-32.989734 [    5.5      -8.062  2041.938] [ -1.00000000e-02  -3.25360000e+02  -3.19210000e+02]
-33.053345 [  5.50000000e+00   1.25000000e-01   2.03356300e+03] [ 0.01  1.09  9.74]
-33.117069 [  5.50000000e+00   3.75000000e-01   2.03318800e+03] [  6.00000000e-02  -3.26520000e+02  -3.19230000e+02]
-33.177577 [  5.50000000e+00   4.38000000e-01   2.03281300e+03] [  8.00000000e-02  -3.26450000e+02  -3.19240000e+02]
-33.237924 [  5.50000000e+00   4.38000000e-01   2.03225000e+03] [  8.00000000e-02   4.00000000e-02  -3.19250000e+02]
-33.298282 [ 5.5    0.5   -8.312] [  8.00000000e-02   1.40000000e-01  -3.19260000e+02]
-33.359221 [ 5.5   0.5  -8.75] [  8.00000000e-02   2.10000000e-01  -3.19270000e+02]
-33.420141 [ 5.5    0.5   -9.187] [  8.00000000e-02   2.80000000e-01  -3.19290000e+02]
-33.48193 [ 5.5    0.5   -9.562] [  8.00000000e-02   3.50000000e-01  -3.19300000e+02]
-33.542636 [ 5.5    0.438 -9.937] [ 0.08  1.7   9.65]
-33.605472 [  5.5     0.25  -10.437] [  5.00000000e-02   4.80000000e-01  -3.19320000e+02]
-33.666789 [ 5.562 -8.187 -2.75 ] [ -3.00000000e-02   1.83000000e+00  -3.19330000e+02]
-33.727368 [ 5.625 -8.75  -3.062] [ -1.20000000e-01   1.88000000e+00  -3.19340000e+02]
-33.787976 [ 5.687 -9.25  -3.187] [ -2.10000000e-01   1.90000000e+00  -3.19350000e+02]
-33.848505 [ 5.687 -9.687 -3.25 ] [ -2.90000000e-01   1.91000000e+00  -3.19350000e+02]
-33.908969 [  5.75  -10.125  -3.25 ] [  -0.36 -325.76 -319.36]
-33.969571 [  5.812 -10.562  -3.25 ] [  -0.44 -325.76 -319.36]
-34.03025 [  5.812 -11.     -3.25 ] [  -0.52 -325.76 -319.36]
-34.090915 [  5.875  -3.375 -11.312] [-0.58  1.92  9.59]
-34.153831 [  5.875 -11.687  -3.187] [-0.63  1.9   9.59]
-34.216157 [  5.937 -12.     -2.937] [ 327.      1.87 -319.36]
-34.277369 [    5.937  2035.688    -2.687] [ 326.96    1.83 -319.36]
-34.338013 [    6.     2035.375    -2.25 ] [ 326.89    1.74 -319.35]
-34.398604 [  6.00000000e+00   2.03512500e+03  -1.81200000e+00] [ 326.85    1.67 -319.34]
-34.459103 [  6.00000000e+00   2.03506300e+03  -1.37500000e+00] [ 326.83    1.59 -319.33]
-34.519638 [  6.00000000e+00   2.03500000e+03  -9.37000000e-01] [ 326.83    1.52 -319.32]
-34.581428 [  6.06200000e+00   2.03500000e+03  -5.00000000e-01] [ 326.83    1.44 -319.3 ]
-34.642415 [ 6.062 -5.    -8.125] [-0.85  1.38  9.67]
-34.706588 [    6.062  2035.     2040.313] [ 326.83    1.32 -319.29]
-34.768034 [    6.062  2035.     2040.813] [ 326.83 -325.18 -319.27]
-34.82869 [    6.062  2035.     2041.313] [ 326.83 -325.26 -319.26]
-34.889273 [    6.062  2035.25   2041.563] [ 326.87 -325.31 -319.25]
-34.949838 [    6.     2035.813  2041.813] [ 326.96 -325.34 -319.24]
-35.010775 [    6.      -11.437  2041.938] [  -0.59 -325.36 -319.23]
-35.071421 [    5.937   -10.937  2041.938] [  -0.5  -325.37 -319.23]
-35.132141 [    5.937   -10.375  2041.938] [  -0.41 -325.37 -319.22]
-35.193877 [ 5.937 -1.875 -6.   ] [-0.32  1.03  9.74]
-35.260252 [    5.875    -9.375  2042.   ] [ -2.30000000e-01  -3.25370000e+02  -3.19220000e+02]
-35.323163 [    5.875    -8.937  2042.   ] [ -1.60000000e-01  -3.25370000e+02  -3.19210000e+02]
-35.386099 [ 5.812 -8.5   -6.   ] [ -9.00000000e-02  -3.25380000e+02  -3.19210000e+02]
