-0.074924 [ 8.75  -1.25  -8.625] [-0.26  1.49  9.68]
-0.176656 [ 8.875  0.688 -6.937] [ 1.4   1.19  9.73]
-0.277962 [ 8.75   0.75  -7.375] [ 1.41  1.26  9.72]
-0.379408 [ 8.75   0.75  -7.875] [ 1.41  1.35  9.71]
-0.480855 [ 8.75  0.75 -8.5 ] [ 1.41  1.45  9.69]
-0.582162 [ 8.75   0.75  -8.875] [ 1.41  1.51  9.68]
-0.683727 [ 8.75   0.75  -9.375] [ 1.41  1.6   9.67]
-0.785159 [ 8.75   0.688 -9.875] [ 1.4   1.68  9.66]
-0.886625 [  8.688   0.438 -10.125] [ 1.35  1.73  9.65]
-0.99081 [  8.688   0.188 -10.625] [ 1.31  1.8   9.63]
-1.094373 [  8.688  -0.187 -11.   ] [-0.02  1.87  9.62]
-1.196817 [  8.625  -0.875 -11.312] [-0.15  1.92  9.61]
-1.29853 [  8.563  -1.562 -11.75 ] [-0.27  1.99  9.59]
-1.400558 [  8.5    -1.937 -11.875] [-0.33  2.02  9.58]
-1.5037 [  0.438  -2.5   -12.   ] [-0.42  2.03  9.58]
-1.606569 [  8.375  -3.    -12.   ] [-0.51  2.03  9.57]
-1.70836 [  8.375  -3.437 -12.   ] [-0.59  2.03  9.57]
-1.80958 [  8.313  -3.812 -12.   ] [-0.65  2.03  9.57]
-1.911297 [  8.313  -4.187 -11.937] [-0.71  2.03  9.56]
-2.01435 [  8.25   -4.5   -11.625] [-0.77  1.98  9.57]
-2.117366 [  8.188  -4.75  -11.25 ] [-0.82  1.91  9.58]
-2.219386 [  8.188  -5.062 -10.875] [-0.86  1.85  9.59]
-2.320844 [  8.188  -5.062 -10.375] [-0.87  1.76  9.6 ]
-2.425159 [  8.188  -5.062 -10.   ] [-0.87  1.69  9.61]
-2.52684 [ 8.125 -5.062 -9.437] [-0.87  1.62  9.63]
-2.628698 [ 8.125 -5.062 -8.937] [-0.87  1.52  9.64]
-2.730303 [ 8.125 -5.062 -8.625] [-0.87  1.46  9.65]
-2.832423 [ 8.063 -5.062 -8.375] [-0.87  1.42  9.66]
-2.933931 [ 8.063 -5.125 -7.812] [-0.87  1.33  9.67]
-3.035473 [ 8.    -5.062 -7.125] [-0.87  1.21  9.69]
-3.137085 [ 8.063 -4.687 -6.75 ] [-0.8   1.15  9.7 ]
-3.238641 [ 8.063 -3.875 -6.5  ] [-0.68  1.11  9.71]
-3.340506 [ 8.125 -3.25  -6.312] [-0.55  1.08  9.73]
-3.441964 [ 8.125 -2.875 -6.312] [-0.49  1.07  9.73]
-3.5438 [ 0.125 -2.437 -6.25 ] [-0.41  1.07  9.73]
-3.645682 [ 0.188 -1.875 -6.25 ] [-0.32  1.07  9.74]
-3.748674 [ 8.188 -1.312 -6.25 ] [-0.24  1.07  9.74]
-3.850841 [ 8.25 -1.   -6.25] [-0.17  1.07  9.74]
-3.955015 [ 0.25  -0.687 -6.25 ] [-0.11  1.06  9.74]
-4.058343 [ 8.25  -0.25  -6.375] [-0.05  1.08  9.74]
-4.160617 [ 8.313 -0.062 -6.75 ] [-0.02  1.16  9.73]
-4.262306 [ 8.313  0.063 -7.187] [ 1.29  1.23  9.72]
-4.364356 [ 8.313  0.25  -7.625] [ 1.33  1.3   9.71]
-4.467747 [ 8.313  0.375 -8.25 ] [ 0.06  1.39  9.7 ]
-4.570808 [ 8.313  0.438 -8.75 ] [ 1.36  1.49  9.69]
-4.672526 [ 8.313  0.438 -9.187] [ 1.36  1.57  9.67]
-4.774117 [ 8.313  0.438 -9.625] [ 1.36  1.65  9.66]
-4.875529 [  8.313   0.438 -10.   ] [ 1.36  1.7   8.37]
-4.976865 [  8.313   0.5   -10.437] [ 1.36  1.78  9.64]
-5.078179 [  8.313   0.375 -10.75 ] [ 1.34  1.83  9.63]
-5.17975 [  8.25   -0.062 -11.062] [ 1.28  1.87  9.62]
-5.281438 [  8.188  -0.687 -11.312] [-0.11  1.93  9.61]
-5.382784 [  8.188  -1.125 -11.5  ] [-0.19  1.96  9.6 ]
-5.486925 [  8.125  -1.75  -11.625] [-0.3   1.98  9.59]
-5.588805 [  8.063  -2.25  -11.687] [-0.38  1.99  9.59]
-5.690532 [  8.     -2.875 -11.75 ] [-0.48  2.    9.58]
-5.792531 [  7.938  -3.312 -11.75 ] [-0.57  2.    9.58]
-5.893826 [  7.938  -3.687 -11.75 ] [-0.63  2.    9.57]
-5.995839 [  7.938  -4.062 -11.75 ] [-0.69  1.99  9.57]
-6.09913 [  0.125  -4.437 -11.562] [-0.76  1.96  9.57]
-6.20231 [  7.813  -4.812 -11.125] [-0.82  1.88  9.58]
-6.303861 [  7.813  -5.125 -10.812] [-0.88  1.83  9.59]
-6.405265 [  7.813  -5.25  -10.312] [-0.89  1.75  9.6 ]
-6.50788 [ 7.813 -5.25  -9.875] [-0.9   1.67  9.62]
-6.611191 [ 7.813 -5.25  -9.437] [-0.9   1.61  9.63]
-6.713488 [ 7.813 -5.25  -8.875] [-0.9   1.51  9.64]
-6.814949 [ 7.813 -5.25  -8.5  ] [-0.9   1.45  9.65]
-6.920631 [ 7.813 -5.25  -8.25 ] [-0.9   1.4   9.66]
-7.023792 [ 7.75 -5.25 -7.75] [-0.9   1.32  9.67]
-7.125128 [ 7.75  -5.062 -7.062] [-0.87  1.2   9.69]
-7.226683 [ 7.75  -4.562 -6.75 ] [-0.78  1.15  9.7 ]
-7.32798 [ 7.813 -3.812 -6.562] [-0.66  1.12  9.71]
-7.429451 [ 7.813 -3.25  -6.437] [-0.56  1.1   9.72]
-7.531117 [ 7.875 -2.937 -6.375] [  -0.51    1.09 -317.95]
-7.632869 [ 7.875 -2.375 -6.25 ] [-0.42  1.07  9.73]
-7.734876 [ 7.938 -1.812 -6.25 ] [-0.31  1.06  9.74]
-7.837102 [ 7.938 -1.375 -6.25 ] [-0.24  1.06  9.74]
-7.938651 [ 7.938 -1.    -6.187] [-0.17  1.06  9.74]
-8.040366 [ 8.    -0.562 -6.187] [-0.09  1.06  9.74]
-8.142102 [ 0.    -0.312 -6.25 ] [-0.05  1.07  9.74]
-8.244118 [ 7.938 -0.125 -6.562] [-0.02  1.13  9.74]
-8.345789 [ 8.     0.125 -6.937] [ 1.3   1.18  9.73]
-8.449721 [ 0.    0.25 -7.25] [ 1.32  1.24  9.72]
-8.552964 [ 8.     0.25  -7.812] [ 1.32  1.32  9.71]
-8.655017 [ 8.     0.313 -8.437] [ 1.34  1.43  9.7 ]
-8.756936 [ 8.     0.313 -8.875] [ 1.34  1.51  9.68]
-8.858646 [ 8.     0.313 -9.312] [ 1.34  1.59  9.67]
-8.961192 [ 8.     0.313 -9.687] [ 1.34  1.65  9.66]
-9.064377 [  8.      0.313 -10.125] [ 1.34  1.72  9.65]
-9.166251 [  8.      0.313 -10.562] [ 1.33  1.8   9.63]
-9.267821 [  0.062  -0.187 -10.875] [-0.03  1.85  9.62]
-9.370255 [  7.875  -0.75  -11.187] [-0.13  1.9   9.61]
-9.473706 [  7.875  -1.375 -11.5  ] [-0.22  1.95  9.6 ]
-9.575994 [  7.813  -9.812 -11.562] [-0.31  1.97  9.6 ]
-9.677439 [  7.75   -2.375 -11.687] [-0.41  1.98  9.59]
-9.778758 [  7.688  -2.875 -11.687] [-0.49  1.98  9.59]
-9.880298 [  7.688  -3.375 -11.687] [-0.57  1.98  9.58]
-9.98489 [  7.625  -3.812 -11.687] [-0.64  1.98  9.58]
-10.086807 [  7.625  -4.062 -11.625] [-0.7   1.97  9.58]
-10.188361 [  7.563  -4.25  -11.25 ] [-0.72  1.9   9.59]
-10.289965 [  7.5    -4.687 -11.   ] [-0.8   1.87  9.59]
-10.391402 [  7.375  -5.562 -10.625] [-0.95  1.79  9.59]
-10.492831 [ 7.375 -5.562 -9.937] [-0.95  1.69  9.61]
-10.594554 [ 7.375 -5.562 -9.5  ] [-0.95  1.61  9.62]
-10.695851 [ 7.375 -5.562 -9.   ] [-0.96  1.53  9.63]
-10.797578 [ 7.375 -5.625 -8.5  ] [-0.96  1.44  9.65]
-10.899147 [ 7.375 -5.625 -8.25 ] [-0.96  1.4   9.65]
-11.000898 [ 7.313 -5.625 -7.875] [-0.96  1.34  9.66]
-11.10406 [ 0.687 -5.562 -7.187] [-0.96  1.22  9.68]
-11.207105 [ 7.313 -5.312 -6.562] [-0.92  1.12  9.69]
-11.309063 [ 7.313 -4.562 -6.562] [-0.78  1.12  9.71]
-11.410366 [ 7.375 -3.875 -6.375] [-0.66  1.09  9.72]
-11.514101 [ 7.438 -3.312 -6.25 ] [-0.57  1.06  9.73]
-11.617158 [ 7.438 -2.875 -6.125] [-0.5   1.05  9.73]
-11.719008 [ 7.438 -2.437 -6.125] [-0.42  1.04  9.74]
-11.820422 [ 7.5   -1.875 -6.125] [-0.32  1.04  9.74]
-11.922019 [ 7.5   -1.437 -6.062] [-0.24  1.04  9.74]
-12.02519 [ 0.437 -1.062 -6.062] [-0.18  1.04  9.74]
-12.128237 [ 7.563 -0.562 -6.062] [-0.1   1.04  9.75]
-12.231646 [ 7.563 -0.312 -6.125] [-0.05  1.05  9.74]
-12.333773 [ 7.625 -0.062 -6.437] [-0.01  1.1   9.74]
-12.436003 [ 7.625  0.188 -6.875] [ 1.32  1.17  9.73]
-12.537794 [ 7.625  0.375 -7.187] [ 1.35  1.22  9.72]
-12.640099 [ 7.625  0.438 -7.812] [ 1.36  1.33  9.71]
-12.742125 [ 7.625  0.563 -8.562] [ 1.37  1.46  9.69]
-12.843718 [ 7.625  0.563 -8.937] [ 1.37  1.52  9.68]
-12.94528 [ 7.625  0.563 -9.375] [ 1.37  1.6   9.67]
-13.047301 [ 7.625  0.563 -9.75 ] [ 1.37  1.66  9.66]
-13.154717 [  0.437   0.5   -10.125] [ 1.36  1.72  9.65]
-13.25775 [  7.563   0.25  -10.562] [ 0.05  1.79  9.64]
-13.360479 [  7.5    -0.312 -10.812] [-0.05  1.84  9.63]
-13.46205 [  7.438  -1.    -11.125] [-0.17  1.9   9.61]
-13.564359 [  7.375  -1.625 -11.562] [-0.28  1.97  9.6 ]
-13.667515 [  7.375  -2.062 -11.75 ] [-0.34  1.99  9.59]
-13.770381 [  7.313  -2.562 -11.875] [-0.44  2.01  9.58]
-13.872094 [  7.313  -3.062 -11.875] [-0.52  2.02  9.58]
-13.973702 [  7.25   -3.5   -11.875] [-0.6   2.02  9.57]
-14.067046 [  0.75   -3.812 -11.875] [-0.65  2.02  9.57]
-14.131277 [-1688.812  2035.875    -3.875] [ 326.98 -325.67    8.29]
-14.192082 [-1688.812  2035.625    -3.75 ] [ 326.93 -325.69    8.29]
-14.252797 [-1688.812  2035.375    -3.375] [ 326.89 -325.75    8.3 ]
-14.313514 [-1688.812  2035.125   -10.937] [ 326.84    1.86    8.31]
-14.392729 [  7.188  -5.125 -10.437] [-0.88  1.77  9.6 ]
-14.494332 [ 7.188 -5.125 -9.75 ] [-0.88  1.66  9.62]
-14.595922 [ 0.812 -5.125 -9.312] [-0.88  1.58  9.63]
-14.697365 [ 7.125 -5.125 -8.812] [-0.88  1.5   9.65]
-14.799072 [ 7.125 -5.125 -8.437] [-0.88  1.43  9.66]
-14.900792 [ 7.125 -5.125 -8.187] [-0.88  1.4   9.66]
-15.002528 [ 7.125 -5.125 -7.687] [-0.88  1.3   9.67]
-15.104112 [ 0.937 -5.125 -6.875] [-0.87  1.17  9.69]
-15.207281 [ 0.937 -4.75  -6.562] [-0.81  1.12  9.7 ]
-15.310433 [ 7.125 -4.    -6.187] [-0.7   1.06  8.44]
-15.412285 [ 7.125 -3.312 -6.125] [-0.57  1.04  9.73]
-15.513738 [ 7.188 -2.937 -6.125] [-0.5   1.04  9.73]
-15.615134 [ 7.188 -2.437 -6.125] [-0.42  1.04  9.74]
-15.717476 [ 0.75  -1.937 -6.062] [-0.33  1.04  9.74]
-15.820853 [ 7.25  -1.437 -6.062] [-0.25  1.04  9.74]
-15.923228 [ 7.25  -1.062 -6.062] [-0.18  1.04  9.74]
-16.024904 [ 7.313 -0.687 -6.062] [-0.12  1.04  9.75]
-16.126968 [ 0.687 -0.312 -6.187] [-0.06  1.06  9.74]
-16.230411 [ 7.313 -0.187 -6.625] [-0.04  1.12  9.74]
-16.33272 [ 7.313  0.    -7.   ] [ 1.28  1.2   9.73]
-16.434428 [ 7.375  0.188 -7.437] [ 1.31  1.27  9.72]
-16.535603 [ 7.375  0.313 -7.875] [ 1.33  1.35  9.71]
-16.637004 [ 7.375  0.375 -8.562] [ 1.35  1.46  9.69]
-16.738546 [ 7.375  0.438 -9.   ] [ 1.36  1.54  9.68]
-16.840187 [ 7.375  0.438 -9.5  ] [ 1.36  1.62  9.67]
-16.941922 [ 7.375  0.438 -9.812] [ 1.36  1.67  9.66]
-17.043503 [  7.375   0.438 -10.312] [ 1.36  1.75  9.64]
-17.145086 [  7.313   0.313 -10.625] [ 1.34  1.81  9.63]
-17.246616 [  7.313   0.    -10.937] [ 1.28  1.86  9.62]
-17.347934 [  7.25   -0.625 -11.25 ] [-0.11  1.91  9.61]
-17.449412 [  7.188  -1.25  -11.5  ] [-0.21  1.95  9.6 ]
-17.550989 [  0.875  -2.5   -11.875] [-0.42  2.01  9.58]
-17.653134 [  7.188  -2.687 -11.875] [-0.46  2.02  9.58]
-17.754863 [  7.125  -3.187 -11.875] [-0.54  2.02  9.58]
-17.856165 [  7.125  -3.562 -11.875] [-0.61  2.01  9.57]
-17.957771 [  0.937  -3.875 -11.875] [-0.66  2.01  9.57]
-18.060603 [  7.063  -4.25  -11.812] [-0.72  2.    9.57]
-18.163807 [  7.     -4.437 -11.437] [-0.76  1.95  9.57]
-18.266235 [  6.938  -4.75  -11.062] [-0.81  1.87  9.59]
-18.368089 [  6.938  -5.    -10.625] [-0.85  1.8   9.6 ]
-18.470965 [  6.938  -5.062 -10.187] [-0.87  1.73  9.61]
-18.573983 [ 6.938 -5.125 -9.687] [-0.87  1.65  9.62]
-18.675559 [ 6.875 -5.125 -9.312] [-0.87  1.58  9.63]
-18.776863 [ 6.875 -5.125 -8.75 ] [-0.87  1.48  9.65]
-18.878306 [ 6.875 -5.125 -8.375] [-0.87  1.43  9.66]
-18.981592 [ 6.875 -5.125 -8.125] [-0.88  1.38  9.66]
-19.085068 [ 6.813 -5.125 -7.687] [-0.88  1.31  9.67]
-19.187089 [ 6.813 -5.062 -6.937] [-0.86  1.19  9.69]
-19.288812 [ 6.875 -4.5   -6.687] [-0.77  1.13  9.7 ]
-19.390531 [ 6.938 -3.687 -6.5  ] [-0.63  1.11  9.72]
-19.492103 [ 6.938 -3.187 -6.375] [-0.54  1.09  9.72]
-19.593384 [ 7.    -2.937 -6.312] [-0.5   1.08  9.73]
-19.694959 [ 7.    -2.375 -6.25 ] [-0.42  1.07  9.73]
-19.796575 [ 7.063 -1.812 -6.187] [-0.31  1.05  9.74]
-19.897861 [ 7.063 -1.375 -6.187] [-0.24  1.05  9.74]
-19.999307 [ 7.063 -0.937 -6.125] [-0.16  1.05  9.74]
-20.100874 [ 7.125 -0.5   -6.125] [-0.09  1.05  9.74]
-20.202434 [ 7.125 -0.375 -6.187] [-0.06  1.06  9.74]
-20.303767 [ 7.125 -0.125 -6.5  ] [-0.02  1.11  9.74]
-20.405075 [ 7.125  0.063 -6.937] [ 1.29  1.18  9.73]
-20.507134 [ 7.125  0.25  -7.312] [ 1.33  1.24  9.72]
-20.608683 [ 7.125  0.375 -7.812] [ 1.34  1.33  9.71]
-20.710262 [ 7.125  0.375 -8.437] [ 1.35  1.44  9.69]
-20.81227 [ 7.125  0.375 -8.875] [ 0.07  1.52  9.68]
-20.915423 [ 7.125  0.375 -9.375] [ 1.35  1.59  9.67]
-21.017717 [ 7.125  0.375 -9.812] [ 1.35  1.67  9.66]
-21.119168 [  7.125   0.375 -10.187] [ 1.35  1.74  9.65]
-21.220891 [  0.937   0.25  -10.625] [ 1.32  1.8   9.63]
-21.324064 [  7.063  -0.312 -11.   ] [-0.05  1.87  9.62]
-21.426913 [  7.     -1.    -11.437] [-0.16  1.94  9.61]
-21.528801 [  7.     -1.5   -11.687] [-0.25  1.98  9.59]
-21.63022 [  6.938  -1.937 -11.75 ] [-0.33  2.    9.59]
-21.731806 [  1.125  -2.437 -11.812] [-0.41  2.    9.58]
-21.834943 [  6.813  -2.875 -11.812] [-0.49  2.    9.58]
-21.937833 [  6.813  -3.437 -11.812] [-0.58  2.    9.58]
-22.04013 [  6.75   -3.812 -11.812] [-0.65  2.    9.57]
-22.141721 [ 6.625 -4.312 -3.75 ] [-0.74  1.99  9.57]
-22.243434 [  6.625  -4.5   -11.5  ] [-0.77  1.95  9.57]
-22.344989 [  6.625  -4.687 -11.062] [-0.8   1.87  9.59]
-22.446468 [  6.563  -5.    -10.625] [-0.85  1.8   9.6 ]
-22.548325 [  6.625  -5.125 -10.125] [-0.87  1.73  9.61]
-22.650043 [ 6.625 -5.125 -9.75 ] [-0.87  1.65  9.62]
-22.75151 [    6.625  2042.875    -9.25 ] [-0.88  1.57  9.63]
-22.85398 [ 6.563 -5.125 -8.812] [-0.88  1.5   9.65]
-22.955419 [ 6.563 -5.125 -8.375] [-0.88  1.43  9.66]
-23.056981 [ 6.563 -5.187 -8.125] [-0.88  1.38  9.66]
-23.15884 [ 1.5   -5.187 -7.437] [-0.88  1.28  9.68]
-23.26084 [ 6.5   -5.125 -6.937] [-0.88  1.18  9.69]
-23.36243 [ 6.563 -4.875 -6.75 ] [-0.83  1.15  9.7 ]
-23.464291 [ 1.437 -4.062 -6.562] [-0.7   1.11  9.71]
-23.567605 [ 6.625 -3.25  -6.437] [-0.57  1.09  9.72]
-23.67001 [ 6.625 -2.875 -6.375] [-0.5   1.08  9.73]
-23.772098 [ 6.625 -2.437 -6.25 ] [-0.42  1.07  9.73]
-23.874345 [ 6.688 -1.937 -6.25 ] [-0.33  1.06  9.74]
-23.977206 [ 1.312 -1.437 -6.25 ] [-0.25  1.06  9.74]
-24.080553 [ 6.75  -1.    -6.187] [-0.18  1.06  9.74]
-24.182094 [ 6.75  -0.625 -6.187] [-0.1   1.06  9.74]
-24.283698 [ 6.75  -0.312 -6.187] [-0.05  1.06  9.74]
-24.386413 [ 1.25  -0.062 -6.437] [-0.01  1.1   9.74]
-24.489738 [ 6.813  0.25  -6.937] [ 1.32  1.17  9.73]
-24.591737 [ 6.813  0.375 -7.187] [ 1.35  1.23  9.72]
-24.693314 [ 6.813  0.438 -7.75 ] [ 1.36  1.32  9.71]
-24.794904 [ 6.813  0.5   -8.437] [ 1.36  1.44  9.69]
-24.896339 [ 6.813  0.5   -8.812] [ 1.37  1.51  9.68]
-24.997933 [ 6.813  0.5   -9.312] [ 1.37  1.59  9.67]
-25.099667 [ 6.813  0.5   -9.75 ] [ 1.37  1.66  9.66]
-25.20169 [  6.813   0.438 -10.062] [ 1.36  1.71  9.65]
-25.303402 [  6.75    0.188 -10.5  ] [ 1.31  1.79  9.64]
-25.404708 [  6.75   -0.25  -10.812] [-0.04  1.84  9.63]
-25.505855 [  6.688  -0.937 -11.125] [-0.16  1.89  9.61]
-25.606861 [  6.625  -1.375 -11.5  ] [-0.24  1.95  9.6 ]
-25.708149 [  6.625  -1.875 -11.625] [-0.32  1.98  9.59]
-25.809743 [  6.563  -2.5   -11.75 ] [-0.42  1.99  9.59]
-25.911588 [  6.5    -2.937 -11.75 ] [-0.5   1.99  9.58]
-26.013777 [  6.438  -3.437 -11.75 ] [-0.59  1.99  9.58]
-26.115796 [  6.438  -3.812 -11.75 ] [-0.65  1.99  9.57]
-26.218249 [  6.375  -4.187 -11.75 ] [-0.72  1.99  9.57]
-26.321817 [  6.375  -4.562 -11.5  ] [-0.77  1.95  9.57]
-26.423826 [  6.313  -4.875 -11.125] [-0.83  1.88  9.58]
-26.525984 [  1.687  -5.062 -10.75 ] [-0.87  1.83  9.59]
-26.629135 [  6.25   -5.187 -10.312] [-0.88  1.75  9.6 ]
-26.731997 [ 6.25  -5.187 -9.812] [-0.89  1.67  9.62]
-26.833866 [ 6.25  -5.187 -9.437] [-0.89  1.6   9.63]
-26.93529 [ 1.812 -5.25  -8.875] [-0.9   1.51  9.64]
-27.037348 [ 1.812 -5.25  -8.5  ] [-0.9   1.44  9.65]
-27.140448 [ 6.188 -5.25  -8.187] [-0.9   1.4   9.66]
-27.243461 [ 6.188 -5.25  -7.687] [-0.9   1.3   9.67]
-27.34548 [ 6.125 -5.25  -7.062] [-0.9   1.2   9.69]
-27.447193 [ 6.125 -4.812 -6.687] [-0.82  1.14  9.7 ]
-27.548678 [ 6.188 -4.062 -6.375] [-0.7   1.09  9.72]
-27.650256 [ 6.188 -3.375 -6.187] [-0.58  1.06  9.73]
-27.751851 [ 6.25  -2.937 -6.125] [-0.51  1.05  9.73]
-27.853588 [ 6.25  -2.437 -6.125] [-0.43  1.05  9.74]
-27.955436 [ 6.313 -1.875 -6.125] [-0.32  1.04  9.74]
-28.057048 [ 6.313 -1.375 -6.125] [-0.24  1.04  9.74]
-28.158608 [ 6.313 -1.062 -6.125] [ -1.80000000e-01  -3.26640000e+02   9.74000000e+00]
-28.260199 [ 6.375 -0.625 -6.125] [-0.1   1.04  9.75]
-28.361902 [ 6.375 -0.25  -6.25 ] [-0.05  1.07  9.74]
-28.463622 [ 6.375 -0.125 -6.687] [-0.02  1.14  9.73]
-28.565107 [ 6.438  0.063 -7.125] [ 1.29  1.22  9.72]
-28.666614 [ 6.438  0.25  -7.5  ] [ 1.32  1.28  9.72]
-28.768124 [ 1.562  0.313 -8.062] [ 1.34  1.37  9.7 ]
-28.870979 [ 6.438  0.375 -8.625] [ 1.35  1.47  9.69]
-28.973982 [ 6.438  0.438 -9.125] [ 1.35  1.55  9.68]
-29.075875 [ 6.438  0.438 -9.625] [ 1.35  1.64  9.66]
-29.177191 [  6.438   0.438 -10.   ] [ 1.35  1.7   9.65]
-29.279181 [  1.562   0.438 -10.437] [ 0.07  1.78  9.64]
-29.382587 [  6.438   0.313 -10.75 ] [ 1.34  1.83  9.63]
-29.485348 [  6.375  -0.125 -11.   ] [-0.02  1.87  9.62]
-29.587366 [  6.313  -0.75  -11.375] [-0.13  1.93  9.61]
-29.689243 [  6.25   -1.437 -11.625] [-0.25  1.97  9.6 ]
-29.792365 [  6.25   -2.125 -11.875] [-0.36  2.01  9.58]
-29.895251 [  6.188  -2.562 -11.875] [-0.43  2.01  9.58]
-29.997293 [  6.125  -3.062 -11.875] [-0.52  2.01  9.58]
-30.098854 [  6.063  -3.5   -11.875] [-0.6   2.01  9.57]
-30.200305 [  6.063  -3.875 -11.875] [-0.66  2.01  9.57]
-30.302315 [  6.     -4.187 -11.875] [-0.72  2.01  9.57]
-30.403844 [ 6.    -4.5   -3.687] [-0.77  1.98  9.57]
-30.505594 [  5.938  -4.812 -11.187] [-0.82  1.9   9.58]
-30.607192 [  5.875  -5.187 -10.812] [-0.89  1.83  9.59]
-30.708819 [  5.875  -5.312 -10.375] [-0.91  1.76  9.6 ]
-30.810518 [ 5.875 -5.312 -9.875] [-0.91  1.68  9.61]
-30.911938 [ 5.875 -5.375 -9.437] [-0.91  1.6   9.63]
-31.013543 [ 5.875 -5.375 -8.937] [-0.91  1.51  9.64]
-31.115121 [ 5.813 -5.375 -8.5  ] [-0.91  1.45  9.65]
-31.216419 [ 5.813 -5.375 -8.25 ] [-0.92  1.4   9.66]
-31.319284 [ 5.813 -5.375 -7.812] [-0.92  1.32  9.67]
-31.420859 [ 5.813 -5.25  -7.125] [-0.9   1.21  9.68]
-31.52359 [ 2.187 -4.687 -6.812] [-0.8   1.16  9.7 ]
-31.62675 [ 5.875 -3.812 -6.625] [-0.67  1.13  9.71]
-31.728836 [ 5.938 -3.312 -6.437] [-0.57  1.1   9.72]
-31.830533 [ 2.062 -3.    -6.375] [-0.51  1.08  9.73]
-31.933389 [ 5.938 -2.437 -6.25 ] [-0.41  1.07  9.73]
-32.036952 [ 6.    -1.812 -6.25 ] [-0.32  1.07  9.74]
-32.138945 [ 6.    -1.437 -6.25 ] [-0.24  1.07  9.74]
-32.240407 [ 6.063 -1.    -6.25 ] [-0.17  1.07  9.74]
-32.342902 [ 6.063 -0.562 -6.25 ] [-0.1   1.07  9.74]
-32.446052 [ 6.063 -0.375 -6.312] [-0.06  1.07  9.74]
-32.548874 [ 6.063 -0.062 -6.562] [-0.02  1.12  9.74]
-32.650609 [ 6.125  0.188 -6.937] [ 1.31  1.18  9.73]
-32.752184 [ 6.125  0.375 -7.25 ] [ 1.34  1.24  9.72]
-32.853776 [ 6.125  0.438 -7.875] [ 1.35  1.34  9.71]
-32.955208 [ 6.125  0.438 -8.437] [ 1.36  1.44  9.69]
-33.056805 [ 6.125  0.438 -8.875] [ 1.36  1.52  9.68]
-33.158652 [ 6.125  0.5   -9.437] [  8.00000000e-02   1.60000000e+00  -3.18010000e+02]
-33.260099 [ 6.125  0.5   -9.75 ] [ 1.36  1.66  9.66]
-33.361834 [  6.125   0.5   -10.125] [ 1.36  1.72  9.65]
-33.463547 [  6.125   0.375 -10.5  ] [ 1.35  1.79  9.64]
-33.564855 [ -1.68193700e+03  -6.20000000e-02  -1.08120000e+01] [-0.01  1.84  9.63]
-33.665731 [  6.     -0.812 -11.25 ] [-0.14  1.91  9.61]
-33.767173 [  5.75   -2.25  -11.687] [-0.38  1.99  9.59]
-33.869049 [  5.875  -2.437 -11.937] [-0.42  2.03  9.58]
-33.971092 [  5.875  -2.687 -11.937] [-0.46  2.02  9.58]
-34.072899 [  5.813  -3.062 -11.937] [-0.53  2.02  9.57]
-34.174362 [  2.187  -3.5   -11.937] [-0.6   2.02  9.57]
-34.276589 [  2.25   -3.875 -11.875] [-0.66  2.02  9.57]
-34.379418 [  5.75   -4.187 -11.75 ] [-0.72  1.99  9.57]
-34.481698 [  5.688  -4.437 -11.375] [-0.76  1.93  9.58]
-34.583006 [  5.688  -4.687 -11.062] [-0.81  1.88  9.58]
-34.685431 [  2.312  -5.    -10.625] [-0.86  1.8   9.59]
-34.788727 [  5.688  -5.125 -10.125] [-0.88  1.72  9.61]
-34.890895 [ 5.75  -5.125 -9.937] [-0.88  1.68  9.62]
-34.992607 [ 5.688 -5.187 -9.312] [-0.89  1.58  9.63]
-35.094586 [ 5.688 -5.25  -8.75 ] [-0.89  1.48  9.65]
-35.197946 [ 2.312 -5.25  -8.375] [-0.9   1.42  9.66]
-35.301094 [ 5.688 -5.25  -8.   ] [-0.9   1.36  9.66]
-35.403363 [ 5.625 -5.25  -7.312] [-0.9   1.25  9.68]
-35.505103 [ 5.625 -5.187 -6.875] [-0.89  1.17  9.69]
-35.606568 [ 5.625 -4.75  -6.625] [-0.82  1.13  9.7 ]
-35.707991 [ 5.688 -4.    -6.437] [-0.69  1.1   9.72]
-35.80956 [ 5.75  -3.312 -6.312] [-0.57  1.08  9.72]
-35.911018 [ 5.75  -2.937 -6.25 ] [-0.51  1.07  9.73]
-36.012878 [ 5.813 -2.437 -6.25 ] [-0.42  1.07  9.73]
-36.114308 [ 5.813 -1.875 -6.25 ] [  -0.32    1.07 -317.94]
-36.215776 [ 5.813 -1.5   -6.25 ] [-0.25  1.07  9.74]
-36.317329 [ 5.875 -1.062 -6.25 ] [-0.18  1.07  9.74]
-36.418811 [ 5.875 -0.625 -6.25 ] [-0.1   1.06  9.74]
-36.521199 [ 5.875 -0.25  -6.312] [-0.05  1.07  9.74]
