-0.074927 [ 11.188  -1.812  -9.125] [-0.35  1.54  9.67]
-0.177362 [ 11.688   0.688  -9.   ] [ 1.4   1.53  9.68]
-0.27911 [ 3.813  0.875 -8.812] [ 1.43  1.5   9.68]
-0.382273 [ 3.813  0.813 -8.812] [ 1.42  1.5   9.68]
-0.48556 [ 11.75    0.813  -9.   ] [ 0.14  1.53  9.68]
-0.587294 [ 11.75    0.75   -9.312] [ 1.4   1.58  9.67]
-0.688728 [ 11.75    0.625  -9.687] [ 1.39  1.65  9.66]
-0.790164 [ 11.688   0.5    -9.937] [ 1.36  1.7   9.65]
-0.891893 [ 11.688   0.313 -10.25 ] [ 1.33  1.75  9.64]
-0.993614 [ 11.625   0.    -10.625] [ 1.28  1.81  9.63]
-1.095323 [ 11.563  -0.437 -11.   ] [-0.07  1.87  9.62]
-1.196923 [ 11.375  -2.25  -11.562] [-0.39  1.97  9.59]
-1.298243 [ 11.375  -2.437 -11.937] [-0.42  2.02  9.58]
-1.400355 [ 11.375  -2.625 -12.   ] [-0.45  2.04  9.58]
-1.501193 [ 11.313  -3.062 -12.   ] [-0.53  2.04  9.57]
-1.601858 [ 11.313  -3.437 -12.   ] [-0.59  2.04  9.57]
-1.702261 [ 11.25   -3.875 -12.   ] [-0.66  2.04  9.56]
-1.802736 [ 11.25   -4.125 -12.   ] [-0.71  2.03  9.56]
-1.904451 [ 11.188  -4.5   -11.937] [-0.77  2.03  9.56]
-2.004937 [ 11.125  -4.75  -11.687] [-0.81  1.97  9.56]
-2.105719 [ 11.125  -5.062 -11.312] [-0.86  1.92  9.57]
-2.206637 [ 11.063  -5.25  -10.937] [-0.9   1.86  9.58]
-2.307638 [ 11.063  -5.312 -10.5  ] [-0.91  1.79  9.59]
-2.408334 [ 11.063  -5.312 -10.   ] [-0.91  1.7   9.61]
-2.508918 [ 11.     -5.312  -9.562] [-0.91  1.62  9.62]
-2.609487 [ 11.     -5.312  -9.125] [-0.91  1.55  9.63]
-2.710063 [ 11.     -5.312  -8.75 ] [-0.91  1.48  9.64]
-2.81064 [ 10.938  -5.312  -8.5  ] [-0.91  1.44  9.65]
-2.912001 [ 10.938  -5.312  -8.   ] [-0.91  1.36  9.66]
-3.014152 [ 10.875  -5.25   -7.312] [-0.9   1.25  9.68]
-3.117303 [ 10.938  -4.812  -6.937] [-0.83  1.19  9.69]
-3.219624 [ 10.938  -4.187  -6.562] [-0.71  1.12  9.71]
-3.321192 [ 11.     -3.437  -6.375] [-0.59  1.09  9.72]
-3.42307 [ 11.     -3.125  -6.375] [-0.53  1.08  9.73]
-3.526737 [ 11.     -2.687  -6.312] [-0.46  1.08  9.73]
-3.629396 [ 11.     -2.062  -6.312] [-0.35  1.08  9.73]
-3.730965 [ 11.063  -1.5    -6.312] [-0.25  1.08  9.74]
-3.832535 [ 11.063  -1.125  -6.312] [-0.19  1.08  9.74]
-3.934838 [ 11.125  -0.687  -6.312] [-0.12  1.08  9.74]
-4.038172 [ 11.125  -0.312  -6.437] [-0.05  1.09  9.74]
-4.140728 [ 11.125  -0.062  -6.687] [-0.02  1.15  9.73]
-4.242442 [ 11.125   0.125  -7.125] [ 1.3   1.21  9.73]
-4.34389 [ 11.188   0.375  -7.562] [ 1.34  1.29  9.72]
-4.44848 [ 11.188   0.438  -8.187] [ 1.35  1.39  9.7 ]
-4.550775 [ 11.188   0.438  -8.687] [ 1.36  1.48  9.69]
-4.652502 [ 11.188   0.438  -9.125] [ 1.36  1.56  9.68]
-4.753817 [ 11.125   0.5    -9.562] [ 1.36  1.63  9.66]
-4.85552 [ 11.125   0.5    -9.875] [ 1.36  1.68  9.65]
-4.95709 [ 11.125   0.5   -10.312] [ 1.36  1.76  9.64]
-5.058544 [ 11.125   0.375 -10.687] [ 1.35  1.81  9.63]
-5.159989 [ 11.125   0.063 -10.937] [ 1.3   1.86  9.62]
-5.261582 [ 11.063  -0.5   -11.312] [-0.08  1.92  9.61]
-5.362887 [ 10.938  -1.187 -11.562] [-0.2   1.96  9.6 ]
-5.464895 [ 10.875  -1.687 -11.687] [-0.29  1.99  9.59]
-5.568183 [  2.813  -2.187 -11.75 ] [-0.37  1.99  9.59]
-5.671191 [ 10.75  -2.75 -11.75] [-0.47  1.99  9.58]
-5.772929 [ 10.688  -3.25  -11.75 ] [-0.55  1.99  9.58]
-5.877352 [ 10.688  -3.625 -11.75 ] [-0.62  1.99  9.58]
-5.980817 [ 10.625  -4.062 -11.75 ] [-0.69  1.99  9.57]
-6.082975 [ 10.563  -4.437 -11.5  ] [-0.76  1.95  9.57]
-6.184563 [ 10.5    -4.75  -11.062] [-0.81  1.88  9.58]
-6.286374 [ 10.5    -5.062 -10.812] [-0.87  1.83  9.59]
-6.389873 [ 10.5    -5.187 -10.312] [-0.88  1.76  9.6 ]
-6.492691 [ 10.5    -5.187  -9.812] [-0.89  1.66  9.62]
-6.594172 [ 10.5    -5.187  -9.375] [-0.89  1.59  9.63]
-6.695621 [ 10.438  -5.187  -8.937] [-0.89  1.52  9.64]
-6.796909 [ 10.438  -5.187  -8.562] [-0.89  1.45  9.65]
-6.898474 [ 10.438  -5.187  -8.312] [-0.89  1.41  9.66]
-7.000194 [ 10.438  -5.187  -7.875] [-0.89  1.34  9.67]
-7.101803 [ 10.375  -5.     -7.125] [-0.86  1.22  9.69]
-7.203536 [ 10.438  -4.5    -6.812] [-0.77  1.16  9.7 ]
-7.304823 [ 10.438  -3.75   -6.625] [-0.64  1.13  9.71]
-7.408883 [ 10.5    -3.125  -6.437] [-0.54  1.09  9.72]
-7.509637 [ 10.5    -2.812  -6.312] [-0.48  1.07  9.73]
-7.611023 [ 10.563  -2.25   -6.25 ] [-0.39  1.07  9.73]
-7.711909 [ 10.563  -1.687  -6.187] [-0.3   1.06  9.74]
-7.812671 [ 10.563  -1.25   -6.187] [-0.22  1.06  9.74]
-7.913568 [ 10.625  -0.812  -6.187] [-0.14  1.06  9.74]
-8.0142 [ 10.625  -0.437  -6.187] [-0.07  1.06  9.74]
-8.114579 [ 10.625  -0.187  -6.25 ] [-0.03  1.07  9.74]
-8.21501 [ 10.625   0.     -6.5  ] [ 1.28  1.11  9.74]
-8.315625 [ 10.625   0.375  -7.   ] [ 1.34  1.19  9.73]
-8.416232 [ 10.688   0.625  -7.312] [ 1.38  1.25  9.72]
-8.517326 [-6.687 -0.062 -0.062] [ 1.39  1.35  9.71]
-8.619657 [ 10.625   0.625  -8.5  ] [ 1.39  1.45  9.69]
-8.7219 [ 10.625   0.625  -8.937] [ 1.39  1.52  9.68]
-8.823435 [ 10.625   0.625  -9.375] [ 1.39  1.59  9.67]
-8.927098 [ 10.625   0.625  -9.75 ] [ 1.39  1.66  9.66]
-9.028201 [ 10.625   0.625 -10.187] [ 1.39  1.73  9.65]
-9.129684 [  2.625   0.563 -10.625] [ 1.37  1.8   9.63]
-9.232106 [  2.563   0.    -10.937] [ 0.    1.86  9.62]
-9.334019 [ 10.5    -0.687 -11.375] [-0.1   1.93  9.61]
-9.435771 [ 10.375  -1.437 -11.687] [-0.25  1.99  9.59]
-9.537409 [ 10.313  -1.812 -11.812] [-0.32  2.    9.59]
-9.640288 [ 10.25   -2.25  -11.812] [-0.39  2.01  9.59]
-9.744013 [ 10.25   -2.812 -11.812] [-0.47  2.01  9.58]
-9.846451 [ 10.188  -3.312 -11.812] [-0.56  2.    9.58]
-9.947886 [ 10.125  -3.687 -11.812] [-0.63  2.    9.57]
-10.049883 [ 10.063  -4.062 -11.687] [-0.69  1.98  9.57]
-10.152753 [ 10.063  -4.312 -11.312] [-0.74  1.92  9.58]
-10.255633 [ 10.     -4.562 -10.937] [-0.77  1.86  9.59]
-10.342501 [  2.     -4.75  -10.687] [-0.82  1.81  9.6 ]
-10.405711 [  1.93800000e+00   2.03506300e+03  -2.31200000e+00] [ 326.84    1.76 -319.36]
-10.466683 [  1.93800000e+00   2.03500000e+03  -1.93700000e+00] [ 326.82    1.69 -319.34]
-10.527248 [  1.93800000e+00   2.03493800e+03  -1.50000000e+00] [ 326.81    1.62 -319.33]
-10.587776 [  1.93800000e+00   2.03493800e+03  -1.06200000e+00] [ 326.81    1.54 -319.32]
-10.648349 [  1.93800000e+00   2.03487500e+03  -6.25000000e-01] [ 326.81    1.46 -319.31]
-10.709073 [  1.93800000e+00   2.03487500e+03  -1.87000000e-01] [ 326.81    1.4  -319.3 ]
-10.769687 [  1.93800000e+00   2.03487500e+03   2.04018800e+03] [ 326.81    1.33 -319.29]
-10.830297 [  1.938 -13.125  -7.312] [ 326.81 -325.16 -319.28]
-10.891455 [ 1.938 -5.    -6.875] [-0.85  1.17  9.69]
-10.954298 [  1.93800000e+00   2.03537500e+03   2.04137500e+03] [ 326.89 -325.27 -319.26]
-11.014904 [  2.    -12.     -6.437] [ 326.99 -325.3  -319.25]
-11.075788 [    2.063   -11.25   2041.688] [  -0.57    1.08 -317.96]
-11.137306 [    2.063   -10.75   2041.688] [  -0.47 -325.33 -319.23]
-11.197921 [    2.063   -10.25   2041.75 ] [  -0.39 -325.34 -319.22]
-11.258516 [    2.125    -9.75   2041.75 ] [ -3.10000000e-01  -3.25340000e+02  -3.19220000e+02]
-11.318954 [    2.125    -9.312  2041.813] [ -2.30000000e-01  -3.25340000e+02  -3.19220000e+02]
-11.379484 [    2.188    -8.937  2041.813] [ -1.60000000e-01  -3.25340000e+02  -3.19220000e+02]
-11.439981 [ 2.188 -8.5   -6.187] [ -8.00000000e-02  -3.25340000e+02  -3.19220000e+02]
-11.501024 [    2.188    -8.187  2041.688] [ -3.00000000e-02  -3.25320000e+02  -3.19220000e+02]
-11.561635 [  2.18800000e+00   6.30000000e-02   2.03337500e+03] [  1.00000000e-02  -3.26550000e+02  -3.19220000e+02]
-11.621969 [ 2.188  0.375 -7.   ] [ 0.06  1.19  9.73]
-11.684352 [  2.18800000e+00   6.25000000e-01   2.03262500e+03] [ 0.1   1.26  9.72]
-11.746679 [  2.18800000e+00   6.25000000e-01   2.03200000e+03] [  1.10000000e-01   1.35000000e+00  -3.19250000e+02]
-11.807891 [ 2.188  0.688 -8.562] [  1.10000000e-01   1.70000000e-01  -3.19270000e+02]
-11.868328 [ 2.188  0.688 -9.   ] [  1.20000000e-01   2.50000000e-01  -3.19280000e+02]
-11.928869 [ 2.188  0.688 -9.437] [  1.20000000e-01   3.30000000e-01  -3.19290000e+02]
-11.989373 [ 2.188  0.688 -9.812] [  1.20000000e-01   3.90000000e-01  -3.19300000e+02]
-12.049788 [  2.188   0.563 -10.25 ] [  1.00000000e-01   4.60000000e-01  -3.19320000e+02]
-12.110231 [  2.125   0.313 -10.562] [  5.00000000e-02   5.10000000e-01  -3.19320000e+02]
-12.170639 [ 2.125 -8.062 -2.875] [ -1.00000000e-02   1.85000000e+00  -3.19330000e+02]
-12.231379 [  2.063  -0.687 -11.187] [ -1.20000000e-01   1.90000000e+00  -3.19350000e+02]
-12.293044 [  1.813  -2.187 -11.562] [-0.38  1.97  9.59]
-12.355729 [  1.813 -10.562  -3.937] [  -0.44 -325.65    8.3 ]
-12.416325 [  1.875 -10.812 -11.937] [  -0.49 -325.65    8.3 ]
-12.477398 [  1.813 -11.312  -3.937] [-0.55  2.03  8.29]
-12.53869 [  1.813 -11.687  -3.937] [  -0.63 -325.65    8.29]
-12.599299 [  1.75000000e+00   2.03593800e+03  -3.93700000e+00] [ 326.99 -325.66    8.28]
-12.659712 [  1.75000000e+00   2.03562500e+03  -3.75000000e+00] [ 326.94 -325.68    8.29]
-12.720091 [  1.68800000e+00   2.03543800e+03  -3.50000000e+00] [ 326.9  -325.74    8.29]
-12.780537 [  1.68800000e+00   2.03518800e+03  -3.12500000e+00] [ 326.86    1.89    8.3 ]
-12.84098 [  1.68800000e+00   2.03506300e+03  -2.75000000e+00] [ 326.83    1.82    8.31]
-12.901419 [  1.68800000e+00   2.03500000e+03  -2.31200000e+00] [ 326.83    1.75 -319.35]
-12.961868 [  1.68800000e+00   2.03500000e+03  -1.87500000e+00] [ 326.83    1.68 -319.34]
-13.022219 [ 1.688 -5.    -9.375] [ 326.83    1.59 -319.33]
-13.083942 [ 1.688 -5.    -8.875] [-0.86  1.51  9.65]
-13.146609 [  1.68800000e+00   2.03500000e+03  -5.00000000e-01] [-0.86  1.44  9.66]
-13.208878 [  1.68800000e+00   2.03500000e+03  -6.20000000e-02] [ 326.82    1.38 -319.3 ]
-13.269506 [  1.62500000e+00   2.03500000e+03   2.04043800e+03] [ 326.82    1.28 -319.28]
-13.329989 [  1.62500000e+00   2.03512500e+03   2.04093800e+03] [ 326.85 -325.2  -319.27]
-13.390543 [  1.68800000e+00   2.03562500e+03   2.04125000e+03] [ 326.93 -325.25 -319.26]
-13.451209 [  1.68800000e+00  -1.17500000e+01   2.04150000e+03] [  -0.64 -325.3  -319.24]
-13.5117 [  1.75000000e+00  -1.10620000e+01   2.04162500e+03] [  -0.53 -325.31 -319.23]
-13.57223 [  1.75  -10.625  -6.312] [  -0.45 -325.32 -319.23]
-13.633444 [ 1.813 -2.187 -6.312] [  -0.37 -325.32 -319.23]
-13.695026 [ 1.813 -1.625 -6.312] [-0.28  1.08  9.74]
-13.784402 [ 9.875 -0.937 -6.312] [-0.16  1.08  9.74]
-13.887953 [ 9.875 -0.437 -6.312] [-0.08  1.08  9.74]
-13.990405 [ 9.875 -0.125 -6.375] [-0.02  1.09  9.74]
-14.091685 [ 9.875  0.    -6.687] [ 1.28  1.14  9.73]
-14.193569 [ 9.875  0.25  -7.125] [ 0.04  1.21  9.73]
-14.296862 [ 9.938  0.438 -7.5  ] [ 1.36  1.28  9.72]
-14.399888 [ 9.938  0.563 -8.062] [ 1.37  1.37  9.7 ]
-14.501875 [ 9.938  0.625 -8.625] [ 1.39  1.47  9.69]
-14.603591 [ 9.938  0.688 -9.062] [ 1.4   1.55  9.68]
-14.705068 [ 9.938  0.688 -9.5  ] [ 1.4   1.62  9.67]
-14.806627 [ 9.938  0.688 -9.875] [ 1.4   1.68  9.66]
-14.908212 [  9.938   0.688 -10.312] [ 1.4   1.75  9.64]
-15.010205 [  9.875   0.563 -10.625] [ 1.38  1.81  9.63]
-15.111836 [  9.875   0.063 -10.875] [ 1.3   1.85  9.63]
-15.213398 [  9.813  -0.5   -11.125] [-0.09  1.89  9.62]
-15.314854 [  9.75   -1.125 -11.375] [-0.19  1.93  9.61]
-15.416146 [  9.688  -1.5   -11.437] [-0.26  1.94  9.6 ]
-15.517399 [  9.625  -2.125 -11.5  ] [-0.36  1.95  9.6 ]
-15.618736 [  9.563  -2.625 -11.5  ] [-0.45  1.95  9.59]
-15.720507 [  9.563  -3.187 -11.5  ] [-0.53  1.95  9.59]
-15.822241 [  9.5    -3.562 -11.5  ] [  -0.61 -325.73    9.59]
-15.923913 [  9.438  -3.937 -11.5  ] [-0.67  1.95  9.58]
-16.025502 [  1.438  -4.375 -11.375] [-0.75  1.93  9.58]
-16.12793 [  9.375  -4.75  -11.   ] [-0.81  1.86  9.59]
-16.231369 [  9.375  -5.062 -10.687] [-0.86  1.82  9.59]
-16.33327 [  9.375  -5.125 -10.25 ] [-0.88  1.74  9.61]
-16.43499 [ 1.375 -5.187 -9.75 ] [-0.88  1.65  9.62]
-16.537654 [ 1.438 -5.187 -9.375] [-0.89  1.59  9.63]
-16.641309 [ 9.375 -5.187 -8.812] [-0.88  1.51  9.64]
-16.743152 [    9.375  2042.813    -8.5  ] [-0.88  1.44  9.65]
-16.844596 [ 9.375 -5.187 -8.187] [-0.89  1.39  8.38]
-16.946324 [ 1.375 -5.187 -7.75 ] [-0.89  1.31  9.67]
-17.048456 [ 9.313 -5.    -7.062] [-0.86  1.2   9.69]
-17.151782 [ 9.375 -4.437 -6.75 ] [-0.77  1.16  9.7 ]
-17.254145 [ 9.375 -3.687 -6.562] [-0.63  1.12  9.72]
-17.355936 [ 9.438 -3.125 -6.375] [-0.54  1.08  9.73]
-17.457255 [ 9.438 -2.812 -6.25 ] [-0.48  1.07  9.73]
-17.558824 [ 9.438 -2.25  -6.187] [-0.39  1.06  9.74]
-17.660869 [ 9.5   -1.75  -6.187] [-0.3   1.06  9.74]
-17.762282 [ 9.5   -1.312 -6.187] [-0.23  1.06  9.74]
-17.86386 [ 9.563 -0.812 -6.187] [-0.15  1.05  9.74]
-17.965472 [ 9.563 -0.437 -6.187] [-0.07  1.05  9.74]
-18.06704 [ 9.563 -0.187 -6.187] [-0.03  1.05  9.74]
-18.168488 [ 9.563  0.    -6.375] [ 1.28  1.09  9.74]
-18.269921 [ 9.625  0.313 -6.75 ] [ 1.33  1.15  9.73]
-18.371513 [ 9.625  0.5   -7.125] [ 1.36  1.21  9.73]
-18.473536 [ 9.625  0.5   -7.687] [ 1.37  1.31  9.71]
-18.575092 [ 9.625  0.563 -8.312] [ 1.38  0.14  9.7 ]
-18.676996 [ 9.563  0.563 -8.75 ] [ 1.38  1.5   9.69]
-18.778423 [ 9.563  0.563 -9.25 ] [ 1.38  1.58  9.67]
-18.88086 [ 9.563  0.563 -9.687] [ 1.38  1.65  9.66]
-18.984289 [  9.563   0.563 -10.125] [ 0.1   1.72  9.65]
-19.086426 [  9.563   0.438 -10.5  ] [ 1.36  1.79  9.64]
-19.187855 [  1.5     0.    -10.812] [ 1.28  1.84  9.63]
-19.290359 [  9.5    -0.625 -11.187] [-0.1   1.9   9.61]
-19.393948 [  9.438  -1.125 -11.375] [-0.19  1.93  9.61]
-19.496357 [  9.375  -1.562 -11.437] [-0.27  1.94  9.6 ]
-19.597937 [  9.313  -2.125 -11.5  ] [-0.36  1.95  9.6 ]
-19.700247 [  1.25  -2.5  -11.5 ] [-0.43  1.95  9.59]
-19.803692 [  9.188  -3.187 -11.562] [-0.53  1.96  9.59]
-19.906124 [  9.188  -3.562 -11.562] [-0.61  1.96  9.58]
-20.007582 [  9.     -4.437 -11.562] [-0.76  1.95  9.57]
-20.109012 [  9.     -4.562 -11.312] [-0.78  1.92  9.58]
-20.210719 [  9.     -4.75  -10.937] [-0.81  1.85  9.59]
-20.31245 [  9.   -5.  -10.5] [-0.86  1.78  9.6 ]
-20.414198 [    9.     2042.875   -10.062] [-0.88  1.71  9.61]
-20.51607 [ 9.    -5.125 -9.625] [-0.88  1.64  9.62]
-20.617807 [ 9.    -5.187 -9.187] [-0.88  1.56  9.64]
-20.719361 [ 9.    -5.187 -8.687] [-0.88  1.48  9.65]
-20.820783 [ 8.938 -5.187 -8.312] [-0.88  1.41  9.66]
-20.922404 [ 8.938 -5.187 -8.   ] [-0.88  1.36  9.66]
-21.023973 [ 8.938 -5.187 -7.437] [-0.89  1.26  9.68]
-21.125413 [ 8.938 -5.125 -6.937] [-0.87  1.18  9.69]
-21.226719 [ 8.938 -4.625 -6.687] [-0.8   1.14  9.7 ]
-21.328438 [ 9.    -3.875 -6.437] [-0.67  1.1   9.72]
-21.430033 [ 9.063 -3.25  -6.312] [-0.55  1.08  9.73]
-21.531901 [ 9.063 -2.812 -6.312] [-0.48  1.07  9.73]
-21.635344 [ 9.063 -2.25  -6.25 ] [-0.4   1.07  9.73]
-21.737946 [ 9.125 -1.75  -6.25 ] [-0.3   1.07  9.74]
-21.839426 [ 9.125 -1.375 -6.25 ] [-0.23  1.07  9.74]
-21.940837 [ 9.188 -0.937 -6.25 ] [-0.16  1.07  9.74]
-22.042975 [ 1.188 -0.5   -6.25 ] [-0.08  1.06  9.74]
-22.146383 [ 9.188 -0.187 -6.25 ] [-0.04  1.07  9.74]
-22.248875 [ 9.188  0.    -6.562] [ 1.28  1.12  9.74]
-22.350281 [ 9.188  0.375 -6.875] [ 1.34  1.18  9.73]
-22.452588 [ 1.25   0.688 -7.187] [ 0.12  1.22  9.72]
-22.556485 [ 9.25   0.688 -7.812] [ 1.4   1.32  9.71]
-22.659252 [ 9.188  0.688 -8.5  ] [ 1.4   1.45  9.69]
-22.760614 [ 9.188  0.688 -8.875] [ 1.4   1.51  9.68]
-22.862207 [ 9.188  0.688 -9.312] [ 1.4   1.59  9.67]
-22.96388 [ 9.188  0.688 -9.687] [ 1.4   1.65  9.66]
-23.065801 [  9.188   0.688 -10.   ] [ 1.39  1.7   9.65]
-23.167256 [  9.188   0.438 -10.375] [ 1.35  1.76  9.64]
-23.268829 [  9.125   0.063 -10.687] [ 0.02  1.81  9.63]
-23.370419 [  9.063  -0.625 -11.   ] [-0.11  1.87  9.62]
-23.472011 [  8.875  -1.625 -11.437] [-0.28  1.94  9.6 ]
-23.573608 [  8.938  -1.937 -11.625] [-0.33  1.97  9.59]
-23.675452 [  8.875  -2.375 -11.625] [-0.41  1.97  9.59]
-23.776886 [  8.813  -2.812 -11.625] [-0.48  1.97  9.59]
-23.879216 [  8.75   -3.312 -11.625] [-0.56  1.98  9.58]
-23.981093 [  8.75   -3.625 -11.625] [-0.62  1.98  9.58]
-24.082779 [  8.688  -4.    -11.625] [-0.69  1.97  9.58]
-24.185511 [  8.625  -4.437 -11.375] [-0.75  1.93  9.58]
-24.288736 [  8.625  -4.687 -11.062] [-0.8   1.88  9.59]
-24.390973 [  8.563  -4.875 -10.75 ] [-0.84  1.82  9.59]
-24.492714 [  8.563  -5.    -10.312] [-0.85  1.75  9.61]
-24.594145 [ 8.563 -4.937 -9.937] [-0.85  1.69  9.62]
-24.697183 [ 0.563 -4.937 -9.562] [-0.85  1.62  9.63]
-24.799883 [ 8.563 -5.    -8.937] [-0.85  1.53  9.64]
-24.901872 [ 8.563 -5.    -8.5  ] [-0.85  1.45  9.66]
-25.003209 [ 8.5  -5.   -8.25] [-0.85  1.4   9.66]
-25.105052 [ 8.5   -5.    -7.812] [-0.85  1.33  9.67]
-25.207785 [ 8.5   -5.    -7.187] [-0.85  1.22  9.69]
-25.311653 [ 8.5   -4.562 -6.75 ] [-0.78  1.15  9.7 ]
-25.413392 [ 8.5   -3.875 -6.5  ] [-0.66  1.1   9.72]
-25.515265 [ 8.563 -3.187 -6.25 ] [-0.55  1.07  9.73]
-25.617068 [ 8.563 -2.75  -6.25 ] [-0.47  1.07  9.73]
-25.718287 [ 8.625 -2.312 -6.25 ] [-0.4   1.06  9.73]
-25.819697 [ 8.625 -1.75  -6.187] [-0.3   1.06  9.74]
-25.921151 [ 8.688 -1.25  -6.187] [-0.22  1.06  9.74]
-26.022851 [ 8.688 -0.937 -6.187] [-0.16  1.06  9.74]
-26.124194 [ 8.688 -0.5   -6.187] [-0.09  1.06  9.74]
-26.225623 [ 8.75  -0.125 -6.312] [-0.02  1.08  9.74]
-26.327596 [ 8.688  0.    -6.625] [ 1.28  1.14  9.74]
-26.428959 [ 8.688  0.188 -7.062] [ 1.32  1.21  9.73]
-26.530498 [ 0.688  0.5   -7.5  ] [ 1.36  1.29  9.72]
-26.632243 [ 8.688  0.563 -8.125] [ 0.09  1.38  9.7 ]
-26.733624 [ 8.688  0.563 -8.625] [ 1.38  1.47  9.69]
-26.83412 [ 8.688  0.563 -9.062] [ 1.38  1.55  9.68]
-26.934728 [ 8.688  0.563 -9.5  ] [ 0.1   1.62  9.67]
-27.035343 [ 8.688  0.563 -9.875] [ 1.38  1.68  9.66]
-27.135811 [  8.688   0.563 -10.312] [ 1.38  1.76  9.64]
-27.237169 [  8.688   0.438 -10.562] [ 0.07  1.8   9.63]
-27.339504 [  8.688   0.188 -10.875] [ 1.31  1.85  9.63]
-27.441838 [  8.625  -0.437 -11.25 ] [-0.06  1.91  9.61]
-27.543289 [  8.563  -1.    -11.375] [-0.17  1.94  9.61]
-27.644052 [  8.5    -1.375 -11.437] [-0.24  1.94  9.6 ]
-27.744505 [  8.438  -2.062 -11.437] [-0.35  1.95  9.6 ]
-27.845051 [  8.375  -2.625 -11.562] [-0.45  1.97  9.59]
-27.945605 [  8.313  -3.125 -11.562] [-0.54  1.97  9.59]
-28.045974 [  8.25   -3.562 -11.562] [-0.61  1.96  9.58]
-28.146531 [  8.188  -3.937 -11.562] [-0.67  1.96  9.58]
-28.247504 [  0.188  -4.312 -11.375] [-0.74  1.93  9.58]
-28.348987 [  0.125  -4.687 -11.   ] [-0.8   1.86  9.59]
-28.451427 [  0.063  -5.    -10.625] [-0.85  1.8   9.6 ]
-28.553619 [  8.063  -5.125 -10.187] [-0.87  1.73  9.61]
-28.654591 [ 8.    -5.125 -9.75 ] [-0.88  1.65  9.62]
-28.755194 [ 8.    -5.125 -9.312] [-0.88  1.58  9.63]
-28.855662 [ 8.    -5.125 -8.812] [-0.88  1.5   9.65]
-28.956185 [ 8.    -5.125 -8.437] [-0.88  1.44  9.65]
-29.05673 [ 8.    -5.125 -8.25 ] [-0.88  1.4   9.66]
-29.157452 [ 8.    -5.125 -7.812] [-0.88  1.33  9.67]
-29.258015 [ 7.938 -5.    -7.125] [-0.85  1.21  9.69]
-29.359077 [ 0.    -4.562 -6.812] [-0.78  1.16  9.7 ]
-29.460682 [ 8.063 -3.687 -6.625] [-0.63  1.13  9.72]
-29.563076 [ 8.063 -3.062 -6.375] [-0.53  1.09  9.73]
-29.664981 [ 8.063 -2.687 -6.312] [-0.47  1.08  9.73]
-29.76608 [ 8.125 -2.125 -6.25 ] [-0.36  1.07  9.74]
-29.866849 [ 8.125 -1.562 -6.187] [-0.27  1.06  9.74]
-29.967575 [ 8.125 -1.187 -6.187] [-0.2   1.06  9.74]
-30.068169 [ 8.188 -0.687 -6.187] [-0.12  1.06  9.74]
-30.168746 [ 8.188 -0.312 -6.187] [-0.05  1.06  9.74]
-30.269148 [ 8.188 -0.062 -6.25 ] [-0.02  1.06  9.74]
-30.369658 [ 8.188  0.063 -6.437] [ 1.29  1.1   9.74]
-30.470723 [ 8.188  0.375 -6.875] [ 1.34  1.17  9.73]
-30.572448 [ 8.188  0.5   -7.25 ] [ 1.37  1.23  9.72]
-30.674054 [ 8.188  0.563 -7.75 ] [ 1.38  1.33  9.71]
-30.775764 [ 8.188  0.563 -8.375] [ 1.38  1.42  9.7 ]
-30.877632 [ 8.188  0.563 -8.875] [ 1.38  1.51  9.68]
-30.979099 [ 8.188  0.563 -9.312] [ 1.38  1.59  9.67]
-31.080524 [ 8.188  0.563 -9.625] [ 1.38  1.64  9.66]
-31.182384 [  8.188   0.563 -10.062] [ 1.38  1.71  9.65]
-31.283984 [  8.188   0.563 -10.5  ] [ 1.37  1.78  9.64]
-31.385707 [  8.125   0.125 -10.875] [ 1.31  1.84  9.63]
-31.487404 [  8.063  -0.562 -11.187] [-0.1   1.91  9.61]
-31.58916 [  7.938  -1.375 -11.437] [-0.23  1.95  9.6 ]
-31.691038 [  0.125  -2.062 -11.812] [-0.35  2.01  9.59]
-31.794196 [  7.813  -2.375 -11.812] [-0.4   2.01  9.58]
-31.897341 [  7.813  -2.812 -11.812] [-0.48  2.01  9.58]
-31.999271 [  7.75   -3.25  -11.812] [-0.56  2.    9.58]
-32.100802 [  7.688  -3.687 -11.812] [-0.63  2.    9.57]
-32.202704 [  0.312  -4.    -11.625] [-0.68  1.98  9.57]
-32.305958 [  7.625  -4.25  -11.25 ] [-0.72  1.91  9.58]
-32.408707 [  7.625  -4.5   -11.   ] [-0.77  1.87  9.59]
-32.510151 [  7.563  -4.812 -10.625] [-0.82  1.8   9.6 ]
-32.612146 [  7.563  -4.937 -10.125] [-0.84  1.72  9.61]
-32.715089 [ 7.563 -4.937 -1.687] [-0.85  1.65  9.62]
-32.818752 [ 7.5  -5.   -9.25] [-0.86  1.57  9.64]
-32.921056 [ 7.5   -5.062 -8.75 ] [-0.86  1.49  9.65]
-33.022745 [ 7.5   -5.062 -8.437] [-0.86  1.43  9.66]
-33.124208 [ 7.5   -5.062 -8.125] [-0.87  1.38  9.66]
-33.225605 [ 7.438 -5.062 -7.437] [-0.87  1.26  9.68]
-33.327264 [    7.438  2043.       -6.937] [-0.86  1.18  9.69]
-33.428827 [ 7.5   -4.625 -6.687] [-0.8   1.15  9.7 ]
-33.530422 [ 7.5   -3.875 -6.5  ] [-0.67  1.1   9.72]
-33.632119 [ 7.563 -3.187 -6.312] [-0.55  1.08  9.73]
-33.733425 [ 7.563 -2.75  -6.25 ] [-0.47  1.07  9.73]
-33.835467 [ 7.625 -2.25  -6.187] [-0.38  1.06  9.74]
-33.936875 [ 7.625 -1.625 -6.125] [-0.28  1.05  9.74]
-34.039024 [ 7.688 -1.187 -6.125] [-0.21  1.05  9.74]
-34.14102 [ 7.688 -0.812 -6.125] [-0.14  1.05  9.74]
-34.24251 [ 7.75  -0.312 -6.125] [-0.06  1.05  9.75]
-34.344089 [ 7.75  -0.062 -6.125] [-0.01  1.05  9.74]
