-0.075106 [ 2.25  -1.437 -8.562] [-0.25  1.46  9.69]
-0.180254 [ 10.25   -0.25   -8.562] [-0.05  1.46  9.69]
-0.283296 [ 10.25    0.     -8.562] [ 1.28  1.46  9.69]
-0.38573 [ 10.25    0.063  -8.562] [ 0.01  1.46  9.69]
-0.489022 [ 10.25    0.188  -8.562] [ 0.03  1.46  9.69]
-0.593368 [ 10.25    0.25   -8.687] [ 1.33  1.48  9.69]
-0.695337 [ 10.25    0.25   -9.062] [ 1.33  1.54  9.68]
-0.797338 [ 10.25    0.313  -9.437] [ 1.33  1.61  9.67]
-0.899078 [ 10.25    0.313  -9.75 ] [ 1.34  1.67  9.66]
-1.001481 [ 10.25   0.25 -10.25] [ 1.33  1.74  9.64]
-1.103242 [ 10.188   0.    -10.562] [ 1.28  1.8   9.63]
-1.204527 [ 10.125  -0.687 -10.875] [-0.11  1.85  9.62]
-1.306727 [ 10.     -1.5   -11.187] [-0.25  1.9   9.61]
-1.40857 [ 10.     -2.437 -11.812] [-0.42  2.    9.58]
-1.511214 [ 10.     -2.75  -11.812] [-0.46  2.01  9.58]
-1.614337 [ 10.     -3.125 -11.812] [-0.54  2.01  9.58]
-1.717286 [  1.938  -3.562 -11.812] [-0.6   2.01  9.57]
-1.821481 [  9.938  -3.875 -11.812] [-0.66  2.01  9.57]
-1.924955 [  9.875  -4.312 -11.812] [-0.73  2.    9.57]
-2.028159 [  9.813  -4.5   -11.437] [-0.77  1.94  9.58]
-2.132961 [  9.813  -4.812 -11.   ] [-0.82  1.87  9.59]
-2.235899 [  9.75   -5.    -10.625] [-0.86  1.8   9.6 ]
-2.339424 [  9.75   -5.125 -10.125] [-0.87  1.72  9.61]
-2.443696 [ 9.75  -5.125 -9.625] [-0.87  1.64  9.62]
-2.547046 [ 9.688 -5.125 -9.25 ] [-0.87  1.57  9.64]
-2.649585 [  9.688 -13.125  -8.687] [-0.88  1.48  8.37]
-2.751587 [ 9.688 -5.125 -8.312] [-0.88  1.41  9.66]
-2.853175 [ 9.688 -5.125 -8.062] [-0.88  1.38  9.66]
-2.9549 [ 9.688 -5.187 -7.625] [ 326.8     1.31    9.67]
-3.057761 [ 9.625 -5.125 -7.   ] [-0.88  1.19  9.69]
-3.160354 [ 9.688 -4.687 -6.562] [-0.8   1.12  9.7 ]
-3.261924 [ 9.688 -3.875 -6.25 ] [-0.67  1.07  9.72]
-3.363375 [ 9.75  -3.125 -6.   ] [-0.55  1.02  9.73]
-3.466248 [ 9.75  -2.687 -5.937] [-0.46  1.02  9.74]
-3.569173 [ 9.75  -2.25  -5.937] [-0.38  1.01  9.74]
-3.673422 [ 9.813 -1.625 -5.875] [-0.29  1.01  9.74]
-3.777203 [ 9.813 -1.125 -5.875] [-0.2   1.01  9.75]
-3.879311 [ 9.813 -0.812 -5.875] [-0.14  1.01  9.75]
-3.982875 [ 1.875 -0.375 -5.875] [-0.07  1.01  9.75]
-4.085887 [ 9.875  0.    -6.062] [ 1.28  1.04  9.75]
-4.187626 [ 9.875  0.063 -6.375] [ 1.29  1.09  9.74]
-4.289667 [ 9.875  0.313 -6.812] [ 1.33  1.16  9.73]
-4.395056 [ 9.875  0.563 -7.25 ] [ 1.38  1.23  9.72]
-4.497557 [ 9.875  0.688 -7.75 ] [ 1.39  1.33  9.71]
-4.600326 [ 1.875  0.688 -8.312] [ 1.4   1.42  9.7 ]
-4.703353 [ 9.875  0.688 -8.687] [ 1.4   1.49  9.69]
-4.815344 [ 9.875  0.688 -9.25 ] [ 1.4   1.57  9.67]
-4.921992 [ 1.875  0.688 -9.562] [ 1.4   1.63  9.66]
-5.038174 [  9.875   0.688 -10.   ] [ 1.4   1.71  9.65]
-5.142458 [  9.875   0.438 -10.312] [ 0.08  1.75  9.64]
-5.245763 [  9.875   0.    -10.687] [ 1.28  1.81  9.63]
-5.34931 [  9.813  -0.625 -11.   ] [-0.1   1.87  9.62]
-5.451048 [  9.75  -1.25 -11.25] [-0.22  1.92  9.61]
-5.561933 [  9.688  -1.75  -11.437] [-0.3   1.94  9.6 ]
-5.666889 [  9.625  -2.312 -11.437] [-0.38  1.94  9.6 ]
-5.773687 [  9.563  -2.812 -11.437] [-0.49  1.94  9.59]
-5.879527 [  9.563  -3.312 -11.437] [-0.57  1.94  9.59]
-5.98326 [  1.563  -3.687 -11.437] [-0.63  1.94  9.58]
-6.085874 [  9.5    -4.062 -11.437] [-0.69  1.94  9.58]
-6.188195 [  9.5    -4.437 -11.25 ] [-0.75  1.91  9.58]
-6.289346 [  9.438  -4.75  -10.812] [-0.81  1.83  9.59]
-6.390095 [  9.438  -5.062 -10.437] [-0.87  1.77  9.6 ]
-6.49107 [  9.438  -5.125 -10.   ] [-0.88  1.7   9.61]
-6.593587 [ 9.375 -5.187 -9.5  ] [-0.89  1.61  9.63]
-6.696116 [ 1.375 -5.187 -9.125] [-0.89  1.55  9.64]
-6.798378 [ 9.375 -5.25  -8.562] [-0.89  1.46  9.65]
-6.899814 [ 9.375 -5.25  -8.187] [-0.89  1.39  9.66]
-7.000664 [ 9.375 -5.25  -7.875] [-0.89  1.34  9.67]
-7.101604 [ 9.313 -5.25  -7.437] [-0.9   1.27  9.68]
-7.202549 [ 9.313 -5.187 -6.875] [-0.89  1.16  9.69]
-7.30329 [ 9.313 -4.625 -6.5  ] [-0.79  1.1   9.71]
-7.403883 [ 9.375 -3.812 -6.25 ] [-0.65  1.06  9.72]
-7.50435 [ 9.375 -3.187 -6.   ] [-0.54  1.03  9.73]
-7.605056 [ 9.438 -2.875 -5.937] [-0.49  1.02  9.74]
-7.706273 [ 9.438 -2.312 -5.875] [-0.4   1.01  9.74]
-7.8118 [ 9.5   -1.75  -5.875] [-0.3   1.01  9.74]
-7.917815 [ 9.5   -1.312 -5.875] [-0.23  1.01  9.75]
-8.019837 [ 9.5   -0.875 -5.875] [-0.16  1.01  9.75]
-8.121381 [ 9.563 -0.437 -5.875] [-0.08  1.01  9.75]
-8.225134 [ 9.563 -0.25  -5.937] [-0.04  1.01  9.75]
-8.328426 [ 9.563  0.    -6.187] [-0.01  1.05  9.74]
-8.431423 [ 9.563  0.25  -6.562] [ 1.32  1.12  9.74]
-8.533039 [ 9.563  0.375 -6.937] [ 1.34  1.19  9.73]
-8.634768 [ 9.563  0.438 -7.5  ] [ 1.35  1.28  9.72]
-8.737057 [ 9.563  0.438 -8.125] [ 1.36  1.39  9.7 ]
-8.842485 [ 9.563  0.438 -8.562] [ 1.36  1.46  9.69]
-8.949488 [ 9.563  0.438 -9.062] [ 1.36  1.54  9.68]
-9.057376 [ 9.563  0.438 -9.437] [ 1.36  1.6   9.67]
-9.159339 [ 9.563  0.438 -9.812] [ 1.36  1.67  9.66]
-9.261134 [  9.563   0.188 -10.25 ] [ 1.33  1.74  9.64]
-9.367826 [  9.5    -0.25  -10.562] [-0.05  1.8   9.63]
-9.472433 [  9.5    -0.937 -11.   ] [-0.16  1.87  9.62]
-9.579988 [  9.375  -1.687 -11.375] [-0.28  1.93  9.61]
-9.68576 [  9.313  -2.062 -11.437] [-0.36  1.94  9.6 ]
-9.788749 [  9.313  -2.562 -11.5  ] [-0.43  1.95  9.6 ]
-9.892056 [  9.25   -3.062 -11.5  ] [-0.52  1.95  9.59]
-9.993875 [  9.188  -3.5   -11.5  ] [-0.6   1.95  9.59]
-10.096241 [  9.188  -3.937 -11.437] [-0.67  1.94  9.58]
-10.198669 [  9.125  -4.312 -11.375] [-0.74  1.93  9.58]
-10.301953 [  9.063  -4.625 -11.187] [-0.79  1.9   9.58]
-10.404375 [  9.     -4.875 -10.687] [-0.84  1.81  9.6 ]
-10.505722 [  9.     -5.187 -10.25 ] [-0.88  1.74  9.6 ]
-10.60799 [ 9.    -5.312 -9.75 ] [ 326.78    1.66    9.62]
-10.709444 [ 1.    -5.312 -9.312] [-0.91  1.58  9.63]
-10.811871 [ 9.    -5.375 -8.812] [-0.91  1.5   9.64]
-10.915341 [ 9.    -5.375 -8.312] [-0.92  1.41  9.66]
-11.017053 [ 8.938 -5.375 -8.   ] [-0.92  1.36  9.66]
-11.104387 [  9.38000000e-01   2.03462500e+03   2.04031300e+03] [ 326.76    1.31 -319.29]
-11.172215 [ 8.938 -5.375 -7.375] [-0.92  1.25  9.68]
-11.273946 [ 8.938 -5.375 -6.625] [-0.92  1.13  9.69]
-11.38877 [ 8.938 -4.812 -6.25 ] [-0.83  1.06  9.71]
-11.4927 [ 9.    -4.062 -6.   ] [-0.71  1.03  9.72]
-11.597116 [ 9.    -3.375 -5.937] [-0.58  1.01  9.73]
-11.707632 [ 9.063 -3.    -5.937] [-0.52  1.01  9.74]
-11.81187 [ 9.063 -2.562 -5.875] [-0.44  1.01  9.74]
-11.913427 [ 9.125 -2.    -5.875] [-0.34  1.01  9.74]
-12.015555 [ 9.125 -1.5   -5.875] [-0.25  1.01  9.75]
-12.117593 [ 9.125 -1.062 -5.875] [-0.19  1.01  9.75]
-12.219298 [ 9.188 -0.625 -5.875] [-0.11  1.01  9.75]
-12.321016 [ 9.188 -0.25  -5.937] [-0.04  1.01  9.75]
-12.421805 [ 9.188  0.    -6.25 ] [ 1.28  1.06  9.74]
-12.522435 [ 9.25   0.313 -6.625] [ 1.33  1.13  9.74]
-12.623271 [ 9.25   0.5   -6.937] [ 1.37  1.19  9.73]
-12.727382 [ 9.25   0.625 -7.625] [ 1.39  1.3   9.71]
-12.838855 [ 1.25   0.688 -8.25 ] [ 1.39  1.4   9.7 ]
-12.955427 [ 9.25   0.688 -8.625] [ 0.11  1.47  9.69]
-13.058266 [ 9.25   0.688 -9.062] [ 1.39  1.54  9.68]
-13.159737 [ 9.25   0.688 -9.437] [ 1.39  1.61  9.67]
-13.262763 [ 9.188  0.563 -9.75 ] [ 1.38  1.66  9.66]
-13.377299 [  9.188   0.125 -10.187] [ 1.31  1.73  9.65]
-13.478487 [  9.125  -0.25  -10.5  ] [-0.05  1.79  9.64]
-13.580963 [  9.063  -1.    -10.812] [-0.17  1.84  9.62]
-13.687402 [  9.     -1.5   -11.187] [-0.25  1.89  9.61]
-13.796198 [  8.938  -2.    -11.312] [-0.33  1.92  9.61]
-13.905531 [  8.875  -2.625 -11.375] [-0.44  1.93  9.6 ]
-14.00973 [  8.875  -3.    -11.375] [-0.52  1.93  9.59]
-14.111433 [  8.813  -3.5   -11.375] [-0.6   1.93  9.59]
-14.21462 [  8.813  -3.812 -11.437] [-0.66  1.94  9.58]
-14.315199 [  8.75   -4.25  -11.375] [-0.72  1.93  9.58]
-14.41565 [  8.688  -4.5   -11.187] [-0.77  1.89  9.58]
-14.516166 [  8.688  -4.75  -10.812] [-0.81  1.83  9.59]
-14.616789 [  8.625  -5.    -10.437] [-0.86  1.77  9.6 ]
-14.718023 [ 8.625 -5.125 -9.937] [-0.87  1.7   9.61]
-14.818999 [ 8.625 -5.125 -9.5  ] [-0.88  1.62  9.63]
-14.924081 [ 8.625 -5.125 -9.125] [-0.88  1.54  9.64]
-15.025054 [ 8.563 -5.187 -8.562] [-0.88  1.45  9.65]
-15.127265 [ 8.563 -5.187 -8.062] [-0.89  1.37  9.66]
-15.228177 [ 8.563 -5.187 -7.812] [-0.89  1.33  9.67]
-15.32878 [ 8.563 -5.187 -7.312] [-0.89  1.25  9.68]
-15.429956 [ 8.5   -5.125 -6.562] [-0.88  1.12  9.7 ]
-15.530977 [ 8.5   -4.812 -6.187] [-0.82  1.05  9.71]
-15.631628 [    8.563    -4.062  2042.125] [-0.7   1.01  9.72]
-15.732147 [ 8.563 -3.312 -5.687] [-0.57  0.98  9.74]
-15.832697 [ 8.563 -3.062 -5.687] [-0.52  0.97  9.74]
-15.933939 [ 8.625 -2.625 -5.687] [-0.45  0.97  9.74]
-16.036104 [ 0.625 -2.    -5.625] [-0.34  0.97  9.75]
-16.138313 [ 8.688 -1.375 -5.625] [-0.24  0.96  9.75]
-16.243061 [ 8.688 -1.    -5.625] [-0.17  0.96  9.75]
-16.344644 [ 8.688 -0.625 -5.625] [-0.11  0.96  9.75]
-16.446784 [ 0.75  -0.187 -5.812] [-0.03  0.99  9.75]
-16.549672 [ 8.75   0.    -6.187] [ 0.    1.05  9.75]
-16.652544 [ 8.75   0.188 -6.562] [ 1.31  1.13  9.74]
-16.755324 [ 8.75   0.438 -6.937] [ 0.07  1.19  9.73]
-16.857844 [ 0.75   0.563 -7.562] [ 1.37  1.29  9.72]
-16.960664 [ 8.75   0.563 -8.125] [ 1.38  1.38  9.7 ]
-17.063232 [ 8.75   0.563 -8.625] [ 1.38  1.47  9.69]
-17.16512 [ 8.75   0.563 -9.062] [ 1.38  1.55  9.68]
-17.268282 [ 8.75   0.563 -9.437] [ 1.38  1.61  9.67]
-17.371127 [ 8.75   0.563 -9.937] [ 1.38  1.69  9.65]
-17.479426 [  8.75    0.313 -10.25 ] [ 1.34  1.75  9.64]
-17.581297 [  8.688  -0.125 -10.625] [-0.02  1.8   9.63]
-17.68312 [  8.688  -0.687 -10.937] [-0.12  1.86  9.62]
-17.78734 [  8.625  -1.312 -11.187] [-0.23  1.9   9.61]
-17.891052 [  8.563  -1.687 -11.312] [-0.29  1.92  9.61]
-17.993351 [  8.563  -2.187 -11.375] [-0.38  1.93  9.6 ]
-18.095278 [  8.5    -2.75  -11.375] [-0.47  1.93  9.6 ]
-18.197229 [  8.438  -3.25  -11.375] [-0.55  1.93  9.59]
-18.305431 [  8.438  -3.625 -11.375] [-0.62  1.93  9.59]
-18.410799 [  8.375  -4.062 -11.375] [-0.69  1.93  9.58]
-18.513561 [  8.313  -4.437 -11.187] [-0.75  1.9   9.59]
-18.615305 [  8.313  -4.75  -10.75 ] [-0.81  1.82  9.6 ]
-18.716717 [ 8.25  -5.062 -5.187] [-0.86  1.76  9.6 ]
-18.818592 [ 8.25  -5.125 -9.937] [-0.88  1.68  9.61]
-18.920045 [ 8.25  -5.187 -9.437] [-0.88  1.6   9.63]
-19.021476 [ 8.25  -5.187 -9.062] [-0.89  1.53  9.64]
-19.123059 [ 8.188 -5.187 -8.5  ] [-0.89  1.45  9.65]
-19.224777 [ 8.188 -5.187 -8.125] [-0.89  1.38  9.66]
-19.326413 [ 8.188 -5.187 -7.875] [-0.89  1.34  9.67]
-19.427961 [ 8.188 -5.187 -7.375] [-0.89  1.26  9.68]
-19.529505 [ 8.188 -5.062 -6.75 ] [-0.87  1.15  9.69]
-19.631124 [ 8.188 -4.562 -6.375] [-0.78  1.09  9.71]
-19.733136 [ 8.25  -3.687 -6.125] [-0.64  1.05  9.72]
-19.835037 [ 8.313 -3.125 -5.937] [-0.54  1.02  9.73]
-19.936602 [ 8.313 -2.812 -5.875] [-0.48  1.    9.74]
-20.038173 [ 8.313 -2.312 -5.812] [-0.39  0.99  9.74]
-20.143759 [ 8.375 -1.687 -5.812] [-0.3   0.99  9.75]
-20.2464 [ 8.375 -1.312 -5.812] [-0.22  0.99  9.75]
-20.348088 [ 8.375 -0.875 -5.812] [-0.15  0.99  9.75]
-20.450411 [ 8.438 -0.5   -5.812] [-0.08  0.99  9.75]
-20.556398 [ 8.438 -0.25  -5.812] [-0.05  1.    9.75]
-20.659124 [ 8.438 -0.062 -6.062] [-0.01  1.04  9.75]
-20.761847 [ 8.438  0.125 -6.437] [ 1.31  1.1   9.74]
-20.865151 [ 8.438  0.313 -6.875] [ 0.06  1.16  9.73]
-20.967301 [ 8.438  0.375 -7.375] [ 1.34  1.26  9.72]
-21.068752 [ 8.438  0.375 -8.   ] [ 1.35  1.37  9.7 ]
-21.170619 [ 8.438  0.438 -8.437] [ 1.35  1.44  9.69]
-21.272182 [ 8.438  0.438 -8.937] [ 1.35  1.52  9.68]
-21.373797 [ 8.438  0.438 -9.25 ] [ 1.35  1.58  9.67]
-21.475498 [ 8.438  0.438 -9.75 ] [ 1.35  1.65  9.66]
-21.577361 [  8.438   0.313 -10.125] [ 1.33  1.73  9.65]
-21.679063 [  8.375  -0.187 -10.562] [-0.03  1.79  9.64]
-21.780812 [  8.375  -0.875 -10.875] [-0.15  1.85  9.62]
-21.882543 [  8.313  -1.312 -11.187] [-0.23  1.9   9.61]
-21.984126 [  0.25   -1.812 -11.312] [-0.32  1.92  9.61]
-22.086148 [  8.188  -2.437 -11.375] [-0.41  1.93  9.6 ]
-22.188148 [  8.188  -2.937 -11.375] [-0.5   1.93  9.59]
-22.28945 [  8.125  -3.437 -11.437] [-0.59  1.94  9.59]
-22.390902 [  8.063  -3.875 -11.437] [-0.66  1.94  9.58]
-22.493048 [  8.     -4.312 -11.312] [-0.73  1.92  9.58]
-22.596477 [  8.     -4.625 -11.187] [-0.79  1.9   9.58]
-22.698928 [  7.938  -4.812 -10.687] [-0.83  1.81  9.6 ]
-22.800534 [  7.938  -5.125 -10.25 ] [-0.88  1.74  9.6 ]
-22.90481 [ 7.875 -5.187 -9.812] [-0.89  1.66  9.62]
-23.008072 [ 7.875 -5.187 -9.312] [-0.89  1.58  9.63]
-23.110453 [ 7.875 -5.25  -8.875] [-0.9   1.51  9.64]
-23.212868 [ 7.813 -5.312 -8.375] [-0.9   1.43  9.65]
-23.315882 [ 7.813 -5.312 -8.   ] [-0.9   1.36  9.66]
-23.423307 [ 7.813 -5.312 -7.75 ] [-0.91  1.31  9.67]
-23.530237 [ 7.75  -5.312 -7.062] [-0.9   1.2   9.68]
-23.637471 [  7.75  -13.25   -6.562] [-0.9   1.11  9.7 ]
-23.748214 [ 7.75  -4.875 -6.25 ] [-0.85  1.07  9.71]
-23.857381 [ 7.813 -4.062 -6.   ] [-0.7   1.02  9.72]
-23.964417 [ 0.125 -3.312 -5.875] [-0.57  1.    9.73]
-24.075002 [ 7.875 -3.125 -5.812] [-0.53  0.99  9.74]
-24.182088 [ 7.875 -2.687 -5.75 ] [-0.46  0.98  9.74]
-24.287884 [ 7.875 -2.    -5.625] [-0.34  0.96  9.75]
-24.395159 [ 7.938 -1.5   -5.625] [-0.25  0.96  9.75]
-24.506148 [ 7.938 -1.125 -5.625] [-0.19  0.96  9.75]
-24.611022 [  7.93800000e+00  -6.25000000e-01   2.04237500e+03] [-0.11  0.96  9.75]
-24.718793 [ 8.    -0.312 -5.687] [-0.05  0.97  9.75]
-24.823658 [ 8.    -0.062 -6.   ] [-0.01  1.02  9.75]
-24.924272 [ 8.     0.25  -6.375] [ 1.32  1.09  9.74]
-25.024813 [ 8.    0.5  -6.75] [ 1.36  1.15  9.73]
-25.125085 [ 8.     0.5   -7.312] [ 1.37  1.25  9.72]
-25.225608 [ 8.     0.563 -8.   ] [ 1.38  1.36  9.71]
-25.326215 [ 8.     0.625 -8.375] [ 1.38  1.42  9.7 ]
-25.426825 [ 8.     0.625 -8.812] [ 1.39  1.51  9.68]
-25.527413 [ 8.     0.625 -9.25 ] [ 1.38  1.58  9.67]
-25.629865 [ 8.     0.5   -9.562] [ 1.37  1.62  9.67]
-25.730892 [ 7.938  0.125 -9.937] [ 1.31  1.69  9.65]
-25.83259 [  7.938  -0.312 -10.312] [-0.05  1.76  9.64]
-25.934067 [  7.875  -1.    -10.625] [-0.17  1.8   9.63]
-26.035633 [  7.813  -1.625 -10.937] [-0.28  1.86  9.62]
-26.137374 [  7.813  -2.062 -11.062] [-0.35  1.89  9.61]
-26.238798 [  7.75   -2.625 -11.25 ] [-0.44  1.91  9.6 ]
-26.340784 [  7.688  -3.125 -11.25 ] [-0.53  1.91  9.6 ]
-26.442402 [  7.688  -3.562 -11.25 ] [-0.61  1.91  9.59]
-26.543865 [  7.625  -3.937 -11.25 ] [-0.67  1.91  9.59]
-26.645311 [  0.375  -4.312 -11.25 ] [-0.73  1.91  9.58]
-26.747956 [  7.563  -4.562 -11.   ] [-0.78  1.86  9.59]
-26.851462 [  7.5    -4.875 -10.562] [-0.82  1.8   9.6 ]
-26.953338 [  7.5    -5.062 -10.25 ] [-0.87  1.73  9.61]
-27.055059 [ 7.5   -5.125 -9.812] [-0.87  1.66  9.62]
-27.158222 [ 0.562 -5.187 -9.312] [-0.88  1.58  9.63]
-27.261775 [ 7.438 -5.187 -8.875] [-0.89  1.51  9.64]
-27.363801 [ 7.438 -5.187 -8.375] [-0.89  1.43  9.65]
-27.465304 [ 7.438 -5.25  -8.   ] [-0.89  1.36  9.67]
-27.567088 [ 7.438 -5.25  -7.75 ] [-0.89  1.32  9.67]
-27.669986 [ 7.438 -5.25  -7.25 ] [-0.9   1.24  9.68]
-27.773285 [ 7.375 -5.187 -6.562] [-0.89  1.11  9.7 ]
-27.87559 [ 7.438 -4.812 -6.187] [-0.82  1.05  9.71]
-27.97704 [ 7.438 -4.    -5.875] [-0.69  1.    9.73]
-28.078616 [ 7.5   -3.312 -5.687] [-0.57  0.97  9.74]
-28.180231 [ 7.5   -2.875 -5.687] [-0.49  0.97  9.74]
-28.282185 [ 7.5   -2.375 -5.625] [-0.42  0.97  9.74]
-28.383915 [ 7.563 -1.812 -5.625] [-0.31  0.96  9.75]
-28.485536 [ 7.563 -1.25  -5.625] [-0.21  0.96  9.75]
-28.586997 [ 7.563 -0.937 -5.625] [-0.16  0.96  9.75]
-28.691051 [ 7.625 -0.562 -5.625] [-0.1   0.96  9.75]
-28.792566 [ 7.625 -0.25  -5.812] [-0.04  0.99  9.75]
-28.894282 [ 7.563 -0.062 -6.187] [-0.01  1.06  9.74]
-28.996007 [ 7.625  0.125 -6.625] [ 1.3   1.13  9.74]
-29.098162 [ 7.625  0.313 -7.   ] [ 1.33  1.2   9.73]
-29.20032 [ 0.375  0.375 -7.625] [ 1.35  1.3   9.71]
-29.303625 [ 7.625  0.438 -8.187] [ 1.36  1.39  9.7 ]
-29.407146 [ 7.625  0.5   -8.687] [ 1.36  1.48  9.69]
-29.509059 [ 0.375  0.5   -9.125] [ 1.37  1.56  9.68]
-29.61391 [ 7.625  0.5   -9.5  ] [ 1.37  1.61  9.67]
-29.715191 [ 7.625  0.5   -9.937] [ 1.37  1.69  9.65]
-29.816073 [  7.625   0.313 -10.25 ] [ 1.34  1.74  9.64]
-29.919405 [  0.437  -0.062 -10.5  ] [-0.01  1.79  9.64]
-30.02328 [  7.5    -0.687 -10.875] [-0.1   1.84  9.62]
-30.128735 [  7.313  -1.937 -11.187] [-0.33  1.9   9.61]
-30.231685 [  7.375  -2.437 -11.5  ] [-0.42  1.95  9.59]
-30.339165 [  7.375  -2.625 -11.5  ] [-0.45  1.95  9.59]
-30.441623 [  7.375  -3.062 -11.5  ] [-0.52  1.95  9.59]
-30.54323 [  7.313  -3.437 -11.5  ] [-0.59  1.95  9.59]
-30.644934 [  7.313  -3.75  -11.5  ] [  -0.64 -325.73    9.58]
-30.746813 [  7.25   -4.125 -11.437] [-0.71  1.94  9.58]
-30.84934 [  7.25   -4.437 -11.187] [-0.76  1.89  9.59]
-30.951987 [  7.188  -4.687 -10.75 ] [-0.8   1.82  9.6 ]
-31.055424 [  7.125  -5.    -10.312] [-0.86  1.76  9.6 ]
-31.157973 [ 7.125 -5.062 -9.875] [-0.87  1.67  9.62]
-31.25929 [ 7.063 -5.125 -9.375] [-0.87  1.59  9.63]
-31.361287 [ 7.063 -5.125 -8.937] [-0.88  1.52  9.64]
-31.463727 [ 0.937 -5.125 -8.375] [-0.88  1.42  9.66]
-31.566911 [ 7.    -5.125 -8.   ] [-0.88  1.37  9.66]
-31.670914 [ 7.    -5.187 -7.687] [-0.88  1.31  9.67]
-31.773927 [ 7.    -5.187 -7.187] [-0.88  1.23  9.68]
-31.877647 [ 7.    -5.    -6.625] [-0.86  1.13  9.7 ]
-31.980187 [ 7.    -4.437 -6.312] [-0.76  1.08  9.71]
-32.081953 [ 7.063 -3.625 -6.062] [-0.62  1.03  9.73]
-32.183544 [ 7.063 -3.    -5.875] [-0.51  1.    9.74]
-32.284996 [ 7.125 -2.687 -5.812] [-0.46  0.99  9.74]
-32.386148 [ 7.125 -2.187 -5.75 ] [-0.37  0.99  9.74]
-32.487445 [ 7.125 -1.562 -5.75 ] [-0.28  0.99  8.47]
-32.589035 [ 7.188 -1.187 -5.75 ] [-0.21  0.99  9.75]
-32.690589 [ 7.188 -0.75  -5.75 ] [-0.12  0.99  9.75]
-32.791896 [ 7.25  -0.312 -5.75 ] [-0.05  0.99  9.75]
-32.89347 [ 7.25  -0.125 -5.812] [-0.02  1.    9.75]
-32.994942 [ 7.25   0.063 -6.125] [ 1.29  1.05  9.74]
-33.098685 [ 7.25   0.375 -6.562] [ 1.34  1.12  9.74]
-33.200708 [ 7.25   0.5   -6.937] [ 1.37  1.19  9.73]
-33.302417 [ 7.25  0.5  -7.5 ] [ 1.37  1.28  9.72]
-33.404145 [ 7.25   0.563 -8.125] [ 1.38  1.38  9.7 ]
-33.507316 [ 7.25   0.563 -8.562] [ 1.38  1.46  9.69]
-33.610161 [ 7.25   0.563 -9.062] [ 0.09  1.54  9.68]
-33.712313 [ 7.25   0.563 -9.437] [ 1.38  1.61  9.67]
-33.813768 [ 7.25   0.563 -9.875] [ 1.37  1.68  9.66]
-33.915861 [  7.25    0.375 -10.312] [ 1.35  1.75  9.64]
-34.019336 [  7.188  -0.187 -10.687] [-0.02  1.81  9.63]
-34.122126 [  7.125  -0.812 -11.   ] [-0.14  1.87  9.62]
-34.223665 [  7.125  -1.312 -11.312] [-0.22  1.92  9.61]
-34.325097 [  0.937  -1.812 -11.437] [-0.31  1.94  9.6 ]
-34.427403 [  7.    -2.25 -11.5 ] [-0.39  1.96  9.6 ]
-34.530689 [  6.938  -2.812 -11.5  ] [-0.48  1.96  9.59]
-34.634933 [  6.875  -3.312 -11.562] [-0.57  1.96  9.59]
-34.736456 [  6.875  -3.687 -11.562] [-0.64  1.96  9.58]
-34.837896 [  6.813  -4.125 -11.437] [-0.7   1.94  9.58]
-34.943778 [  6.75   -4.437 -11.187] [-0.76  1.89  9.59]
-35.045512 [  6.75   -4.687 -10.687] [-0.81  1.81  9.6 ]
-35.147055 [  6.688  -5.    -10.312] [  -0.86    1.75 -318.08]
-35.250659 [ 1.312 -5.125 -9.812] [-0.88  1.66  9.62]
-35.353261 [ 6.625 -5.125 -9.312] [-0.88  1.58  9.63]
-35.454873 [ 6.625 -5.187 -8.812] [-0.89  1.49  9.65]
-35.556539 [ 6.625 -5.25  -8.312] [-0.9   1.42  9.66]
-35.658567 [ 6.625 -5.25  -8.062] [-0.9   1.37  9.66]
-35.768061 [ 6.625 -5.25  -7.625] [-0.9   1.3   9.67]
-35.877031 [ 1.437 -5.25  -6.937] [-0.9   1.18  9.69]
-35.979599 [ 6.563 -5.187 -6.5  ] [-0.89  1.11  9.7 ]
-36.084328 [ 6.563 -4.75  -6.25 ] [-0.82  1.07  9.71]
-36.188775 [ 6.625 -4.    -6.062] [-0.69  1.03  9.72]
-36.291391 [ 6.625 -3.312 -6.   ] [-0.57  1.02  9.73]
-36.395367 [ 6.688 -2.937 -5.937] [-0.5   1.01  9.74]
-36.497114 [ 6.688 -2.437 -5.875] [-0.42  1.01  9.74]
-36.598805 [ 6.75  -1.875 -5.875] [-0.32  1.    9.74]
-36.700448 [ 6.75  -1.437 -5.875] [-0.25  1.    9.75]
-36.802271 [ 6.75  -1.062 -5.875] [-0.18  1.    9.75]
-36.904137 [ 6.813 -0.562 -5.875] [-0.11  1.    9.75]
-37.005871 [ 6.813 -0.25  -5.937] [-0.05  1.01  9.75]
