-0.04507 [ 0.125 -1.437 -0.625] [-0.25  1.47  9.69]
-0.108006 [ -1.68806200e+03  -9.43700000e+00  -2.50000000e-01] [ -2.40000000e-01   1.42000000e+00  -3.19270000e+02]
-0.16865 [  5.63000000e-01   2.03562500e+03   2.04125000e+03] [ 326.93 -325.25 -319.26]
-0.229542 [  1.37500000e+00   2.03275000e+03   2.04368800e+03] [ 326.44 -325.67 -319.27]
-0.290205 [  1.43800000e+00  -8.37500000e+00   2.04356300e+03] [  -1.43 -325.65 -319.29]
-0.350855 [  1.43800000e+00  -8.75000000e+00   2.04350000e+03] [  -1.5  -325.64 -319.3 ]
-0.411407 [  1.43800000e+00  -9.50000000e+00   2.04362500e+03] [  -1.62 -325.66 -319.32]
-0.472003 [ 1.438 -9.562 -4.187] [-1.63  0.71  9.64]
-0.534712 [ 1.438 -9.562 -4.187] [-1.63  0.71  9.64]
-0.597681 [  1.50000000e+00  -1.00620000e+01   2.04318800e+03] [  -1.71 -326.88 -319.34]
-0.689093 [  9.625 -10.     -4.625] [-0.42  0.78  9.62]
-0.790454 [ 9.688 -8.875 -4.25 ] [-0.23  0.72  9.66]
-0.892101 [ 9.563 -7.625 -4.687] [-0.02  0.79  9.68]
-0.996588 [ 9.25  -6.375 -7.312] [-1.12  1.18  9.66]
-1.099363 [  9.25   -5.    -10.687] [-0.85  1.82  9.59]
-1.200761 [  9.563  -3.875 -12.125] [-0.67  2.05  9.56]
-1.302133 [  9.688  -2.562 -12.125] [-0.44  2.06  9.57]
-1.403565 [  9.688  -1.125 -12.875] [-0.19  2.19  9.55]
-1.504901 [  9.75    0.563 -13.937] [ 1.37  2.37  9.51]
-1.606392 [ 10.063   2.313 -14.812] [ 1.68  2.5   9.47]
-1.707996 [ 10.188   2.938 -15.687] [ 1.76  2.63  9.43]
-1.809659 [ 10.438   3.063 -15.437] [ 1.81  2.61  9.43]
-1.911149 [ 10.438   2.938 -15.   ] [ 1.79  2.54  9.45]
-2.012506 [ 10.438   2.563 -15.   ] [ 1.72  2.53  9.46]
-2.11412 [ 10.438   2.    -14.937] [ 1.62  2.53  9.46]
-2.215664 [ 10.375   1.938 -13.5  ] [ 1.61  2.28  9.52]
-2.317026 [ 10.5     2.125 -11.875] [ 1.64  2.01  9.58]
-2.41834 [  2.563   2.375 -10.375] [ 1.69  1.77  9.63]
-2.52322 [ 10.625   3.     -9.312] [ 1.8   1.58  9.66]
-2.625355 [ 10.75    3.625  -8.25 ] [ 1.9   1.41  9.68]
-2.728499 [ 10.875   4.563  -6.875] [ 2.05  1.19  9.7 ]
-2.83102 [ 11.063   6.     -5.312] [ 2.31  0.9   9.7 ]
-2.932465 [ 11.25    7.938  -4.   ] [ 1.35  0.68  9.68]
-3.033758 [ 11.313   9.063  -3.5  ] [ 1.55  0.59  9.66]
-3.136305 [ 3.438  8.938 -3.375] [ 1.52  0.57  9.66]
-3.239606 [ 11.438   8.563  -3.312] [ 1.46  0.56  9.67]
-3.341818 [ 11.375   7.688  -3.25 ] [ 1.32  0.55  9.7 ]
-3.443311 [ 11.188   5.938  -3.25 ] [ 2.29  0.56  9.73]
-3.544774 [ 10.938   2.625  -3.625] [ 1.73  0.62  9.77]
-3.647005 [ 10.688  -1.312  -3.937] [-0.23  0.68  9.78]
-3.750015 [ 10.313  -5.937  -4.312] [-0.93  0.73  9.73]
-3.852148 [ 10.313  -8.312  -4.437] [-0.14  0.75  9.67]
-3.956442 [ 10.438  -7.937  -4.312] [-0.08  0.73  9.68]
-4.057973 [ 10.375  -8.375  -4.437] [-0.15  0.76  9.67]
-4.159542 [ 2.375 -8.625 -4.687] [-1.47  0.79  9.66]
-4.262567 [ 10.375  -8.75   -4.625] [-0.21  2.07  9.65]
-4.364101 [ 10.313  -8.875  -4.687] [-0.24  0.79  9.65]
-4.465501 [ 10.313  -9.     -4.687] [-0.25  0.79  9.65]
-4.567531 [ 10.25   -8.937  -5.   ] [-0.24  0.84  9.65]
-4.6687 [ 10.25  -8.75  -5.25] [-0.21  0.89  9.65]
-4.770023 [ 10.313  -9.062  -5.187] [-0.26  0.87  9.64]
-4.871506 [ 10.375  -8.25   -4.812] [-0.15  0.81  9.66]
-4.973245 [ 10.375  -7.812  -5.687] [-1.34  0.95  9.66]
-5.074867 [ 10.25   -6.812  -7.562] [-1.16  1.28  9.65]
-5.176269 [  2.25   -5.562 -10.5  ] [-0.96  1.77  9.59]
-5.278463 [ 10.75   -4.    -11.375] [-0.68  1.93  9.58]
-5.381467 [  2.875  -2.625 -12.312] [-0.45  2.09  9.56]
-5.486005 [ 11.     -1.125 -13.437] [-0.2   2.28  9.53]
-5.587774 [ 11.25    0.375 -14.25 ] [ 1.35  2.42  9.5 ]
-5.68983 [ 11.625   2.563 -15.125] [ 1.72  2.56  9.45]
-5.79287 [ 11.875   3.125 -16.125] [ 1.81  2.72  9.4 ]
-5.895062 [ 11.938   3.125 -15.687] [ 1.81  2.65  9.42]
-5.996576 [ 11.938   3.063 -15.25 ] [ 1.81  2.57  9.44]
-6.098359 [  4.      2.75  -15.187] [ 1.75  2.56  9.45]
-6.201168 [ 12.      2.125 -15.062] [ 1.65  2.55  9.46]
-6.304344 [ 12.      2.    -13.812] [ 1.61  2.37  9.5 ]
-6.406606 [ 12.063   1.938 -12.312] [ 1.62  2.09  9.57]
-6.508115 [ 12.125   2.188 -11.187] [ 1.66  1.9   9.61]
-6.609518 [ 12.188   2.438 -10.25 ] [ 1.7   1.75  9.63]
-6.710816 [ 12.25    2.875  -9.312] [ 1.77  1.59  9.66]
-6.812463 [ 12.313   3.625  -8.125] [ 1.9   1.38  9.68]
-6.913611 [ 12.375   4.75   -7.187] [ 2.09  1.23  9.69]
-7.016976 [ 12.563   6.5    -6.25 ] [ 2.39  1.06  9.68]
-7.118707 [ 12.813   7.875  -4.75 ] [ 1.34  0.81  9.68]
-7.220168 [ 13.125   8.75   -3.125] [ 1.49  0.53  9.67]
-7.321528 [ 13.188   8.813  -3.25 ] [ 1.51  0.55  9.67]
-7.423004 [ 13.125   8.     -3.312] [ 1.36  0.56  9.69]
-7.524516 [ 13.      6.    -11.187] [ 2.31  0.54  9.73]
-7.626728 [ 12.875   2.063  -3.25 ] [ 1.7   0.56  9.78]
-7.728491 [ 12.688  -2.     -3.75 ] [-0.34  0.65  9.77]
-7.830429 [ 12.375  -6.375  -4.25 ] [-1.09  0.72  9.71]
-7.932829 [ 4.375 -8.    -4.25 ] [-1.37  0.72  9.68]
-8.036071 [ 12.375  -8.     -4.   ] [-0.07  0.68  9.68]
-8.138171 [ 12.188  -8.5    -4.187] [-0.17  0.71  9.67]
-8.239569 [ 12.188  -8.812  -4.437] [-0.22  0.75  9.66]
-8.341356 [ 12.188  -8.937  -4.437] [-0.25  0.75  9.65]
-8.446598 [ 12.188  -9.125  -4.437] [-0.27  0.75  9.65]
-8.548758 [ 12.188  -9.25   -4.5  ] [-0.3   0.76  9.64]
-8.65003 [ 12.125  -9.25   -4.875] [-0.29  0.82  9.64]
-8.751365 [ 12.063  -9.062  -5.5  ] [-0.27  0.93  9.63]
-8.853221 [ 12.125  -9.     -5.562] [-0.25  0.94  9.63]
-8.956444 [ 12.563  -8.187  -4.562] [-0.12  0.77  9.67]
-9.059293 [ 12.5    -7.562  -5.187] [-0.02  0.88  9.67]
-9.161015 [ 12.375  -6.875  -8.125] [-1.17  1.38  9.63]
-9.262308 [ 12.625  -5.625 -11.125] [-0.96  1.88  9.57]
-9.363626 [ 13.125  -4.375 -11.562] [-0.75  1.96  9.57]
-9.465082 [ 13.375  -2.937 -12.437] [-0.5   2.11  9.56]
-9.566541 [ 13.563  -1.375 -13.375] [-0.23  2.27  9.53]
-9.667824 [ 13.875   0.25  -14.187] [ 1.33  2.4   9.5 ]
-9.769295 [ 14.375   2.438 -15.   ] [ 1.67  2.52  9.46]
-9.870719 [ 14.625   3.    -15.812] [ 1.79  2.67  9.42]
-9.974505 [ 14.75    2.875 -15.562] [ 1.77  2.63  9.43]
-10.075981 [ 14.75    2.75  -15.375] [ 1.75  2.6   9.44]
-10.179129 [ 14.875   2.563 -15.375] [ 1.72  2.6   9.44]
-10.281103 [ 14.875   2.063 -15.25 ] [ 1.63  2.58  9.45]
-10.382446 [ 14.938   1.75  -14.   ] [ 1.58  2.37  9.51]
-10.484136 [ 15.     1.75 -12.5 ] [ 1.58  2.12  8.28]
-10.586637 [ 15.063   1.875 -11.375] [ 1.6   1.93  9.6 ]
-10.68956 [ 15.125   2.313 -10.625] [ 0.39  1.82  9.62]
-10.791524 [ 15.125   2.438  -9.875] [ 1.69  1.68  9.65]
-10.893113 [ 15.188   2.875  -8.875] [ 1.77  1.51  9.67]
-10.994555 [ 15.25    3.625  -7.812] [ 0.62  1.33  9.69]
-11.097026 [ 7.375  5.    -6.937] [ 0.86  1.18  9.69]
-11.200347 [ 15.563   6.688  -5.937] [ 2.39  1.03  9.68]
-11.302401 [ 15.875   7.25   -4.625] [ 2.52  0.79  9.69]
-11.403743 [ 8.125  7.625 -3.187] [ 1.31  0.54  9.7 ]
-11.507528 [ 8.5    7.375 -2.875] [ 2.54  0.49  9.71]
-11.610769 [ 8.438  5.625 -3.   ] [ 2.28  0.51  9.74]
-11.713225 [ 8.25   2.5   -3.125] [ 1.7   0.53  9.78]
-11.814523 [ 8.    -1.812 -3.562] [-0.31  0.61  9.78]
-11.91602 [ 15.75   -6.125  -4.   ] [-1.05  0.68  9.72]
-12.017443 [ 15.688  -8.437  -4.125] [-0.16  0.7   9.67]
-12.11904 [ 15.688  -8.562  -4.125] [-0.18  0.7   9.67]
-12.220356 [ 15.563  -9.     -4.25 ] [-0.26  0.72  9.65]
-12.321974 [ 15.563  -9.312  -4.562] [-0.3   0.77  9.64]
-12.424322 [ 15.5  -9.5  -4.5] [-0.34  0.76  9.64]
-12.525844 [ 15.5    -9.625  -4.562] [-0.36  0.76  9.63]
-12.627147 [ 15.5    -9.687  -4.562] [-0.37  0.77  9.63]
-12.730126 [ 15.5    -9.437  -4.875] [-0.33  0.82  9.63]
-12.8317 [ 7.5  -9.25 -5.5 ] [-0.3   0.92  9.63]
-12.933396 [ 15.563  -9.125  -5.625] [  -1.56 -326.73    9.63]
-13.038149 [ 15.625  -8.562  -5.562] [-0.18  0.94  9.64]
-13.141257 [ 15.75   -7.937  -5.375] [-1.36  0.91  9.66]
-13.2438 [ 15.75   -7.312  -7.125] [-1.26  1.16  9.65]
-13.345497 [ 15.75   -6.125 -10.375] [-1.05  1.76  9.58]
-13.446802 [  8.25   -5.    -11.437] [-0.86  1.94  9.57]
-13.557888 [  8.313  -3.312 -12.312] [-0.57  2.09  9.56]
-13.660184 [  8.563  -1.812 -13.312] [-0.31  2.26  9.53]
-13.763237 [  8.938   0.    -14.125] [-0.02  2.38  9.51]
-13.86543 [  9.37500000e+00   1.93800000e+00   2.03318800e+03] [ 1.61  2.5   9.47]
-13.966836 [  9.625   2.75  -15.687] [ 1.75  2.65  9.42]
-14.068227 [  9.813   2.5   -15.375] [ 1.71  2.6   9.44]
-14.170017 [  9.813   2.25  -15.125] [ 1.66  2.56  9.45]
-14.271345 [  9.813   1.938 -15.125] [ 1.62  2.55  9.46]
-14.372659 [  9.813   1.313 -15.062] [ 1.51  2.55  9.46]
-14.475864 [  9.813   1.125 -13.875] [ 1.46  2.38  9.51]
-14.577587 [  9.875   1.25  -12.5  ] [ 1.5   2.12  9.57]
-14.679032 [  9.875   1.063 -11.437] [ 1.46  1.94  9.6 ]
-14.780507 [  9.938   1.5   -10.75 ] [ 1.54  1.83  9.62]
-14.881943 [ 9.938  1.688 -9.812] [ 1.57  1.67  9.65]
-14.984064 [ 10.      2.125  -8.937] [ 1.65  1.52  9.67]
-15.086451 [ 10.125   3.125  -7.5  ] [ 1.8  1.3  9.7]
-15.189188 [ 10.25    4.563  -6.937] [ 2.06  1.18  9.7 ]
-15.291267 [ 10.375   5.813  -5.937] [ 0.99  1.01  9.7 ]
-15.394474 [ 10.5     6.313  -5.25 ] [ 1.08  0.89  9.7 ]
-15.497372 [ 10.75    6.     -4.062] [ 1.03  0.7   9.72]
-15.599272 [ 11.      5.188  -3.   ] [ 2.17  0.51  9.75]
-15.700717 [ 10.938   3.625  -2.812] [ 1.9   0.49  9.77]
-15.80305 [ 10.75    1.188  -3.125] [ 0.2   0.53  9.78]
-15.906574 [ 10.625  -2.5    -3.187] [-0.37  0.54  9.78]
-16.009294 [ 10.438  -6.562  -3.562] [-1.12  0.61  9.72]
-16.111071 [ 10.313  -8.75   -3.75 ] [-0.22  0.63  9.66]
-16.21334 [ 10.25   -8.687  -3.687] [-0.2   0.62  9.67]
-16.316799 [ 10.125  -9.187  -3.875] [-0.28  0.65  9.65]
-16.41934 [ 10.125  -9.5    -4.187] [-0.34  0.71  9.64]
-16.521139 [ 10.063  -9.562  -4.312] [-0.35  0.73  9.64]
-16.623303 [ 10.063  -9.687  -4.375] [-0.37  0.74  9.63]
-16.724745 [ 10.063  -9.812  -4.437] [-0.39  0.75  9.63]
-16.826185 [ 10.063  -9.812  -4.75 ] [-0.39  0.81  9.62]
-16.927773 [ 10.     -9.625  -5.5  ] [-0.36  0.92  9.62]
-17.029627 [ 10.     -9.562  -6.   ] [-0.34  1.01  9.61]
-17.131326 [ 10.313  -8.687  -5.5  ] [-0.2   0.93  9.64]
-17.233041 [ 10.313  -8.062  -5.687] [-0.1   0.97  9.65]
-17.334545 [ 10.125  -7.125  -8.5  ] [-1.22  1.44  9.62]
-17.436215 [ 10.25   -6.187 -11.25 ] [-1.06  1.9   9.56]
-17.537877 [ 10.313  -5.5   -11.437] [-0.94  1.93  9.56]
-17.63987 [ 10.313  -3.375 -12.625] [-0.61  2.13  9.55]
-17.741843 [ 10.5    -1.562 -13.625] [-0.27  2.31  9.52]
-17.843409 [ 10.813   0.125 -14.187] [ 1.3   2.41  9.5 ]
-17.945915 [ 11.25    2.063 -14.875] [ 1.63  2.52  9.46]
-18.049283 [ 11.438   2.5   -15.812] [ 1.71  2.66  9.42]
-18.151542 [ 11.5     2.313 -15.562] [ 1.68  2.62  9.43]
-18.253066 [ 11.5     2.188 -15.437] [ 1.65  2.61  9.44]
-18.354824 [ 11.5     1.875 -15.375] [ 1.6   2.6   9.44]
-18.456859 [ 11.625   1.438 -14.   ] [ 1.53  2.37  9.51]
-18.560524 [ 11.625   1.188 -12.625] [ 1.48  2.16  9.56]
-18.663066 [ 11.688   1.438 -11.437] [ 1.53  1.95  9.6 ]
-18.764505 [ 11.688   1.875 -10.625] [ 1.6   1.81  9.63]
-18.86663 [ 11.813   2.375  -9.75 ] [ 1.68  1.66  9.65]
-18.970481 [ 11.875   2.75   -9.   ] [ 0.46  1.55  9.67]
-19.072879 [ 11.875   3.313  -8.187] [ 1.84  1.4   9.68]
-19.174729 [ 12.    4.5  -7. ] [ 2.05  1.19  9.7 ]
-19.27605 [ 12.188   6.188  -5.875] [ 2.33  1.    9.69]
-19.37757 [ 12.375   7.438  -4.687] [ 2.55  0.8   9.69]
-19.478906 [ 12.688   7.938  -3.125] [ 1.35  0.53  9.69]
-19.580492 [ 12.813   8.     -3.   ] [ 1.37  0.5   9.69]
-19.682391 [ 12.688   7.     -3.   ] [ 2.5   0.51  9.71]
-19.783989 [ 12.5     4.813  -3.125] [ 2.1   0.53  9.75]
-19.885305 [ 12.375   1.25   -3.437] [ 1.5   0.58  9.78]
-19.986638 [ 12.313  -2.625  -3.812] [-0.45  0.65  9.77]
-20.088447 [ 12.25   -7.187  -4.187] [-1.23  0.71  9.7 ]
-20.190043 [ 11.625  -9.125  -4.187] [-0.27  0.71  9.65]
-20.2913 [ 11.313  -8.875  -4.187] [-0.24  0.71  9.66]
-20.393537 [ 11.438  -9.375  -4.625] [-0.31  0.77  9.64]
-20.497568 [ 11.438  -9.625  -4.75 ] [-0.36  0.8   9.63]
-20.600043 [ 11.438  -9.812  -4.75 ] [-1.67  0.8   9.62]
-20.703358 [ 11.438 -10.     -4.75 ] [-0.42  0.8   9.62]
-20.805626 [ 11.438 -10.062  -4.75 ] [-0.43  0.8   9.62]
-20.907268 [ 11.313  -9.937  -5.125] [-0.41  0.86  9.61]
-21.009292 [ 11.313  -9.812  -5.625] [-0.39  0.95  9.61]
-21.112642 [ 11.313  -9.937  -5.812] [-0.41  0.97  9.6 ]
-21.215385 [ 11.375  -8.75   -5.375] [-1.5   0.91  9.64]
-21.317341 [ 11.438  -8.562  -5.875] [-0.18  0.99  9.64]
-21.419034 [ 11.5    -8.     -8.812] [-0.09  1.49  9.59]
-21.521527 [ 11.688  -7.125 -10.937] [-1.21  1.85  9.55]
-21.624937 [ 11.813  -6.25  -11.375] [-1.08  1.91  9.55]
-21.727166 [ 12.     -4.625 -12.687] [-0.79  2.15  9.53]
-21.828462 [ 12.375  -2.125 -13.812] [-0.36  2.34  9.51]
-21.929867 [ 12.875  -0.25  -14.5  ] [-0.05  2.46  9.49]
-22.033352 [ 13.313   1.25  -15.187] [ 1.49  2.57  9.45]
-22.134865 [ 13.438   1.5   -15.562] [ 1.54  2.63  9.44]
-22.236251 [ 13.563   1.75  -15.562] [ 1.58  2.63  9.44]
-22.33773 [ 13.75    1.938 -15.687] [ 1.62  2.65  9.43]
-22.439023 [ 13.688   1.688 -15.562] [ 1.57  2.63  9.44]
-22.540772 [ 13.75    1.25  -15.312] [ 1.5   2.59  9.45]
-22.642222 [ 13.688   1.063 -13.937] [ 1.46  2.36  9.51]
-22.743423 [ 13.75    0.813 -12.687] [ 1.42  2.15  9.56]
-22.844563 [ 13.75    0.875 -11.812] [ 1.43  2.01  9.59]
-22.945825 [ 13.813   1.25  -11.25 ] [ 1.49  1.91  9.61]
-23.047745 [ 13.875   1.438  -9.875] [ 1.51  1.7   9.65]
-23.149562 [ 13.938   2.063  -9.125] [ 1.63  1.55  9.67]
-23.250792 [ 14.      2.75   -8.625] [ 1.76  1.47  9.68]
-23.352798 [ 14.063   3.938  -8.062] [ 1.96  1.37  9.68]
-23.458787 [ 14.188   5.25   -7.187] [ 2.18  1.22  9.68]
-23.560399 [ 14.25    5.5    -6.312] [ 2.22  1.08  9.7 ]
-23.661717 [ 14.313   5.125  -5.5  ] [ 2.16  0.94  9.72]
-23.763608 [ 14.375   3.813  -4.75 ] [ 1.93  0.81  9.75]
-23.866807 [ 14.188   1.438  -3.875] [ 1.56  0.68  9.77]
-23.969219 [ 14.     -0.312  -3.375] [-0.06  0.58  9.78]
-24.07085 [ 13.938  -2.25   -3.5  ] [-0.39  0.6   9.78]
-24.172143 [ 13.938  -5.812  -4.   ] [-1.    0.68  9.73]
-24.274525 [ 13.5    -8.687  -4.062] [-1.48  0.68  9.66]
-24.377764 [ 13.188  -8.687  -4.062] [-0.19  0.69  9.66]
-24.48023 [ 13.063  -9.187  -4.312] [-0.28  0.72  9.65]
-24.581859 [ 13.063  -9.375  -4.562] [-0.32  0.77  9.64]
-24.683206 [ 13.     -9.625  -4.562] [-0.36  0.77  9.63]
-24.784546 [ 13.    -10.375  -4.5  ] [-0.49  0.76  9.61]
-24.885874 [ 12.938 -10.375  -4.75 ] [-0.49  0.8   9.61]
-24.989582 [ 12.938 -10.562  -5.5  ] [-0.5   0.91  9.59]
-25.09128 [ 13.    -10.625  -5.25 ] [-0.53  0.89  9.59]
-25.192856 [ 12.938 -10.562  -5.312] [-0.51  0.89  9.59]
-25.294373 [ 13.125  -8.875  -5.5  ] [-0.23  0.93  9.64]
-25.395761 [ 13.25   -8.5    -6.187] [-0.17  1.04  9.64]
-25.497073 [ 13.188  -7.937  -7.75 ] [-0.08  1.31  9.62]
-25.598555 [ 13.313  -7.062 -10.125] [-1.21  1.71  9.57]
-25.700341 [ 13.438  -6.    -11.125] [-1.05  1.85  9.57]
-25.802496 [ 14.    -4.25 -12.5 ] [-0.73  2.11  9.54]
-25.903762 [ 14.438  -2.25  -13.625] [-0.38  2.31  9.52]
-26.005442 [ 14.875  -0.375 -14.25 ] [-0.06  2.41  9.5 ]
-26.10755 [ 15.313   1.188 -14.812] [ 0.21  2.51  9.47]
-26.210609 [ 15.438   1.75  -15.5  ] [ 1.58  2.61  9.44]
-26.312591 [ 15.75    1.75  -15.562] [ 1.57  2.63  9.44]
-26.413943 [ 24.188   1.625 -15.625] [ 1.56  2.64  9.43]
-26.517945 [ 16.313   1.375 -15.625] [ 0.24  2.64  9.44]
-26.620941 [ 24.313   0.75  -15.437] [ 0.14  2.63  9.44]
-26.723582 [ 24.25    0.75  -14.125] [ 1.41  2.4   9.5 ]
-26.824736 [ 24.313   0.5   -12.937] [ 1.37  2.2   9.55]
-26.926417 [ 24.313   0.688 -12.125] [ 1.4   2.06  9.58]
-27.028889 [ 24.375   1.063 -11.375] [ 1.46  1.93  9.61]
-27.131875 [ 24.375   1.125 -10.75 ] [ 1.47  1.84  9.62]
-27.234236 [ 24.438   1.563  -9.437] [ 1.55  1.61  9.66]
-27.335875 [ 24.5     2.375  -8.5  ] [ 1.68  1.44  9.69]
-27.437636 [ 24.625   3.563  -7.75 ] [ 1.89  1.32  9.69]
-27.539096 [ 24.688   4.875  -6.937] [ 2.12  1.19  9.69]
-27.640486 [ 24.875   5.438  -6.062] [ 2.2   1.03  9.7 ]
-27.741664 [ 25.063   5.438  -5.   ] [ 2.21  0.86  9.72]
-27.842981 [ 25.125   4.938  -4.125] [ 2.13  0.7   9.74]
-27.94413 [ 25.      3.188  -3.437] [   1.86    0.59 -317.91]
-28.047624 [ 24.75    0.188  -3.562] [ 1.31  0.61  9.78]
-28.149317 [ 24.5    -3.562  -4.   ] [-0.61  0.69  9.76]
-28.251101 [ 24.5   -8.25  -4.25] [-0.13  0.72  9.67]
-28.352542 [ 24.25   -9.562  -4.125] [-0.35  0.7   9.64]
-28.454427 [ 24.188  -9.687  -4.25 ] [-0.36  0.71  9.64]
-28.5562 [ 24.063 -10.062  -4.437] [-0.43  0.75  9.62]
-28.657898 [ 24.    -10.25   -4.437] [-0.46  0.74  9.62]
-28.75983 [ 15.938 -10.437  -4.375] [-1.77  0.73  9.61]
-28.862787 [ 16.375 -10.875  -4.562] [-1.85  0.77  9.59]
-28.965903 [ 24.313 -11.187  -4.75 ] [-0.62  0.79  9.58]
-29.067581 [ 24.25 -11.    -5.25] [-0.59  0.88  9.58]
-29.169793 [ 24.375 -11.     -5.312] [-0.6   0.89  9.58]
-29.273136 [ 16.313  -9.875  -5.   ] [-0.4   0.85  9.62]
-29.376026 [ 24.5   -9.25  -4.25] [-0.29  0.72  9.65]
-29.477925 [ 24.5    -8.375  -5.312] [-0.15  0.9   9.65]
-29.579832 [ 16.438  -7.187  -8.312] [-1.23  1.4   9.62]
-29.682483 [ 24.5    -6.125 -11.062] [-1.05  1.87  9.56]
-29.786175 [ 24.75   -5.187 -12.312] [-0.9   2.08  9.53]
-29.890118 [ 24.813  -4.    -12.937] [-0.68  2.19  9.53]
-29.991644 [ 24.875  -2.437 -14.437] [-0.41  2.44  9.48]
-30.093913 [ 25.875  -0.875 -14.937] [-0.15  2.53  9.47]
-30.195616 [ 26.813   1.    -15.625] [ 1.45  2.64  9.44]
-30.297266 [ 27.25    1.625 -16.187] [ 1.55  2.73  9.41]
-30.399029 [ 27.313   1.438 -16.125] [ 1.53  2.72  9.41]
-30.500718 [ 27.688   1.313 -15.937] [ 1.5   2.69  9.42]
-30.602077 [ 28.      1.125 -15.75 ] [ 1.47  2.67  9.43]
-30.70348 [ 28.063   0.5   -15.562] [ 1.36  2.63  9.44]
-30.80476 [ 28.188   0.313 -14.437] [ 1.34  2.44  9.49]
-30.906041 [ 20.25    0.25  -13.187] [ 1.32  2.24  9.54]
-31.010385 [ 28.313  -0.312 -12.125] [-0.05  2.06  9.58]
-31.112642 [ 28.438   0.    -11.437] [ 1.28  1.95  9.61]
-31.215985 [ 28.438   0.188 -10.75 ] [ 1.31  1.84  9.63]
-31.318565 [ 28.5     0.688  -9.937] [ 1.4   1.7   9.65]
-31.420279 [ 28.563   1.438  -8.937] [ 1.52  1.52  9.68]
-31.521626 [ 28.75    2.688  -7.812] [ 1.74  1.33  9.7 ]
-31.623921 [ 28.938   4.     -7.125] [ 1.96  1.21  9.7 ]
-31.727039 [ 28.938   4.188  -6.375] [ 0.72  1.11  9.71]
-31.829293 [ 29.063   4.125  -5.687] [ 1.98  0.97  9.73]
-31.930766 [ 29.063   3.875  -4.937] [ 1.94  0.84  9.74]
-32.032243 [ 21.     2.25  -4.  ] [ 1.67  0.69  9.77]
-32.134632 [ 28.75   -0.562  -3.437] [-0.1   0.59  9.78]
-32.237559 [ 28.375  -4.687  -3.812] [-0.73  0.65  9.75]
-32.340442 [ 28.188  -9.     -4.125] [-0.26  0.7   9.65]
-32.441666 [ 27.938  -9.187  -3.875] [-0.29  0.66  9.65]
-32.545496 [ 27.938  -9.25   -3.812] [-0.3   0.65  9.65]
-32.646934 [ 27.688  -9.812  -4.062] [-0.39  0.68  9.63]
-32.748275 [ 27.688 -10.     -4.375] [-0.42  0.74  9.62]
-32.850801 [ 27.625 -10.125  -4.312] [-0.44  0.73  9.62]
-32.952072 [ 27.625 -10.312  -4.437] [-0.48  0.75  9.61]
-33.053416 [ 27.563 -10.312  -4.562] [-0.48  0.76  9.61]
-33.154764 [ 27.5   -10.312  -5.   ] [-0.47  0.84  9.61]
-33.256083 [ 27.438 -10.375  -5.562] [-0.49  0.93  9.59]
-33.357413 [ 27.375 -10.562  -5.687] [-0.52  0.95  9.59]
-33.458993 [ 27.313  -9.937  -5.125] [-0.42  0.86  9.61]
-33.560764 [ 27.063  -8.75   -6.187] [-1.52  1.01  9.63]
-33.662409 [ 26.938  -7.812  -8.812] [-0.05  1.49  9.6 ]
-33.763595 [ 26.875  -7.    -10.312] [-1.2   1.74  9.57]
-33.865446 [ 26.938  -5.875 -11.187] [-1.    1.89  9.56]
-33.968308 [ 26.813  -3.937 -12.625] [-0.71  2.12  9.54]
-34.072267 [ 26.813  -2.25  -13.75 ] [-0.39  2.33  9.51]
-34.173618 [ 27.     -0.562 -14.437] [-0.09  2.44  9.49]
-34.275342 [ 27.313   1.125 -15.062] [ 1.47  2.55  9.46]
-34.378081 [ 19.25    1.813 -15.687] [ 0.31  2.65  9.43]
-34.481317 [ 27.438   1.813 -15.562] [ 1.6   2.63  9.44]
-34.583329 [ 27.438   1.688 -15.5  ] [ 1.57  2.62  9.44]
-34.684532 [ 27.5     1.438 -15.5  ] [ 1.53  2.62  9.44]
-34.786208 [ 19.563   1.063 -14.125] [ 1.46  2.4   9.5 ]
-34.889043 [ 27.688   0.625 -13.062] [ 1.39  2.21  9.55]
-34.992109 [ 27.688   0.5   -12.312] [ 0.08  2.11  9.57]
-35.094102 [ 27.688   0.875 -11.625] [ 1.43  1.97  9.6 ]
-35.195364 [ 27.75    1.125 -11.   ] [ 1.48  1.87  9.62]
-35.296772 [ 27.813   1.188 -10.375] [ 1.48  1.76  9.64]
-35.398079 [ 27.813   1.438  -9.5  ] [ 1.53  1.62  9.66]
-35.500548 [ 27.875   1.875  -8.375] [ 1.6   1.42  9.69]
-35.60205 [ 27.938   2.75   -7.875] [ 1.75  1.34  9.7 ]
-35.703619 [ 28.063   3.938  -7.   ] [ 1.94  1.21  9.7 ]
-35.805309 [ 28.125   4.438  -6.125] [ 2.04  1.05  9.71]
-35.907079 [ 28.188   4.438  -5.5  ] [ 2.04  0.93  9.73]
-36.008752 [ 28.188   4.375  -4.75 ] [ 2.03  0.81  9.74]
-36.110414 [ 28.25    3.625  -3.875] [ 1.9   0.67  9.76]
-36.211913 [ 28.063   1.313  -3.562] [ 1.5   0.61  9.78]
-36.314209 [ 27.688  -2.812  -3.562] [-0.42  0.61  9.77]
