-0.093481 0 [ 8.25  -0.812 -8.687] [-0.19  1.47  9.69]
-0.214652 0 [ 8.688  1.5   -8.312] [ 1.54  1.42  9.69]
-0.335246 0 [ 8.625  1.125 -8.312] [ 1.47  1.42  9.7 ]
-0.455262 0 [ 8.625  1.    -8.5  ] [ 1.46  1.45  9.69]
-0.575279 0 [ 8.625  0.938 -8.75 ] [ 1.44  1.49  9.68]
-0.695245 0 [ 8.625  0.813 -9.187] [ 1.42  1.57  9.67]
-0.815274 0 [ 8.563  0.563 -9.625] [ 1.38  1.64  9.66]
-0.93531 0 [  8.5     0.125 -10.125] [ 1.3   1.73  9.65]
-1.055371 0 [  8.5    -0.437 -10.625] [-0.07  1.81  9.63]
-1.175499 0 [  8.438  -1.125 -11.   ] [-0.19  1.87  9.62]
-1.295783 0 [  8.375  -1.812 -11.437] [-0.31  1.94  9.6 ]
-1.415747 0 [  8.313  -2.312 -11.562] [-0.4   1.97  9.59]
-1.536201 0 [  8.25   -3.    -11.625] [-0.51  1.97  9.59]
-1.656227 0 [  8.188  -3.562 -11.625] [-0.61  1.97  9.58]
-1.77623 0 [  8.125  -4.    -11.625] [-0.69  1.97  9.58]
-1.896397 0 [  8.063  -4.437 -11.562] [-0.76  1.96  9.57]
-2.016238 0 [  8.     -4.75  -11.062] [-0.81  1.88  9.58]
-2.136711 0 [  8.     -5.125 -10.625] [-0.87  1.81  9.59]
-2.256723 0 [  7.938  -5.25  -10.25 ] [-0.9   1.73  9.6 ]
-2.376884 0 [ 7.938 -5.25  -9.625] [-0.9   1.64  9.62]
-2.496893 0 [ 7.938 -5.312 -9.125] [-0.9   1.55  9.63]
-2.617043 0 [ 7.938 -5.312 -8.437] [-0.91  1.43  9.65]
-2.737351 0 [ 7.938 -5.375 -8.062] [-0.91  1.37  9.66]
-2.857364 0 [ 7.938 -5.375 -7.5  ] [-0.91  1.28  9.67]
-2.977526 0 [ 7.875 -5.375 -6.75 ] [-0.91  1.15  9.69]
-3.097537 0 [ 7.938 -4.75  -6.25 ] [-0.82  1.07  9.71]
-3.217701 0 [ 7.938 -3.812 -5.937] [-0.65  1.01  9.73]
-3.337779 0 [ 8.    -3.125 -5.812] [-0.54  1.    9.74]
-3.457725 0 [ 8.    -2.625 -5.812] [-0.45  1.    9.74]
-3.577601 0 [ 8.063 -2.    -5.812] [-0.35  1.    9.74]
-3.697606 0 [ 8.063 -1.312 -5.812] [-0.22  1.    9.75]
-3.817629 0 [ 8.125 -0.875 -5.875] [-0.16  1.    9.75]
-3.938078 0 [ 8.125 -0.437 -5.937] [-0.08  1.02  9.75]
-4.058085 0 [ 8.125 -0.125 -6.25 ] [-0.03  1.07  9.74]
-4.178382 0 [ 8.125  0.063 -6.75 ] [ 1.29  1.15  9.73]
-4.298393 0 [ 8.188  0.25  -7.375] [ 1.33  1.25  9.72]
-4.418432 0 [ 8.188  0.375 -8.125] [ 1.34  1.38  9.7 ]
-4.538707 0 [ 8.188  0.5   -8.625] [ 1.37  1.47  9.69]
-4.658863 0 [ 8.188  0.5   -9.187] [ 1.37  1.57  9.67]
-4.779294 0 [ 8.188  0.5   -9.625] [ 1.37  1.64  9.66]
-4.899745 0 [  8.188   0.5   -10.125] [ 1.36  1.73  9.65]
-5.0196 0 [  8.125   0.125 -10.5  ] [ 1.31  1.79  9.64]
-5.139608 0 [  8.063  -0.5   -10.812] [-0.09  1.84  9.63]
-5.259622 0 [  8.     -1.312 -11.187] [-0.23  1.9   9.61]
-5.379668 0 [  7.938  -1.937 -11.312] [-0.33  1.93  9.6 ]
-5.499525 0 [  7.875  -2.562 -11.312] [-0.44  1.93  9.6 ]
-5.619405 0 [  7.813  -3.187 -11.312] [-0.54  1.93  9.59]
-5.739853 0 [  7.75   -3.687 -11.375] [-0.63  1.93  9.59]
-5.859564 0 [  7.688  -4.125 -11.375] [-0.71  1.93  9.58]
-5.979676 0 [  7.625  -4.625 -11.062] [-0.78  1.88  9.59]
-6.099736 0 [  7.563  -5.    -10.5  ] [-0.86  1.78  9.6 ]
-6.220142 0 [  7.5    -5.25  -10.125] [-0.9   1.71  9.61]
-6.340735 0 [ 7.5   -5.312 -9.5  ] [-0.91  1.62  9.62]
-6.460757 0 [ 7.563 -5.312 -9.   ] [-0.91  1.53  9.64]
-6.580782 0 [ 7.5   -5.312 -8.312] [-0.91  1.42  9.65]
-6.700962 0 [ 7.5   -5.375 -7.875] [-0.91  1.34  9.67]
-6.820978 0 [ 7.5   -5.375 -7.437] [-0.91  1.27  9.68]
-6.940977 0 [ 7.438 -5.312 -6.812] [-0.91  1.16  9.69]
-7.060837 0 [ 7.5  -4.75 -6.25] [-0.81  1.07  9.71]
-7.180856 0 [ 7.5   -3.812 -6.   ] [-0.66  1.03  9.72]
-7.301257 0 [ 7.563 -3.062 -5.812] [-0.53  0.99  9.74]
-7.42118 0 [ 7.563 -2.625 -5.75 ] [-0.45  0.98  9.74]
-7.541627 0 [ 7.625 -1.937 -5.687] [-0.33  0.97  9.75]
-7.661265 0 [ 7.625 -1.375 -5.687] [-0.24  0.97  9.75]
-7.781512 0 [ 7.688 -0.812 -5.687] [-0.14  0.97  9.75]
-7.901528 0 [ 7.688 -0.375 -5.687] [-0.06  0.97  9.75]
-8.021684 0 [ 7.688  0.    -5.875] [ 1.28  1.01  9.75]
-8.141968 0 [ 7.75   0.188 -6.312] [ 1.32  1.08  9.74]
-8.261975 0 [ 7.75  0.5  -6.75] [ 1.36  1.16  9.73]
-8.382149 0 [ 7.75   0.563 -7.437] [ 1.38  1.26  9.72]
-8.502012 0 [ 7.75   0.625 -8.187] [ 1.39  1.39  9.7 ]
-8.62216 0 [ 7.75   0.625 -8.75 ] [ 1.39  1.49  9.69]
-8.742488 0 [ 7.75   0.625 -9.25 ] [ 1.39  1.58  9.67]
-8.862503 0 [ 7.75   0.625 -9.687] [ 1.39  1.65  9.66]
-8.982514 0 [  7.688   0.375 -10.25 ] [ 1.35  1.74  9.64]
-9.102263 0 [  7.625  -0.312 -10.687] [-0.05  1.81  9.63]
-9.222544 0 [  7.563  -1.187 -11.125] [-0.21  1.89  9.61]
-9.342834 0 [  7.5    -1.812 -11.375] [-0.31  1.93  9.6 ]
-9.462716 0 [  7.438  -2.312 -11.437] [-0.4   1.95  9.6 ]
-9.582998 0 [  7.375  -3.    -11.437] [-0.51  1.95  9.59]
-9.703308 0 [  7.313  -3.5   -11.437] [-0.6   1.95  9.59]
-9.82331 0 [  7.25   -4.062 -11.437] [-0.69  1.94  9.58]
-9.943773 0 [  7.188  -4.375 -11.187] [-0.75  1.9   9.59]
-10.06392 0 [  7.125  -4.75  -10.687] [-0.81  1.81  9.6 ]
-10.183808 0 [  7.063  -5.125 -10.312] [-0.87  1.75  9.6 ]
-10.303823 0 [ 7.063 -5.25  -9.687] [-0.9   1.65  9.62]
-10.423393 0 [ 7.063 -5.312 -9.187] [-0.91  1.56  9.63]
-10.543397 0 [ 7.063 -5.375 -8.5  ] [-0.91  1.45  9.65]
-10.663413 0 [ 7.063 -5.375 -8.   ] [-0.92  1.36  9.66]
-10.783704 0 [ 7.063 -5.375 -7.562] [-0.92  1.29  9.67]
-10.904014 0 [ 7.063 -5.375 -6.875] [-0.92  1.17  9.69]
-11.02417 0 [ 7.063 -5.25  -6.375] [-0.9   1.08  9.7 ]
-11.144626 0 [ 7.125 -4.5   -6.125] [-0.77  1.04  9.71]
-11.264893 0 [ 7.125 -3.625 -5.937] [-0.62  1.02  9.73]
-11.384967 0 [ 7.188 -3.062 -5.875] [-0.52  1.01  9.73]
-11.504784 0 [ 7.188 -2.5   -5.875] [-0.43  1.    9.74]
-11.624667 0 [ 7.25  -1.812 -5.812] [-0.31  1.    9.75]
-11.744816 0 [ 7.25  -1.312 -5.875] [-0.23  1.    9.75]
-11.864831 0 [ 7.313 -0.812 -5.812] [-0.14  1.    9.75]
-11.984837 0 [ 7.313 -0.375 -5.937] [-0.06  1.01  9.75]
-12.105015 0 [ 7.313  0.    -6.312] [ 1.28  1.08  9.74]
-12.225307 0 [ 7.375  0.313 -6.75 ] [ 1.34  1.15  9.73]
-12.345588 0 [ 7.375  0.5   -7.312] [ 1.36  1.24  9.72]
-12.465508 0 [ 7.375  0.5   -8.125] [ 1.37  1.38  9.7 ]
-12.585925 0 [ 7.375  0.5   -8.625] [ 1.37  1.47  9.69]
-12.705932 0 [ 7.375  0.5   -9.187] [ 1.37  1.56  9.67]
-12.825819 0 [ 7.375  0.5   -9.687] [ 1.37  1.65  9.66]
-12.946111 0 [  7.313   0.188 -10.062] [ 1.31  1.72  9.65]
-13.066132 0 [  7.25  -0.25 -10.5 ] [-0.05  1.79  9.64]
-13.186144 0 [  7.188  -1.187 -10.875] [-0.21  1.85  9.62]
-13.306158 0 [  7.125  -1.75  -11.5  ] [-0.3   1.96  9.6 ]
-13.426459 0 [  7.125  -2.312 -11.5  ] [-0.4   1.96  9.6 ]
-13.546639 0 [  7.063  -3.    -11.5  ] [-0.51  1.96  9.59]
-13.666762 0 [  7.     -3.625 -11.5  ] [-0.62  1.96  9.58]
-13.786668 0 [  6.875  -4.062 -11.562] [-0.7   1.96  9.58]
-13.906645 0 [  6.813  -4.562 -11.437] [-0.78  1.94  9.57]
-14.0268 0 [  6.813  -4.937 -11.   ] [-0.84  1.86  9.59]
-14.147094 0 [  6.75   -5.25  -10.625] [-0.9   1.8   9.59]
-14.266832 0 [  6.75   -5.375 -10.062] [-0.92  1.71  9.61]
-14.38742 0 [ 6.688 -5.437 -9.437] [-0.93  1.61  9.62]
-14.507838 0 [-1681.312    -5.5      -8.875] [-0.94  1.51  9.64]
-14.628164 0 [ 6.688 -5.5   -8.25 ] [-0.94  1.4   9.65]
-14.74836 0 [ 6.688 -5.5   -7.875] [-0.94  1.34  9.66]
-14.868609 0 [ 6.688 -5.5   -7.375] [-0.94  1.26  9.67]
-14.988776 0 [ 6.688 -5.5   -6.687] [-0.94  1.13  9.69]
-15.108803 0 [ 6.688 -5.    -6.187] [-0.85  1.05  9.71]
-15.229057 0 [ 6.75  -3.937 -5.875] [-0.68  1.    9.73]
-15.349241 0 [ 6.813 -3.187 -5.75 ] [-0.54  0.99  9.74]
-15.469408 0 [ 6.813 -2.687 -5.75 ] [-0.46  0.99  9.74]
-15.589432 0 [ 6.875 -2.    -5.75 ] [-0.34  0.98  9.75]
-15.709449 0 [ 6.875 -1.375 -5.75 ] [-0.24  0.98  9.75]
-15.829609 0 [ 6.938 -0.937 -5.75 ] [-0.16  0.98  9.75]
-15.949614 0 [ 6.938 -0.437 -5.812] [-0.07  0.99  9.75]
-16.069641 0 [ 6.938 -0.125 -6.187] [-0.02  1.05  9.74]
-16.189767 0 [ 6.938  0.063 -6.687] [ 1.29  1.15  9.73]
-16.310012 0 [ 6.938  0.313 -7.312] [ 1.33  1.25  9.72]
-16.430494 0 [ 6.938  0.375 -8.062] [ 1.35  1.37  9.7 ]
-16.550672 0 [ 6.938  0.438 -8.5  ] [ 1.35  1.45  9.69]
-16.671541 0 [ 6.938  0.438 -9.125] [ 1.35  1.55  9.68]
-16.792137 0 [ 6.938  0.438 -9.562] [ 1.35  1.63  9.66]
-16.912146 0 [  6.938   0.438 -10.125] [ 1.35  1.72  9.65]
-17.033003 0 [  6.938   0.    -10.562] [ 1.28  1.8   9.63]
-17.153063 0 [  6.875  -0.625 -10.937] [-0.11  1.86  9.62]
-17.274758 0 [  6.813  -1.125 -11.5  ] [-0.19  1.96  9.6 ]
-17.396692 0 [  6.813  -1.812 -11.5  ] [-0.31  1.96  9.6 ]
-17.517321 0 [  6.688  -2.5   -11.5  ] [-0.42  1.96  9.59]
-17.63823 0 [  6.625  -3.062 -11.562] [-0.52  1.96  9.59]
-17.758241 0 [  6.563  -3.625 -11.562] [-0.61  1.96  9.58]
-17.879095 0 [  6.563  -4.125 -11.562] [-0.7   1.96  9.58]
-17.999839 0 [  6.5    -4.562 -11.187] [-0.78  1.9   9.58]
-18.119996 0 [  6.438  -5.062 -10.687] [-0.87  1.81  9.59]
-18.240428 0 [  6.375  -5.375 -10.187] [-0.92  1.73  9.6 ]
-18.360898 0 [ 6.375 -5.375 -9.562] [-0.92  1.62  9.62]
-18.481029 0 [ 6.375 -5.437 -9.062] [-0.93  1.53  9.64]
-18.601197 0 [ 6.375 -5.437 -8.312] [-0.93  1.42  9.65]
-18.721355 0 [ 6.375 -5.437 -7.875] [-0.93  1.34  9.66]
-18.841514 0 [ 6.375 -5.437 -7.437] [-0.93  1.26  9.67]
-18.961815 0 [ 6.375 -5.437 -6.812] [-0.93  1.16  9.69]
-19.08183 0 [ 6.438 -4.812 -6.312] [-0.82  1.07  9.71]
-19.201684 0 [ 6.438 -3.812 -6.062] [-0.66  1.03  9.72]
-19.321847 0 [ 6.5   -3.187 -5.937] [-0.54  1.01  9.73]
-19.441724 0 [ 6.5   -2.75  -5.875] [-0.47  1.    9.74]
-19.561877 0 [ 6.563 -2.062 -5.875] [-0.35  1.    9.74]
-19.681894 0 [ 6.563 -1.437 -5.812] [-0.25  1.    9.75]
-19.802149 0 [ 6.625 -0.937 -5.812] [-0.16  1.    9.75]
-19.922357 0 [ 6.625 -0.5   -5.812] [-0.08  1.    9.75]
-20.042487 0 [ 6.625 -0.187 -5.937] [-0.04  1.02  9.75]
-20.162508 0 [ 6.625  0.    -6.375] [ 1.28  1.09  9.74]
-20.282502 0 [ 6.625  0.25  -6.875] [ 1.32  1.17  9.73]
-20.402524 0 [ 6.688  0.313 -7.5  ] [ 1.33  1.27  9.72]
-20.522517 0 [ 6.688  0.313 -8.25 ] [ 1.34  1.4   9.7 ]
-20.642722 0 [ 6.688  0.375 -8.812] [ 1.34  1.5   9.69]
-20.762726 0 [ 6.625  0.375 -9.312] [ 1.34  1.59  9.67]
-20.882738 0 [ 6.625  0.375 -9.812] [ 1.35  1.67  9.66]
-21.002763 0 [  6.625   0.25  -10.375] [ 1.33  1.76  9.64]
-21.12305 0 [  6.625  -0.375 -10.812] [-0.07  1.84  9.63]
-21.243055 0 [  6.563  -1.187 -11.25 ] [-0.2   1.92  9.61]
-21.363075 0 [  6.5    -1.687 -11.375] [-0.29  1.94  9.6 ]
-21.483096 0 [  6.313  -3.125 -11.75 ] [-0.54  2.    9.58]
-21.603531 0 [  6.313  -3.437 -11.75 ] [-0.59  1.99  9.58]
-21.723839 0 [  6.313  -3.937 -11.687] [-0.67  1.99  9.57]
-21.843848 0 [  6.25   -4.312 -11.625] [ 326.94    1.98    9.57]
-21.963721 0 [  6.188  -4.562 -11.25 ] [-0.78  1.91  9.58]
-22.083884 0 [  6.188  -4.875 -10.75 ] [-0.84  1.83  9.59]
-22.204191 0 [  6.125  -5.25  -10.375] [-0.89  1.76  9.6 ]
-22.324296 0 [ 6.125 -5.375 -9.75 ] [-0.92  1.66  9.62]
-22.444354 0 [ 6.063 -5.375 -9.187] [-0.92  1.56  9.63]
-22.564235 0 [ 6.063 -5.375 -8.5  ] [-0.92  1.45  9.65]
-22.684254 0 [ 6.063 -5.375 -8.   ] [-0.92  1.36  9.66]
-22.804826 0 [ 6.063 -5.375 -7.625] [-0.92  1.3   9.67]
-22.924961 0 [ 6.    -5.375 -6.875] [-0.92  1.17  9.69]
-23.044995 0 [ 6.    -5.25  -6.375] [-0.9   1.09  9.7 ]
-23.164992 0 [ 1.937 -4.562 -6.125] [-0.78  1.05  9.71]
-23.285033 0 [ 6.063 -3.625 -6.   ] [-0.62  1.03  9.73]
-23.405027 0 [ 6.125 -3.062 -6.   ] [-0.52  1.02  9.73]
-23.525557 0 [ 6.125 -2.5   -5.937] [-0.42  1.01  9.74]
-23.645821 0 [ 1.812 -1.812 -5.937] [-0.31  1.01  9.74]
-23.765955 0 [ 6.188 -1.312 -5.937] [-0.23  1.01  9.75]
-23.885981 0 [ 6.25  -0.75  -5.937] [-0.13  1.01  9.75]
-24.00587 0 [ 6.25  -0.312 -6.   ] [-0.06  1.02  9.75]
-24.125878 0 [ 6.313 -0.062 -6.375] [-0.01  1.09  9.74]
-24.246143 0 [ 6.313  0.313 -6.875] [ 1.33  1.17  9.73]
-24.366294 0 [ 6.313  0.5   -7.375] [ 1.36  1.26  9.72]
-24.486906 0 [ 6.313  0.5   -8.187] [ 1.37  1.39  9.7 ]
-24.60704 0 [ 6.313  0.563 -8.687] [ 1.37  1.48  9.69]
-24.727366 0 [ 6.313  0.563 -9.25 ] [ 1.37  1.57  9.67]
-24.847633 0 [ 6.313  0.563 -9.687] [ 1.38  1.65  9.66]
-24.96808 0 [  6.313   0.188 -10.125] [ 1.32  1.72  9.65]
-25.088529 0 [  6.25   -0.187 -10.562] [-0.03  1.8   9.63]
-25.208393 0 [  6.188  -1.    -10.937] [-0.17  1.86  9.62]
-25.329111 0 [  6.125  -1.687 -11.312] [-0.29  1.93  8.33]
-25.450155 0 [  6.063  -2.25  -11.5  ] [-0.38  1.96  9.6 ]
-25.570422 0 [  6.     -2.937 -11.562] [-0.5   1.96  8.31]
-25.691741 0 [  5.938  -3.5   -11.562] [-0.6   1.96  9.58]
-25.812161 0 [  5.875  -3.937 -11.562] [-0.67  1.96  9.58]
-25.934201 0 [  2.187  -4.375 -11.437] [-0.75  1.94  9.58]
-26.055794 0 [  5.75   -4.75  -10.937] [-0.81  1.86  9.59]
-26.176219 0 [  5.688  -5.062 -10.562] [-0.86  1.8   9.6 ]
-26.296956 0 [  5.688  -5.187 -10.062] [-0.89  1.72  9.61]
-26.417277 0 [ 5.688 -5.187 -9.687] [-0.89  1.65  9.62]
-26.537545 0 [ 5.688 -5.187 -9.062] [-0.89  1.54  9.64]
-26.658125 0 [ 5.688 -5.25  -8.25 ] [-0.9   1.4   9.66]
-26.778349 0 [ 5.688 -5.25  -7.937] [-0.9   1.34  9.67]
-26.898568 0 [ 5.688 -5.25  -7.437] [-0.9   1.26  9.68]
-27.018752 0 [ 5.688 -5.25  -6.625] [-0.9   1.12  9.69]
-27.139033 0 [ 5.75  -4.687 -6.312] [-0.8   1.07  9.71]
-27.259211 0 [ 5.813 -3.687 -6.   ] [-0.63  1.02  9.73]
-27.379644 0 [ 5.813 -3.    -5.937] [-0.51  1.01  9.74]
-27.499643 0 [ 5.875 -2.5   -5.875] [-0.43  1.    9.74]
-27.619529 0 [ 5.875 -1.812 -5.812] [-0.31  0.99  9.75]
-27.739238 0 [ 5.938 -1.187 -5.812] [-0.21  0.99  9.75]
-27.859118 0 [ 5.938 -0.75  -5.812] [-0.13  0.99  9.75]
-27.979564 0 [ 6.    -0.25  -5.875] [-0.05  1.01  9.75]
-28.100011 0 [ 6.     0.    -6.312] [ 1.28  1.08  9.74]
-28.220448 0 [ 6.     0.25  -6.812] [ 1.32  1.16  9.73]
-28.341456 0 [ 6.     0.438 -7.437] [ 1.36  1.27  9.72]
-28.462057 0 [ 6.     0.563 -8.25 ] [ 1.37  1.4   9.7 ]
-28.582758 0 [ 2.     0.625 -8.75 ] [ 1.38  1.49  9.69]
-28.705281 0 [ 6.     0.625 -9.25 ] [ 1.38  1.58  9.67]
-28.826104 0 [ 6.     0.625 -9.687] [ 1.38  1.65  9.66]
-28.947533 0 [  6.      0.625 -10.25 ] [ 1.38  1.74  9.64]
-29.067693 0 [  6.      0.25  -10.625] [ 1.33  1.8   9.63]
-29.188682 0 [  5.875  -0.375 -10.937] [-0.06  1.86  9.62]
-29.309593 0 [  5.813  -1.25  -11.25 ] [-0.21  1.92  9.61]
-29.430441 0 [  5.75   -1.812 -11.375] [-0.32  1.94  9.6 ]
-29.551319 0 [  5.688  -2.437 -11.437] [-0.42  1.94  9.6 ]
-29.671513 0 [  5.625  -3.062 -11.437] [-0.53  1.94  9.59]
-29.791637 0 [  5.563  -3.562 -11.437] [-0.61  1.94  9.59]
-29.911513 0 [  5.5    -4.062 -11.437] [-0.7   1.94  9.58]
-30.031648 0 [  5.438  -4.5   -11.187] [-0.77  1.9   9.58]
-30.151681 0 [  5.375  -4.937 -10.687] [-0.85  1.81  9.59]
-30.271844 0 [  5.313  -5.25  -10.25 ] [-0.9   1.74  9.6 ]
-30.391701 0 [ 5.313 -5.25  -9.625] [-0.9   1.64  9.62]
-30.511749 0 [ 5.313 -5.312 -9.125] [-0.91  1.55  9.64]
-30.631887 0 [ 5.313 -5.312 -8.5  ] [-0.91  1.44  9.65]
-30.751903 0 [ 5.25  -5.312 -8.062] [-0.91  1.36  9.66]
-30.871926 0 [ 5.25  -5.312 -7.562] [-0.91  1.29  9.67]
-30.991931 0 [ 5.25  -5.312 -6.875] [-0.91  1.16  9.69]
-31.112214 0 [ 5.25  -4.812 -6.375] [-0.82  1.08  9.71]
-31.232082 0 [ 5.313 -3.687 -6.125] [-0.64  1.05  9.72]
-31.351971 0 [ 5.313 -3.    -5.937] [-0.52  1.01  9.73]
-31.471834 0 [ 5.375 -2.562 -5.875] [-0.44  1.    9.74]
-31.591853 0 [ 5.375 -1.875 -5.812] [-0.32  0.99  9.75]
-31.712183 0 [ 5.438 -1.312 -5.812] [-0.22  0.99  9.75]
-31.832432 0 [ 5.438 -0.812 -5.812] [-0.14  0.99  9.75]
-31.952458 0 [ 5.438 -0.312 -5.812] [-0.06  0.99  9.75]
-32.072476 0 [ 5.5   -0.062 -5.937] [-0.01  1.01  9.75]
-32.192361 0 [ 5.5    0.125 -6.375] [ 1.31  1.09  9.74]
-32.31277 0 [ 5.5    0.438 -6.812] [ 1.35  1.17  9.73]
-32.432796 0 [ 5.5  0.5 -7.5] [ 1.37  1.28  9.72]
-32.552803 0 [ 5.5    0.563 -8.187] [ 1.38  1.4   9.7 ]
-32.672965 0 [ 5.5    0.563 -8.75 ] [ 1.38  1.49  9.69]
-32.792976 0 [ 5.5    0.563 -9.312] [ 1.38  1.58  9.67]
-32.912987 0 [ 5.5    0.563 -9.75 ] [ 1.38  1.66  9.66]
-33.033004 0 [  2.5     0.438 -10.312] [ 1.35  1.75  9.64]
-33.153039 0 [  5.438  -0.312 -10.75 ] [-0.05  1.83  9.63]
-33.273191 0 [  5.313  -1.187 -11.187] [-0.2   1.9   9.61]
-33.393351 0 [  5.25   -1.812 -11.437] [-0.31  1.94  9.6 ]
-33.513361 0 [  5.188  -2.312 -11.437] [-0.39  1.94  9.6 ]
-33.633519 0 [  5.125  -2.937 -11.437] [-0.51  1.95  9.59]
-33.753527 0 [  5.063  -3.5   -11.437] [-0.59  1.95  9.59]
-33.873402 0 [  5.063  -4.    -11.437] [-0.69  1.94  9.58]
-33.993571 0 [  5.     -4.375 -11.125] [-0.75  1.89  9.59]
-34.114129 0 [  4.938  -4.687 -10.625] [-0.81  1.8   9.6 ]
-34.234154 0 [  4.875  -5.062 -10.187] [-0.87  1.73  9.61]
-34.35443 0 [ 4.875 -5.25  -9.75 ] [-0.9   1.66  9.62]
-34.474636 0 [ 4.875 -5.312 -9.312] [-0.91  1.58  9.63]
-34.59477 0 [ 4.875 -5.312 -8.5  ] [-0.91  1.44  9.65]
-34.715085 0 [ 4.875 -5.375 -8.   ] [-0.91  1.36  9.66]
-34.835244 0 [ 4.875 -5.375 -7.562] [-0.92  1.29  9.67]
-34.955399 0 [ 4.875 -5.375 -6.875] [-0.92  1.17  9.69]
-35.075354 0 [ 4.875 -5.25  -6.375] [-0.89  1.09  9.7 ]
-35.195287 0 [ 4.875 -4.5   -6.187] [-0.77  1.06  9.71]
-35.315284 0 [ 4.938 -3.625 -6.   ] [-0.62  1.03  9.73]
-35.435286 0 [ 5.    -3.    -5.937] [-0.51  1.01  9.74]
-35.555321 0 [ 5.    -2.375 -5.875] [-0.41  1.    9.74]
-35.675508 0 [ 5.063 -1.75  -5.875] [-0.3   1.    9.75]
-35.795616 0 [ 5.063 -1.187 -5.875] [-0.21  1.    9.75]
-35.915628 0 [ 5.125 -0.687 -5.875] [-0.12  1.    9.75]
-36.035379 0 [ 5.125 -0.25  -5.875] [-0.04  1.01  9.75]
