-0.075799 [ 8.063 -2.812 -8.937] [-0.47  1.53  9.67]
-0.179262 [ 8.625 -2.687 -7.25 ] [-0.46  1.24  9.71]
-0.282826 [ 9.688  1.125 -7.062] [ 1.48  1.21  9.72]
-0.387136 [ 11.5     6.063  -9.187] [ 2.32  1.55  9.62]
-0.490131 [ 12.625   9.875 -12.125] [ 1.68  2.03  9.44]
-0.592855 [ 13.375  13.688 -16.125] [ 2.32  2.65  9.15]
-0.695441 [ 13.688  16.    -19.437] [ 3.99  3.13  8.88]
-0.797884 [ 13.063  15.688 -22.75 ] [ 3.93  3.65  8.7 ]
-0.900572 [ 12.25  14.25 -25.25] [ 2.42  4.06  8.59]
-1.003025 [ 11.875  13.5   -26.625] [ 2.29  4.28  8.51]
-1.105343 [ 11.75  13.   -27.  ] [ 2.21  4.34  8.5 ]
-1.208082 [ 12.188  11.313 -25.312] [ 1.93  4.11  8.69]
-1.310496 [ 13.      7.938 -22.625] [ 1.35  3.73  8.96]
-1.413833 [ 13.563   4.938 -18.125] [ 0.84  3.04  9.28]
-1.51806 [ 14.25    1.438 -13.375] [ 1.53  2.27  9.53]
-1.620726 [ 14.563  -1.937  -9.125] [-0.33  1.55  9.67]
-1.724291 [ 14.438  -6.     -5.812] [-1.03  0.98  9.7 ]
-1.828312 [ 13.75 -11.25  -3.  ] [-0.63  0.5   9.6 ]
-1.931034 [ 15.313  -8.125  -1.375] [-0.11  0.23  9.7 ]
-2.034176 [ 15.688  -6.     -0.125] [-1.02  0.03  9.75]
-2.138586 [ 15.875  -4.187   0.813] [-0.72 -0.13  9.77]
-2.241492 [ 24.    -2.75   1.  ] [-0.47 -0.17  9.79]
-2.344357 [ 24.188  -1.5     1.25 ] [-0.26 -0.21  9.8 ]
-2.446648 [ 24.188  -0.5     0.813] [-0.09 -0.14  9.8 ]
-2.549253 [ 24.188   0.25    0.313] [ 1.31 -0.06  9.8 ]
-2.651833 [ 24.063   0.188  -0.625] [ 1.31  0.11  9.8 ]
-2.754435 [ 24.     -1.187  -5.187] [-0.2   0.89  9.76]
-2.856994 [ 16.     -2.562  -9.625] [-0.44  1.64  9.65]
-2.960015 [ 24.063  -3.937 -12.75 ] [-0.68  2.16  9.54]
-3.062471 [ 15.938  -4.75  -14.625] [-0.81  2.47  9.45]
-3.165919 [ 15.688  -5.875 -15.125] [-1.01  2.54  9.41]
-3.269913 [ 15.625  -6.437 -14.937] [-1.1   2.51  9.41]
-3.372634 [ 15.563  -6.937 -14.562] [-1.18  2.45  9.42]
-3.476057 [ 15.625  -7.5   -13.687] [-1.28  2.3   9.44]
-3.57996 [ 15.688  -8.062 -12.312] [-0.09  2.07  9.48]
-3.682678 [ 15.938  -7.875 -10.312] [-0.07  1.74  9.55]
-3.786696 [-7.812 -0.062 -0.062] [-1.19  1.4   9.63]
-3.890432 [ 24.688  -6.187  -6.375] [-1.06  1.08  9.68]
-3.993426 [ 24.688  -6.062  -5.25 ] [-1.04  0.89  9.7 ]
-4.095857 [ 24.688  -6.062  -4.437] [-1.04  0.75  9.72]
-4.198311 [ 24.688  -5.937  -4.375] [-1.01  0.74  9.72]
-4.301039 [ 24.938  -4.437  -5.375] [-0.76  0.91  9.73]
-4.40386 [ 25.75   0.25  -7.  ] [ 1.32  1.19  9.73]
-4.506324 [ 26.813   4.813  -8.812] [ 2.1   1.49  9.65]
-4.608776 [ 20.25    8.875 -11.25 ] [ 1.51  1.89  9.5 ]
-4.711799 [ 30.625  11.688 -15.437] [ 1.98  2.56  9.25]
-4.814253 [ 24.688  13.688 -18.5  ] [ 2.32  3.02  9.03]
-4.917998 [ 27.25   14.438 -22.125] [ 2.44  3.58  8.79]
-5.021818 [ 27.375  12.563 -23.875] [ 2.13  3.88  8.74]
-5.124561 [ 27.188  11.313 -24.937] [ 1.92  4.06  8.71]
-5.228073 [ 27.063  10.5   -25.437] [ 1.79  4.14  8.7 ]
-5.334579 [ 27.438   9.438 -24.437] [ 1.6  4.   8.8]
-5.438018 [ 28.75    6.625 -22.187] [ 2.41  3.68  9.01]
-5.542039 [ 29.438   3.563 -17.5  ] [ 1.89  2.95  9.33]
-5.644801 [ 29.875   0.75  -12.5  ] [   1.41 -325.56    9.57]
-5.747392 [ 30.    -2.    -7.75] [-0.34  1.32  9.71]
-5.849931 [ 29.625  -5.437  -4.062] [-0.93  0.69  9.73]
-5.952659 [ 28.938  -9.562  -1.312] [-0.35  0.22  9.66]
-6.055071 [ 29.438  -9.437   0.438] [-0.32 -0.07  9.67]
-6.157543 [ 30.188  -7.062   1.625] [-1.21 -0.28  9.72]
-6.259994 [ 30.438  -5.187   2.063] [-0.88 -0.35  9.75]
-6.363001 [ 30.625  -3.562   2.313] [-0.61 -0.4   9.77]
-6.465305 [ 30.75   -2.125   2.375] [-0.37 -0.4   9.79]
-6.568307 [ 30.813  -1.      2.063] [-0.17 -0.35  9.79]
-6.672732 [ 30.813  -0.312   1.625] [-0.06 -0.28  9.8 ]
-6.778061 [ 30.813  -0.75    0.   ] [-0.13  0.    9.8 ]
-6.882632 [ 30.938  -2.187  -5.312] [-0.36  0.82  9.76]
-6.985508 [ 30.938  -3.25   -9.75 ] [-0.55  1.66  9.64]
-7.088794 [ 30.813  -4.375 -12.062] [-0.74  2.05  9.56]
-7.19311 [ 30.75   -5.437 -14.375] [-0.91  2.4   9.46]
-7.296123 [ 30.5    -6.937 -14.625] [-1.18  2.46  9.41]
-7.398409 [ 30.438  -7.437 -14.312] [-1.27  2.4   9.42]
-7.500936 [   30.438    -7.375  2034.125] [-1.26  2.34  9.43]
-7.603583 [ 30.375  -8.375 -13.125] [-0.12  2.22  9.44]
-7.706361 [ 30.5    -8.937  -3.625] [-0.24  1.96  9.48]
-7.808617 [ 30.75   -9.25   -1.625] [-0.29  1.62  9.54]
-7.911043 [ 31.063  -8.312  -7.687] [-0.14  1.3   9.61]
-8.01418 [ 31.313  -7.5    -5.875] [-1.28  0.99  9.67]
-8.116819 [ 31.438  -7.375  -4.625] [-1.26  0.79  9.69]
-8.220339 [ 31.375  -7.312  -3.937] [-1.24  0.67  9.7 ]
-8.327127 [ 31.375  -7.187  -4.125] [-1.23  0.7   9.7 ]
-8.430384 [ 31.563  -5.125  -5.   ] [-0.87  0.85  9.72]
-8.534698 [ 40.438   0.438  -6.312] [ 1.36  1.08  9.74]
-8.638505 [ 33.438   5.     -8.812] [ 2.14  1.5   9.65]
-8.741484 [ 41.375   9.5   -12.   ] [ 1.62  2.01  9.45]
-8.844591 [ 41.     13.    -16.625] [ 2.17  2.68  9.17]
-8.9465 [ 40.313  15.25  -20.25 ] [ 3.86  3.27  8.87]
-9.047651 [ 31.875  15.375 -23.625] [ 3.88  3.79  8.66]
-9.149142 [ 31.313  14.25  -25.437] [ 2.41  4.08  8.58]
-9.250551 [ 30.813  13.25  -26.687] [ 2.25  4.29  8.52]
-9.352066 [ 31.063  12.    -26.   ] [ 2.04  4.2   8.61]
-9.453364 [ 31.5    10.5   -24.437] [ 1.79  3.99  8.77]
-9.55483 [ 40.938   7.125 -21.375] [ 2.55  3.6   9.03]
-9.656297 [ 41.813   4.125 -16.75 ] [ 1.98  2.82  9.36]
-9.757639 [ 42.25    1.063 -11.5  ] [ 1.47  1.96  9.6 ]
-9.859731 [ 42.25   -1.625  -7.062] [-0.27  1.2   9.72]
-9.96243 [ 41.938  -4.625  -3.312] [-0.79  0.56  9.75]
-10.06502 [ 41.313  -8.25   -0.375] [-0.07  0.11  9.71]
-10.167701 [ 41.625  -8.812   1.   ] [-0.22 -0.17  9.68]
-10.270334 [ 42.125  -6.687   2.063] [-1.14 -0.35  9.73]
-10.374198 [ 42.438  -4.437   2.375] [-0.78 -0.4   9.76]
-10.477628 [ 42.625  -2.937   2.25 ] [-0.51 -0.39  9.78]
-10.580068 [ 42.813  -1.562   2.25 ] [-0.27 -0.39  9.79]
-10.683383 [ 42.875  -0.437   2.   ] [-0.08 -0.34  9.8 ]
-10.787547 [ 42.875   0.125   1.625] [ 1.3  -0.28  9.8 ]
-10.890102 [ 42.813   0.      0.438] [ 1.28 -0.08  9.8 ]
-10.993551 [ 35.     -1.375  -4.437] [-0.24  0.76  9.77]
-11.097866 [ 43.063  -2.375 -10.187] [-0.41  1.73  9.64]
-11.20059 [ 43.     -4.125 -12.562] [-0.71  2.13  9.54]
-11.305881 [   42.938    -4.812  2033.75 ] [-0.83  2.41  9.46]
-11.408627 [ 42.688  -6.125 -14.312] [-1.05  2.41  9.44]
-11.510926 [ 42.625  -6.562 -14.187] [-1.12  2.39  9.44]
-11.613488 [ 42.563  -7.312 -13.937] [-1.25  2.34  9.43]
-11.715784 [ 42.625  -7.812 -13.25 ] [-0.06  2.23  9.45]
-11.818768 [ 42.625  -8.437 -12.062] [-0.16  2.02  9.48]
-11.921381 [ 42.75   -8.625 -10.125] [-0.19  1.7   9.54]
-12.024689 [ 43.125  -7.75   -8.   ] [-0.05  1.35  9.62]
-12.128703 [ 43.438  -6.937  -6.062] [-1.18  1.02  9.68]
-12.231411 [ 43.5    -6.75   -4.937] [-1.16  0.84  9.7 ]
-12.334157 [ 43.5    -6.625  -4.187] [-1.13  0.72  9.71]
-12.438043 [ 43.438  -6.437  -4.125] [-1.11  0.69  9.71]
-12.541183 [ 43.563  -5.187  -5.062] [-0.89  0.87  9.72]
-12.643765 [ 44.188  -0.5    -6.062] [-0.09  1.03  9.75]
-12.747781 [ 45.25    4.375  -8.312] [ 1.95  1.38  9.68]
-12.854094 [ 45.25    9.125 -11.312] [ 1.55  1.9   9.49]
-12.956661 [ 45.     12.313 -15.125] [ 2.09  2.5   9.24]
-13.059138 [ 44.938  14.75  -18.812] [ 2.46  2.98  9.01]
-13.161836 [ 44.938  15.188 -22.062] [ 3.85  3.55  8.76]
-13.264402 [ 44.25   13.938 -24.   ] [ 2.36  3.87  8.69]
-13.366981 [ 43.75   12.625 -25.187] [ 2.14   4.071  8.65 ]
-13.469445 [ 43.75   11.5   -25.312] [ 1.97  4.12  8.67]
-13.572582 [ 43.938  10.313 -24.562] [ 1.76  4.01  8.77]
-13.675594 [ 44.688   7.938 -21.875] [ 1.36  3.62  9.01]
-13.779905 [ 45.375   5.375 -16.75 ] [ 0.96  2.9   9.31]
-13.882768 [ 45.813   2.688 -11.75 ] [ 1.74  2.    9.58]
-13.985626 [ 45.875  -0.312  -7.187] [-0.05  1.23  9.72]
-14.08977 [ 45.688  -3.5    -2.75 ] [-0.54  0.53  9.77]
-14.192948 [ 45.438  -6.25   -0.187] [-1.07  0.03  9.74]
-14.2987 [ 44.938  -8.875   1.688] [-0.27 -0.25  9.67]
-14.402696 [ 45.875  -6.      2.813] [-1.02 -0.48  9.74]
-14.504102 [ 46.125  -3.875   2.813] [-0.66 -0.48  9.77]
-14.605435 [ 46.375  -2.187   2.75 ] [-0.37 -0.47  9.78]
-14.706541 [ 46.5    -0.937   2.813] [-0.16 -0.48  9.79]
-14.80788 [ 46.563   0.      2.438] [ 1.28 -0.42  9.79]
-14.909172 [ 46.5     0.563   2.125] [ 1.37 -0.37  9.79]
-15.010855 [ 46.5     0.125   0.313] [ 1.32 -0.12  9.8 ]
-15.112524 [ 46.688  -1.25   -4.687] [-0.21  0.8   9.77]
-15.213784 [ 46.75   -2.125  -9.125] [-0.36  1.56  9.67]
-15.315801 [ 46.563  -3.5   -11.062] [-0.6   1.87  9.6 ]
-15.418387 [ 46.438  -4.5   -13.812] [-0.76  2.33  9.49]
-15.521127 [ 46.25   -5.5   -14.562] [-0.94  2.45  9.44]
-15.624395 [ 46.125  -5.937 -14.25 ] [-1.02  2.4   9.45]
-15.726877 [ 46.125  -6.562 -13.937] [-1.12  2.35  9.45]
-15.834005 [ 46.     -7.375 -13.062] [-1.26  2.2   9.47]
-15.936455 [ 46.     -7.875 -11.812] [-0.06  1.98  9.5 ]
-16.041056 [ 46.125  -8.25   -9.75 ] [-0.12  1.68  9.55]
-16.144706 [ 46.438  -7.312  -7.625] [-1.25  1.29  9.63]
-16.247205 [ 46.688  -6.625  -5.937] [-1.13  1.01  9.68]
-16.351389 [ 46.75   -6.437  -4.625] [-1.1   0.81  9.71]
-16.454799 [ 46.75   -6.375  -3.937] [-1.09  0.67  9.72]
-16.557099 [ 46.75   -6.375  -3.875] [-1.09  0.66  9.72]
-16.659699 [ 47.125  -5.     -5.312] [-0.85  0.91  9.72]
-16.762268 [ 40.      0.313  -6.187] [ 1.33  1.06  9.74]
-16.86497 [ 40.375   5.313  -8.75 ] [ 2.19  1.48  9.64]
-16.967285 [ 40.      9.875 -11.687] [ 1.68  1.96  9.45]
-17.069746 [ 40.188  13.    -16.187] [ 2.2   2.66  9.17]
-17.172317 [ 40.     15.25  -19.062] [ 3.86  3.09  8.93]
-17.275178 [ 40.188  15.875 -23.   ] [ 3.97  3.68  8.67]
-17.380909 [ 47.5    14.875 -24.687] [ 2.52  3.95  8.6 ]
-17.484953 [ 46.938  13.688 -25.812] [ 2.32  4.15  8.57]
-17.587491 [ 38.625  12.875 -26.312] [ 2.18  4.24  8.56]
-17.690837 [ 47.438  11.563 -24.812] [ 1.96   4.031  8.71 ]
-17.79495 [ 40.563   7.75  -22.187] [ 1.32  3.67  8.99]
-17.897538 [ 40.938   4.75  -18.25 ] [ 2.09  3.06  9.27]
-18.000675 [ 41.313   1.375 -13.375] [ 1.52  2.27  9.53]
-18.105541 [ 41.5    -2.562  -8.625] [-0.44  1.47  9.68]
-18.208435 [ 41.375  -6.312  -5.5  ] [-1.08  0.93  9.7 ]
-18.311005 [ 40.563  -9.75   -2.812] [-0.38  0.47  9.65]
-18.413317 [ 41.375  -7.312  -0.937] [-1.25  0.16  9.72]
-18.515771 [ 41.563  -5.25    0.375] [-0.9  -0.06  9.76]
-18.618307 [ 41.688  -3.687   1.375] [-0.63 -0.23  9.78]
-18.720873 [ 41.75  -2.5    1.5 ] [-0.43 -0.26  9.79]
-18.825944 [ 41.938  -1.062   1.75 ] [-0.2  -0.29  9.79]
-18.928969 [ 41.938  -0.125   1.375] [-0.02 -0.24  9.8 ]
-19.032659 [ 41.938   0.438   1.   ] [ 1.35 -0.17  9.8 ]
-19.1369 [ 41.75    0.125  -0.125] [ 1.3   0.02  9.8 ]
-19.2394 [ 41.625  -1.125  -5.25 ] [-0.19  0.9   9.76]
-19.342875 [ 41.25   -2.562  -9.5  ] [-0.43  1.62  9.66]
-19.446605 [ 41.063  -3.875 -12.062] [-0.67  2.02  9.57]
-19.549172 [ 41.    -4.25 -13.75] [-0.73  2.32  9.49]
-19.652309 [ 40.875  -5.    -13.812] [-0.85  2.33  9.48]
-19.756493 [ 40.813  -5.437 -13.562] [-0.92  2.29  9.48]
-19.859502 [ 40.75   -6.062 -13.312] [-1.03  2.24  9.48]
-19.961957 [ 40.813  -6.75  -12.5  ] [-1.16  2.1   9.5 ]
-20.064797 [ 41.     -7.375 -11.   ] [-1.26  1.86  9.54]
-20.167438 [ 41.188  -7.625  -8.937] [-0.02  1.52  9.59]
-20.26998 [ 41.5    -7.     -7.125] [-1.19  1.21  9.65]
-20.374864 [ 41.625  -6.437  -5.5  ] [-1.1   0.94  9.69]
-20.476965 [ 41.688  -5.937  -4.25 ] [-1.03  0.74  9.72]
-20.589427 [ 41.688  -5.562  -3.5  ] [-0.95  0.6   9.74]
-20.691438 [ 41.625  -5.562  -3.437] [-0.95  0.58  9.74]
-20.794637 [ 41.875  -4.125  -4.562] [-0.7   0.78  9.74]
-20.897731 [  4.26250000e+01   1.12500000e+00   2.04212500e+03] [ 0.11  0.97  9.75]
-20.999735 [ 43.5     5.813  -8.   ] [ 2.27  1.36  9.66]
-21.101617 [ 44.313  10.188 -10.687] [ 1.73  1.79  9.48]
-21.204609 [ 46.688  12.75  -14.625] [ 2.17  2.41  9.25]
-21.308108 [ 57.563  14.875 -18.187] [ 2.5   2.9   9.02]
-21.410658 [ 59.25   14.75  -21.187] [ 2.5   3.43  8.83]
-21.512334 [ 58.938  13.    -23.125] [ 2.21  3.75  8.78]
-21.614074 [ 58.688  11.563 -24.687] [ 1.96  4.01  8.72]
-21.715783 [ 58.25   10.563 -25.312] [ 1.8   4.12  8.7 ]
-21.820328 [ 58.375   9.75  -24.062] [ 1.66  3.94  8.82]
-21.92231 [ 58.75    7.125 -21.375] [ 2.5   3.55  9.05]
-22.024098 [ 58.625   4.313 -17.312] [ 2.02  2.91  9.33]
-22.125889 [ 58.125   0.75  -12.375] [ 1.41  0.83  9.57]
-22.227536 [ 49.438  -3.125  -8.562] [-0.54  1.46  9.68]
-22.329808 [ 56.813  -7.625  -5.   ] [-0.02  0.85  9.68]
-22.431997 [ 56.25  -10.812  -2.25 ] [-0.56  0.38  9.62]
-22.534786 [ 56.875  -8.125  -0.562] [-0.1  0.1  9.7]
-22.63866 [ 57.     -6.062   1.   ] [-1.08 -0.14  9.74]
-22.741222 [ 57.125  -4.437   1.875] [-0.76 -0.32  9.77]
-22.842984 [ 57.25   -3.      2.063] [-0.52 -0.35  9.78]
-22.945264 [ 57.438  -1.75    2.   ] [-0.3  -0.34  9.79]
-23.048606 [ 57.5    -0.562   1.688] [-0.11 -0.29  9.8 ]
-23.151425 [ 57.5     0.      1.438] [ 1.28 -0.24  9.8 ]
-23.253336 [ 57.438  -0.187   0.563] [-0.03 -0.1   9.8 ]
-23.358538 [ 57.563  -1.625  -4.062] [-0.26  0.61  9.78]
-23.461999 [ 57.563  -2.625  -8.687] [-0.45  1.48  9.68]
-23.564072 [ 57.5 -12.  -11.5] [-0.68  1.95  9.58]
-23.666002 [ 57.438  -4.437 -13.437] [-0.76  2.27  9.5 ]
-23.767845 [ 57.188  -5.812 -13.937] [-0.99  2.35  9.46]
-23.869772 [ 57.188  -6.437 -13.687] [-1.09  2.31  9.46]
-23.97199 [ 57.25   -6.562 -13.375] [-1.12  2.25  9.47]
-24.073831 [ 56.438  -8.062 -13.187] [-0.09  2.22  9.45]
-24.175448 [ 44.938  -9.062 -15.125] [-0.26  2.53  9.34]
-24.27719 [ 47.188 -11.25  -15.   ] [-0.64  2.49  9.28]
-24.378884 [ 41.    -11.625 -15.125] [-0.69  2.51  9.27]
-24.480728 [ 27.438 -11.875 -15.812] [-0.74  2.61  9.23]
-24.582881 [ 24.375 -11.375 -15.437] [-0.66  2.56  9.26]
-24.684614 [ 24.75   -7.187 -13.187] [-1.22  2.22  9.47]
-24.787153 [ 26.75   -4.312 -10.562] [-0.74  1.79  9.61]
-24.89349 [ 28.813  -0.375  -7.75 ] [-0.06  1.32  9.71]
-24.995819 [ 29.125   4.563  -4.812] [ 2.06  0.83  9.74]
-25.099566 [ 31.25   8.25  -7.5 ] [ 1.41  1.27  9.62]
-25.203441 [ 40.938  11.5   -11.875] [ 1.95  1.98  9.4 ]
-25.305731 [ 41.625  12.563 -14.812] [ 2.13  2.45  9.25]
-25.408906 [ 41.75  12.5  -16.25] [ 2.12  2.68  9.19]
-25.513471 [ 42.5    12.438 -19.375] [ 2.11  3.18  9.03]
-25.615906 [ 42.25   11.063 -21.375] [ 1.88  3.5   8.96]
-25.718386 [ 41.813   9.5   -22.562] [ 1.61  3.71  8.93]
-25.820932 [ 41.25    8.    -22.875] [ 1.36  3.78  8.94]
-25.923589 [ 31.125   6.    -22.25 ] [ 2.3   3.7   9.02]
-26.026054 [ 28.188   5.438 -21.625] [ 2.21  3.59  9.07]
-26.128408 [ 25.313   4.125 -19.25 ] [ 1.98  3.22  9.23]
-26.231005 [ 29.625  -0.937 -16.312] [-0.16  2.75  9.4 ]
-26.334129 [ 24.375  -6.812 -12.75 ] [-1.16  2.14  9.49]
-26.4366 [ 14.     -5.125  -9.562] [-0.88  1.63  9.62]
-26.540164 [ 12.313  -4.5    -6.5  ] [-0.77  1.1   9.71]
-26.64433 [ 11.75   -3.937  -2.75 ] [-0.68  0.47  9.77]
-26.746634 [ 11.875  -2.062  -0.375] [-0.35  0.07  9.79]
-26.850058 [ 12.     -0.437   1.063] [-0.07 -0.18  9.8 ]
-26.954359 [ 12.125   0.813   1.25 ] [ 1.42 -0.21  9.8 ]
-27.057083 [ 12.188   2.      1.375] [ 1.62 -0.24  9.79]
-27.160529 [ 12.313   3.063   0.813] [ 1.8  -0.14  9.79]
-27.265105 [ 12.375   3.313   0.125] [ 1.84 -0.02  9.79]
-27.367706 [ 12.375   3.375  -0.625] [ 1.86  0.11  9.78]
-27.470284 [ 12.5     2.25   -4.125] [ 1.67  0.7   9.77]
-27.572883 [ 12.438   0.625  -8.437] [ 1.39  1.44  9.69]
-27.675438 [ 12.438  -0.25  -11.437] [-0.04  1.95  9.61]
-27.777906 [ 12.313  -0.937 -13.5  ] [-0.16  2.29  9.53]
-27.880469 [ 12.25   -1.687 -13.687] [-0.29  2.32  9.52]
-27.983079 [ 12.25   -2.125 -13.5  ] [-0.37  2.29  9.52]
-28.086648 [ 12.25  -2.75 -13.  ] [-0.47  2.21  9.54]
-28.189366 [ 12.375  -2.937 -12.062] [-0.5   2.05  9.57]
-28.293689 [ 12.5    -3.687 -10.687] [-0.64  1.84  9.61]
-28.397671 [ 12.75   -3.375  -8.875] [-0.58  1.51  9.67]
-28.501037 [ 13.     -2.687  -6.937] [-0.46  1.18  9.72]
-28.605604 [ 13.25   -1.875  -5.062] [-0.32  0.89  9.76]
-28.70904 [ 13.375  -1.687  -3.937] [-0.29  0.68  9.77]
-28.813174 [ 13.5    -1.562  -3.25 ] [-0.26  0.56  9.78]
-28.910845 [ 13.563  -1.562  -3.375] [-0.27  0.57  9.78]
-28.97429 [ 13.75   -9.437  -4.   ] [ -2.40000000e-01  -3.25710000e+02  -3.19190000e+02]
-29.035282 [ -2.03356200e+03   1.88000000e-01   2.03418800e+03] [-0.03  0.94  9.76]
-29.096999 [-2032.812     3.75   2032.938] [-327.04 -326.47 -319.26]
-29.158035 [-2032.187 -2041.     2032.125] [ -3.26490000e+02   6.00000000e-02  -3.19320000e+02]
-29.218923 [ 16.375   1.688  -9.187] [ 1.65  0.27  8.26]
-29.279926 [ 17.188   3.188 -11.375] [ 1.91   0.61   8.141]
-29.341017 [ 17.875  12.25  -13.875] [ 2.08  2.3   9.3 ]
-29.404588 [   19.063 -2042.687   -24.875] [ 2.25  2.71  9.15]
-29.467003 [ 19.375   3.875 -27.   ] [-325.67    3.12    7.79]
-29.528345 [  1.90000000e+01   8.75000000e-01   2.01956300e+03] [   1.51 -324.3     7.79]
-29.589195 [   19.    -2041.5    2019.313] [-326.57 -324.23    7.83]
-29.650203 [ 19.188   4.25  -20.125] [-326.96 -324.32    7.9 ]
-29.712309 [ 19.375   1.938 -19.812] [ 0.33  3.32  9.21]
-29.775453 [ 19.563  -8.187 -18.812] [-0.03  4.44  8.  ]
-29.836606 [   19.813   -10.375  2041.063] [-0.36  2.63  8.15]
-29.898202 [-2028.     2035.125    -3.437] [ 326.85 -325.75    8.29]
-29.959189 [ -2.02781200e+03   2.03387500e+03  -1.25000000e-01] [ 326.63    1.38 -319.31]
-30.020061 [-2027.437  2034.25   2042.25 ] [ 326.7  -325.42 -319.26]
-30.08108 [-2027.312  2035.375    -3.437] [ 326.89    1.87 -319.21]
-30.142112 [ 20.938  -2.312  -1.375] [-0.39  0.24  9.79]
-30.205251 [-2026.812    -8.437     8.063] [-0.08 -0.01  9.8 ]
-30.267849 [ -2.02681200e+03   4.38000000e-01   6.88000000e-01] [  8.00000000e-02  -1.40000000e+00  -3.17880000e+02]
-30.328859 [ -2.02668700e+03   1.56300000e+00   8.13000000e-01] [  2.60000000e-01  -1.42000000e+00  -3.17880000e+02]
-30.389913 [ -2.02662500e+03   2.50000000e+00   6.25000000e-01] [   0.43   -1.39 -317.89]
-30.450931 [ 21.25    2.313   0.625] [   0.4    -1.38 -317.89]
-30.512978 [ 21.25    1.813  -0.5  ] [ 0.32  0.08  9.8 ]
-30.576176 [ -2.02675000e+03   1.50000000e+00   2.03568800e+03] [  2.60000000e-01  -3.26940000e+02  -3.19190000e+02]
-30.637147 [ -2.02650000e+03   3.13000000e-01  -8.75000000e+00] [  8.00000000e-02   1.40000000e+00  -3.19260000e+02]
-30.698649 [-2026.5      -8.437    -3.625] [ -7.00000000e-02  -3.25710000e+02  -3.19360000e+02]
-30.759591 [-2026.625    -9.437  2042.438] [ -2.40000000e-01  -3.25380000e+02   8.24000000e+00]
-30.820692 [-2026.812   -10.75   2042.188] [  -0.47 -325.34    8.23]
-30.881841 [-2026.937   -11.75   2042.438] [  -0.64 -325.38    8.23]
-30.943004 [ 20.938  -4.687 -13.062] [-0.81  2.2   9.52]
-31.006203 [-2027.125  2034.125  2043.875] [-0.98  2.08  9.53]
-31.068712 [-2027.062  2033.563    -3.125] [ 326.58    1.88    8.28]
-31.129978 [ -2.02675000e+03   2.03375000e+03  -1.43700000e+00] [ 326.61    1.6  -319.35]
-31.190837 [-2026.25   2034.563  2041.063] [ 326.75 -325.22 -319.28]
-31.251877 [ 22.     -4.687  -5.25 ] [ 326.88 -325.5  -319.23]
-31.314003 [ 22.063  -4.062  -4.312] [-0.7   0.73  9.75]
-31.377209 [-2025.875   -11.5      -3.812] [  -0.59 -325.75 -319.2 ]
-31.438347 [-2025.937   -11.       -4.   ] [  -0.53 -325.73 -319.2 ]
-31.499929 [-2025.625    -8.687  2042.938] [ -1.20000000e-01  -3.25540000e+02  -3.19200000e+02]
-31.560791 [-2024.812     3.     2033.188] [   0.51 -326.52 -319.24]
-31.621798 [-2024.375 -2041.687  2032.   ] [ -3.26600000e+02   7.00000000e-02  -3.19310000e+02]
-31.682674 [ -2.02431200e+03   1.12500000e+00  -9.31200000e+00] [ 1.55  0.29  8.27]
-31.743564 [ 24.     10.75  -11.687] [ 1.83  1.95  9.43]
-31.806652 [   24.188     3.938  2033.563] [ 2.03  2.39  9.29]
-31.86934 [   24.625 -2043.25    -25.562] [-325.51    2.88    7.83]
-31.930739 [ 24.688   3.125 -27.812] [   1.89 -324.42    7.77]
-31.991775 [  2.41880000e+01   6.30000000e-02   2.01868800e+03] [   1.37 -324.15    7.76]
-32.05265 [ 24.      6.063 -21.562] [-326.65 -324.09    7.78]
-32.114689 [ 24.063   4.438 -21.062] [ 0.76  3.51  9.12]
-32.177822 [ 24.188   2.875 -28.562] [   0.49 -324.24    7.88]
-32.239027 [ 24.438   1.063 -25.937] [ 0.23  3.11  8.01]
-32.300576 [   24.563    -9.875  2042.063] [ -3.20000000e-01  -3.25310000e+02   8.23000000e+00]
-32.361813 [   24.438  2033.813    -2.562] [ 326.62    1.79    8.3 ]
-32.440403 [ 24.688  -6.562  -6.437] [-1.12  1.09  9.68]
-32.543044 [ 24.875  -6.187  -3.312] [-1.06  0.56  9.73]
-32.646746 [ 25.125  -2.937  -0.687] [-0.5   0.12  9.79]
-32.750667 [ 25.313  -1.375   1.375] [-0.24 -0.23  9.8 ]
-32.853223 [ 25.5    -0.187   1.688] [-0.04 -0.29  9.8 ]
-32.956399 [ 25.625   1.063   1.625] [ 1.46 -0.28  9.8 ]
-33.060407 [ 25.688   2.      1.25 ] [ 1.62 -0.21  9.79]
-33.162956 [ 25.688   2.563   0.938] [ 1.72 -0.16  9.79]
-33.266576 [ 25.563   2.375   0.313] [ 1.69 -0.06  9.79]
-33.370973 [ 25.563   0.938  -4.25 ] [ 1.44  0.73  9.77]
-33.473544 [ 25.438   0.188  -9.   ] [ 1.32  1.53  9.68]
-33.57588 [ 25.438  -0.75  -11.687] [-0.13  1.98  9.6 ]
-33.678331 [ 25.25   -2.125 -13.812] [-0.36  2.34  9.51]
-33.780795 [ 25.     -3.687 -14.187] [-0.62  2.41  9.48]
-33.883491 [ 24.938  -4.187 -14.   ] [-0.72  2.36  9.48]
-33.985899 [ 24.875  -4.625 -13.75 ] [-0.79  2.32  9.49]
-34.088377 [ 24.875  -5.312 -12.937] [-0.91  2.19  9.51]
-34.191433 [ 25.188  -5.375 -11.437] [-0.91  1.94  9.56]
-34.294299 [ 25.313  -5.875  -9.625] [-1.01  1.63  9.61]
-34.397467 [ 25.813  -4.875  -7.5  ] [-0.83  1.28  9.68]
-34.501866 [ 26.125  -4.375  -5.875] [-0.75  1.    9.72]
-34.604729 [ 26.25   -4.187  -4.625] [-0.71  0.79  9.74]
-34.708031 [ 26.25   -4.187  -3.812] [-0.71  0.65  9.75]
