-0.07492 [ 7.5   -1.875 -9.5  ] [-0.33  1.62  9.66]
-0.177244 [  7.25   -4.625 -10.25 ] [-0.79  1.73  9.61]
-0.282935 [ 7.188 -4.5   -9.5  ] [-0.77  1.61  9.64]
-0.384969 [ 7.188 -4.375 -9.625] [-0.75  1.63  9.63]
-0.486596 [ 7.25  -4.    -9.625] [  -0.68    1.64 -318.04]
-0.58813 [ 7.313 -3.687 -9.75 ] [-0.63  1.66  9.64]
-0.689779 [ 7.375 -3.    -9.812] [-0.51  1.67  9.64]
-0.792097 [  7.688  -0.312 -10.125] [-0.06  1.72  9.65]
-0.893792 [  7.875   1.313 -10.625] [ 1.5   1.8   9.63]
-0.995206 [  7.875   1.688 -10.875] [ 1.57  1.85  9.62]
-1.096815 [  7.938   2.    -11.125] [ 1.62  1.89  9.61]
-1.198403 [  7.938   2.063 -11.375] [ 1.63  1.94  9.6 ]
-1.300053 [  7.875   1.938 -11.812] [ 1.61  2.    9.59]
-1.401756 [  0.125   1.875 -11.875] [ 1.6   2.02  9.58]
-1.504143 [  7.875   1.813 -12.562] [ 1.59  2.13  9.56]
-1.606036 [  7.813   1.438 -12.937] [ 1.52  2.19  9.55]
-1.707837 [  7.875   0.    -11.687] [ 1.28  1.99  9.6 ]
-1.810861 [  7.875  -1.312 -11.312] [-0.22  1.93  9.61]
-1.914135 [  7.875  -2.437 -10.375] [-0.4   1.78  9.63]
-2.016352 [ 7.813 -3.375 -9.312] [-0.58  1.58  9.65]
-2.117937 [ 7.75 -3.75 -9.  ] [-0.64  1.53  9.66]
-2.219844 [ 7.75  -4.062 -8.562] [-0.7   1.46  9.67]
-2.323237 [ 7.688 -4.5   -7.25 ] [-0.77  1.26  9.69]
-2.425832 [ 7.625 -4.5   -6.   ] [-0.77  1.02  9.72]
-2.527503 [ 7.563 -4.375 -4.562] [-0.75  0.78  9.74]
-2.629797 [ 7.563 -4.125 -3.687] [-0.7   0.63  9.76]
-2.733217 [ 7.563 -3.812 -3.312] [-0.66  0.56  9.76]
-2.836215 [ 7.563 -3.25  -3.875] [-0.56  0.66  9.76]
-2.938051 [ 7.625 -2.937 -4.187] [-0.51  0.71  9.76]
-3.039439 [ 7.625 -2.937 -4.375] [-0.51  0.75  9.76]
-3.140928 [ 7.625 -3.187 -5.187] [-0.54  0.89  9.75]
-3.242663 [ 7.625 -3.5   -6.187] [-0.6   1.06  9.72]
-3.344291 [ 7.563 -4.687 -7.5  ] [-0.8   1.28  9.68]
-3.446075 [ 7.5   -4.812 -8.562] [-0.82  1.44  9.66]
-3.548055 [ 7.5   -4.812 -9.375] [-0.82  1.59  9.64]
-3.649723 [ 7.5   -4.875 -9.562] [-0.83  1.63  9.63]
-3.751115 [ 7.5   -5.    -9.687] [-0.85  1.64  9.62]
-3.852416 [ 7.5   -5.062 -9.687] [-0.86  1.64  9.62]
-3.953821 [ 7.438 -5.562 -9.75 ] [-0.96  1.65  9.61]
-4.055199 [ 7.438 -5.375 -9.75 ] [-0.92  1.65  9.62]
-4.156995 [ 7.5   -5.125 -9.687] [-0.88  1.64  9.62]
-4.258687 [ 7.563 -4.437 -9.437] [-0.76  1.6   9.64]
-4.360374 [ 7.625 -3.562 -9.187] [-0.61  1.56  9.66]
-4.462418 [ 0.375 -3.187 -9.   ] [-0.55  1.54  9.66]
-4.565646 [ 0.375 -3.25  -8.937] [-0.56  1.53  9.67]
-4.668311 [ 7.625 -3.312 -9.312] [-0.57  1.58  9.66]
-4.770119 [ 7.688 -2.75  -9.687] [-0.47  1.65  9.65]
-4.871684 [  7.875  -1.062 -10.   ] [-0.18  1.71  9.65]
-4.973977 [  8.125   1.563 -10.25 ] [ 1.55  1.74  9.64]
-5.077133 [  8.125   1.938 -10.562] [ 0.33  1.8   9.63]
-5.179615 [  8.125   2.188 -10.875] [ 1.65  1.85  9.62]
-5.280933 [  8.125   2.188 -11.187] [ 1.65  1.9   9.61]
-5.382069 [  8.125   1.875 -11.562] [ 1.6   1.97  9.6 ]
-5.483787 [  8.125   1.75  -11.75 ] [ 1.58  1.99  9.59]
-5.587151 [  8.063   1.75  -12.25 ] [ 1.58  2.06  9.58]
-5.69034 [  8.063   0.813 -12.562] [ 1.42  2.13  9.57]
-5.791893 [  8.063  -0.625 -12.062] [-0.11  2.05  9.58]
-5.893181 [  8.063  -1.75  -11.75 ] [-0.3   2.    9.59]
-5.99454 [  8.     -2.625 -11.062] [-0.45  1.88  9.61]
-6.096096 [  7.938  -3.437 -10.625] [-0.59  1.81  9.61]
-6.197323 [ 7.875 -4.187 -9.812] [-0.72  1.67  9.63]
-6.299063 [ 7.813 -4.562 -9.062] [-0.78  1.54  9.65]
-6.400661 [ 7.75  -4.75  -7.562] [-0.81  1.31  9.68]
-6.502043 [ 7.688 -4.75  -6.062] [-0.82  1.04  9.71]
-6.603409 [ 7.688 -4.625 -4.75 ] [-0.79  0.81  9.74]
-6.704866 [ 7.625 -4.5   -3.75 ] [-0.77  0.64  9.75]
-6.806372 [ 7.625 -4.312 -3.062] [-0.74  0.52  9.76]
-6.907762 [ 7.625 -4.125 -3.312] [-0.71  0.57  9.76]
-7.009489 [ 0.375 -3.5   -3.937] [-0.6   0.67  9.76]
-7.111454 [ 7.688 -3.375 -4.437] [-0.57  0.73  8.48]
-7.212632 [ 7.688 -3.625 -5.5  ] [-0.62  0.94  9.74]
-7.314061 [ 7.688 -4.    -6.375] [-0.68  1.09  9.72]
-7.41548 [ 7.563 -4.75  -7.75 ] [-0.82  1.32  9.68]
-7.5183 [ 0.375 -4.75  -8.437] [-0.81  1.43  9.66]
-7.621304 [ 7.625 -5.    -9.125] [-0.84  1.53  9.64]
-7.723266 [ 7.563 -5.812 -9.437] [-1.    1.6   9.62]
-7.824992 [ 7.5 -6.  -9.5] [-1.03  1.61  9.61]
-7.927247 [ 0.562 -6.875 -9.562] [-1.18  1.62  9.59]
-8.030088 [ 0.562 -6.75  -9.625] [-1.15  1.62  9.6 ]
-8.132658 [ 7.5   -6.062 -9.625] [-1.04  1.63  9.61]
-8.234288 [ 7.563 -5.437 -9.625] [-0.93  1.63  9.62]
-8.33566 [ 7.563 -5.    -9.437] [-0.86  1.6   9.63]
-8.437711 [ 7.625 -4.375 -9.437] [-0.75  1.61  9.64]
-8.540864 [ 7.688 -3.937 -9.437] [-0.68  1.61  9.64]
-8.64356 [ 0.312 -3.75  -9.312] [-0.65  1.59  9.65]
-8.745522 [ 7.688 -3.375 -9.75 ] [-0.58  1.66  9.64]
-8.847155 [  7.813  -2.375 -10.125] [-0.4   1.72  9.64]
-8.948469 [  7.938  -0.75  -10.437] [-0.13  1.78  9.64]
-9.04973 [  8.125   1.313 -10.625] [ 1.51  1.81  9.63]
-9.150879 [  8.25    2.25  -10.937] [ 1.66  1.85  9.62]
-9.252303 [  8.25    2.375 -11.125] [ 1.68  1.89  9.61]
-9.354047 [  8.25   2.25 -11.5 ] [ 1.67  1.95  9.6 ]
-9.45568 [  8.188   2.    -11.875] [ 1.62  2.01  9.59]
-9.557221 [  8.188   1.938 -12.75 ] [ 1.61  2.16  9.55]
-9.658676 [  8.188   1.938 -12.687] [ 0.33  2.15  9.56]
-9.760206 [  8.125   1.313 -12.125] [ 1.5   2.06  9.58]
-9.86151 [  8.125  -0.062 -11.25 ] [-0.01  1.92  9.61]
-9.962948 [  8.125  -1.375 -10.812] [-0.23  1.84  9.62]
-10.064973 [  8.063  -2.5   -10.062] [-0.41  1.72  9.64]
-10.166892 [ 8.    -3.375 -9.875] [-0.58  1.68  9.64]
-10.268485 [ 7.938 -3.875 -9.562] [-0.66  1.63  9.64]
-10.370468 [ 7.875 -4.    -9.312] [-0.69  1.58  9.65]
-10.4736 [ 7.813 -4.375 -7.875] [-0.75  1.36  9.68]
-10.576078 [ 7.75  -4.5   -6.312] [-0.77  1.07  9.71]
-10.677634 [ 7.688 -4.312 -4.875] [-0.74  0.83  9.74]
-10.77918 [ 7.688 -4.125 -3.937] [-0.71  0.67  9.75]
-10.882166 [ 7.688 -4.    -3.25 ] [-0.69  0.55  9.76]
-10.985458 [ 7.688 -3.812 -3.375] [-0.66  0.57  9.76]
-11.087511 [ 7.688 -3.25  -3.937] [-0.55  0.67  9.76]
-11.18887 [ 7.75  -3.187 -4.25 ] [-0.54  0.73  9.76]
-11.2902 [ 7.75  -3.437 -5.437] [-0.59  0.93  9.74]
-11.392673 [ 7.75  -3.687 -6.312] [-0.63  1.07  9.72]
-11.496041 [ 7.688 -4.562 -7.75 ] [-0.77  1.29  9.68]
-11.598398 [ 7.688 -4.562 -8.625] [-0.78  1.47  9.66]
-11.699989 [ 7.688 -4.562 -9.375] [-0.78  1.6   9.64]
-11.801485 [ 7.688 -4.562 -9.562] [-0.78  1.63  9.63]
-11.902837 [ 7.688 -4.562 -9.687] [-0.78  1.64  9.63]
-12.004235 [ 7.688 -4.562 -9.75 ] [-0.78  1.65  9.63]
-12.106917 [ 7.563 -5.562 -9.812] [-0.93  1.67  9.61]
-12.208484 [ 7.563 -5.562 -9.812] [-0.95  1.66  9.61]
-12.310367 [ 7.625 -5.312 -9.687] [-0.91  1.64  9.62]
-12.412458 [ 7.625 -4.812 -9.437] [-0.83  1.6   9.63]
-12.513538 [ 7.688 -4.125 -9.312] [-0.71  1.59  9.65]
-12.614966 [ 7.813 -3.375 -9.312] [-0.58  1.59  9.65]
-12.716946 [ 7.813 -3.375 -9.437] [-0.58  1.61  9.65]
-12.819282 [ 7.813 -3.375 -9.625] [-0.57  1.63  9.65]
-12.920745 [ 7.875 -2.375 -9.937] [-0.41  1.69  9.64]
-13.022301 [  8.063  -0.687 -10.25 ] [-0.12  1.75  9.64]
-13.125234 [  8.25    1.438 -10.5  ] [ 1.52  1.79  9.63]
-13.228307 [  8.375   2.438 -10.937] [ 0.42  1.85  9.61]
-13.330681 [  8.375   2.625 -11.125] [ 1.73  1.89  9.61]
-13.433139 [  8.375   2.563 -11.437] [ 1.72  1.94  9.6 ]
-13.536233 [  0.313   2.25  -11.75 ] [ 0.39  2.    9.59]
-13.6392 [  8.313   2.188 -11.875] [ 0.37  2.02  9.58]
-13.741222 [  8.25    2.063 -12.625] [ 1.63  2.15  9.56]
-13.842809 [  0.25    1.25  -13.062] [ 1.49  2.22  9.54]
-13.945201 [  8.25   -0.062 -12.812] [-0.01  2.17  9.56]
-14.048522 [  8.25  -1.5  -11.75] [-0.24  2.01  9.59]
-14.150848 [  8.25   -2.312 -11.   ] [-0.39  1.87  9.61]
-14.252018 [  8.188  -3.    -10.625] [-0.52  1.81  9.62]
-14.353361 [ 8.125 -3.937 -9.875] [-0.67  1.68  9.63]
-14.454488 [ 8.125 -4.25  -9.25 ] [-0.73  1.57  9.65]
-14.555656 [ 8.063 -4.5   -7.75 ] [-0.77  1.32  9.68]
-14.657145 [ 8.    -4.437 -6.5  ] [-0.76  1.1   9.71]
-14.758631 [ 8.    -4.375 -5.062] [-0.75  0.86  9.73]
-14.860326 [ 8.    -4.187 -4.125] [-0.71  0.72  9.75]
-14.961908 [ 7.938 -4.062 -3.375] [-0.69  0.58  9.76]
-15.063173 [ 8.    -3.625 -3.75 ] [-0.62  0.64  9.76]
-15.164516 [ 8.    -3.25  -4.187] [-0.55  0.71  9.76]
-15.265974 [ 8.    -3.125 -4.375] [-0.53  0.75  9.76]
-15.36749 [ 8.063 -3.25  -5.312] [-0.55  0.9   9.74]
-15.46881 [ 8.063 -3.625 -6.125] [-0.62  1.05  9.72]
-15.570254 [ 0.062 -4.625 -7.437] [-0.79  1.26  9.69]
-15.672086 [ 7.938 -4.812 -8.5  ] [-0.82  1.44  9.66]
-15.773555 [  7.938 -12.812  -9.25 ] [-0.82  1.57  9.64]
-15.874974 [ 7.938 -4.812 -9.437] [-0.82  1.6   9.63]
-15.976989 [ 7.938 -4.812 -9.562] [-0.82  1.62  9.63]
-16.080007 [ 7.938 -4.875 -9.562] [-0.83  1.62  9.63]
-16.182387 [ 7.875 -5.625 -9.687] [-0.95  1.64  9.62]
-16.283903 [ 7.875 -5.562 -9.625] [-0.95  1.64  9.62]
-16.385265 [ 7.938 -5.25  -9.562] [-0.9   1.63  9.62]
-16.487545 [ 8.    -4.562 -9.375] [-0.78  1.6   9.64]
-16.590853 [ 8.063 -4.    -9.25 ] [-0.7   1.58  9.65]
-16.693612 [ 8.125 -3.25  -9.187] [-0.56  1.56  9.66]
-16.795206 [ 8.188 -2.312 -9.375] [-0.4   1.59  9.66]
-16.897496 [ 8.25  -1.812 -9.687] [-0.31  1.65  9.66]
-17.000642 [  0.313  -1.125 -10.062] [-0.19  1.71  9.65]
-17.103581 [  8.375  -0.25  -10.437] [-0.07  1.78  9.64]
-17.205525 [  8.563   1.5   -10.562] [ 1.53  1.79  9.63]
-17.306777 [  8.688   2.688 -10.812] [ 1.74  1.84  9.61]
-17.408115 [  8.688   2.438 -11.187] [ 1.69  1.9   9.61]
-17.509475 [  8.625   2.25  -11.5  ] [ 1.66  1.95  9.6 ]
-17.610828 [  8.625   2.063 -11.75 ] [ 1.64  1.99  9.59]
-17.712089 [  8.625   2.063 -11.812] [ 1.64  2.01  9.59]
-17.813559 [  8.625   1.938 -11.687] [ 1.62  1.99  9.59]
-17.915247 [  8.563   1.125 -12.   ] [ 1.47  2.04  9.58]
-18.016874 [  8.563  -0.187 -12.187] [-0.04  2.07  9.58]
-18.118275 [  8.563  -1.562 -11.562] [-0.27  1.97  9.6 ]
-18.219616 [  8.5    -2.187 -11.062] [-0.38  1.88  9.61]
-18.321109 [  8.438  -3.    -10.5  ] [-0.52  1.79  9.62]
-18.422422 [ 8.438 -3.875 -9.75 ] [-0.66  1.66  9.64]
-18.524145 [ 8.375 -4.062 -8.875] [-0.7   1.53  9.65]
-18.626382 [ 8.375 -4.187 -7.437] [-0.71  1.27  9.69]
-18.728309 [ 8.313 -4.187 -6.   ] [-0.72  1.02  9.72]
-18.830954 [ 8.25  -4.187 -4.75 ] [-0.71  0.81  9.74]
-18.93416 [ 8.25  -4.062 -4.375] [-0.69  0.75  9.75]
-19.036814 [ 8.25  -4.    -4.312] [-0.68  0.74  9.75]
-19.138321 [ 8.25  -3.437 -4.437] [-0.59  0.76  9.75]
-19.240187 [ 0.313 -2.812 -4.5  ] [-0.49  0.77  9.76]
-19.342982 [ 8.313 -2.875 -4.625] [-0.49  0.79  9.76]
-19.446642 [ 8.313 -3.375 -5.125] [-0.57  0.88  9.74]
-19.549264 [ 8.313 -3.687 -5.937] [-0.63  1.02  9.73]
-19.62165 [  2.50000000e-01   2.03531300e+03   2.04093800e+03] [ 326.88 -325.2  -319.27]
-19.682361 [ 0.188 -4.937 -7.875] [-0.84  1.34  9.67]
-19.745448 [  1.88000000e-01   2.03512500e+03  -4.37000000e-01] [-0.84  1.41  9.66]
-19.807256 [  1.25000000e-01   2.03506300e+03  -1.12500000e+00] [ 326.84    1.55 -319.32]
-19.868239 [  1.25000000e-01   2.03506300e+03  -1.43700000e+00] [ 326.84    1.6  -319.33]
-19.928907 [  1.25000000e-01   2.03506300e+03  -1.50000000e+00] [ 326.83    1.62 -319.33]
-19.98965 [  1.25000000e-01   2.03475000e+03  -1.56200000e+00] [ 326.79    1.62 -319.34]
-20.050238 [ 0.063 -5.625 -9.625] [ 326.72    1.63 -319.34]
-20.111914 [  6.30000000e-02   2.03456300e+03  -1.62500000e+00] [ 326.75    1.63 -319.34]
-20.17252 [  1.25000000e-01   2.03512500e+03  -1.62500000e+00] [ 326.85    1.63 -319.33]
-20.23313 [ 0.188 -4.187 -9.562] [-0.72  1.62  9.64]
-20.29597 [  0.25  -11.5    -1.312] [-0.61  1.59  9.65]
-20.357761 [  0.313 -10.937  -1.312] [  -0.5     1.59 -319.3 ]
-20.418871 [  0.313 -10.937  -1.375] [  -0.5     1.59 -319.3 ]
-20.479616 [  0.313 -10.812  -1.687] [  -0.48    1.65 -319.31]
-20.540397 [ 0.438 -9.875 -2.   ] [  -0.32    1.7  -319.31]
-20.601385 [  0.563  -0.687 -10.312] [ -1.20000000e-01   1.75000000e+00  -3.19320000e+02]
-20.663261 [  0.688   0.875 -10.5  ] [  1.50000000e-01   5.10000000e-01  -3.19330000e+02]
-20.723883 [  0.875   2.313 -10.75 ] [   0.39    0.54 -319.34]
-20.784648 [  0.875   2.563 -11.   ] [ 0.44  1.87  9.61]
-20.847502 [  0.875   2.563 -11.375] [   0.44 -325.76 -319.36]
-20.908982 [  0.875   2.25  -11.75 ] [   0.39 -326.97    8.31]
-20.96984 [  0.875   2.125 -11.875] [   0.37 -326.94    8.3 ]
-21.030647 [  8.13000000e-01   1.87500000e+00   2.03575000e+03] [   0.33 -326.88    8.29]
-21.091215 [  7.50000000e-01   1.06300000e+00   2.03543800e+03] [  1.80000000e-01  -3.26830000e+02   8.29000000e+00]
-21.158303 [  7.50000000e-01  -8.31200000e+00   2.04381300e+03] [ -2.00000000e-02  -3.25600000e+02   8.30000000e+00]
-21.219599 [ 0.813 -9.375 -3.375] [ -2.40000000e-01   1.94000000e+00  -3.19360000e+02]
-21.280538 [  0.75  -10.375  -2.812] [  -0.41    1.83 -319.34]
-21.341222 [  0.75  -11.312  -2.25 ] [  -0.56    1.74 -319.33]
-21.401863 [  0.75  -11.875  -9.5  ] [ 327.01    1.62 -319.32]
-21.463031 [  8.13000000e-01   2.03587500e+03  -6.87000000e-01] [ 326.97    1.48 -319.3 ]
-21.52363 [  7.50000000e-01   2.03581300e+03   2.04056300e+03] [ 326.97 -325.13 -319.27]
-21.584202 [ 0.688 -4.25  -6.187] [-0.73  1.06  9.72]
-21.647144 [  6.88000000e-01   2.03587500e+03   2.04306300e+03] [-0.71  0.87  9.74]
-21.709131 [  6.88000000e-01  -1.16250000e+01   2.04375000e+03] [  -0.64 -325.66 -319.21]
-21.770288 [  0.75  -11.312  -3.75 ] [  -0.57 -325.76 -319.2 ]
-21.830984 [  0.688 -11.062  -3.687] [  -0.52    1.91 -319.19]
-21.891735 [  6.88000000e-01  -1.10000000e+01   2.04387500e+03] [  -0.52 -325.7  -319.2 ]
-21.952247 [  6.88000000e-01  -1.10620000e+01   2.04337500e+03] [  -0.52 -325.61 -319.2 ]
-22.013023 [  7.50000000e-01  -1.13120000e+01   2.04243800e+03] [  -0.57 -325.45 -319.22]
-22.07352 [  6.88000000e-01  -1.15620000e+01   2.04125000e+03] [  -0.61 -325.25 -319.25]
-22.134982 [ 0.625 -4.375 -7.875] [-0.75  1.34  9.68]
-22.197914 [  5.63000000e-01   2.03487500e+03  -1.06200000e+00] [-0.87  1.52  9.64]
-22.2598 [  5.63000000e-01   2.03487500e+03  -1.56200000e+00] [ 326.81    1.62 -319.33]
-22.320927 [  5.63000000e-01   2.03481300e+03  -1.68700000e+00] [ 326.8     1.64 -319.34]
-22.381525 [  5.63000000e-01   2.03481300e+03  -1.81200000e+00] [ 326.79    1.66 -319.34]
-22.442003 [  5.63000000e-01   2.03468800e+03  -1.81200000e+00] [ 326.77    1.67 -319.35]
-22.502572 [  5.00000000e-01   2.03437500e+03  -1.87500000e+00] [ 326.72    1.67 -319.35]
-22.563105 [  5.63000000e-01   2.03475000e+03  -1.87500000e+00] [ 326.78    1.67 -319.34]
-22.623883 [  6.25000000e-01   2.03537500e+03  -1.68700000e+00] [ 326.89    1.65 -319.33]
-22.684514 [ 0.688 -4.    -9.5  ] [-0.69  1.61  9.64]
-22.747361 [ 0.75  -3.375 -9.312] [-0.58  1.59  9.65]
-22.810261 [  0.813 -10.875  -1.437] [  -0.49    1.6  -319.3 ]
-22.871564 [  0.813 -11.     -1.437] [  -0.51    1.61 -319.31]
-22.932315 [  0.813 -10.875  -1.75 ] [  -0.49    1.66 -319.31]
-22.993044 [  0.875 -10.     -2.062] [  -0.34    1.72 -319.32]
-23.053738 [ 1.    -8.75  -2.437] [ -1.20000000e-01   1.77000000e+00  -3.19320000e+02]
-23.114295 [  1.188   0.875 -10.625] [  1.50000000e-01   5.30000000e-01  -3.19330000e+02]
-23.174822 [  1.375   2.688 -10.875] [   0.46    0.57 -319.35]
-23.235496 [  1.438   3.188 -11.25 ] [ 0.55  1.91  9.6 ]
-23.298455 [  1.438   3.188 -11.562] [ 0.54  1.96  9.59]
-23.360826 [  1.375   2.813 -12.   ] [   0.49 -326.94    8.3 ]
-23.422297 [  1.37500000e+00   2.50000000e+00   2.03587500e+03] [   0.43 -326.9     8.29]
-23.482876 [  1.375   1.875 -12.   ] [  3.20000000e-01  -3.26920000e+02   8.30000000e+00]
-23.543418 [  1.375   1.125 -11.625] [  1.90000000e-01  -3.26980000e+02  -3.19360000e+02]
-23.60392 [  1.313   0.    -11.437] [   0.   -327.02 -319.35]
-23.664594 [ 1.313 -9.25  -3.   ] [ -2.10000000e-01   1.88000000e+00  -3.19340000e+02]
-23.725103 [  1.313 -10.375  -2.75 ] [  -0.4     1.83 -319.34]
-23.785774 [  1.25   -3.25  -10.437] [  -0.56    1.77 -319.34]
-23.847084 [ 1.25  -3.812 -9.25 ] [-0.65  1.57  9.65]
-23.909942 [  1.25000000e+00   2.03587500e+03  -1.87000000e-01] [-0.7   1.42  9.67]
-23.972002 [  1.18800000e+00   2.03575000e+03   2.04062500e+03] [ 326.95    1.28 -319.27]
-24.032701 [  1.12500000e+00   2.03556300e+03   2.04187500e+03] [ 326.92 -325.36 -319.24]
-24.093165 [  1.12500000e+00   2.03562500e+03   2.04300000e+03] [ 326.93 -325.54 -319.23]
-24.153982 [  1.12500000e+00   2.03581300e+03   2.04368800e+03] [ 326.97 -325.67 -319.21]
-24.241873 [ 9.063 -4.    -3.937] [-0.68  0.67  9.75]
-24.343607 [ 9.125 -3.562 -4.312] [-0.61  0.74  9.75]
-24.444853 [ 9.125 -3.125 -4.687] [-0.54  0.8   9.75]
-24.54618 [ 1.125 -3.312 -5.5  ] [-0.57  0.94  9.74]
-24.648928 [ 1.125 -3.562 -6.375] [-0.61  1.09  9.72]
-24.751911 [ 9.125 -3.875 -7.625] [-0.65  1.27  9.7 ]
-24.853741 [ 9.063 -4.625 -8.687] [-0.79  1.48  9.66]
-24.95523 [ 9.063 -4.562 -9.375] [-0.79  1.59  9.64]
-25.056938 [ 1.063 -4.625 -9.562] [-0.79  1.63  9.63]
-25.15945 [ 9.063 -4.625 -9.75 ] [-0.79  1.65  9.63]
-25.262416 [ 9.063 -4.625 -9.812] [-0.79  1.66  9.63]
-25.364489 [ 9.063 -4.875 -9.812] [-0.83  1.67  9.62]
-25.465851 [ 9.063 -4.937 -9.875] [-0.85  1.68  9.62]
-25.567546 [ 9.125 -4.437 -9.75 ] [-0.76  1.66  9.63]
-25.669185 [ 9.188 -3.875 -9.5  ] [-0.66  1.62  9.64]
-25.770858 [ 9.188 -3.812 -9.312] [-0.65  1.58  9.65]
-25.87228 [ 9.25  -3.062 -9.375] [-0.53  1.59  9.66]
-25.973746 [ 9.313 -2.562 -9.5  ] [-0.45  1.61  9.66]
-26.075298 [ 9.375 -2.    -9.75 ] [-0.34  1.66  9.65]
-26.176696 [  9.375  -1.5   -10.   ] [-0.26  1.7   9.65]
-26.278632 [  9.438  -0.812 -10.312] [-0.14  1.76  9.64]
-26.380122 [  9.625   1.    -10.562] [ 1.45  1.8   9.63]
-26.481457 [  9.875   3.    -10.875] [ 1.79  1.85  9.61]
-26.582633 [  9.813   3.    -11.187] [ 1.8  1.9  9.6]
-26.684433 [  9.813   2.938 -11.562] [ 0.51  1.95  9.59]
-26.78634 [  9.813   2.625 -11.812] [ 1.73  2.    9.58]
-26.887788 [  9.75    2.438 -11.875] [ 1.7   2.02  9.58]
-26.989801 [  9.75    2.125 -12.125] [ 1.64  2.06  9.57]
-27.093058 [  9.688   1.063 -12.687] [ 1.49  2.16  9.56]
-27.195598 [  9.688  -0.312 -12.25 ] [-0.06  2.08  9.58]
-27.297165 [  9.688  -1.437 -11.75 ] [-0.25  2.    9.59]
-27.39891 [  9.625  -2.437 -11.125] [-0.42  1.89  9.61]
-27.501239 [  9.563  -3.375 -10.25 ] [-0.57  1.74  9.63]
-27.604866 [ 9.563 -4.    -9.562] [-0.68  1.64  9.64]
-27.707026 [ 9.5   -4.187 -8.875] [-0.72  1.51  9.66]
-27.808331 [ 9.5   -4.25  -7.562] [  -0.73    1.29 -317.99]
-27.910403 [ 9.438 -4.312 -6.   ] [-0.74  1.02  9.72]
-28.013758 [ 9.375 -4.187 -4.687] [-0.72  0.8   9.74]
-28.11665 [ 9.375 -4.062 -3.812] [-0.69  0.65  9.76]
-28.218468 [ 9.375 -3.875 -3.312] [-0.66  0.56  9.76]
-28.319733 [ 9.375 -3.687 -3.75 ] [-0.63  0.64  9.76]
-28.420907 [ 9.375 -3.187 -4.187] [-0.55  1.99  9.76]
-28.522405 [ 9.375 -3.125 -4.5  ] [-0.53  0.77  9.76]
-28.623716 [ 9.438 -3.375 -5.437] [-0.58  0.93  9.74]
-28.725185 [ 9.438 -3.562 -6.375] [-0.61  1.08  9.72]
-28.827142 [ 9.313 -4.375 -7.75 ] [-0.75  1.3   9.68]
-28.92887 [ 9.313 -4.562 -8.625] [-0.78  1.46  9.66]
-29.030318 [ 9.313 -4.687 -9.312] [-0.8   1.58  9.64]
-29.13166 [ 9.375 -4.687 -9.562] [-0.8   1.62  9.63]
-29.234292 [ 9.375 -4.687 -9.625] [-0.81  1.63  9.63]
-29.337168 [ 9.375 -4.75  -9.687] [-0.81  1.64  9.63]
-29.438833 [ 9.25  -5.562 -9.812] [-0.95  1.66  9.61]
-29.540021 [ 9.313 -5.437 -9.812] [-0.93  1.66  9.61]
-29.641482 [ 9.313 -5.    -9.625] [-0.86  1.63  9.63]
-29.744121 [ 1.375 -4.5   -9.562] [-0.77  1.62  9.63]
-29.847325 [ 9.438 -3.75  -9.437] [-0.65  1.61  9.65]
-29.949414 [ 9.5   -2.937 -9.375] [-0.51  1.59  9.66]
-30.05075 [ 9.563 -2.375 -9.5  ] [-0.41  1.62  9.66]
-30.152583 [ 9.563 -2.375 -9.562] [-0.4   1.63  9.66]
-30.255226 [ 1.625 -1.687 -9.812] [-0.29  1.68  9.65]
-30.358302 [  9.75  -0.5  -10.25] [-0.11  1.74  9.64]
-30.46028 [  9.938   1.188 -10.562] [ 1.48  1.8   9.63]
-30.561678 [ 10.125   3.063 -10.875] [ 1.81  1.84  9.61]
-30.664714 [  2.125   2.938 -11.25 ] [ 0.51  1.91  9.6 ]
-30.768058 [ 10.063   2.688 -11.562] [ 1.75  1.96  9.59]
-30.870889 [ 10.063   2.5   -11.812] [ 1.71  2.01  9.58]
-30.972292 [ 10.      2.438 -12.   ] [ 1.7   2.04  9.58]
-31.073638 [ 10.      2.375 -11.812] [ 1.69  2.    9.59]
-31.175034 [ 10.      1.75  -11.875] [ 1.58  2.01  9.59]
-31.276403 [  9.938   0.188 -11.625] [ 1.31  1.97  9.6 ]
-31.377702 [  9.938  -1.062 -11.375] [-0.19  1.93  9.61]
-31.479426 [  9.875  -2.062 -10.937] [-0.34  1.88  9.61]
-31.581328 [  9.813  -2.937 -10.125] [-0.51  1.72  9.63]
-31.682709 [ 9.75  -3.562 -9.687] [-0.61  1.64  9.64]
-31.784192 [ 9.688 -3.875 -9.25 ] [-0.67  1.57  9.65]
-31.885669 [ 9.625 -4.125 -7.937] [-0.71  1.35  9.68]
-31.987161 [ 9.625 -4.312 -6.312] [-0.74  1.08  9.71]
-32.088635 [ 9.563 -4.25  -5.   ] [-0.73  0.85  9.74]
-32.190122 [ 9.563 -4.    -4.125] [-0.68  0.72  9.75]
-32.292261 [ 9.563 -3.812 -3.375] [-0.65  0.58  9.76]
-32.393561 [ 9.5   -3.812 -3.625] [-0.65  0.62  9.76]
-32.49551 [ 1.563 -3.312 -4.   ] [-0.57  0.68  9.76]
-32.598637 [ 9.563 -3.125 -4.375] [-0.53  0.75  9.76]
-32.701348 [ 9.563 -3.187 -5.25 ] [-0.54  0.88  9.75]
-32.803237 [ 9.563 -3.5   -6.125] [-0.6   1.05  9.73]
-32.904639 [ 9.563 -4.25  -7.375] [-0.72  1.26  9.69]
-33.006925 [ 9.5   -4.875 -8.437] [-0.84  1.43  9.66]
-33.110207 [ 9.438 -5.    -9.312] [-0.85  1.58  9.64]
-33.212693 [ 9.5   -5.    -9.562] [-0.85  1.63  9.63]
-33.314137 [ 9.5   -5.    -9.625] [-0.86  1.64  9.62]
-33.415635 [ 9.5   -5.062 -9.687] [-0.87  1.65  9.62]
-33.517747 [ 9.438 -5.562 -9.812] [-0.95  1.67  9.61]
-33.620949 [ 9.438 -5.437 -9.812] [-0.94  1.67  9.61]
