-0.093178 0 [ 0.  0.  0.] [ 0.  0.  0.]
-0.215713 0 [ 8.  0.  0.] [ 1.28  0.    0.  ]
-0.336167 0 [ 8.  0.  0.] [ 0.  0.  0.]
-0.45628 0 [ 8.  0.  0.] [ 1.28  0.    0.  ]
-0.576443 0 [ 8.  0.  0.] [ 1.28  0.    0.  ]
-0.696608 0 [ 8.  0.  0.] [ 0.  0.  0.]
-0.816661 0 [ 8.  0.  0.] [-1.28 -0.01 -0.01]
-0.936305 0 [ 8.  0.  0.] [ 0.  0.  0.]
-1.056405 0 [ 8.  0.  0.] [ 1.28  0.    0.  ]
-1.176859 0 [ 8.  0.  0.] [ 0.  0.  0.]
-1.296966 0 [ 8.  0.  0.] [ 1.28  0.    0.  ]
-1.41701 0 [ 0.  0.  0.] [ 1.28  0.    0.  ]
-1.537069 0 [ 8.  0.  0.] [ 0.  0.  0.]
-1.657381 0 [ 8.  0.  0.] [ 1.28  0.    0.  ]
-1.779083 0 [ 8.  0.  0.] [ 1.28  0.    0.  ]
-1.900843 0 [ 0.  0.  0.] [ 0.  0.  0.]
-2.021765 0 [ 8.  0.  0.] [ 0.  0.  0.]
-2.143013 0 [ 8.  0.  0.] [ 1.28  0.    0.  ]
-2.264273 0 [ 8.  0.  0.] [-1.28 -0.01 -0.01]
-2.38489 0 [ 8.  0.  0.] [ 1.28  0.    0.  ]
-2.506354 0 [ 8.  0.  0.] [ 1.28  0.    0.  ]
-2.627358 0 [ 8.  0.  0.] [ 1.28  0.    0.  ]
-2.748516 0 [ 0.  0.  0.] [ 0.  0.  0.]
-2.869246 0 [ 8.  0.  0.] [ 0.  0.  0.]
-2.990401 0 [ 8.  0.  0.] [ 1.28  0.    0.  ]
-3.114445 0 [ 8.  0.  0.] [ 0.  0.  0.]
-3.235441 0 [ 8.  0.  0.] [ 1.28  0.    0.  ]
-3.356757 0 [ 8.  0.  0.] [ 0.  0.  0.]
-3.477891 0 [ 8.  0.  0.] [-1.28 -0.01 -0.01]
-3.598913 0 [ 8.  0.  0.] [ 1.28  0.    0.  ]
-3.720207 0 [ 8.  0.  0.] [ 1.28  0.    0.  ]
-3.841503 0 [ 8.  0.  0.] [ 0.  0.  0.]
-3.962372 0 [ 8.  0.  0.] [ 1.28  0.    0.  ]
-4.083682 0 [ 8.  0.  0.] [ 1.28  0.    0.  ]
-4.205123 0 [ 8.  0.  0.] [ 1.28  0.    0.  ]
-4.32641 0 [ 8.  0.  0.] [ 0.  0.  0.]
-4.447572 0 [ 8.  0.  0.] [ 0.  0.  0.]
-4.568594 0 [ 8.  0.  0.] [ 1.28  0.    0.  ]
-4.693027 0 [ 8.  0.  0.] [-1.28 -0.01 -0.01]
-4.814213 0 [ 8.  0.  0.] [-1.28 -0.01 -0.01]
-4.934925 0 [ 0.  0.  0.] [ 0.  0.  0.]
-5.055505 0 [ 8.  0.  0.] [ 1.28  0.    0.  ]
-5.176828 0 [ 8.  0.  0.] [ 1.28  0.    0.  ]
-5.298549 0 [ 8.  0.  0.] [ 0.  0.  0.]
-5.41971 0 [ 8.  0.  0.] [ 0.  0.  0.]
-5.540871 0 [ 8.  0.  0.] [ 0.  0.  0.]
-5.661887 0 [ 8.  0.  0.] [ 1.28  0.    0.  ]
-5.783026 0 [ 8.  0.  0.] [ 1.28  0.    0.  ]
-5.904197 0 [ 8.  0.  0.] [ 0.  0.  0.]
-6.025227 0 [ 0.  0.  0.] [ 1.28  0.    0.  ]
-6.148547 0 [ 8.  0.  0.] [ 1.28  0.    0.  ]
-6.269739 0 [ 0.  0.  0.] [ 1.28  0.    0.  ]
-6.390383 0 [ 8.  0.  0.] [ 1.28  0.    0.  ]
-6.51126 0 [ 8.  0.  0.] [ 1.28  0.    0.  ]
-6.631789 0 [ 8.  0.  0.] [ 1.28  0.    0.  ]
-6.752453 0 [ 8.  0.  0.] [ 0.  0.  0.]
-6.872978 0 [ 0.  0.  0.] [ 0.  0.  0.]
-6.993291 0 [ 0.  0.  0.] [ 0.  0.  0.]
-7.113731 0 [ 8.  0.  0.] [ 0.  0.  0.]
-7.234273 0 [ 8.  0.  0.] [ 1.28  0.    0.  ]
-7.354958 0 [ 8.  0.  0.] [-1.28 -0.01 -0.01]
-7.475265 0 [ 8.  0.  0.] [ 0.  0.  0.]
-7.59586 0 [ 8.  0.  0.] [ 1.28  0.    0.  ]
-7.716777 0 [ 8.  0.  0.] [ 1.28  0.    0.  ]
-7.837726 0 [ 8.  0.  0.] [ 1.28  0.    0.  ]
-7.958552 0 [ 8.  0.  0.] [ 0.  0.  0.]
-8.079201 0 [ 8.  0.  0.] [ 0.  0.  0.]
-8.199876 0 [ 0.  0.  0.] [ 0.  0.  0.]
-8.320275 0 [ 8.  0.  0.] [ 1.28  0.    0.  ]
-8.441152 0 [ 8.  0.  0.] [ 0.  0.  0.]
-8.561582 0 [ 8.  0.  0.] [-1.28 -0.01 -0.01]
-8.681973 0 [ 0.  0.  0.] [ 0.  0.  0.]
-8.802182 0 [ 0.  0.  0.] [ 0.  0.  0.]
-8.922654 0 [ 8.  0.  0.] [ 1.28  0.    0.  ]
-9.043251 0 [ 8.  0.  0.] [ 1.28  0.    0.  ]
-9.164139 0 [ 8.  0.  0.] [ 1.28  0.    0.  ]
-9.285259 0 [ 8.  0.  0.] [ 1.28  0.    0.  ]
-9.405855 0 [ 8.  0.  0.] [ 0.  0.  0.]
-9.526448 0 [ 8.  0.  0.] [-1.28 -0.01 -0.01]
-9.646624 0 [ 8.  0.  0.] [ 0.  0.  0.]
-9.767853 0 [ 8.  0.  0.] [ 0.  0.  0.]
-9.888463 0 [ 0.  0.  0.] [ 0.  0.  0.]
-10.008707 0 [ 8.  0.  0.] [ 1.28  0.    0.  ]
-10.129567 0 [ 8.  0.  0.] [ 0.  0.  0.]
-10.250468 0 [ 8.  0.  0.] [ 0.  0.  0.]
-10.371018 0 [ 8.  0.  0.] [ 0.  0.  0.]
-10.491504 0 [ 8.  0.  0.] [ 1.28  0.    0.  ]
-10.612073 0 [ 0.  0.  0.] [ 0.  0.  0.]
-10.73338 0 [ 8.  0.  0.] [ 0.  0.  0.]
-10.854665 0 [ 8.  0.  0.] [ 0.  0.  0.]
-10.976239 0 [ 8.  0.  0.] [ 1.28  0.    0.  ]
-11.097741 0 [ 8.  0.  0.] [ 0.  0.  0.]
-11.219153 0 [ 8.  0.  0.] [ 0.  0.  0.]
-11.340312 0 [ 8.  0.  0.] [ 0.  0.  0.]
-11.461461 0 [ 8.  0.  0.] [-1.28 -0.01 -0.01]
-11.582344 0 [ 8.  0.  0.] [ 1.28  0.    0.  ]
-11.70351 0 [ 8.  0.  0.] [ 0.  0.  0.]
-11.824511 0 [ 8.  0.  0.] [-1.28 -0.01 -0.01]
-11.945371 0 [ 8.  0.  0.] [ 0.  0.  0.]
-12.066495 0 [ 8.  0.  0.] [ 1.28  0.    0.  ]
-12.190728 0 [ 8.  0.  0.] [ 1.28  0.    0.  ]
-12.311634 0 [ 8.  0.  0.] [ 1.28  0.    0.  ]
-12.432211 0 [ 8.  0.  0.] [ 1.28  0.    0.  ]
-12.552961 0 [ 8.  0.  0.] [ 0.  0.  0.]
-12.673201 0 [ 8.  0.  0.] [ 0.  0.  0.]
-12.793587 0 [ 8.  0.  0.] [ 0.  0.  0.]
-12.914459 0 [ 8.  0.  0.] [ 1.28  0.    0.  ]
-13.035315 0 [ 8.  0.  0.] [ 1.28  0.    0.  ]
-13.155914 0 [ 8.  0.  0.] [ 1.28  0.    0.  ]
-13.276955 0 [ 8.  0.  0.] [ 1.28  0.    0.  ]
-13.397672 0 [ 8.  0.  0.] [ 1.28  0.    0.  ]
-13.518413 0 [ 0.  0.  0.] [ 0.  0.  0.]
-13.638715 0 [ 8.  0.  0.] [ 0.  0.  0.]
-13.759468 0 [ 8.  0.  0.] [ 0.  0.  0.]
-13.880175 0 [ 0.  0.  0.] [ 1.28  0.    0.  ]
-14.000916 0 [ 8.  0.  0.] [ 0.  0.  0.]
-14.121583 0 [ 0.  0.  0.] [ 0.  0.  0.]
-14.242182 0 [ 8.  0.  0.] [ 1.28  0.    0.  ]
-14.362911 0 [ 8.  0.  0.] [ 1.28  0.    0.  ]
-14.483576 0 [ 8.  0.  0.] [ 1.28  0.    0.  ]
-14.604331 0 [ 8.  0.  0.] [ 0.  0.  0.]
-14.72482 0 [ 8.  0.  0.] [-1.28 -0.01 -0.01]
-14.845064 0 [ 0.  0.  0.] [ 1.28  0.    0.  ]
-14.965735 0 [ 8.  0.  0.] [ 1.28  0.    0.  ]
-15.08662 0 [ 0.  0.  0.] [ 1.28  0.    0.  ]
-15.208377 0 [ 8.  0.  0.] [-1.28 -0.01 -0.01]
-15.329808 0 [ 8.  0.  0.] [ 0.  0.  0.]
-15.450978 0 [ 8.  0.  0.] [ 1.28  0.    0.  ]
-15.572421 0 [ 8.  0.  0.] [-1.28 -0.01 -0.01]
-15.693284 0 [ 8.  0.  0.] [ 1.28  0.    0.  ]
-15.814599 0 [ 8.  0.  0.] [ 1.28  0.    0.  ]
-15.935885 0 [ 8.  0.  0.] [ 1.28  0.    0.  ]
-16.057055 0 [ 8.  0.  0.] [ 0.  0.  0.]
-16.177912 0 [ 8.  0.  0.] [ 0.  0.  0.]
-16.298923 0 [ 8.  0.  0.] [ 0.  0.  0.]
-16.419798 0 [ 0.  0.  0.] [ 0.  0.  0.]
-16.540688 0 [ 8.  0.  0.] [ 1.28  0.    0.  ]
-16.664967 0 [ 8.  0.  0.] [-1.28 -0.01 -0.01]
-16.786122 0 [ 0.  0.  0.] [-1.28 -0.01 -0.01]
-16.907179 0 [ 8.  0.  0.] [ 1.28  0.    0.  ]
-17.028765 0 [ 8.  0.  0.] [ 0.  0.  0.]
-17.150174 0 [ 8.  0.  0.] [ 0.  0.  0.]
-17.271344 0 [ 8.  0.  0.] [ 1.28  0.    0.  ]
-17.39265 0 [ 8.  0.  0.] [-1.28 -0.01 -0.01]
-17.513487 0 [ 8.  0.  0.] [ 1.28  0.    0.  ]
-17.634675 0 [ 8.  0.  0.] [ 0.  0.  0.]
-17.75572 0 [ 8.  0.  0.] [ 1.28  0.    0.  ]
-17.877245 0 [ 8.  0.  0.] [ 0.  0.  0.]
-17.998597 0 [ 8.  0.  0.] [ 0.  0.  0.]
-18.119891 0 [ 8.  0.  0.] [ 0.  0.  0.]
-18.243328 0 [ 8.  0.  0.] [ 0.  0.  0.]
-18.364471 0 [ 8.  0.  0.] [ 0.  0.  0.]
-18.486199 0 [ 8.  0.  0.] [ 0.  0.  0.]
-18.607379 0 [ 0.  0.  0.] [ 0.  0.  0.]
-18.728813 0 [ 8.  0.  0.] [ 1.28  0.    0.  ]
-18.850235 0 [ 8.  0.  0.] [ 1.28  0.    0.  ]
-18.971731 0 [ 8.  0.  0.] [ 0.  0.  0.]
-19.092699 0 [ 8.  0.  0.] [ 1.28  0.    0.  ]
-19.214156 0 [ 8.  0.  0.] [ 0.  0.  0.]
-19.33531 0 [ 8.  0.  0.] [-1.28 -0.01 -0.01]
-19.456085 0 [ 8.  0.  0.] [ 0.  0.  0.]
-19.577203 0 [ 8.  0.  0.] [ 1.28  0.    0.  ]
-19.699466 0 [ 0.  0.  0.] [ 1.28  0.    0.  ]
-19.820059 0 [ 8.  0.  0.] [ 1.28  0.    0.  ]
-19.940931 0 [ 8.  0.  0.] [ 0.  0.  0.]
-20.061382 0 [ 8.  0.  0.] [ 1.28  0.    0.  ]
-20.182622 0 [ 8.  0.  0.] [ 1.28  0.    0.  ]
-20.303547 0 [ 8.  0.  0.] [ 0.  0.  0.]
-20.423982 0 [ 0.  0.  0.] [ 1.28  0.    0.  ]
-20.5444 0 [ 0.  0.  0.] [ 1.28  0.    0.  ]
-20.664732 0 [ 8.  0.  0.] [ 0.  0.  0.]
-20.785272 0 [ 8.  0.  0.] [ 0.  0.  0.]
-20.905859 0 [ 8.  0.  0.] [-1.28 -0.01 -0.01]
-21.02614 0 [ 8.  0.  0.] [-1.28 -0.01 -0.01]
-21.146695 0 [ 8.  0.  0.] [ 1.28  0.    0.  ]
-21.267624 0 [ 8.  0.  0.] [-1.28 -0.01 -0.01]
-21.388097 0 [ 8.  0.  0.] [ 1.28  0.    0.  ]
-21.50897 0 [ 8.  0.  0.] [ 1.28  0.    0.  ]
-21.629687 0 [ 8.  0.  0.] [ 1.28  0.    0.  ]
-21.750424 0 [ 8.  0.  0.] [-1.28 -0.01 -0.01]
-21.870956 0 [ 8.  0.  0.] [ 0.  0.  0.]
-21.991485 0 [ 8.  0.  0.] [ 0.  0.  0.]
-22.112155 0 [ 8.  0.  0.] [ 1.28  0.    0.  ]
-22.232958 0 [ 8.  0.  0.] [ 1.28  0.    0.  ]
-22.353692 0 [ 8.  0.  0.] [-1.28 -0.01 -0.01]
-22.474005 0 [ 8.  0.  0.] [ 1.28  0.    0.  ]
-22.594619 0 [ 8.  0.  0.] [ 1.28  0.    0.  ]
-22.715827 0 [ 8.  0.  0.] [ 1.28  0.    0.  ]
-22.836745 0 [ 8.  0.  0.] [ 1.28  0.    0.  ]
-22.957763 0 [ 8.  0.  0.] [ 0.  0.  0.]
-23.07822 0 [ 0.  0.  0.] [ 0.  0.  0.]
-23.198685 0 [ 8.  0.  0.] [ 1.28  0.    0.  ]
-23.319695 0 [ 8.  0.  0.] [ 0.  0.  0.]
-23.440029 0 [ 8.  0.  0.] [ 0.  0.  0.]
-23.561043 0 [ 8.  0.  0.] [ 1.28  0.    0.  ]
-23.681813 0 [ 0.  0.  0.] [ 1.28  0.    0.  ]
-23.802084 0 [ 0.  0.  0.] [ 1.28  0.    0.  ]
-23.922568 0 [ 8.  0.  0.] [ 1.28  0.    0.  ]
-24.043114 0 [ 8.  0.  0.] [ 1.28  0.    0.  ]
-24.163845 0 [ 8.  0.  0.] [ 1.28  0.    0.  ]
-24.284806 0 [ 8.  0.  0.] [ 1.28  0.    0.  ]
-24.405323 0 [ 0.  0.  0.] [ 0.  0.  0.]
-24.525464 0 [ 8.  0.  0.] [-1.28 -0.01 -0.01]
-24.645627 0 [ 8.  0.  0.] [ 0.  0.  0.]
-24.765959 0 [ 0.  0.  0.] [ 0.  0.  0.]
-24.886358 0 [ 8.  0.  0.] [ 1.28  0.    0.  ]
-25.007239 0 [ 8.  0.  0.] [-1.28 -0.01 -0.01]
-25.127567 0 [ 8.  0.  0.] [-1.28 -0.01 -0.01]
-25.248102 0 [ 8.  0.  0.] [ 1.28  0.    0.  ]
-25.368947 0 [ 0.  0.  0.] [ 0.  0.  0.]
-25.489301 0 [ 8.  0.  0.] [ 0.  0.  0.]
-25.609839 0 [ 8.  0.  0.] [ 1.28  0.    0.  ]
-25.731718 0 [ 8.  0.  0.] [-1.28 -0.01 -0.01]
-25.852864 0 [ 8.  0.  0.] [ 0.  0.  0.]
-25.973876 0 [ 8.  0.  0.] [-1.28 -0.01 -0.01]
-26.094724 0 [ 8.  0.  0.] [ 1.28  0.    0.  ]
-26.216136 0 [ 8.  0.  0.] [ 1.28  0.    0.  ]
-26.337206 0 [ 0.  0.  0.] [ 0.  0.  0.]
-26.457951 0 [ 8.  0.  0.] [ 0.  0.  0.]
-26.579223 0 [ 8.  0.  0.] [ 0.  0.  0.]
-26.700405 0 [ 8.  0.  0.] [ 1.28  0.    0.  ]
-26.82183 0 [ 8.  0.  0.] [ 0.  0.  0.]
-26.942994 0 [ 8.  0.  0.] [ 0.  0.  0.]
-27.064391 0 [ 8.  0.  0.] [ 0.  0.  0.]
-27.188345 0 [ 8.  0.  0.] [ 1.28  0.    0.  ]
-27.309904 0 [ 8.  0.  0.] [ 0.  0.  0.]
-27.431316 0 [ 8.  0.  0.] [ 0.  0.  0.]
-27.552355 0 [ 8.  0.  0.] [ 1.28  0.    0.  ]
-27.673358 0 [ 8.  0.  0.] [ 1.28  0.    0.  ]
-27.79452 0 [ 0.  0.  0.] [ 0.  0.  0.]
-27.915389 0 [ 8.  0.  0.] [ 0.  0.  0.]
-28.0366 0 [ 8.  0.  0.] [ 0.  0.  0.]
-28.157575 0 [ 8.  0.  0.] [ 0.  0.  0.]
-28.278729 0 [ 0.  0.  0.] [ 0.  0.  0.]
-28.399746 0 [ 8.  0.  0.] [ 0.  0.  0.]
-28.520891 0 [ 8.  0.  0.] [ 0.  0.  0.]
-28.641803 0 [ 8.  0.  0.] [ 1.28  0.    0.  ]
-28.766504 0 [ 8.  0.  0.] [ 1.28  0.    0.  ]
-28.88766 0 [ 8.  0.  0.] [ 1.28  0.    0.  ]
-29.008962 0 [ 8.  0.  0.] [ 0.  0.  0.]
-29.129745 0 [ 8.  0.  0.] [ 0.  0.  0.]
-29.249763 0 [ 0.  0.  0.] [ 1.28  0.    0.  ]
-29.369677 0 [ 8.  0.  0.] [ 1.28  0.    0.  ]
-29.490109 0 [ 8.  0.  0.] [-1.28 -0.01 -0.01]
-29.609751 0 [ 8.  0.  0.] [ 0.  0.  0.]
-29.729795 0 [ 8.  0.  0.] [ 0.  0.  0.]
-29.849786 0 [ 8.  0.  0.] [-1.28 -0.01 -0.01]
-29.969685 0 [ 8.  0.  0.] [ 1.28  0.    0.  ]
-30.0901 0 [ 8.  0.  0.] [ 0.  0.  0.]
-30.210348 0 [ 8.  0.  0.] [ 1.28  0.    0.  ]
-30.330761 0 [ 8.  0.  0.] [ 0.  0.  0.]
-30.450786 0 [ 8.  0.  0.] [ 1.28  0.    0.  ]
-30.570942 0 [ 8.  0.  0.] [ 0.  0.  0.]
-30.690852 0 [ 8.  0.  0.] [ 0.  0.  0.]
-30.810812 0 [ 8.  0.  0.] [ 0.  0.  0.]
-30.930967 0 [ 8.  0.  0.] [ 1.28  0.    0.  ]
-31.051265 0 [ 8.  0.  0.] [ 1.28  0.    0.  ]
-31.171471 0 [ 8.  0.  0.] [ 1.28  0.    0.  ]
-31.291628 0 [ 8.  0.  0.] [ 0.  0.  0.]
-31.411402 0 [ 8.  0.  0.] [ 0.  0.  0.]
-31.531456 0 [ 8.  0.  0.] [ 0.  0.  0.]
-31.652091 0 [ 8.  0.  0.] [-1.28 -0.01 -0.01]
-31.774095 0 [ 8.  0.  0.] [ 1.28  0.    0.  ]
-31.89547 0 [ 8.  0.  0.] [-1.28 -0.01 -0.01]
-32.016353 0 [ 8.  0.  0.] [ 1.28  0.    0.  ]
-32.137658 0 [ 8.  0.  0.] [ 1.28  0.    0.  ]
-32.258943 0 [ 8.  0.  0.] [ 1.28  0.    0.  ]
-32.380249 0 [ 8.  0.  0.] [ 1.28  0.    0.  ]
-32.501543 0 [ 8.  0.  0.] [ 1.28  0.    0.  ]
-32.622556 0 [ 8.  0.  0.] [ 1.28  0.    0.  ]
-32.743727 0 [ 8.  0.  0.] [ 0.  0.  0.]
-32.864597 0 [ 8.  0.  0.] [ 0.  0.  0.]
-32.985758 0 [ 8.  0.  0.] [ 0.  0.  0.]
-33.107049 0 [ 8.  0.  0.] [ 1.28  0.    0.  ]
-33.231214 0 [ 8.  0.  0.] [ 1.28  0.    0.  ]
-33.352503 0 [ 8.  0.  0.] [ 1.28  0.    0.  ]
-33.473822 0 [ 8.  0.  0.] [ 1.28  0.    0.  ]
-33.59525 0 [ 8.  0.  0.] [ 1.28  0.    0.  ]
-33.716845 0 [ 8.  0.  0.] [ 0.  0.  0.]
-33.838325 0 [ 8.  0.  0.] [ 0.  0.  0.]
-33.959742 0 [ 0.  0.  0.] [ 0.  0.  0.]
-34.08075 0 [ 8.  0.  0.] [ 0.  0.  0.]
-34.201773 0 [ 8.  0.  0.] [ 0.  0.  0.]
-34.322494 0 [ 0.  0.  0.] [ 0.  0.  0.]
-34.442943 0 [ 8.  0.  0.] [ 1.28  0.    0.  ]
-34.56409 0 [ 8.  0.  0.] [ 0.  0.  0.]
-34.687487 0 [ 8.  0.  0.] [ 1.28  0.    0.  ]
-34.809132 0 [ 8.  0.  0.] [ 1.28  0.    0.  ]
-34.930706 0 [ 8.  0.  0.] [-1.28 -0.01 -0.01]
-35.051602 0 [ 8.  0.  0.] [ 1.28  0.    0.  ]
-35.172995 0 [ 8.  0.  0.] [ 1.28  0.    0.  ]
-35.294318 0 [ 8.  0.  0.] [ 0.  0.  0.]
-35.415294 0 [ 8.  0.  0.] [ 1.28  0.    0.  ]
-35.536356 0 [ 0.  0.  0.] [ 0.  0.  0.]
-35.657239 0 [ 8.  0.  0.] [ 0.  0.  0.]
-35.778678 0 [ 8.  0.  0.] [ 0.  0.  0.]
-35.899825 0 [ 8.  0.  0.] [ 0.  0.  0.]
-36.021148 0 [ 8.  0.  0.] [-1.28 -0.01 -0.01]
-36.141729 0 [ 0.  0.  0.] [ 0.  0.  0.]
-36.266146 0 [ 8.  0.  0.] [ 1.28  0.    0.  ]
