-0.074864 [ 7.688 -1.187 -9.312] [-0.24  1.59  9.67]
-0.177544 [ 7.938  1.25  -9.   ] [ 1.5   1.53  9.68]
-0.280098 [ 0.     1.5   -8.875] [ 1.54  1.51  9.68]
-0.383289 [ 7.938  1.375 -8.937] [ 0.23  1.52  9.68]
-0.486155 [ 7.938  1.313 -9.125] [ 1.5   1.55  9.67]
-0.588324 [ 7.875  1.188 -9.312] [ 1.49  1.58  9.67]
-0.689762 [ 7.875  1.063 -9.687] [ 1.46  1.65  9.66]
-0.791783 [  7.875   0.938 -10.062] [ 1.44  1.71  9.65]
-0.893492 [  7.875   0.688 -10.312] [ 1.4   1.75  9.64]
-0.995062 [  7.813   0.375 -10.75 ] [ 1.34  1.83  9.63]
-1.096768 [  7.75   -0.25  -11.125] [-0.04  1.89  9.62]
-1.198368 [  7.688  -0.687 -11.375] [-0.12  1.93  9.61]
-1.300097 [  7.688  -1.125 -11.625] [-0.2   1.98  9.6 ]
-1.401816 [  7.625  -1.5   -11.75 ] [-0.26  2.    9.59]
-1.506439 [  7.438  -2.5   -12.   ] [-0.42  2.04  9.58]
-1.608716 [  7.438  -2.937 -12.062] [-0.51  2.04  9.57]
-1.710729 [  7.375  -3.375 -12.062] [-0.58  2.04  9.57]
-1.813613 [  7.313  -3.812 -12.062] [-0.65  2.04  9.56]
-1.916759 [  7.313  -4.25  -12.   ] [-0.72  2.03  9.56]
-2.028767 [  7.25   -4.5   -11.625] [-0.77  1.97  9.57]
-2.13051 [    7.188  2043.188   -11.312] [-0.82  1.91  9.58]
-2.232415 [  7.188  -5.    -10.937] [-0.86  1.85  9.59]
-2.335811 [  7.188  -5.125 -10.437] [-0.87  1.78  9.6 ]
-2.43859 [ 7.125 -5.125 -9.937] [-0.87  1.69  9.61]
-2.540289 [ 7.125 -5.125 -9.5  ] [-0.88  1.61  9.63]
-2.64201 [ 7.125 -5.187 -8.937] [-0.88  1.52  9.64]
-2.743861 [ 7.125 -5.187 -8.5  ] [-0.89  1.45  9.65]
-2.848309 [ 7.125 -5.187 -8.25 ] [-0.89  1.4   9.66]
-2.950033 [ 7.125 -5.187 -7.75 ] [-0.89  1.32  9.67]
-3.054895 [ 7.125 -5.187 -7.   ] [-0.89  1.19  9.69]
-3.156499 [ 7.125 -4.875 -6.625] [-0.84  1.13  9.7 ]
-3.258639 [ 7.125 -4.062 -6.25 ] [-0.71  1.07  9.72]
-3.360676 [ 7.188 -3.25  -6.125] [-0.56  1.04  9.73]
-3.462422 [ 7.25  -2.812 -6.062] [-0.48  1.04  9.73]
-3.565261 [ 7.25  -2.375 -6.062] [-0.41  1.04  9.74]
-3.668842 [ 7.25  -1.75  -6.062] [-0.31  1.04  9.74]
-3.772293 [ 7.313 -1.25  -6.062] [-0.21  1.04  9.74]
-3.87439 [ 7.313 -0.875 -6.062] [-0.15  1.03  9.75]
-3.977734 [ 7.375 -0.437 -6.062] [-0.08  1.03  9.75]
-4.08045 [ 7.375 -0.062 -6.187] [-0.01  1.06  9.74]
-4.182167 [ 7.375  0.063 -6.562] [ 1.29  1.12  9.74]
-4.283628 [ 7.375  0.313 -7.   ] [ 1.33  1.2   9.73]
-4.386503 [ 7.438  0.5   -7.5  ] [ 0.09  1.28  9.72]
-4.492798 [ 7.438  0.625 -8.125] [ 1.38  1.39  9.7 ]
-4.594378 [ 7.438  0.688 -8.687] [ 1.4   1.48  9.69]
-4.695977 [ 7.438  0.688 -9.125] [ 1.4   1.55  9.68]
-4.798411 [ 7.438  0.688 -9.562] [ 1.4   1.63  9.66]
-4.900654 [ 7.438  0.688 -9.937] [ 1.4   1.69  9.65]
-5.002856 [  7.375   0.688 -10.375] [ 1.4   1.76  9.64]
-5.10457 [  7.375   0.5   -10.687] [ 1.36  1.82  9.63]
-5.206051 [  7.313   0.    -10.937] [ 1.28  1.87  9.62]
-5.307617 [  7.25   -0.625 -11.25 ] [ -1.00000000e-01   1.92000000e+00  -3.18070000e+02]
-5.409181 [  7.25   -1.125 -11.5  ] [-0.19  1.95  9.6 ]
-5.511216 [  7.188  -1.75  -11.625] [-0.29  1.97  9.6 ]
-5.613211 [  7.125  -2.25  -11.625] [-0.38  1.98  9.59]
-5.715087 [  0.937  -2.812 -11.625] [-0.48  1.98  9.59]
-5.820376 [  7.     -3.312 -11.625] [-0.56  1.98  9.58]
-5.92283 [  6.938  -3.687 -11.625] [-0.63  1.98  9.58]
-6.027278 [  6.938  -4.125 -11.625] [-0.7   1.97  9.57]
-6.130989 [  6.875  -4.5   -11.375] [-0.77  1.94  9.58]
-6.233587 [  6.813  -4.812 -10.875] [-0.82  1.84  9.59]
-6.335259 [  6.75   -5.187 -10.5  ] [-0.89  1.78  9.6 ]
-6.437055 [  6.75   -5.312 -10.062] [-0.9   1.7   9.61]
-6.540498 [ 6.75  -5.312 -9.5  ] [-0.91  1.62  9.62]
-6.6432 [ 6.75  -5.375 -9.062] [-0.91  1.54  9.64]
-6.744838 [ 6.75  -5.375 -8.5  ] [-0.92  1.45  9.65]
-6.847663 [ 6.75  -5.375 -8.187] [-0.92  1.39  9.66]
-6.949511 [ 6.688 -5.375 -7.875] [-0.92  1.33  9.67]
-7.0514 [ 6.688 -5.375 -7.437] [-0.92  1.26  9.68]
-7.153381 [ 6.688 -5.187 -6.75 ] [-0.89  1.16  9.69]
-7.254854 [ 6.75  -4.562 -6.437] [-0.78  1.1   9.71]
-7.356329 [ 6.813 -3.812 -6.25 ] [-0.65  1.06  9.72]
-7.457867 [ 6.813 -3.25  -6.062] [-0.55  1.04  9.73]
-7.562183 [ 6.875 -3.125 -6.   ] [-0.54  1.03  9.73]
-7.664451 [ 6.875 -2.5   -5.937] [-0.43  1.01  9.74]
-7.766768 [ 1.062 -1.875 -5.875] [-0.32  1.01  9.74]
-7.869929 [ 1.062 -1.437 -5.875] [-0.25  1.    9.75]
-7.973587 [ 7.    -1.    -5.875] [-0.18  1.    9.75]
-8.074904 [ 7.    -0.562 -5.875] [-0.1   1.    9.75]
-8.176377 [ 7.    -0.312 -5.937] [-0.05  1.02  9.75]
-8.277807 [ 1.    -0.062 -6.25 ] [-0.01  1.06  9.74]
-8.37988 [ 7.     0.25  -6.687] [ 0.04  1.14  9.73]
-8.482635 [ 7.063  0.5   -7.125] [ 1.37  1.21  9.73]
-8.584456 [ 7.063  0.563 -7.75 ] [ 0.1   1.31  9.71]
-8.685456 [ 7.063  0.625 -8.375] [ 1.38  1.42  9.7 ]
-8.801172 [ 7.063  0.625 -8.812] [ 1.38  1.5   9.68]
-8.901945 [ 7.063  0.625 -9.25 ] [ 1.38  1.57  9.67]
-9.004447 [ 7.063  0.625 -9.625] [ 1.38  1.64  9.66]
-9.105413 [  7.063   0.563 -10.   ] [ 1.38  1.7   9.65]
-9.206601 [  7.      0.375 -10.5  ] [ 1.34  1.78  9.64]
-9.307277 [  6.938  -0.125 -10.812] [-0.02  1.84  9.63]
-9.408265 [  6.875  -0.812 -11.187] [-0.14  1.91  9.61]
-9.50927 [  6.75   -1.562 -11.625] [-0.27  1.97  9.6 ]
-9.612266 [  6.75   -2.    -11.687] [-0.34  1.99  9.59]
-9.713121 [  6.688  -2.437 -11.75 ] [-0.42  1.99  9.59]
-9.820669 [  6.625  -3.    -11.75 ] [-0.51  1.99  9.58]
-9.924019 [  6.563  -3.5   -11.75 ] [-0.59  1.99  9.58]
-10.026914 [  6.5    -3.875 -11.687] [-0.67  1.99  9.57]
-10.128946 [  1.5    -4.25  -11.562] [-0.73  1.96  9.57]
-10.232251 [  6.438  -4.5   -11.187] [-0.77  1.9   9.58]
-10.336645 [  6.375  -4.875 -10.75 ] [-0.83  1.82  9.59]
-10.443413 [  6.313  -5.125 -10.437] [-0.87  1.77  9.6 ]
-10.545463 [ 6.313 -5.5   -9.875] [-0.94  1.68  9.61]
-10.647152 [ 6.313 -5.562 -9.5  ] [-0.95  1.61  9.62]
-10.748084 [ 6.313 -5.562 -9.   ] [-0.95  1.53  9.63]
-10.849921 [ 6.25  -5.562 -8.5  ] [-0.95  1.44  9.65]
-10.950612 [ 6.25  -5.562 -8.187] [-0.96  1.39  9.65]
-11.051521 [ 6.25  -5.562 -7.812] [-0.96  1.33  9.66]
-11.152104 [ 6.25  -5.562 -7.25 ] [-0.96  1.23  9.68]
-11.252614 [ 6.25  -5.562 -6.687] [-0.95  1.14  9.69]
-11.353191 [ 6.25  -5.125 -6.437] [-0.88  1.1   9.7 ]
-11.453533 [ 6.313 -4.375 -6.312] [-0.74  1.08  9.71]
-11.553978 [ 6.313 -3.687 -6.187] [-0.63  1.06  9.72]
-11.654397 [ 6.375 -3.25  -6.187] [-0.56  1.05  9.73]
-11.755364 [ 6.375 -2.812 -6.125] [-0.48  1.05  9.73]
-11.857229 [ 6.438 -2.187 -6.125] [-0.38  1.05  9.74]
-11.958201 [ 6.438 -1.687 -6.125] [-0.3   1.04  9.74]
-12.059014 [ 6.438 -1.25  -6.125] [-0.23  1.04  9.74]
-12.159794 [ 6.5   -0.812 -6.062] [-0.14  1.04  9.74]
-12.26048 [ 6.5   -0.437 -6.125] [-0.08  1.04  9.75]
-12.361155 [ 6.5   -0.25  -6.437] [-0.04  1.1   9.74]
-12.462038 [ 6.563  0.063 -6.812] [ 1.29  1.17  9.73]
-12.562671 [ 6.563  0.25  -7.187] [ 1.33  1.23  9.72]
-12.663363 [ 6.563  0.375 -7.75 ] [ 1.34  1.32  9.71]
-12.764096 [ 6.563  0.438 -8.437] [ 1.36  1.44  9.69]
-12.865283 [ 6.563  0.438 -8.875] [ 1.36  1.51  9.68]
-12.966018 [ 6.563  0.438 -9.312] [ 1.36  1.59  9.67]
-13.066703 [ 6.563  0.438 -9.687] [ 1.36  1.65  9.66]
-13.167221 [  6.563   0.438 -10.   ] [ 1.36  1.7   9.65]
-13.267892 [  1.437   0.188 -10.375] [ 1.31  1.77  9.64]
-13.36896 [  1.5    -0.312 -10.687] [-0.04  1.82  9.63]
-13.470396 [  6.438  -1.    -11.   ] [-0.17  1.87  9.62]
-13.572058 [  6.375  -1.437 -11.312] [-0.25  1.92  9.61]
-13.673791 [  6.375  -1.812 -11.437] [-0.31  1.94  9.6 ]
-13.776148 [  1.687  -2.5   -11.5  ] [-0.42  1.96  9.59]
-13.88182 [  6.25   -3.062 -11.562] [-0.52  1.97  9.59]
-13.983524 [  6.188  -3.5   -11.562] [-0.6   1.97  9.58]
-14.085854 [  6.125  -3.875 -11.562] [-0.67  1.96  9.58]
-14.189188 [  6.125  -4.312 -11.562] [-0.73  1.96  9.57]
-14.29173 [  6.063  -4.687 -11.375] [-0.8   1.93  9.58]
-14.393409 [  6.     -5.    -10.937] [-0.85  1.86  9.59]
-14.495489 [  2.     -5.25  -10.625] [-0.9   1.8   9.59]
-14.599068 [  6.     -5.312 -10.125] [-0.91  1.72  9.6 ]
-14.702206 [ 5.938 -5.375 -9.625] [-0.92  1.63  9.62]
-14.80579 [ 6.    -5.375 -9.187] [-0.92  1.56  9.63]
-14.907545 [ 5.938 -5.375 -8.562] [-0.92  1.46  9.65]
-15.012092 [ 5.938 -5.375 -8.187] [-0.92  1.39  9.66]
-15.113825 [ 5.938 -5.375 -7.937] [-0.92  1.35  9.66]
-15.215546 [ 5.938 -5.437 -7.437] [-0.92  1.26  9.68]
-15.317263 [ 6.    -5.375 -6.75 ] [-0.92  1.15  9.69]
-15.419607 [ 6.    -5.062 -6.437] [-0.87  1.1   9.7 ]
-15.521613 [ 6.063 -4.25  -6.125] [-0.74  1.05  9.72]
-15.623602 [ 6.063 -3.5   -5.937] [-0.6   1.02  9.73]
-15.725841 [ 6.125 -3.    -5.937] [-0.51  1.01  9.74]
-15.829648 [ 1.875 -2.562 -5.937] [-0.44  1.01  9.74]
-15.932652 [ 6.125 -1.937 -5.875] [-0.34  1.01  9.74]
-16.034496 [ 6.188 -1.437 -5.875] [-0.25  1.01  9.75]
-16.136101 [ 6.188 -1.062 -5.875] [-0.19  1.01  9.75]
-16.23913 [ 1.75  -0.687 -5.875] [-0.12  1.01  9.75]
-16.342911 [ 6.188 -0.312 -6.125] [-0.06  1.04  9.75]
-16.444848 [ 6.25  -0.125 -6.5  ] [-0.02  1.11  9.74]
-16.549182 [ 6.25  0.   -7.  ] [ 1.28  1.19  9.73]
-16.652878 [ 6.25  0.25 -7.5 ] [ 1.32  1.27  9.72]
-16.755189 [ 6.25   0.313 -8.062] [ 1.34  1.37  9.7 ]
-16.85699 [ 6.25   0.375 -8.562] [ 1.35  1.46  9.69]
-16.958927 [ 6.25   0.375 -9.   ] [ 1.35  1.53  9.68]
-17.06064 [ 6.25   0.375 -9.5  ] [ 1.35  1.61  9.67]
-17.162371 [ 6.25   0.375 -9.75 ] [ 1.35  1.66  9.66]
-17.26395 [  6.25    0.438 -10.25 ] [ 1.35  1.73  9.65]
-17.365703 [  6.25    0.188 -10.562] [ 1.31  1.8   9.63]
-17.467263 [  6.188  -0.187 -10.875] [-0.03  1.85  9.62]
-17.569303 [  6.125  -0.75  -11.187] [-0.13  1.9   9.61]
-17.671136 [  6.063  -1.312 -11.375] [-0.23  1.94  9.6 ]
-17.772866 [  6.     -1.875 -11.5  ] [-0.32  1.96  9.6 ]
-17.878321 [  5.938  -2.437 -11.562] [-0.42  1.97  9.59]
-17.981476 [  2.062  -2.937 -11.562] [-0.51  1.97  9.59]
-18.087346 [  5.875  -3.437 -11.562] [-0.59  1.97  9.58]
-18.18938 [  5.813  -3.812 -11.562] [-0.66  1.97  9.58]
-18.292374 [  5.75   -4.25  -11.562] [-0.73  1.96  9.57]
-18.395488 [  5.688  -4.687 -11.375] [-0.8   1.93  9.58]
-18.497466 [  5.688  -5.    -10.875] [-0.85  1.85  9.59]
-18.59955 [  5.625  -5.312 -10.562] [-0.91  1.79  9.59]
-18.703004 [  2.375  -5.375 -10.125] [-0.92  1.72  9.6 ]
-18.8069 [ 5.625 -5.375 -9.687] [-0.92  1.64  9.62]
-18.908852 [ 5.625 -5.375 -9.312] [-0.92  1.58  9.63]
-19.010615 [ 5.563 -5.437 -8.625] [-0.93  1.46  9.65]
-19.11233 [ 5.563 -5.5   -8.187] [-0.94  1.39  9.66]
-19.213763 [ 5.563 -5.5   -7.875] [-0.94  1.33  9.66]
-19.315218 [ 5.563 -5.437 -7.312] [-0.93  1.25  9.68]
-19.41684 [ 5.563 -5.25  -6.75 ] [-0.9   1.15  9.69]
-19.521587 [ 5.563 -4.562 -6.437] [-0.78  1.1   9.71]
-19.623378 [ 5.625 -3.75  -6.312] [-0.65  1.07  9.72]
-19.725115 [ 2.375 -3.25  -6.125] [-0.56  1.05  9.73]
-19.828135 [ 5.688 -2.937 -6.062] [-0.5   1.03  9.73]
-19.930171 [ 2.312 -2.437 -6.   ] [-0.42  1.02  9.74]
-20.033041 [ 2.25  -1.875 -6.   ] [-0.32  1.02  9.74]
-20.13661 [ 5.75  -1.437 -5.937] [-0.25  1.02  9.74]
-20.238746 [ 5.75  -0.937 -5.937] [-0.16  1.02  9.75]
-20.34063 [ 5.813 -0.5   -5.937] [-0.09  1.02  9.75]
-20.443361 [ 5.813 -0.25  -6.   ] [-0.04  1.03  9.75]
-20.546661 [ 5.813  0.    -6.375] [-0.01  1.08  9.74]
-20.649231 [ 5.813  0.188 -6.75 ] [ 1.31  1.15  9.73]
-20.750959 [ 5.813  0.375 -7.125] [ 1.34  1.21  9.73]
-20.855104 [ 2.187  0.438 -7.687] [ 0.07  1.31  9.71]
-20.958384 [ 5.813  0.438 -8.375] [ 0.07  1.42  9.7 ]
-21.063704 [ 5.813  0.438 -8.75 ] [ 1.35  1.49  9.69]
-21.165444 [ 5.813  0.438 -9.187] [ 1.35  1.57  9.67]
-21.267162 [ 5.813  0.438 -9.562] [ 1.35  1.63  9.66]
-21.368894 [  5.813   0.438 -10.   ] [ 1.35  1.7   9.65]
-21.470766 [  5.813   0.313 -10.437] [ 1.33  1.78  9.64]
-21.572923 [  5.75   -0.187 -10.812] [-0.03  1.84  9.63]
-21.674515 [  5.75   -0.812 -11.125] [-0.14  1.89  9.62]
-21.776264 [  5.688  -1.25  -11.375] [-0.22  1.93  9.61]
-21.878647 [  5.625  -1.812 -11.437] [-0.3   1.95  9.6 ]
-21.980631 [  5.563  -2.375 -11.5  ] [-0.4   1.96  9.59]
-22.082177 [  5.5    -2.875 -11.562] [-0.49  1.96  9.59]
-22.182786 [  5.438  -3.375 -11.562] [-0.58  1.96  9.59]
-22.285178 [  5.375  -3.812 -11.562] [-0.65  1.96  9.58]
-22.387486 [  2.625  -4.25  -11.437] [-0.72  1.94  9.58]
-22.490094 [  5.313  -4.562 -11.187] [-0.78  1.9   9.58]
-22.591126 [  5.25   -4.875 -10.75 ] [-0.84  1.82  9.59]
-22.692318 [  5.25   -5.187 -10.375] [-0.89  1.76  9.6 ]
-22.808295 [ 5.188 -5.375 -9.812] [-0.92  1.67  9.61]
-22.9118 [ 5.188 -5.375 -9.437] [-0.92  1.6   9.62]
-23.013814 [ 5.188 -5.437 -9.   ] [-0.93  1.53  9.64]
-23.116124 [ 5.188 -5.437 -8.5  ] [ 326.75    1.44    9.65]
-23.217852 [ 5.188 -5.5   -8.125] [ 326.74    1.38    9.66]
-23.319821 [ 5.188 -5.5   -7.75 ] [-0.94  1.32  9.67]
-23.421576 [ 5.125 -5.5   -7.062] [-0.94  1.2   9.68]
-23.523442 [  5.125 -13.437  -6.625] [-0.93  1.13  9.69]
-23.625175 [ 5.188 -5.    -6.5  ] [-0.85  1.1   9.7 ]
-23.726637 [ 5.188 -4.25  -6.312] [-0.72  1.07  9.72]
-23.830918 [ 5.25  -3.5   -6.125] [-0.61  1.05  9.73]
-23.93263 [ 5.25  -3.062 -6.125] [-0.53  1.04  9.73]
-24.036987 [ 5.313 -2.625 -6.062] [-0.45  1.04  9.74]
-24.140644 [ 5.313 -2.062 -6.   ] [-0.36  1.03  9.74]
-24.243148 [ 5.375 -1.562 -6.   ] [-0.27  1.03  9.74]
-24.344839 [ 5.375 -1.125 -6.   ] [-0.2   1.03  9.74]
-24.447104 [ 2.625 -0.687 -6.   ] [-0.12  1.03  9.75]
-24.550389 [ 5.438 -0.312 -6.125] [-0.06  1.04  9.75]
-24.653175 [ 5.438 -0.125 -6.437] [-0.02  1.1   9.74]
-24.754936 [ 5.438  0.188 -6.875] [ 1.31  1.17  9.73]
-24.857771 [ 5.438  0.375 -7.25 ] [ 1.34  1.24  9.72]
-24.961051 [ 5.438  0.438 -7.812] [ 1.36  1.32  9.71]
-25.06379 [ 5.438  0.438 -8.5  ] [ 1.36  1.45  9.69]
-25.165491 [ 5.438  0.5   -8.875] [ 1.36  1.52  9.68]
-25.266844 [ 5.438  0.5   -9.375] [ 1.36  1.59  9.67]
-25.36839 [ 5.438  0.5   -9.75 ] [ 1.36  1.66  9.66]
-25.469928 [  5.438   0.438 -10.062] [ 1.35  1.72  9.65]
-25.574427 [  5.438   0.125 -10.5  ] [ 1.3   1.79  9.64]
-25.676133 [  5.375  -0.375 -10.812] [-0.06  1.84  9.63]
-25.777829 [  5.313  -1.062 -11.   ] [-0.18  1.88  9.62]
-25.88016 [  5.25   -1.687 -11.437] [-0.29  1.95  9.6 ]
-25.982032 [ 5.188 -2.062 -3.625] [-0.36  1.97  9.59]
-26.084062 [  5.125  -2.625 -11.687] [-0.45  1.98  9.59]
-26.185932 [  5.063  -3.125 -11.687] [-0.54  1.98  9.58]
-26.2874 [  5.     -3.625 -11.687] [-0.62  1.98  9.58]
-26.389952 [  5.     -4.    -11.687] [-0.68  1.98  9.57]
-26.493256 [  4.938  -4.375 -11.625] [-0.74  1.98  9.57]
-26.595984 [  4.875  -4.687 -11.375] [-0.8   1.92  9.58]
-26.697707 [  4.875  -5.    -10.937] [-0.86  1.85  9.59]
-26.800018 [  4.813  -5.25  -10.625] [-0.89  1.8   9.59]
-26.905847 [  4.813  -5.312 -10.125] [-0.91  1.71  9.61]
-27.007589 [ 4.813 -5.312 -9.625] [-0.91  1.63  9.62]
-27.111032 [ 4.75  -5.312 -9.187] [-0.91  1.56  9.63]
-27.213902 [ 4.813 -5.312 -8.625] [-0.91  1.48  9.65]
-27.315886 [ 4.75  -5.375 -8.25 ] [-0.91  1.4   9.66]
-27.417595 [ 4.75  -5.375 -8.   ] [-0.92  1.36  9.66]
-27.518948 [ 4.75  -5.375 -7.437] [-0.92  1.26  9.68]
-27.620154 [ 4.688 -5.375 -6.75 ] [-0.92  1.15  9.69]
-27.721535 [ 4.75  -5.    -6.375] [-0.86  1.09  9.7 ]
-27.822788 [ 4.813 -4.312 -6.062] [-0.74  1.04  9.72]
-27.924322 [ 4.813 -3.625 -5.75 ] [-0.62  0.98  9.73]
-28.02578 [ 4.875 -3.187 -5.687] [-0.54  0.97  9.74]
-28.12693 [ 4.875 -2.687 -5.687] [-0.47  0.97  9.74]
-28.228098 [ 4.938 -2.125 -5.687] [-0.36  0.97  9.75]
-28.329456 [ 4.938 -1.562 -5.687] [-0.27  0.97  9.75]
-28.430726 [ 4.938 -1.187 -5.687] [-0.21  0.97  9.75]
-28.53206 [ 5.    -0.812 -5.687] [-0.13  0.97  9.75]
-28.633158 [ 5.    -0.437 -5.875] [-0.08  1.    9.75]
-28.73425 [ 5.   -0.25 -6.25] [-0.05  1.07  9.74]
-28.835627 [ 5.    -0.062 -6.75 ] [-0.01  1.15  9.73]
-28.937147 [ 5.     0.125 -7.312] [ 1.3   1.24  9.72]
-29.038876 [ 5.     0.188 -7.875] [ 1.31  1.34  9.71]
-29.140258 [ 5.063  0.313 -8.375] [ 1.33  1.43  9.7 ]
-29.24166 [ 5.063  0.375 -8.875] [ 1.34  1.51  9.68]
-29.342915 [ 2.937  0.375 -9.312] [ 1.34  1.59  9.67]
-29.444587 [ 5.     0.375 -9.687] [ 1.34  1.65  9.66]
-29.547538 [  5.      0.375 -10.187] [ 1.34  1.73  9.65]
-29.649298 [  5.      0.188 -10.5  ] [ 1.32  1.79  9.64]
-29.750442 [  5.     -0.25  -10.812] [-0.04  1.84  9.63]
-29.85211 [  4.938  -0.875 -11.125] [-0.15  1.89  9.61]
-29.954515 [  4.875  -1.437 -11.312] [-0.24  1.92  9.61]
-30.057651 [  4.813  -2.    -11.437] [-0.33  1.94  9.6 ]
-30.16 [  4.75   -2.5   -11.437] [-0.43  1.94  9.6 ]
-30.261213 [  4.688  -3.    -11.437] [-0.52  1.94  9.59]
-30.362641 [  4.625  -3.5   -11.437] [-0.6   1.95  9.59]
-30.464399 [  4.563  -3.875 -11.437] [-0.66  1.95  9.58]
-30.567501 [  4.563  -4.25  -11.437] [-0.72  1.94  9.58]
-30.670389 [  4.5    -4.625 -11.25 ] [-0.79  1.91  9.58]
-30.771583 [  4.438  -5.    -10.875] [-0.85  1.85  9.59]
-30.873316 [  4.375  -5.25  -10.437] [  -0.9     1.77 -318.08]
-30.974631 [  4.438  -5.375 -10.062] [-0.92  1.7   9.61]
-31.076202 [ 4.375 -5.375 -9.562] [-0.92  1.62  9.62]
-31.177542 [ 4.375 -5.437 -9.125] [-0.93  1.55  9.63]
-31.279176 [ 4.375 -5.437 -8.625] [-0.93  1.46  9.65]
-31.380593 [ 4.375 -5.437 -8.187] [-0.93  1.39  9.66]
-31.481863 [ 4.375 -5.437 -7.875] [-0.93  1.33  9.66]
-31.583732 [ 4.313 -5.437 -7.375] [-0.93  1.26  9.68]
-31.686454 [ 4.313 -5.312 -6.75 ] [-0.91  1.15  9.69]
-31.788052 [ 4.375 -4.875 -6.437] [-0.83  1.1   9.7 ]
-31.891204 [ 4.438 -3.937 -6.312] [-0.67  1.07  9.72]
-31.993177 [ 4.438 -3.312 -6.125] [-0.57  1.04  9.73]
-32.09547 [ 4.5   -3.062 -6.062] [-0.52  1.03  9.73]
-32.198029 [ 4.5   -2.562 -6.   ] [-0.44  1.02  9.74]
-32.30153 [ 4.563 -1.875 -6.   ] [-0.33  1.02  9.74]
-32.40354 [ 4.563 -1.5   -6.   ] [-0.26  1.02  9.74]
-32.505798 [ 3.437 -1.062 -6.   ] [-0.18  1.02  9.75]
-32.608708 [ 4.625 -0.625 -6.   ] [-0.11  1.02  9.75]
-32.712016 [ 4.625 -0.375 -6.062] [-0.07  1.03  9.75]
-32.813873 [ 4.625 -0.187 -6.312] [-0.03  1.08  9.74]
-32.917824 [ 4.625  0.063 -6.687] [ 1.29  1.14  9.73]
-33.021529 [ 4.625  0.25  -7.125] [ 1.32  1.21  9.73]
-33.124014 [ 4.625  0.25  -7.687] [ 1.33  1.31  9.71]
-33.224432 [ 4.625  0.25  -8.25 ] [ 1.33  1.41  9.7 ]
-33.32581 [ 4.625  0.313 -8.75 ] [ 0.05  1.49  9.69]
-33.426493 [ 4.625  0.313 -9.187] [ 1.34  1.57  9.67]
-33.528088 [ 4.625  0.375 -9.562] [ 1.34  1.63  9.66]
-33.629496 [  4.625   0.375 -10.   ] [ 1.34  1.7   9.65]
-33.730749 [  4.625   0.25  -10.437] [ 1.32  1.78  9.64]
-33.847246 [  3.437  -0.312 -10.875] [-0.05  1.85  9.63]
-33.950259 [  4.5    -0.937 -11.187] [-0.16  1.9   9.61]
-34.052835 [  4.5    -1.375 -11.437] [-0.23  1.94  9.6 ]
-34.153923 [  4.438  -1.937 -11.5  ] [-0.33  1.95  9.6 ]
-34.25518 [  4.375  -2.5   -11.5  ] [-0.43  1.96  9.59]
-34.355933 [  4.313  -2.937 -11.5  ] [  -0.51 -325.72    9.59]
-34.457467 [  3.75   -3.437 -11.562] [-0.59  1.96  9.58]
-34.559245 [  4.188  -3.875 -11.562] [-0.67  1.96  9.58]
-34.664721 [  4.125  -4.312 -11.437] [-0.74  1.94  9.58]
-34.765406 [  4.125  -4.562 -11.125] [-0.78  1.88  9.59]
-34.87869 [  4.063  -4.937 -10.75 ] [-0.84  1.82  9.59]
-34.981507 [  4.     -5.187 -10.375] [-0.89  1.76  9.6 ]
-35.082436 [ 4.    -5.375 -9.875] [-0.92  1.68  9.61]
-35.183217 [    4.     2042.625    -9.437] [-0.92  1.61  9.62]
-35.284149 [ 4.    -5.375 -9.   ] [-0.92  1.54  9.64]
-35.384962 [ 4.    -5.437 -8.437] [-0.93  1.44  9.65]
-35.486502 [ 4.    -5.437 -8.062] [-0.93  1.37  9.66]
-35.587162 [ 3.938 -5.437 -7.75 ] [-0.93  1.31  9.67]
-35.688313 [ 3.938 -5.437 -7.125] [-0.93  1.21  9.68]
-35.788922 [ 3.938 -5.375 -6.625] [-0.92  1.13  9.69]
-35.905009 [ 3.938 -4.937 -6.375] [-0.85  1.09  9.7 ]
-36.007196 [ 4.    -4.25  -6.187] [-0.72  1.06  9.72]
-36.108667 [ 4.    -3.5   -6.125] [-0.6   1.04  9.73]
-36.210341 [ 4.063 -3.125 -6.062] [-0.53  1.04  9.73]
-36.313194 [ 3.937 -2.625 -6.062] [-0.45  1.03  9.74]
-36.415048 [ 4.125 -2.    -6.   ] [-0.35  1.03  9.74]
-36.517121 [ 4.125 -1.562 -6.   ] [-0.26  1.03  9.74]
-36.618818 [ 4.125 -1.125 -6.   ] [-0.2   1.03  9.75]
-36.719965 [ 4.188 -0.687 -6.   ] [-0.12  1.02  9.75]
-36.821846 [ 4.188 -0.312 -6.062] [-0.06  1.03  9.75]
