-0.045133 [ 2.875 -2.437 -1.187] [-0.41  1.56  9.67]
-0.10806 [ 3.063 -9.062 -1.125] [ -1.80000000e-01   1.56000000e+00  -3.19290000e+02]
-0.168842 [ 3.25   0.25  -9.062] [  4.00000000e-02   2.60000000e-01  -3.19280000e+02]
-0.229336 [ 3.375  1.125 -8.937] [  1.90000000e-01   2.50000000e-01  -3.19280000e+02]
-0.289883 [ 3.375  1.    -9.   ] [  1.70000000e-01   2.50000000e-01  -3.19280000e+02]
-0.350374 [ 3.375  0.938 -9.062] [  1.60000000e-01   2.60000000e-01  -3.19280000e+02]
-0.4109 [ 3.375  0.875 -9.312] [ 0.15  0.31  8.39]
-0.471885 [ 3.313  0.813 -9.687] [  1.40000000e-01   3.70000000e-01  -3.19300000e+02]
-0.532419 [  3.313   0.625 -10.   ] [  1.00000000e-01   4.20000000e-01  -3.19310000e+02]
-0.59289 [  3.25    0.375 -10.312] [  7.00000000e-02   4.70000000e-01  -3.19320000e+02]
-0.654595 [  3.25    0.063 -10.625] [ 0.01  1.81  9.63]
-0.717435 [ 3.125 -8.562 -3.   ] [ -8.00000000e-02   1.86000000e+00  -3.18060000e+02]
-0.779083 [ 3.063 -9.062 -3.25 ] [ -1.80000000e-01   1.91000000e+00  -3.19350000e+02]
-0.839624 [  2.875 -10.125  -3.5  ] [  -0.36 -325.73 -319.36]
-0.900216 [  2.75  -11.25   -3.875] [  -0.55 -325.66    8.29]
-0.960878 [  2.813 -11.437  -3.937] [  -0.59 -325.65    8.29]
-1.021581 [  2.813 -11.687  -3.937] [  -0.63 -325.65    8.29]
-1.08221 [    2.813  2035.938    -3.937] [ 326.99 -325.65    8.28]
-1.142789 [  2.875  -4.375 -11.937] [ 326.93    2.02    9.56]
-1.205086 [  2.813  -4.687 -11.812] [-0.8   2.01  9.56]
-1.268023 [    2.813  2035.       -3.437] [-0.84  1.95  9.57]
-1.329779 [    2.75   2034.75     -3.125] [ 326.78    1.88    8.3 ]
-1.390483 [    2.75   2034.563    -2.75 ] [ 326.75    1.82    8.31]
-1.451157 [    2.75   2034.563    -2.25 ] [ 326.75    1.74 -319.36]
-1.511882 [  2.75000000e+00   2.03450000e+03  -1.81200000e+00] [ 326.74    1.67 -319.35]
-1.572985 [  2.81300000e+00   2.03450000e+03  -1.37500000e+00] [ 326.74    1.59 -319.34]
-1.633481 [  2.81300000e+00   2.03450000e+03  -8.75000000e-01] [ 326.74    1.51 -319.32]
-1.694027 [ 2.813 -5.5   -8.5  ] [-0.94  1.44  9.65]
-1.757014 [  2.75000000e+00   2.04250000e+03  -1.87000000e-01] [-0.94  1.39  9.66]
-1.81926 [    2.75   2034.5    2040.375] [ 326.74    1.32 -319.29]
-1.880634 [    2.75   2034.625  2040.875] [ 326.76 -325.19 -319.28]
-1.941292 [    2.75   2035.063  2041.25 ] [ 326.83 -325.25 -319.26]
-2.001882 [    2.813  2035.688  2041.563] [ 326.94 -325.3  -319.25]
-2.062542 [    2.813   -11.562  2041.625] [  -0.61 -325.31 -319.24]
-2.123217 [    2.875   -11.062  2041.625] [  -0.53 -325.32 -319.23]
-2.183725 [    2.875   -10.562  2041.688] [  -0.44 -325.32 -319.23]
-2.24432 [ 2.938 -2.062 -6.312] [-0.35  1.07  9.74]
-2.307199 [  2.93800000e+00  -1.56200000e+00   2.04175000e+03] [-0.27  1.07  9.74]
-2.369592 [    3.       -9.125  2041.75 ] [ -2.00000000e-01  -3.26610000e+02  -3.19220000e+02]
-2.430865 [    3.       -8.687  2041.688] [ -1.20000000e-01  -3.25320000e+02  -3.19220000e+02]
-2.491286 [    3.       -8.437  2041.5  ] [ -7.00000000e-02  -3.25290000e+02  -3.19220000e+02]
-2.551668 [    2.938    -8.25   2041.125] [ -4.00000000e-02  -3.25230000e+02  -3.19230000e+02]
-2.612123 [    3.        0.     2032.813] [   0.   -326.45 -319.24]
-2.672625 [  3.00000000e+00   1.25000000e-01   2.03231300e+03] [  2.00000000e-02   3.00000000e-02  -3.19250000e+02]
-2.732814 [ 3.     0.188 -8.187] [  3.00000000e-02   1.20000000e-01  -3.19260000e+02]
-2.793304 [ 3.     0.188 -8.75 ] [  4.00000000e-02   2.10000000e-01  -3.19270000e+02]
-2.853832 [ 3.     0.25  -9.187] [  4.00000000e-02   2.80000000e-01  -3.19280000e+02]
-2.914354 [ 3.     0.25  -9.625] [  4.00000000e-02   3.50000000e-01  -3.19300000e+02]
-2.974933 [  3.     0.25 -10.  ] [  4.00000000e-02   4.20000000e-01  -3.19310000e+02]
-3.035572 [  3.      0.188 -10.375] [  3.00000000e-02   4.90000000e-01  -3.19320000e+02]
-3.096323 [  2.938   0.    -10.75 ] [ 0.    1.82  9.63]
-3.159211 [ 2.875 -8.5   -3.062] [-0.07  1.88  9.62]
-3.247896 [  2.813  -1.312 -11.375] [-0.22  1.94  9.6 ]
-3.350912 [ 10.75   -2.062 -11.625] [-0.35  1.97  9.59]
-3.452934 [ 10.688  -2.5   -11.687] [-0.43  1.99  9.59]
-3.554525 [ 10.625  -3.062 -11.75 ] [-0.53  1.99  9.58]
-3.657218 [ 10.625  -3.5   -11.75 ] [-0.6   1.99  9.58]
-3.760518 [ 10.563  -3.875 -11.75 ] [-0.66  1.99  9.57]
-3.862972 [ 10.5    -4.312 -11.75 ] [-0.73  1.99  9.57]
-3.964843 [ 10.438  -4.687 -11.562] [-0.8   1.96  9.57]
-4.066869 [ 10.438  -5.    -11.125] [-0.85  1.89  9.58]
-4.170043 [ 10.375  -5.312 -10.75 ] [-0.91  1.83  9.58]
-4.272729 [ 10.375  -5.375 -10.312] [-0.92  1.75  9.6 ]
-4.374619 [ 10.375  -5.437  -9.937] [-0.93  1.68  9.61]
-4.476182 [ 10.375 -13.437  -9.5  ] [-0.93  1.61  9.62]
-4.579642 [ 10.375  -5.437  -9.   ] [-0.93  1.53  9.64]
-4.681071 [ 10.375  -5.437  -8.625] [-0.93  1.47  9.65]
-4.782497 [ 10.313  -5.437  -8.437] [-0.93  1.44  9.65]
-4.884082 [ 10.313  -5.437  -7.937] [-0.93  1.35  9.66]
-4.985531 [ 10.313  -5.25   -7.25 ] [-0.9   1.23  9.68]
-5.087117 [ 10.375  -4.687  -6.937] [-0.81  1.18  9.7 ]
-5.188697 [ 10.375  -3.937  -6.75 ] [-0.67  1.15  9.71]
-5.290273 [ 10.438  -3.375  -6.5  ] [-0.58  1.11  9.72]
-5.391829 [ 10.438  -3.062  -6.437] [-0.53  1.1   9.73]
-5.493568 [ 10.438  -2.562  -6.375] [-0.44  1.09  9.73]
-5.59519 [ 10.5    -2.     -6.375] [-0.34  1.08  9.73]
-5.696753 [ 10.5    -1.562  -6.375] [-0.27  1.08  9.74]
-5.799053 [ 10.563  -1.125  -6.312] [ -1.90000000e-01   1.08000000e+00  -3.17940000e+02]
-5.901234 [ 2.563 -0.687 -6.312] [-0.12  1.08  9.74]
-6.004379 [ 10.563  -0.437  -6.375] [-0.07  1.09  9.74]
-6.106097 [ 10.625  -0.187  -6.687] [-0.03  1.14  9.73]
-6.208107 [ 10.625   0.063  -7.   ] [ 1.29  1.2   9.73]
-6.310591 [ 10.625   0.188  -7.375] [ 0.04  1.26  9.72]
-6.414013 [ 10.625   0.25   -7.875] [ 1.33  1.34  9.71]
-6.515845 [ 10.625   0.25   -8.5  ] [ 1.33  1.45  9.69]
-6.617565 [ 10.625   0.313  -9.   ] [ 1.33  1.53  9.68]
-6.719326 [ 2.625  0.313 -9.437] [ 1.33  1.61  9.67]
-6.822367 [ 10.625   0.313  -9.812] [ 0.06  1.67  9.66]
-6.925495 [ 10.625   0.313 -10.25 ] [ 1.34  1.74  9.64]
-7.027373 [ 10.625   0.25  -10.625] [ 1.32  1.81  9.63]
-7.128793 [ 10.563  -0.187 -10.937] [-0.03  1.86  9.62]
-7.230278 [ 10.5    -0.875 -11.25 ] [-0.15  1.92  9.61]
-7.331998 [ 10.313  -2.25  -11.937] [-0.38  2.03  9.58]
-7.433824 [ 10.313  -2.437 -12.   ] [-0.41  2.04  9.58]
-7.535575 [ 10.313  -2.75  -12.   ] [-0.46  2.04  9.58]
-7.637572 [ 10.25   -3.187 -12.   ] [-0.55  2.04  9.57]
-7.739164 [ 10.25   -3.625 -12.   ] [-0.62  2.04  9.57]
-7.840657 [ 10.188  -4.    -12.   ] [-0.68  2.03  9.56]
-7.942183 [ 10.125  -4.25  -11.812] [-0.73  2.    9.57]
-8.04378 [ 10.125  -4.5   -11.437] [-0.77  1.94  9.57]
-8.145365 [ 10.063  -4.812 -11.062] [-0.82  1.88  9.58]
-8.247227 [ 10.     -5.125 -10.687] [-0.87  1.81  9.59]
-8.347707 [ 10.     -5.25  -10.187] [-0.9   1.72  9.61]
-8.448229 [ 10.    -5.25  -9.75] [-0.9   1.65  9.62]
-8.549002 [ 10.063  -5.25   -9.312] [-0.9   1.58  9.63]
-8.650321 [ 10.    -5.25  -8.75] [-0.9   1.49  9.64]
-8.751289 [ 10.     -5.25   -8.437] [-0.9   1.43  9.65]
-8.853205 [ 10.     -5.25   -8.125] [-0.9   1.38  9.66]
-8.955393 [ 9.938 -5.25  -7.5  ] [-0.9   1.28  9.67]
-9.057104 [ 9.938 -5.187 -7.   ] [-0.89  1.2   9.69]
-9.158215 [ 9.938 -4.75  -6.75 ] [-0.82  1.15  9.7 ]
-9.258773 [ 10.     -4.062  -6.562] [-0.69  1.11  9.71]
-9.359364 [ 10.063  -3.375  -6.375] [-0.57  1.09  9.72]
-9.459967 [ 10.063  -2.937  -6.312] [-0.51  1.08  9.73]
-9.560585 [ 10.063  -2.5    -6.312] [-0.42  1.08  9.73]
-9.662052 [ 10.125  -1.937  -6.312] [-0.33  1.08  9.74]
-9.764401 [ 2.125 -1.5   -6.312] [-0.25  1.08  9.74]
-9.866645 [ 10.188  -1.     -6.312] [-0.18  1.08  9.74]
-9.967808 [ 10.188  -0.562  -6.312] [-0.1   1.08  9.74]
-10.068716 [ 10.188  -0.25   -6.312] [-0.04  1.08  9.74]
-10.169343 [ 10.188   0.     -6.625] [ 1.28  1.13  9.74]
-10.269787 [ 10.25    0.375  -7.   ] [ 1.34  1.19  9.73]
-10.370345 [ 10.25    0.563  -7.312] [ 1.38  1.25  9.72]
-10.470818 [ 10.25    0.563  -7.875] [ 1.38  1.34  9.71]
-10.57213 [ 10.25    0.563  -8.562] [ 1.38  1.46  9.69]
-10.673604 [ 10.25    0.563  -8.937] [ 1.38  1.53  9.68]
-10.776866 [ 10.25    0.563  -9.437] [ 0.1   1.6   9.67]
-10.879701 [ 10.25    0.563  -9.75 ] [ 1.38  1.67  9.66]
-10.982145 [ 10.25    0.563 -10.125] [ 1.37  1.73  9.65]
-11.084138 [ 10.188   0.313 -10.5  ] [ 1.33  1.79  9.64]
-11.185864 [ 10.188   0.    -10.812] [ 1.28  1.84  9.63]
-11.287173 [ 10.125  -0.687 -11.125] [-0.12  1.89  9.62]
-11.388628 [ 10.     -1.5   -11.562] [-0.25  1.96  9.6 ]
-11.489921 [  9.938  -1.937 -11.75 ] [-0.33  2.    9.59]
-11.591215 [  9.875  -2.437 -11.812] [-0.42  2.    9.58]
-11.692789 [  9.813  -2.937 -11.812] [-0.5   2.01  9.58]
-11.794096 [  1.813  -3.437 -11.812] [-0.58  2.01  9.58]
-11.895783 [  9.75   -3.812 -11.812] [ 327.03    2.01    9.57]
-11.999782 [  9.688  -4.125 -11.812] [-0.7   2.    9.57]
-12.102034 [  9.688  -4.437 -11.562] [-0.76  1.96  9.57]
-12.204052 [  1.625  -4.75  -11.187] [-0.81  1.9   9.58]
-12.307173 [  9.563  -5.    -10.875] [-0.86  1.84  9.59]
-12.410058 [  9.563  -5.125 -10.375] [-0.88  1.77  9.6 ]
-12.512054 [ 9.563 -5.125 -9.937] [-0.88  1.69  9.61]
-12.613633 [ 9.563 -5.125 -9.562] [-0.88  1.62  9.63]
-12.715662 [ 9.563 -5.125 -9.062] [-0.88  1.54  9.64]
-12.818934 [ 9.563 -5.125 -8.625] [-0.88  1.47  9.65]
-12.921246 [ 9.5   -5.125 -8.375] [-0.88  1.43  9.66]
-13.022957 [ 9.5   -5.125 -7.937] [-0.88  1.35  9.67]
-13.12464 [ 9.5   -5.125 -7.25 ] [-0.87  1.23  9.68]
-13.226972 [ 1.5   -4.75  -6.875] [-0.82  1.17  9.7 ]
-13.330297 [ 9.5   -4.062 -6.5  ] [-0.71  1.12  9.71]
-13.432585 [ 9.563 -3.312 -6.312] [-0.57  1.08  9.72]
-13.534205 [ 9.563 -2.875 -6.312] [-0.49  1.08  9.73]
-13.635868 [ 9.625 -2.437 -6.312] [-0.42  1.07  9.73]
-13.73705 [ 9.625 -1.875 -6.312] [-0.32  1.07  9.74]
-13.838485 [ 9.688 -1.312 -6.312] [-0.23  1.07  9.74]
-13.940083 [ 9.688 -0.937 -6.312] [-0.16  1.07  9.74]
-14.041817 [ 9.688 -0.5   -6.312] [-0.09  1.07  8.46]
-14.143833 [ 9.75  -0.125 -6.375] [-0.02  1.09  9.74]
-14.245529 [ 9.75   0.    -6.687] [ 1.28  1.14  9.73]
-14.346991 [ 9.75   0.188 -7.125] [ 1.31  1.21  9.73]
-14.448289 [ 9.75   0.375 -7.5  ] [ 1.35  1.28  9.72]
-14.549827 [ 9.75   0.438 -8.   ] [ 1.36  1.37  9.7 ]
-14.6512 [ 9.75   0.5   -8.625] [ 1.37  1.46  9.69]
-14.753322 [ 9.75   0.563 -9.125] [ 1.37  1.54  9.68]
-14.854767 [ 9.75   0.563 -9.562] [ 1.37  1.63  9.66]
-14.956296 [ 1.75   0.563 -9.937] [ 1.37  1.69  9.65]
-15.057875 [  9.75    0.563 -10.375] [ 1.37  1.77  9.64]
-15.160808 [  9.75    0.375 -10.75 ] [ 1.35  1.82  9.63]
-15.263679 [  9.688   0.    -11.   ] [ 1.28  1.88  9.62]
-15.365555 [  9.625  -0.625 -11.312] [-0.11  1.93  9.61]
-15.467141 [  1.625  -1.187 -11.5  ] [-0.21  1.96  9.6 ]
-15.569997 [  9.5    -1.812 -11.687] [-0.31  1.99  9.59]
-15.673174 [  9.438  -2.312 -11.75 ] [-0.39  1.99  9.59]
-15.775307 [  9.375  -2.812 -11.75 ] [-0.48  2.    9.58]
-15.877048 [  9.375  -3.25  -11.75 ] [-0.55  2.    9.58]
-15.979052 [  9.313  -3.625 -11.75 ] [-0.62  2.    9.57]
-16.082215 [  9.25   -4.062 -11.75 ] [-0.69  1.99  9.57]
-16.184896 [  9.188  -4.437 -11.5  ] [-0.76  1.95  9.57]
-16.286805 [  9.188  -4.75  -11.187] [-0.81  1.89  9.58]
-16.388513 [  9.125  -5.062 -10.812] [-0.87  1.83  9.59]
-16.489971 [  9.125  -5.187 -10.312] [-0.89  1.75  9.6 ]
-16.591811 [ 9.125 -5.187 -9.875] [-0.89  1.67  9.62]
-16.693449 [ 9.125 -5.187 -9.437] [  -0.89    1.6  -318.05]
-16.795213 [ 9.125 -5.187 -8.875] [-0.89  1.52  9.64]
-16.896611 [ 9.125 -5.187 -8.5  ] [-0.89  1.44  9.65]
-16.998193 [ 9.125 -5.187 -8.25 ] [-0.89  1.4   9.66]
-17.099772 [ 9.125 -5.187 -7.75 ] [-0.89  1.32  9.67]
-17.201067 [ 9.063 -5.062 -7.125] [-0.87  1.21  9.69]
-17.302666 [ 9.125 -4.562 -6.812] [-0.78  1.16  9.7 ]
-17.404381 [ 9.188 -3.687 -6.562] [-0.64  1.13  9.71]
-17.506247 [ 9.188 -3.125 -6.375] [-0.53  1.09  9.73]
-17.607837 [ 9.188 -2.75  -6.312] [-0.47  1.07  9.73]
-17.7098 [ 9.25 -2.25 -6.25] [-0.38  1.07  9.74]
-17.811755 [ 9.25  -1.687 -6.25 ] [-0.29  1.07  9.74]
-17.914888 [ 9.313 -1.25  -6.187] [-0.22  1.06  9.74]
-18.017152 [ 9.313 -0.812 -6.187] [-0.14  1.06  9.74]
-18.119179 [ 9.313 -0.375 -6.187] [-0.07  1.06  9.74]
-18.221181 [ 9.313 -0.187 -6.312] [-0.03  1.07  9.74]
-18.324488 [ 9.375  0.    -6.625] [ 1.28  1.12  9.74]
-18.426793 [ 9.375  0.25  -7.   ] [ 1.32  1.19  9.73]
-18.528079 [ 9.375  0.438 -7.375] [ 1.35  1.25  9.72]
-18.630105 [ 1.375  0.438 -7.937] [ 1.36  1.35  9.71]
-18.732417 [ 1.375  0.438 -8.5  ] [ 1.36  1.45  9.69]
-18.835862 [ 9.375  0.438 -9.   ] [ 1.36  1.52  9.68]
-18.938277 [ 9.375  0.438 -9.437] [ 1.36  1.61  9.67]
-19.039873 [ 9.375  0.438 -9.75 ] [ 0.08  1.66  9.66]
-19.141455 [  9.375   0.438 -10.187] [ 1.36  1.74  9.65]
-19.24293 [  9.375   0.375 -10.625] [ 1.35  1.81  9.63]
-19.344746 [  9.313   0.    -10.937] [ 1.28  1.86  9.62]
-19.446204 [  9.25   -0.687 -11.25 ] [-0.11  1.91  9.61]
-19.551063 [  9.188  -1.187 -11.875] [-0.21  2.02  9.59]
-19.65265 [  9.188  -1.562 -11.937] [-0.27  2.03  9.59]
-19.754102 [  9.125  -2.062 -11.937] [-0.35  2.03  9.58]
-19.856334 [  9.063  -2.625 -11.937] [-0.44  2.03  9.58]
-19.958585 [  9.     -3.187 -11.937] [-0.54  2.03  9.57]
-20.06005 [  8.938  -3.625 -11.937] [-0.62  2.03  9.57]
-20.161583 [  8.938  -4.    -11.812] [-0.68  2.01  9.57]
-20.264687 [  8.875  -4.312 -11.5  ] [-0.74  1.95  9.58]
-20.367878 [  8.813  -4.687 -11.125] [-0.8   1.89  9.58]
-20.470091 [  8.813  -4.937 -10.75 ] [-0.85  1.82  9.59]
-20.571907 [  0.813  -5.125 -10.25 ] [-0.88  1.74  9.6 ]
-20.674645 [ 8.813 -5.187 -9.812] [-0.88  1.67  9.62]
-20.777939 [ 8.813 -5.187 -9.312] [-0.89  1.59  9.63]
-20.880123 [ 8.813 -5.187 -8.875] [-0.89  1.51  9.64]
-20.981533 [ 8.813 -5.187 -8.5  ] [-0.89  1.45  9.65]
-21.083553 [ 0.813 -5.187 -8.187] [-0.89  1.4   9.66]
-21.186691 [ 8.75  -5.187 -7.562] [-0.89  1.3   9.67]
-21.289303 [ 8.75  -5.187 -7.062] [-0.88  1.21  9.69]
-21.391691 [ 8.75  -4.75  -6.875] [-0.82  1.17  9.7 ]
-21.494688 [ 8.813 -4.    -6.625] [-0.68  1.13  9.71]
-21.598294 [  8.813 -11.312  -6.437] [-0.56  1.1   9.72]
-21.701479 [ 8.875 -2.812 -6.437] [-0.48  1.09  9.73]
-21.802933 [  8.875 -10.312  -6.375] [-0.4   1.09  9.73]
-21.904384 [ 8.938 -1.812 -6.375] [-0.31  1.09  9.74]
-22.006081 [ 8.938 -1.375 -6.375] [-0.24  1.09  9.74]
-22.107818 [ 9.    -1.    -6.375] [-0.17  1.09  9.74]
-22.209534 [ 9.    -0.5   -6.375] [-0.1   1.09  9.74]
-22.312414 [ 9.    -0.25  -6.375] [-0.05  1.09  9.74]
-22.419001 [ 9.     0.    -6.687] [-0.01  1.14  9.73]
-22.524457 [ 9.063  0.25  -7.062] [ 1.33  1.21  9.73]
-22.62732 [ 9.063  0.438 -7.437] [ 0.08  1.27  9.72]
-22.730177 [ 9.063  0.563 -8.   ] [ 0.09  1.35  9.71]
-22.832061 [ 9.063  0.563 -8.625] [ 1.37  1.47  9.69]
-22.933504 [ 9.063  0.563 -9.   ] [ 1.38  1.54  9.68]
-23.03578 [ 9.063  0.563 -9.5  ] [ 1.38  1.62  9.67]
-23.138947 [ 9.063  0.563 -9.875] [ 1.38  1.68  9.66]
-23.241561 [  9.063   0.563 -10.25 ] [ 1.37  1.74  9.64]
-23.343509 [  9.      0.25  -10.625] [ 1.33  1.8   9.63]
-23.448015 [  9.     -0.125 -10.875] [-0.02  1.85  9.62]
-23.551751 [  8.938  -0.812 -11.187] [-0.13  1.89  9.62]
-23.671261 [  8.875  -1.312 -11.437] [-0.22  1.94  9.6 ]
-23.738222 [  0.875  -1.5   -11.5  ] [-0.25  1.96  9.6 ]
-23.801307 [ 0.813 -9.875 -3.562] [ -3.10000000e-01  -3.25710000e+02   8.32000000e+00]
-23.861999 [  0.75  -10.375  -3.625] [  -0.4  -325.7     8.31]
-23.922913 [  0.688 -10.875  -3.687] [  -0.49 -325.69    8.3 ]
-23.984408 [  0.625 -11.375  -3.687] [  -0.58 -325.69    8.3 ]
-24.045482 [  0.625 -11.812  -3.75 ] [ 327.03 -325.69    8.29]
-24.10649 [  5.63000000e-01   2.03581300e+03  -3.68700000e+00] [ 326.97 -325.7     8.29]
-24.167009 [  0.5    -4.5   -11.375] [ 326.92 -325.75    8.3 ]
-24.229934 [  5.00000000e-01   2.03518800e+03  -3.12500000e+00] [-0.82  1.88  9.58]
-24.292461 [  4.38000000e-01   2.03493800e+03  -2.68700000e+00] [ 326.81    1.81    8.31]
-24.354876 [  4.38000000e-01   2.03487500e+03  -2.25000000e+00] [ 326.81    1.73 -319.35]
-24.415658 [  5.00000000e-01   2.03481300e+03  -1.81200000e+00] [ 326.8     1.66 -319.34]
-24.477584 [ 0.5   -5.187 -9.375] [-0.88  1.59  9.63]
-24.540825 [  4.38000000e-01   2.03481300e+03  -8.12000000e-01] [-0.88  1.51  9.64]
-24.602806 [  4.38000000e-01   2.03481300e+03  -5.00000000e-01] [ 326.8     1.44 -319.31]
-24.664503 [  4.38000000e-01   2.03481300e+03  -1.87000000e-01] [ 326.8     1.39 -319.3 ]
-24.725446 [  4.38000000e-01   2.03481300e+03   2.04031300e+03] [ 326.8     1.31 -319.29]
-24.786368 [  4.38000000e-01   2.03487500e+03   2.04081300e+03] [ 326.8  -325.18 -319.28]
-24.853425 [  5.00000000e-01   2.03525000e+03   2.04125000e+03] [ 326.87 -325.25 -319.26]
-24.918554 [ 0.5   -4.187 -6.5  ] [-0.71  1.11  9.71]
-24.981415 [  5.63000000e-01  -1.14370000e+01   2.04162500e+03] [-0.6   1.09  9.72]
-25.042988 [  5.63000000e-01  -1.09370000e+01   2.04168800e+03] [  -0.52 -325.32 -319.23]
-25.104695 [  6.25000000e-01  -1.04370000e+01   2.04168800e+03] [  -0.42 -325.32 -319.23]
-25.165974 [ 0.625 -9.875 -6.25 ] [ -3.20000000e-01  -3.25330000e+02  -3.19220000e+02]
-25.227421 [ 0.625 -1.437 -6.25 ] [-0.24  1.07  9.74]
-25.292112 [  6.88000000e-01  -8.93700000e+00   2.04175000e+03] [-0.18  1.07  9.74]
-25.354179 [  6.88000000e-01  -8.56200000e+00   2.04168800e+03] [ -1.00000000e-01  -3.25320000e+02  -3.19220000e+02]
-25.421929 [  6.88000000e-01  -8.25000000e+00   2.04150000e+03] [-0.04  1.1   9.74]
-25.483611 [  6.88000000e-01  -8.06200000e+00   2.04118800e+03] [ -1.00000000e-02  -3.25230000e+02  -3.19230000e+02]
-25.543951 [  6.88000000e-01   1.25000000e-01   2.03281300e+03] [  2.00000000e-02  -3.26450000e+02  -3.19240000e+02]
-25.605038 [  7.50000000e-01   3.13000000e-01   2.03237500e+03] [  5.00000000e-02   3.00000000e-02  -3.19250000e+02]
-25.665089 [ 0.75   0.313 -8.125] [  6.00000000e-02   1.10000000e-01  -3.19260000e+02]
-25.72523 [ 0.75   0.375 -8.687] [  6.00000000e-02   2.10000000e-01  -3.19270000e+02]
-25.785327 [ 0.75   0.375 -9.187] [  6.00000000e-02   2.80000000e-01  -3.19280000e+02]
-25.845642 [ 0.75   0.375 -9.562] [  6.00000000e-02   3.50000000e-01  -3.19300000e+02]
-25.905934 [  0.75    0.375 -10.   ] [  6.00000000e-02   4.20000000e-01  -3.19310000e+02]
-25.96627 [  0.75    0.375 -10.375] [  6.00000000e-02   4.90000000e-01  -3.19320000e+02]
-26.026616 [  0.688   0.188 -10.687] [  4.00000000e-02   5.30000000e-01  -3.19330000e+02]
-26.086919 [  0.688  -8.125 -10.937] [ -2.00000000e-02   1.86000000e+00  -3.19340000e+02]
-26.14758 [ 0.625 -8.687 -3.25 ] [ -1.10000000e-01   1.91000000e+00  -3.19350000e+02]
-26.20786 [ 0.5   -9.312 -3.375] [ -2.30000000e-01  -3.25750000e+02  -3.19350000e+02]
-26.267995 [  0.438  -2.    -11.562] [  -0.34 -325.72    9.6 ]
-26.329794 [  0.438  -2.5   -11.625] [-0.43  1.97  9.59]
-26.392281 [  0.375 -10.937  -3.625] [-0.5   1.97  9.59]
-26.454205 [  0.313 -11.437  -3.625] [  -0.57 -325.71    8.3 ]
-26.514702 [  0.313 -11.812  -3.625] [ 327.03 -325.71    8.3 ]
-26.575119 [  2.50000000e-01   2.03581300e+03  -3.56200000e+00] [ 326.97 -325.72    8.3 ]
-26.635266 [  1.88000000e-01   2.03543800e+03  -3.31200000e+00] [ 326.9  -325.76    8.3 ]
-26.695457 [  1.88000000e-01   2.03512500e+03  -3.00000000e+00] [ 326.85    1.87    8.31]
-26.755694 [  1.25000000e-01   2.03487500e+03  -2.68700000e+00] [ 326.8     1.81    8.31]
-26.815953 [  1.25000000e-01   2.03481300e+03  -2.25000000e+00] [ 326.79    1.73 -319.35]
-26.876155 [  1.25000000e-01   2.03481300e+03  -1.81200000e+00] [ 326.79    1.66 -319.34]
-26.936446 [  1.25000000e-01   2.03481300e+03  -1.37500000e+00] [ 326.79    1.59 -319.33]
-26.996708 [  1.88000000e-01   2.03481300e+03  -8.75000000e-01] [ 326.79    1.51 -319.32]
-27.058039 [  1.25000000e-01   2.03475000e+03  -5.00000000e-01] [ 326.79    1.44 -319.31]
-27.118265 [  1.25000000e-01   2.03475000e+03  -1.87000000e-01] [ 326.79    1.39 -319.3 ]
-27.178494 [ 0.125 -5.187 -7.75 ] [ 326.79    1.32 -319.29]
-27.239996 [ 0.125 -5.    -7.25 ] [-0.86  1.23  9.68]
-27.302707 [  1.25000000e-01   2.03543800e+03   2.04106300e+03] [ 326.9  -325.22 -319.26]
-27.363047 [  0.188 -11.812  -6.75 ] [ 327.03 -325.25 -319.25]
-27.424011 [  2.50000000e-01  -1.10620000e+01   2.04137500e+03] [-0.53  1.13  9.72]
-27.48532 [  2.50000000e-01  -1.06250000e+01   2.04143800e+03] [  -0.46 -325.28 -319.23]
-27.546222 [  3.13000000e-01  -1.01250000e+01   2.04143800e+03] [  -0.36 -325.28 -319.23]
-27.60667 [  3.13000000e-01  -9.62500000e+00   2.04150000e+03] [ -2.80000000e-01  -3.25290000e+02  -3.19230000e+02]
-27.666909 [  3.75000000e-01  -9.18700000e+00   2.04150000e+03] [ -2.00000000e-01  -3.25290000e+02  -3.19220000e+02]
-27.727266 [  3.75000000e-01  -8.75000000e+00   2.04150000e+03] [ -1.20000000e-01  -3.25290000e+02  -3.19220000e+02]
-27.78773 [  4.38000000e-01  -8.37500000e+00   2.04150000e+03] [ -6.00000000e-02  -3.25290000e+02  -3.19220000e+02]
-27.84805 [  4.38000000e-01  -8.18700000e+00   2.04143800e+03] [ -3.00000000e-02  -3.25280000e+02  -3.19220000e+02]
-27.908215 [  4.38000000e-01   6.30000000e-02   2.03318800e+03] [  1.00000000e-02  -3.26510000e+02  -3.19230000e+02]
-27.968202 [  4.38000000e-01   3.75000000e-01   2.03287500e+03] [  7.00000000e-02  -3.26460000e+02  -3.19240000e+02]
-28.028306 [  4.38000000e-01   4.38000000e-01   2.03250000e+03] [  8.00000000e-02   0.00000000e+00  -3.19240000e+02]
-28.088476 [  4.38000000e-01   4.38000000e-01   2.03200000e+03] [  8.00000000e-02   9.00000000e-02  -3.19250000e+02]
-28.14864 [ 0.438  0.438 -8.625] [  8.00000000e-02   1.90000000e-01  -3.19270000e+02]
-28.227605 [ 8.438  0.438 -9.25 ] [ 1.36  1.57  9.67]
-28.328384 [ 8.438  0.438 -9.75 ] [ 1.36  1.66  9.66]
-28.429261 [  8.438   0.438 -10.187] [ 1.36  1.73  9.65]
-28.530747 [  8.438   0.438 -10.625] [ 1.36  1.81  9.63]
-28.635339 [  8.375   0.    -11.   ] [ 1.28  1.87  9.62]
-28.737202 [  8.313  -0.687 -11.375] [-0.12  1.93  9.61]
-28.838348 [  8.063  -2.125 -11.875] [-0.37  2.02  9.58]
-28.939422 [  8.063  -2.312 -12.   ] [-0.4   2.04  9.58]
-29.041464 [  0.063  -2.562 -12.   ] [-0.44  2.04  9.58]
-29.143931 [  0.063 -11.    -12.   ] [-0.51  2.04  9.57]
-29.246012 [  8.     -3.437 -12.   ] [-0.58  2.04  9.57]
-29.348564 [  7.938  -3.875 -12.   ] [-0.66  2.03  9.56]
-29.449726 [  0.062  -4.187 -11.812] [-0.71  2.    9.57]
-29.550732 [  7.875  -4.437 -11.5  ] [-0.76  1.95  9.57]
-29.65188 [  7.875  -4.687 -11.25 ] [-0.8   1.91  9.58]
-29.752709 [  7.813  -5.    -10.875] [-0.86  1.84  9.59]
-29.853864 [  7.813  -5.187 -10.375] [-0.89  1.76  9.6 ]
-29.9548 [ 7.813 -5.187 -9.937] [-0.89  1.69  9.61]
-30.057637 [ 7.813 -5.25  -9.437] [-0.9   1.61  9.63]
-30.165023 [ 7.813 -5.25  -9.   ] [-0.9   1.53  9.64]
-30.266102 [ 7.813 -5.25  -8.625] [-0.9   1.47  9.65]
-30.367783 [ 7.75  -5.25  -8.312] [-0.9   1.42  9.66]
-30.469593 [ 7.75  -5.25  -7.687] [-0.9   1.31  9.67]
-30.570714 [ 7.75  -5.25  -7.187] [-0.9   1.23  9.68]
-30.679782 [-1688.25   2035.125  2041.063] [-0.83  1.18  9.69]
-30.741104 [-1688.25   2035.625  2041.188] [ 326.93 -325.24 -319.26]
-30.801642 [-1688.187   -11.812  2041.313] [ 327.03 -325.26 -319.25]
-30.86211 [-1688.187   -11.187  2041.375] [  -0.55 -325.27 -319.24]
-30.922629 [-1688.125   -10.812    -6.562] [  -0.48 -325.28 -319.23]
-30.983634 [ 0.125 -2.312 -6.5  ] [-0.4   1.11  9.73]
-31.04639 [  6.20000000e-02  -1.81200000e+00   2.04156300e+03] [-0.31  1.1   9.73]
-31.108719 [-1688.062    -9.312  2041.563] [ -2.30000000e-01  -3.26580000e+02  -3.19220000e+02]
-31.169339 [-1688.062    -8.875  2041.563] [ -1.50000000e-01  -3.25300000e+02  -3.19220000e+02]
-31.229884 [    0.       -8.437  2041.563] [ -7.00000000e-02  -3.25300000e+02  -3.19220000e+02]
