-0.045123 [ 0.063 -9.562 -1.   ] [-0.27  1.53  9.68]
-0.107482 [ -1.68812500e+03   2.03562500e+03  -1.25000000e+00] [ 326.93    1.57 -319.32]
-0.167993 [ -1.68856200e+03  -8.25000000e+00  -3.75000000e-01] [  -1.4     1.41 -319.36]
-0.228537 [-1689.25     -9.937  2043.438] [  -1.69 -325.64 -319.34]
-0.292052 [  1.687 -10.437  -1.5  ] [-1.77  0.26  9.64]
-0.395045 [  6.063 -10.75    0.75 ] [-0.55 -0.12  9.63]
-0.497514 [  5.938 -10.187   1.   ] [-0.46 -0.17  9.64]
-0.599208 [ 5.875 -9.25   1.   ] [-0.29 -0.17  9.67]
-0.700546 [ 5.813 -8.937  0.438] [-0.24 -0.08  9.68]
-0.801869 [ 5.688 -8.125 -0.062] [-0.1   0.01  9.7 ]
-0.902966 [ 5.688 -7.125 -0.875] [-1.21  0.15  9.72]
-1.00415 [ 5.625 -6.375 -2.   ] [-1.09  0.34  9.73]
-1.105271 [ 5.5   -6.    -4.062] [-1.02  0.69  9.72]
-1.206597 [ 5.375 -5.687 -7.   ] [-0.98  1.19  9.68]
-1.308028 [  5.25   -5.5   -10.125] [-0.94  1.67  9.61]
-1.411695 [  5.063  -5.375 -12.937] [-0.92  2.19  9.51]
-1.512947 [  4.938  -4.875 -17.312] [-0.84  2.91  9.32]
-1.61388 [  5.063  -4.687 -20.125] [-0.8   3.36  9.17]
-1.71511 [  5.125  -4.562 -20.187] [-0.79  3.38  9.17]
-1.816402 [  5.188  -4.375 -19.812] [-0.75  3.32  9.19]
-1.917955 [  5.375  -3.75  -18.812] [-0.67  3.17  9.25]
-2.019825 [  5.75   -2.062 -17.5  ] [-0.35  2.94  9.34]
-2.121275 [  6.25    0.813 -15.875] [ 1.42  2.69  9.42]
-2.223093 [  6.563   3.313 -14.625] [ 1.85  2.47  9.47]
-2.325842 [  6.75    4.188 -14.   ] [ 1.99  2.37  9.48]
-2.429054 [  7.188   5.25  -12.937] [ 0.89  2.2   9.51]
-2.531255 [  7.563   6.375 -11.125] [ 2.37  1.88  9.56]
-2.632549 [  7.688   7.875 -10.25 ] [ 1.34  1.73  9.55]
-2.734344 [ 7.75   9.    -9.875] [ 1.53  1.66  9.54]
-2.83917 [  7.75   11.125 -10.   ] [ 1.87  1.66  9.48]
-2.941309 [  7.563  12.188 -10.812] [ 2.08  1.8   9.41]
-3.04288 [  7.625  13.063 -10.25 ] [ 2.21  1.7   9.39]
-3.145158 [  7.688  13.688  -9.75 ] [ 2.32  1.62  9.38]
-3.24826 [  7.813  13.875  -8.937] [ 2.36  1.49  9.39]
-3.351174 [  7.875  13.438  -7.75 ] [ 2.28  1.29  9.44]
-3.452718 [  8.     12.813  -6.687] [ 2.18  1.12  9.49]
-3.55419 [  8.125  12.     -5.125] [ 2.04  0.86  9.55]
-3.655982 [  8.    10.    -4.75] [ 1.7   0.8   9.62]
-3.758025 [ 8.375  5.625 -3.75 ] [ 2.24  0.63  9.73]
-3.859703 [ 8.438  0.313 -2.562] [ 1.42  0.46  9.79]
-3.961307 [ 8.188 -4.562 -1.375] [-0.69  0.26  9.77]
-4.062686 [  7.5   -11.125  -0.687] [-0.62  0.11  9.61]
-4.163991 [  7.125 -12.75    0.   ] [-0.89  0.    9.56]
-4.265478 [  7.563 -11.625   1.063] [-0.7  -0.18  9.6 ]
-4.36719 [  7.563 -11.75    1.375] [-0.72 -0.23  9.59]
-4.46889 [  7.25  -11.437   1.625] [-0.66 -0.27  9.6 ]
-4.57106 [  6.875 -10.687   1.5  ] [-1.84 -0.25  9.62]
-4.673442 [ 6.875 -9.687  0.688] [-0.37 -0.12  9.66]
-4.774899 [ 6.813 -8.25  -0.312] [-0.13  0.06  9.7 ]
-4.877439 [ 6.75  -7.437 -0.937] [-1.27  0.16  9.72]
-4.980578 [ 6.75  -6.687 -1.812] [-1.16  0.3   9.73]
-5.082656 [ 6.688 -6.312 -2.875] [-1.08  0.49  9.73]
-5.184664 [ 6.563 -6.    -5.062] [-1.03  0.86  9.71]
-5.28658 [ 1.5   -5.875 -8.062] [-1.    1.37  9.65]
-5.389367 [  6.313  -5.625 -11.312] [-0.96  1.92  9.56]
-5.492201 [  6.063  -5.375 -16.062] [-0.92  2.62  9.4 ]
-5.594066 [  6.188  -5.75  -19.125] [-0.98  3.19  9.21]
-5.695015 [  6.063  -5.875 -19.625] [-1.    3.27  9.18]
-5.796896 [  2.     -6.187 -19.25 ] [-1.05  3.21  9.2 ]
-5.902222 [  6.     -6.25  -18.875] [-1.08  3.16  9.21]
-6.004629 [  6.313  -4.937 -18.   ] [-0.85  3.02  9.29]
-6.106018 [  6.813  -2.5   -16.937] [-0.43  2.86  9.37]
-6.207477 [  7.313   0.25  -16.062] [ 1.32  2.71  9.42]
-6.308919 [  7.625   2.625 -14.687] [ 1.73  2.48  9.47]
-6.410122 [  7.813   3.375 -13.937] [ 1.86  2.35  9.5 ]
-6.51148 [  8.      4.563 -12.625] [ 2.06  2.14  9.53]
-6.612566 [  8.063   5.938 -10.5  ] [ 2.3   1.77  9.58]
-6.714075 [ 8.125  7.188 -9.812] [ 2.49  1.67  9.58]
-6.81576 [ 8.188  8.5   -9.625] [ 1.45  1.63  9.55]
-6.917176 [  8.125  10.     -9.687] [ 1.7   1.62  9.51]
-7.018467 [  7.688  12.    -10.5  ] [ 2.03  1.74  9.43]
-7.119948 [  7.688  14.063  -8.625] [ 2.38  1.43  9.4 ]
-7.221151 [  6.563  15.125  -8.   ] [ 2.56  1.32  9.37]
-7.322277 [  4.438  15.5    -7.812] [ 3.9   1.28  9.35]
-7.427341 [  1.625  14.25   -9.062] [ 2.41  1.49  9.38]
-7.529005 [  9.375  11.938 -11.375] [ 2.02  1.9   9.4 ]
-7.631683 [ 13.062  12.    -12.625] [ 2.04  2.09  9.35]
-7.734491 [  9.187  13.625 -10.5  ] [ 2.36  1.77  9.34]
-7.836443 [ 12.5    13.375  -7.5  ] [ 2.26  1.24  9.45]
-7.93789 [ 14.625  10.     -5.   ] [ 1.7   0.84  9.61]
-8.039744 [ 15.875   4.5    -4.   ] [ 2.05  0.68  9.75]
-8.14255 [ 24.875   0.813  -3.187] [ 0.14  0.55  9.78]
-8.245222 [ 25.812  -0.625  -2.187] [-0.09  0.37  9.79]
-8.348088 [ 25.375  -1.437  -2.375] [-0.25  0.41  9.79]
-8.449551 [ 14.875  -2.5    -2.75 ] [-0.42  0.47  9.78]
-8.551612 [ 10.75   -3.812  -2.25 ] [-0.66  0.38  9.77]
-8.654455 [ 14.687  -2.687  -0.187] [-0.5   0.07  9.79]
-8.75697 [ 13.937   0.063   0.   ] [ 1.29  0.    9.8 ]
-8.861228 [ 15.187  -0.875  -2.937] [-0.15  0.51  9.79]
-8.962579 [ 8.625 -3.437 -5.75 ] [-0.59  0.98  9.73]
-9.063915 [ 9.187 -4.062 -5.5  ] [-0.69  0.94  9.73]
-9.165222 [ 9.    -3.25  -2.875] [-0.55  0.5   9.77]
-9.266637 [ 9.    -2.625 -0.312] [-0.45  0.07  9.79]
-9.368408 [ 9.25  -2.125 -1.062] [-0.36  0.19  9.79]
-9.469573 [ 9.25  -0.875 -3.562] [-0.15  0.61  9.78]
-9.570879 [ 9.312 -0.062 -5.375] [-0.01  0.92  9.76]
-9.67205 [ 9.375 -0.187 -6.75 ] [-0.03  1.15  9.73]
-9.7732 [ 9.5   -0.375 -8.687] [-0.07  1.48  9.69]
-9.874335 [  9.812  -0.562 -11.562] [-0.09  1.97  9.6 ]
-9.975428 [ 10.312  -0.5   -16.562] [-0.09  2.8   9.39]
-10.077366 [ 10.      0.688 -21.062] [ 1.35  3.51  9.15]
-10.179395 [  9.375   2.5   -21.125] [ 1.71  3.53  9.13]
-10.280916 [ 17.812   3.375 -18.625] [ 1.86  3.12  9.27]
-10.384654 [ 10.25    4.563 -14.812] [ 2.06  2.5   9.44]
-10.488046 [ 10.125   5.438 -13.375] [ 2.2   2.26  9.49]
-10.589982 [  9.75    6.813 -12.687] [ 2.44  2.14  9.49]
-10.691741 [  9.375   8.25  -10.812] [ 1.41  1.82  9.53]
-10.794103 [ 9.312  9.625 -9.875] [ 1.64  1.66  9.52]
-10.89755 [  9.25   10.75   -9.687] [ 1.8   1.62  9.5 ]
-11.000169 [  9.25   12.75   -9.875] [ 2.16  1.64  9.42]
-11.101752 [  9.437  14.063 -10.625] [ 2.38  1.76  9.34]
-11.203822 [  9.437  16.125  -9.875] [ 4.    1.62  9.27]
-11.307146 [  9.5    23.563  -8.75 ] [ 5.06  1.4   8.93]
-11.410372 [  8.812  26.313  -6.687] [ 4.35  1.02  8.72]
-11.51178 [  8.187  25.75   -6.437] [ 4.26  0.99  8.77]
-11.613223 [ 15.875  25.063  -6.375] [ 4.16  0.99  8.82]
-11.714695 [ 15.687  23.938  -5.937] [ 3.98  0.93  8.91]
-11.816025 [ 15.812  21.875  -4.875] [ 4.93  0.77  9.06]
-11.917759 [ 10.125  15.375  -2.562] [ 3.88  0.42  9.44]
-12.019487 [ 12.437   4.375   2.438] [ 2.19 -0.34  9.75]
-12.121164 [ 12.625  -2.562   5.125] [-0.44 -0.87  9.75]
-12.222638 [ 11.062  -3.625   5.375] [-0.62 -0.91  9.74]
-12.324097 [ 11.      2.438   4.75 ] [ 1.7  -0.81  9.76]
-12.425502 [ 14.25    4.438   2.625] [ 2.03 -0.45  9.76]
-12.526929 [ 24.062  -2.062   3.   ] [-0.35 -0.51  9.78]
-12.6287 [ 25.062  -8.      3.313] [-0.08 -0.56  9.69]
-12.731236 [ 25.375  -7.75    2.563] [-0.04 -0.44  9.7 ]
-12.832616 [ 25.625  -6.875   1.75 ] [-1.17 -0.3   9.73]
-12.933784 [ 25.875  -6.062   0.813] [-1.03 -0.13  9.75]
-13.035839 [ 25.937  -4.437   0.   ] [-0.76  0.    9.77]
-13.138903 [ 26.     -4.     -0.562] [-0.69  0.1   9.78]
-13.241683 [ 26.062  -4.     -1.562] [-0.68  0.24  9.77]
-13.345422 [ 26.187  -4.125  -3.187] [-0.71  0.54  9.76]
-13.448231 [ 25.875  -4.625  -4.062] [-0.79  0.69  9.74]
-13.551075 [ 24.5    -5.     -4.625] [-0.88  0.77  9.73]
-13.652746 [ 24.062  -3.5    -5.25 ] [-0.59  0.89  9.74]
-13.753825 [ 24.312  -2.187  -5.75 ] [-0.37  0.99  9.74]
-13.854981 [ 24.437  -1.125  -8.   ] [-0.2   1.36  9.7 ]
-13.957295 [ 24.562  -0.375 -11.437] [-0.07  1.94  9.61]
-14.060596 [ 24.625   1.063 -17.625] [ 1.43  2.85  9.38]
-14.163145 [ 24.062   1.813 -20.625] [ 1.59  3.45  9.17]
-14.264671 [ 15.812   2.313 -19.875] [ 1.68  3.34  9.21]
-14.365769 [ 24.062   3.063 -17.437] [ 1.81  2.94  9.34]
-14.466896 [ 24.187   4.125 -14.437] [ 1.99  2.44  9.47]
-14.568063 [ 15.937   5.313 -13.562] [ 2.19  2.29  9.49]
-14.669364 [ 15.812   6.813 -12.687] [ 2.44  2.14  9.49]
-14.770706 [ 15.625   8.375 -10.5  ] [ 1.43  1.76  9.53]
-14.875104 [ 15.5     9.563  -9.75 ] [ 1.63  1.63  9.53]
-14.97657 [ 15.437  10.813  -9.312] [ 1.84  1.56  9.5 ]
-15.07809 [ 15.437  13.25   -9.437] [ 2.25  1.57  9.41]
-15.179581 [ 15.562  14.375 -10.125] [ 2.44  1.67  9.34]
-15.280906 [ 15.75   15.188 -10.812] [ 3.85  1.77  9.29]
-15.382308 [ 23.562  15.625  -9.875] [ 3.92  1.62  9.3 ]
-15.484139 [ 15.437  15.75   -8.937] [ 2.66  1.48  9.31]
-15.585757 [ 15.375  15.125  -7.937] [ 3.84  1.31  9.37]
-15.686935 [ 15.25  14.5   -6.75] [ 2.46  1.12  9.42]
-15.788943 [ 15.062  13.75   -5.125] [ 2.33  0.85  9.48]
-15.892346 [ 15.062  11.563  -4.375] [ 2.02  0.75  9.56]
-15.994865 [ 14.875   6.938  -3.5  ] [ 2.47  0.6   9.71]
-16.096212 [ 14.875   1.813  -2.5  ] [ 1.59  0.43  9.79]
-16.197551 [ 15.062  -3.     -1.375] [-0.52  0.24  9.78]
-16.299493 [ 15.812  -9.375  -0.625] [-0.32  0.1   9.67]
-16.404958 [ 15.625 -10.      0.438] [-1.71 -0.06  9.65]
-16.506977 [ 15.25   -9.562   1.25 ] [-0.35 -0.21  9.66]
-16.608445 [ 15.312  -9.687   1.625] [-0.37 -0.27  9.66]
-16.710539 [ 15.5    -9.25    2.063] [-1.58 -0.35  9.67]
-16.813492 [ 15.75   -8.5     2.125] [-0.19 -0.36  9.68]
-16.915981 [ 15.812  -7.5     1.563] [-1.28 -0.27  9.71]
-17.01837 [ 15.937  -6.375   0.375] [-1.09 -0.06  9.74]
-17.119829 [ 16.     -6.062  -0.25 ] [-1.03  0.04  9.75]
-17.221186 [ 24.062  -5.375  -0.812] [-0.92  0.14  9.76]
-17.322461 [ 24.125  -5.     -2.   ] [-0.85  0.34  9.76]
-17.423809 [ 24.25   -4.75   -4.187] [-0.81  0.71  9.74]
-17.525439 [ 24.5    -4.625  -7.5  ] [-0.79  1.22  9.69]
-17.62691 [ 24.687  -4.437 -11.   ] [-0.77  1.8   9.6 ]
-17.728279 [ 25.062  -4.312 -16.187] [-0.74  2.73  9.38]
-17.829712 [ 25.062  -4.687 -18.75 ] [-0.8   3.14  9.25]
-17.932327 [ 25.187  -5.    -19.562] [-0.86  3.27  9.2 ]
-18.033991 [ 25.187  -5.312 -19.437] [-0.91  3.25  9.2 ]
-18.135849 [ 25.     -4.312 -19.187] [-0.76  3.23  9.22]
-18.238114 [ 24.5    -2.187 -18.187] [-0.38  3.06  9.3 ]
-18.339812 [ 24.      0.375 -16.812] [ 1.34  2.83  9.38]
-18.442405 [ 15.625   2.5   -15.5  ] [ 1.71  2.62  9.43]
-18.545765 [ 15.25    4.688 -14.312] [ 2.07  2.44  9.46]
-18.648409 [ 15.125   5.5   -13.437] [ 2.22  2.27  9.49]
-18.750035 [ 14.875   6.438 -12.687] [ 2.38  2.14  9.5 ]
-18.852086 [ 14.562   7.813 -10.687] [ 1.33  1.81  9.54]
-18.955519 [ 14.5     9.188  -9.875] [ 1.55  1.67  9.53]
-19.058253 [ 14.437  10.438  -9.75 ] [ 1.78  1.63  9.5 ]
-19.159868 [ 14.375  12.188  -9.562] [ 2.07  1.59  9.44]
-19.261445 [ 14.437  12.875  -9.875] [ 2.18  1.64  9.41]
-19.364258 [ 14.562  13.625 -10.812] [ 2.31  1.79  9.35]
-19.467653 [ 14.5    14.375 -10.562] [ 2.42  1.76  9.33]
-19.569569 [ 14.437  14.188  -9.812] [ 2.41  1.62  9.36]
-19.670821 [ 14.312  13.813  -8.812] [ 2.34  1.46  9.4 ]
-19.77211 [ 14.187  13.125  -7.625] [ 2.22  1.26  9.46]
-19.873424 [ 14.     12.063  -5.625] [ 2.05  0.94  9.54]
-19.974712 [ 14.      9.875  -3.75 ] [ 1.68  0.64  9.63]
-20.076035 [ 14.187   6.125  -3.187] [ 2.32  0.55  9.73]
-20.177461 [ 14.375   1.5    -2.125] [ 1.53  0.36  9.79]
-20.278993 [ 14.75   -3.687  -0.75 ] [-0.54  0.15  9.79]
-20.380642 [ 15.75 -10.25   0.  ] [-0.46  0.    9.64]
-20.481774 [ 24.687 -11.25    0.875] [-0.63 -0.14  9.61]
-20.582981 [ 24.875 -10.437   1.813] [-0.5  -0.31  9.63]
-20.684066 [ 24.875 -10.562   2.063] [-0.51 -0.35  9.63]
-20.785038 [ 24.875 -10.25    2.313] [-0.46 -0.39  9.64]
-20.888731 [ 25.312  -9.5     2.188] [-0.36 -0.37  9.66]
-20.990867 [ 25.312  -8.437   1.563] [-0.16 -0.27  9.69]
-21.092263 [ 25.437  -7.125   0.375] [-1.22 -0.07  9.72]
-21.194094 [ 25.5   -6.5   -0.25] [-1.11  0.04  9.74]
-21.296715 [ 25.562  -5.812  -1.062] [-1.    0.18  9.75]
-21.399536 [ 25.625  -5.687  -2.562] [-0.97  0.4   9.74]
-21.501449 [ 25.812  -5.375  -4.75 ] [-0.92  0.81  9.72]
-21.602644 [ 25.937  -5.125  -7.875] [-0.88  1.34  9.67]
-21.704172 [ 26.187  -4.937 -11.5  ] [-0.84  1.95  9.57]
-21.806205 [ 26.437  -4.625 -16.75 ] [-0.79  2.82  9.35]
-21.909387 [ 26.937  -4.75  -23.75 ] [-0.81  3.83  8.99]
-22.011498 [ 28.5    -4.687 -29.687] [-0.81  4.84  8.48]
-22.1128 [ 28.562  -3.    -30.5  ] [-0.51  4.97  8.43]
-22.214607 [ 27.812  -1.125 -30.687] [-0.2   5.01  8.42]
-22.316904 [ 26.687   1.188 -30.812] [ 1.48  5.02  8.41]
-22.422701 [ 26.375   1.938 -30.125] [ 1.61  4.92  8.47]
-22.524375 [ 26.312   2.813 -28.625] [ 1.76  4.69  8.59]
-22.62586 [ 26.      3.875 -27.062] [ 1.94  4.45  8.7 ]
-22.727531 [ 28.75    5.25  -22.687] [ 2.17  3.77  9.  ]
-22.829176 [ 31.75    6.625 -18.437] [ 2.42  3.08  9.23]
-22.930907 [ 32.      7.563 -17.562] [ 1.29  2.93  9.26]
-23.032712 [ 31.687   8.5   -15.562] [ 1.44  2.64  9.33]
-23.135326 [ 31.375   9.563 -14.062] [ 1.63  2.35  9.37]
-23.236991 [ 32.     10.688 -12.937] [ 1.82  2.16  9.39]
-23.338607 [ 25.312  14.688  -9.   ] [ 2.48  1.49  9.36]
-23.439922 [ 28.875  16.375  -4.687] [ 4.04  0.77  9.37]
-23.541809 [ 42.25   13.     -1.937] [ 2.27  0.35  9.53]
-23.643518 [ 45.937   8.25   -2.437] [ 1.4   0.42  9.69]
-23.745081 [ 40.312   4.938  -4.437] [ 2.13  0.76  9.73]
-23.846713 [ 42.375   5.75   -5.375] [ 2.26  0.92  9.71]
-23.952269 [ 43.937  10.375  -6.5  ] [ 1.68  1.07  9.6 ]
-24.054508 [ 43.25   16.063  -8.687] [ 2.71  1.42  9.31]
-24.155974 [ 42.375  19.938 -12.437] [ 4.62  1.99  8.99]
-24.258105 [ 49.125  21.875 -12.937] [ 3.66  2.04  8.86]
-24.361064 [ 49.75   20.438  -8.   ] [ 4.7   1.28  9.09]
-24.463592 [ 45.812  14.625   0.188] [ 2.58  0.09  9.45]
-24.565268 [ 56.812   7.938   7.5  ] [ 1.35 -1.27  9.62]
-24.666403 [ 46.812   3.563  15.688] [ 1.89 -2.65  9.42]
-24.768017 [ 47.5     5.313  20.75 ] [ 2.18 -3.46  9.12]
-24.87071 [ 40.312  10.5    15.375] [ 1.79 -2.55  9.29]
-24.973717 [ 27.437  16.438   3.625] [ 3.98 -0.78  9.39]
-25.075665 [ 26.562  18.     -6.437] [ 4.31  1.05  9.26]
-25.177333 [ 26.562  12.875  -9.812] [ 2.18  1.63  9.41]
-25.278677 [ 24.312   6.938  -6.   ] [ 2.47  1.02  9.67]
-25.380612 [ 30.875   1.125  -1.187] [ 1.48  0.2   9.8 ]
-25.482017 [ 31.5   -2.75   1.  ] [-0.47 -0.17  9.79]
-25.58302 [ 24.5    -3.375   2.313] [-0.58 -0.39  9.78]
-25.684168 [ 24.5   -2.75   1.75] [-0.47 -0.3   9.79]
-25.785405 [ 24.625  -2.375  -0.687] [-0.41  0.08  9.79]
-25.886797 [ 24.875  -2.437  -3.125] [-0.41  0.53  9.78]
-25.988097 [ 25.062  -2.5    -5.25 ] [-0.42  0.9   9.75]
-26.089444 [ 25.     -1.312  -8.125] [-0.23  1.38  9.7 ]
-26.190738 [ 25.062  -0.5   -12.25 ] [-0.09  2.08  9.58]
-26.291922 [ 25.25   -0.187 -19.437] [-0.03  3.26  9.24]
-26.392958 [ 24.562   0.125 -20.625] [ 1.3   3.45  9.17]
-26.494325 [ 33.125   0.938 -19.   ] [ 1.44  3.19  9.26]
-26.596163 [ 25.625   1.938 -15.812] [ 0.32  2.73  9.41]
-26.697884 [ 25.625   2.938 -13.312] [ 1.79  2.26  9.52]
-26.799414 [ 25.437   4.688 -12.687] [ 2.08  2.14  9.53]
-26.901705 [ 33.125   6.563 -10.312] [ 1.12  1.74  9.58]
-27.004709 [ 25.062   7.938  -9.125] [ 1.34  1.55  9.58]
-27.107103 [ 25.062   9.125  -8.812] [ 1.56  1.48  9.56]
-27.208663 [ 24.937  10.75   -7.812] [ 1.83  1.31  9.54]
-27.309971 [ 24.875  12.813  -7.75 ] [ 2.17  1.29  9.47]
-27.412015 [ 25.     13.688  -8.125] [ 2.33  1.35  9.42]
-27.515064 [ 25.125  14.688  -8.812] [ 2.47  1.45  9.37]
-27.617312 [ 25.125  15.375  -8.312] [ 2.59  1.38  9.35]
-27.718871 [ 25.     15.375  -7.75 ] [ 3.88  1.28  9.36]
-27.82015 [ 24.875  14.938  -6.75 ] [ 2.53  1.12  9.4 ]
-27.921918 [ 24.812  14.375  -5.75 ] [ 2.44  0.95  9.44]
-28.024666 [ 24.812  13.563  -5.125] [ 2.3   0.85  9.49]
-28.127504 [ 24.625  10.563  -4.25 ] [ 1.88  0.73  9.59]
-28.229457 [ 24.687   5.938  -3.187] [ 2.3   0.54  9.73]
-28.330574 [ 24.937   0.875  -2.062] [ 1.43  0.36  9.79]
-28.432016 [ 25.312  -4.5    -0.937] [-0.77  0.16  9.77]
-28.533213 [ 26.    -11.562  -0.125] [-0.68  0.03  9.6 ]
-28.634292 [ 26.875 -10.875   0.75 ] [-0.57 -0.12  9.62]
-28.735494 [ 27.    -10.125   1.688] [-0.44 -0.28  9.64]
-28.83663 [ 27.    -10.125   2.125] [-0.45 -0.36  9.64]
-28.938121 [ 27.187  -9.75    2.688] [-0.39 -0.44  9.65]
-29.039698 [ 27.375  -8.812   2.688] [-0.23 -0.46  9.67]
-29.141084 [ 27.437  -8.125   2.375] [-0.1  -0.4   9.69]
-29.242335 [ 27.5    -7.875   1.688] [-0.06 -0.29  9.7 ]
-29.343362 [ 27.625  -7.312   0.813] [-1.25 -0.13  9.72]
-29.444546 [ 27.687  -6.375  -0.25 ] [-1.09  0.04  9.74]
-29.545841 [ 27.812  -5.937  -1.437] [-1.01  0.25  9.75]
-29.647102 [ 27.937  -5.625  -3.5  ] [-0.96  0.59  9.74]
-29.74867 [ 28.125  -5.375  -6.937] [-0.92  1.12  9.69]
-29.85015 [ 28.375  -5.187 -10.562] [-0.88  1.79  9.6 ]
-29.952286 [ 28.625  -5.062 -15.687] [-0.87  2.64  9.4 ]
-30.054167 [ 28.812  -5.562 -18.062] [-0.95  3.02  9.27]
-30.157702 [ 37.     -6.125 -18.812] [-1.04  3.14  9.22]
-30.260372 [ 28.812  -5.375 -18.625] [-0.92  4.39  9.25]
-30.361656 [ 28.687  -4.687 -18.312] [-0.8   3.07  9.27]
-30.462809 [ 28.312  -3.    -17.437] [-0.51  2.94  9.33]
-30.565015 [ 27.812  -0.375 -16.187] [-0.06  2.73  9.41]
-30.668117 [ 35.437   2.    -14.75 ] [ 1.62  2.49  9.47]
-30.770653 [ 27.125   4.188 -13.687] [ 0.68  2.33  9.49]
-30.872267 [ 27.      5.125 -12.875] [ 2.16  2.18  9.51]
-30.973597 [ 26.875   6.125 -12.125] [ 2.32  2.05  9.53]
-31.075518 [ 26.562   7.375 -10.187] [ 2.54  1.72  9.57]
-31.178604 [ 34.437   8.563  -9.312] [ 1.46  1.57  9.56]
-31.281345 [ 26.375   9.938  -8.937] [ 1.66  1.5   9.54]
-31.385266 [ 26.437  11.875  -8.875] [ 2.02  1.48  9.48]
-31.486971 [ 26.5    12.563  -9.25 ] [ 2.13  1.53  9.44]
-31.588658 [ 26.687  13.313 -10.25 ] [ 2.25  1.7   9.38]
-31.690102 [ 26.562  13.938  -9.75 ] [ 2.36  1.61  9.37]
-31.79182 [ 26.5    14.     -8.875] [ 2.38  1.48  9.39]
-31.893463 [ 26.375  13.5    -7.812] [ 2.29  1.3   9.44]
-31.994746 [ 26.25   12.875  -6.687] [ 2.19  1.11  9.49]
-32.096354 [ 26.062  11.938  -4.687] [   2.02 -326.89    9.56]
-32.198079 [ 26.125   9.75   -3.312] [ 1.66  0.56  9.64]
-32.299724 [ 26.937   5.375  -2.375] [ 2.2   0.41  9.75]
-32.402064 [ 27.687   0.063  -1.312] [ 1.37  0.25  9.8 ]
-32.50401 [ 28.187  -4.75   -0.187] [-0.81  0.04  9.77]
-32.605812 [ 37.312 -11.625   0.5  ] [-0.7  -0.08  9.6 ]
-32.708295 [ 29.812 -11.812   1.375] [-0.73 -0.23  9.59]
-32.811743 [ 29.875 -10.562   2.438] [-0.53 -0.4   9.62]
-32.914134 [ 29.937 -10.75    2.75 ] [-0.55 -0.46  9.62]
-33.01553 [ 29.937 -10.5     2.875] [-0.51 -0.49  9.62]
-33.117365 [ 38.25   -9.937   2.688] [-0.41 -0.45  9.64]
-33.220583 [ 38.375  -9.312   2.188] [-0.31 -0.37  9.66]
-33.323463 [ 30.437  -8.812   1.188] [-1.52 -0.21  9.68]
-33.425589 [ 30.5    -7.312   0.313] [-1.25 -0.05  9.72]
-33.527134 [ 30.562  -6.562  -0.75 ] [-1.12  0.13  9.74]
-33.629451 [ 30.625  -5.625  -2.   ] [-0.96  0.34  9.75]
-33.73257 [ 30.75   -5.375  -4.062] [-0.93  0.64  9.74]
-33.83491 [ 30.937  -5.187  -7.312] [-0.88  1.24  9.68]
-33.936289 [ 31.187  -4.937 -11.375] [-0.85  1.93  9.57]
-34.037618 [ 31.25   -4.875 -16.75 ] [-0.84  2.81  9.35]
-34.138869 [ 31.5    -5.375 -18.375] [-0.92  3.08  9.26]
-34.240137 [ 31.625  -5.812 -19.062] [-1.    3.19  9.21]
-34.341303 [ 31.687  -6.187 -19.312] [-1.06  3.23  9.19]
-34.445062 [ 31.5    -5.25  -18.937] [-0.89  3.17  9.23]
-34.546627 [ 31.     -3.062 -17.937] [-0.53  3.01  9.31]
-34.647886 [ 30.562  -0.812 -16.687] [-0.14  2.82  9.39]
-34.749259 [ 30.187   1.563 -15.187] [ 1.55  2.57  9.45]
-34.850528 [ 29.875   3.625 -14.125] [ 1.9   2.39  9.48]
-34.951752 [ 29.687   4.813 -13.125] [ 2.1   2.21  9.51]
-35.053003 [ 29.5     5.813 -11.937] [ 2.27  0.73  9.54]
-35.154537 [ 29.25    7.     -9.875] [ 2.46  1.69  9.58]
-35.256362 [ 29.187   8.25   -9.375] [ 1.41  1.58  9.57]
-35.3579 [ 29.125   9.375  -9.   ] [ 1.6   1.52  9.55]
-35.459431 [ 29.125  11.875  -8.937] [ 2.02  1.49  9.47]
-35.561722 [ 37.125  12.75   -8.875] [ 2.17  1.48  9.44]
-35.664489 [ 29.25   13.5    -9.562] [ 2.28  1.58  9.4 ]
-35.766745 [ 29.312  13.875 -10.062] [ 2.35  1.66  9.37]
-35.870765 [ 29.187  14.     -9.25 ] [ 2.38  1.53  9.38]
-35.973785 [ 37.062  13.5    -8.187] [ 2.29  1.36  9.43]
-36.076548 [ 28.937  12.75   -6.937] [ 2.18  1.17  9.48]
-36.17829 [ 28.812  11.75   -5.437] [ 2.    0.91  9.55]
-36.279668 [ 28.687   9.75   -3.062] [ 1.66  0.52  9.64]
-36.381656 [ 29.125   6.313  -2.625] [ 2.36  0.44  9.73]
-36.484461 [ 29.687   1.938  -1.562] [ 1.61  0.27  9.79]
