-0.045269 [ -1.68843700e+03  -9.18700000e+00  -7.50000000e-01] [ -2.10000000e-01   1.49000000e+00  -3.19280000e+02]
-0.10613 [ -1.68843700e+03  -9.18700000e+00  -9.37000000e-01] [ -2.00000000e-01   1.52000000e+00  -3.19280000e+02]
-0.166779 [ -1.68850000e+03  -1.12500000e+00  -9.18700000e+00] [ -1.90000000e-01   1.57000000e+00  -3.19290000e+02]
-0.22799 [ 0.562 -1.187 -9.625] [-0.21  1.64  9.66]
-0.290846 [  0.625  -2.437 -10.   ] [-0.42  1.7   9.64]
-0.353798 [-1688.75   -11.      -2.25] [  -0.53    1.72 -319.33]
-0.414911 [-1688.75    -10.25     -3.125] [  -0.38    1.89 -319.35]
-0.475751 [-1688.75     -9.25     -3.625] [ -2.20000000e-01  -3.25700000e+02  -3.19360000e+02]
-0.536354 [ -1.68875000e+03   1.25000000e-01  -1.17500000e+01] [  2.00000000e-02  -3.26960000e+02  -3.19360000e+02]
-0.596846 [-1688.562     1.75    -11.125] [  3.00000000e-01   6.10000000e-01  -3.19350000e+02]
-0.657531 [-1688.25      2.125    -9.   ] [  3.60000000e-01   2.50000000e-01  -3.19290000e+02]
-0.718162 [ 0.063 -0.312 -7.562] [-0.05  1.29  8.44]
-0.780307 [ 0.063 -1.25  -8.75 ] [-0.21  1.49  9.68]
-0.843403 [ -1.68812500e+03  -9.37500000e+00  -1.31200000e+00] [-0.23  1.6   9.67]
-0.905263 [ -1.68812500e+03  -9.50000000e+00  -1.31200000e+00] [ -2.60000000e-01   1.58000000e+00  -3.19290000e+02]
-0.965718 [ 0.    -8.937 -1.562] [ -1.60000000e-01   1.63000000e+00  -3.19300000e+02]
-1.026239 [ 0.125  0.188 -9.375] [  3.00000000e-02   3.20000000e-01  -3.19290000e+02]
-1.086921 [ 0.188  2.313 -8.687] [  3.90000000e-01   2.00000000e-01  -3.19280000e+02]
-1.147523 [ 0.25   3.875 -8.062] [ -3.27010000e+02   1.00000000e-01  -3.19280000e+02]
-1.208201 [  8.13000000e-01  -2.04393700e+03   2.03287500e+03] [-326.99 -326.47 -319.26]
-1.268841 [ 1.813  3.5   -6.187] [   0.6  -326.63 -319.23]
-1.330766 [ 2.5    2.813 -5.187] [ 0.48  0.88  9.75]
-1.393807 [  2.12500000e+00   1.87500000e+00   2.03500000e+03] [ 0.35  0.85  9.76]
-1.455946 [  1.25000000e+00   6.30000000e-02   2.03456300e+03] [  1.00000000e-02  -3.26750000e+02  -3.19200000e+02]
-1.516543 [  8.13000000e-01  -1.00000000e+01   2.04162500e+03] [  -0.34 -325.31 -319.23]
-1.577319 [  6.88000000e-01   2.03562500e+03   2.04012500e+03] [ 326.93    1.34 -319.28]
-1.638011 [  5.00000000e-01   2.03243800e+03  -2.18700000e+00] [-1.29  1.72  8.28]
-1.69858 [  1.25000000e-01   2.03487500e+03   2.04262500e+03] [ 325.45 -325.47    8.  ]
-1.76234 [  7.813 -16.937 -16.312] [-2.86  2.63  8.99]
-1.863697 [  9.875 -15.875 -19.437] [-2.68  3.14  8.88]
-1.965774 [ 12.625 -13.125 -20.312] [-2.28  3.31  8.94]
-2.067614 [ 14.5    -9.625 -20.187] [-0.36  3.33  9.07]
-2.169154 [  8.063  -4.937 -19.312] [-0.85  3.23  9.21]
-2.271716 [  9.188   1.125 -16.312] [ 1.48  2.76  9.4 ]
-2.375217 [  9.25    5.125 -12.937] [ 2.14  2.23  9.5 ]
-2.478019 [  9.313   6.563 -10.125] [ 2.4   1.71  9.58]
-2.57976 [ 9.563  8.063 -7.687] [ 1.38  1.3   9.62]
-2.682267 [ 9.563  8.438 -4.5  ] [ 1.44  0.77  9.66]
-2.785457 [ 9.313  7.688 -0.937] [ 1.3   0.2   9.71]
-2.888083 [ 9.188  7.063  1.438] [ 2.49 -0.24  9.72]
-2.989858 [ 9.125  6.625  3.25 ] [ 2.41 -0.55  9.72]
-3.092106 [ 9.     6.188  4.438] [ 2.34 -0.76  9.71]
-3.195741 [ 8.75   5.688  4.875] [ 2.25 -0.82  9.72]
-3.29863 [ 8.25   5.75   5.313] [ 2.27 -0.91  9.71]
-3.400424 [ 15.688   5.438   6.5  ] [ 2.21 -1.11  9.69]
-3.502162 [ 8.938  2.125  5.75 ] [ 1.64 -0.98  9.75]
-3.603843 [ 9.438  1.313  3.813] [ 1.51 -0.66  9.78]
-3.705468 [ 9.688 -0.75  -0.187] [ -1.30000000e-01   3.00000000e-02  -3.17880000e+02]
-3.80681 [ 9.75  -2.125 -2.125] [-0.37  0.36  9.79]
-3.908656 [ 9.813 -2.812 -3.312] [-0.47  0.56  9.77]
-4.010339 [ 9.938 -3.312 -5.937] [-0.57  1.01  9.73]
-4.11179 [ 9.938 -3.687 -7.75 ] [-0.63  1.32  9.69]
-4.213455 [ 10.     -4.     -8.875] [-0.69  1.51  9.66]
-4.31518 [ 10.     -3.937  -9.687] [-0.67  1.64  9.64]
-4.416908 [ 10.063  -2.812 -10.   ] [-0.48  1.7   9.64]
-4.519463 [ 10.125  -0.25   -9.75 ] [-0.09  1.67  8.38]
-4.621475 [ 10.25    2.938  -8.875] [ 1.78  1.51  9.67]
-4.722935 [ 10.375   3.563  -8.25 ] [ 1.89  1.4   9.68]
-4.824976 [ 10.375   3.625  -7.125] [ 1.9   1.22  9.71]
-4.928563 [ 10.375   3.125  -5.812] [ 1.83  1.02  9.73]
-5.031309 [ 10.375   2.25   -4.687] [ 1.66  0.8   9.76]
-5.132892 [ 10.188   1.     -4.437] [ 1.45  0.76  9.77]
-5.234713 [ 9.938 -1.062 -4.687] [-0.18  0.8   9.77]
-5.337762 [ 9.75  -3.562 -5.812] [-0.61  0.99  9.73]
-5.44089 [ 9.625 -6.312 -6.75 ] [-1.01  1.12  9.68]
-5.542888 [ 10.375 -12.125  -9.375] [-0.78  1.56  9.45]
-5.644422 [ 10.938 -15.687 -12.437] [-2.65  2.03  9.21]
-5.74694 [ 10.563 -16.937 -15.437] [-2.85  2.5   9.04]
-5.851183 [ 10.75  -17.062 -18.437] [-2.89  2.93  8.89]
-5.953531 [ 10.25  -15.625 -19.562] [-2.64  3.17  8.89]
-6.055498 [  9.75  -13.312 -20.312] [-0.98  3.31  8.94]
-6.157185 [  9.438  -9.625 -20.312] [-0.36  3.36  9.06]
-6.259132 [  8.75   -3.875 -19.062] [-0.66  3.2   9.24]
-6.360749 [  8.188   3.563 -16.375] [ 1.89  2.76  9.38]
-6.462525 [  8.      6.125 -13.   ] [ 2.29  2.26  9.48]
-6.564361 [ 8.25   7.438 -9.25 ] [ 2.55  1.57  9.59]
-6.666031 [ 8.563  8.813 -6.75 ] [ 1.5   1.14  9.62]
-6.767636 [ 8.75   9.375 -3.812] [ 1.59  0.64  9.65]
-6.869206 [ 8.5    8.375 -0.562] [ 1.43  0.1   9.7 ]
-6.970831 [ 8.25   7.75   1.938] [ 1.33 -0.33  9.71]
-7.07227 [ 8.25   7.125  3.938] [ 2.49 -0.64  9.7 ]
-7.173988 [ 8.063  6.813  4.875] [ 2.44 -0.83  9.7 ]
-7.276059 [ 15.875   6.5     5.313] [ 2.39 -0.9   9.7 ]
-7.378053 [ 7.563  6.563  5.813] [ 2.4  -0.98  9.69]
-7.480977 [ 15.188   6.438   7.063] [ 2.38 -1.2   9.67]
-7.58404 [ 8.313  4.063  5.625] [ 0.71 -0.99  9.72]
-7.686134 [ 9.375  1.625  2.25 ] [ 1.56 -0.38  9.79]
-7.787767 [ 9.563  0.625  0.25 ] [ 1.39 -0.05  9.8 ]
-7.89034 [ 9.625 -0.375 -1.375] [-0.06  0.24  9.8 ]
-7.993649 [ 9.563 -1.687 -4.187] [-0.28  0.65  9.78]
-8.096058 [ 9.313 -2.562 -5.75 ] [-0.44  0.98  9.74]
-8.19779 [ 9.375 -3.125 -7.25 ] [-0.54  1.24  9.71]
-8.29967 [ 9.438 -3.    -8.625] [-0.52  1.47  9.68]
-8.402528 [ 9.438 -2.187 -9.625] [-0.38  1.64  9.66]
-8.505566 [ 9.5   -0.562 -9.875] [-0.13  1.68  9.65]
-8.607806 [ 9.625  1.438 -9.562] [ 1.53  1.63  9.66]
-8.709465 [ 9.75   3.563 -8.937] [ 1.89  1.52  9.66]
-8.810853 [ 9.938  3.875 -8.125] [ 1.95  1.38  9.68]
-8.912293 [ 9.938  3.938 -7.187] [ 1.96  1.22  9.7 ]
-9.013787 [ 9.938  3.688 -5.812] [ 1.91  0.99  9.73]
-9.115445 [ 9.875  2.813 -4.687] [ 1.77  0.8   9.76]
-9.217067 [ 9.75   1.125 -4.437] [ 1.51  0.76  9.77]
-9.318655 [ 9.563 -1.062 -4.75 ] [-0.19  0.82  9.77]
-9.420012 [ 9.375 -3.625 -5.875] [-0.62  1.01  9.73]
-9.521461 [ 9.188 -6.812 -7.125] [-1.17  1.21  9.66]
-9.622741 [  9.125 -12.812  -9.562] [-0.89  1.59  9.42]
-9.724017 [  9.625 -15.562 -12.625] [-2.63  2.07  9.21]
-9.825433 [ 10.563 -16.562 -15.75 ] [-2.8   2.56  9.04]
-9.927604 [ 11.563 -16.562 -18.437] [-2.82  2.95  8.91]
-10.029697 [ 12.    -15.5   -19.687] [-2.62  3.19  8.89]
-10.131209 [ 12.5   -13.25  -20.437] [-0.96  3.34  8.94]
-10.233473 [ 12.813 -10.    -20.187] [-1.7   3.33  9.06]
-10.33677 [ 13.125  -3.875 -18.937] [-0.78  3.2   9.23]
-10.439323 [ 13.438   3.    -15.875] [ 1.8   2.68  9.41]
-10.541181 [ 13.063   5.563 -13.25 ] [ 2.23  2.24  9.49]
-10.642971 [ 13.188   6.938  -9.687] [ 2.46  1.64  9.59]
-10.745717 [ 13.438   8.313  -7.375] [ 1.42  1.24  9.62]
-10.849103 [ 13.563   8.938  -4.125] [ 1.52  0.76  9.65]
-10.951272 [ 13.375   8.188  -1.187] [ 1.4  0.2  9.7]
-11.052512 [ 13.188   7.75    1.125] [ 1.33 -0.19  9.71]
-11.154779 [ 13.188   6.625   3.063] [ 1.14 -0.52  9.72]
-11.25816 [ 13.      6.313   4.438] [ 2.36 -0.74  9.71]
-11.360835 [ 12.938   5.688   4.688] [ 2.26 -0.8   9.72]
-11.462551 [ 12.688   5.813   5.188] [ 2.27 -0.88  9.71]
-11.563779 [ 12.313   6.      6.25 ] [ 2.31 -1.06  9.69]
-11.665266 [ 12.813   4.      5.563] [ 1.96 -0.95  9.73]
-11.76691 [ 13.688   1.813   3.125] [ 1.59 -0.53  9.78]
-11.868532 [ 14.      0.875   0.5  ] [ 1.43 -0.08  9.8 ]
-11.970083 [ 14.063  -0.375  -1.5  ] [-0.04  0.22  9.8 ]
-12.0721 [ 14.125  -1.562  -3.437] [-0.27  0.59  9.78]
-12.173696 [ 13.688  -2.375  -5.75 ] [-0.41  0.98  9.74]
-12.275814 [ 13.813  -3.062  -7.312] [-0.52  1.25  9.71]
-12.377416 [ 13.813  -3.187  -8.687] [-0.55  1.48  9.67]
-12.479144 [ 13.875  -2.375  -9.625] [-0.4   1.64  9.65]
-12.581404 [ 13.938  -0.75  -10.062] [-0.16  1.71  9.65]
-12.683164 [ 14.      1.125  -9.75 ] [ 1.43  1.67  9.66]
-12.784584 [ 14.125   3.25   -9.125] [ 1.83  1.55  9.66]
-12.88634 [ 14.25    3.563  -8.312] [ 1.89  1.41  9.68]
-12.989129 [ 14.313   3.563  -7.25 ] [ 1.89  1.24  9.7 ]
-13.092339 [ 14.438   3.5    -5.875] [ 1.89  1.03  9.73]
-13.19443 [ 14.688   3.063  -4.75 ] [ 1.8   0.81  9.75]
-13.295888 [ 14.625   2.     -4.375] [ 0.34  0.75  9.77]
-13.397969 [ 14.313   0.063  -4.625] [ 1.29  0.79  9.77]
-13.50229 [ 14.125  -2.937  -5.75 ] [-0.45  0.96  9.74]
-13.605007 [ 13.875  -6.5    -7.187] [-1.11  1.22  9.66]
-13.706677 [ 13.75  -12.937  -9.687] [-0.91  1.61  9.41]
-13.808979 [ 13.875 -15.75  -12.625] [-2.66  2.06  9.2 ]
-13.912371 [ 14.125 -17.125 -16.   ] [-2.88  2.53  9.02]
-14.015174 [ 14.563 -17.062 -18.812] [-2.88  3.02  8.86]
-14.116946 [ 14.375 -15.562 -20.187] [-2.63  3.26  8.86]
-14.218597 [ 14.    -13.312 -20.812] [-0.98  3.39  8.91]
-14.320337 [ 13.75  -10.062 -20.687] [-0.43  3.42  9.02]
-14.422022 [ 13.5    -4.875 -19.75 ] [-0.83  3.3   9.19]
-14.523791 [ 13.25    2.125 -16.937] [ 1.65  2.86  9.37]
-14.625471 [ 13.375   5.563 -13.687] [ 2.19  2.38  9.46]
-14.727415 [ 13.563   7.375 -10.375] [ 2.53  1.75  9.56]
-14.82887 [ 13.875   8.313  -7.625] [ 1.42  1.29  9.61]
-14.930362 [ 14.125   9.188  -4.812] [ 1.57  0.81  9.64]
-15.032108 [ 14.125   8.438  -1.437] [ 1.44  0.25  9.69]
-15.133705 [ 14.      7.438   1.125] [ 2.55 -0.19  9.72]
-15.235867 [ 14.      6.938   2.875] [ 2.46 -0.46  9.72]
-15.337923 [ 13.938   6.188   3.938] [ 2.34 -0.66  9.72]
-15.439807 [ 13.813   6.063   4.313] [ 2.32 -0.74  9.72]
-15.542535 [ 13.563   6.188   5.   ] [ 2.34 -0.85  9.71]
-15.646074 [ 13.063   6.438   6.313] [ 2.39 -1.05  9.68]
-15.748474 [ 14.125   3.      5.375] [ 1.8  -0.91  9.74]
-15.850039 [ 14.563   1.938   3.875] [ 1.61 -0.66  9.77]
-15.952541 [ 13.313   1.5    -0.687] [ 1.53  0.11  9.8 ]
-16.055942 [ 13.188  -0.687  -2.25 ] [-0.11  0.37  9.79]
-16.158454 [ 13.188  -1.375  -3.937] [-0.23  0.67  9.78]
-16.26022 [ 13.     -2.25   -6.437] [-0.38  1.09  9.73]
-16.362374 [ 13.     -2.875  -7.875] [-0.49  1.35  9.7 ]
-16.465456 [ 13.063  -2.937  -8.937] [-0.51  1.53  9.67]
-16.568933 [ 13.125  -2.125  -9.937] [-0.37  1.69  9.65]
-16.670898 [ 13.188  -0.812 -10.187] [-0.14  1.74  9.64]
-16.77238 [ 13.313   0.688  -9.875] [ 1.4   1.68  9.65]
-16.873891 [ 13.375   2.938  -9.   ] [ 1.78  1.53  9.67]
-16.975533 [ 13.75    3.5    -8.187] [ 1.88  1.39  9.68]
-17.077038 [ 13.813   3.625  -7.187] [ 1.9   1.22  9.7 ]
-17.178757 [ 13.875   3.438  -5.812] [ 1.87  1.01  9.73]
-17.28093 [ 13.813   2.813  -4.625] [ 1.76  0.79  9.76]
-17.382609 [ 13.75    1.563  -4.312] [ 1.54  0.74  9.77]
-17.484357 [ 13.5    -0.562  -4.625] [-0.1   0.79  9.77]
-17.585794 [ 13.313  -3.437  -5.812] [-0.59  0.99  9.73]
-17.687515 [ 13.25   -6.625  -6.937] [ 326.55    1.17    9.66]
-17.789589 [ 14.188 -13.125  -9.562] [-0.83  1.53  9.45]
-17.89177 [ 13.563 -15.25  -12.375] [-2.58  2.03  9.23]
-17.993346 [ 13.25  -15.937 -15.375] [-2.7   2.5   9.08]
-18.096114 [ 13.688 -16.187 -18.437] [-2.74  2.98  8.93]
-18.199466 [ 12.813 -14.437 -19.625] [-1.19  3.17  8.94]
-18.302044 [ 11.875 -12.187 -20.312] [-0.79  3.33  8.98]
-18.403678 [ 11.313  -8.625 -20.312] [-0.19  3.36  9.09]
-18.506831 [ 10.75   -2.937 -19.125] [-0.51  3.21  9.25]
-18.610268 [ 10.5     4.938 -15.625] [ 2.01  2.68  9.4 ]
-18.712313 [ 11.25    7.    -12.375] [ 2.47  2.09  9.5 ]
-18.813866 [ 11.5     8.313  -9.5  ] [ 1.42  1.61  9.56]
-18.916067 [ 11.813   9.313  -7.125] [ 1.59  1.2   9.6 ]
-19.019451 [ 11.938   9.75   -3.625] [ 1.66  0.66  9.64]
-19.122088 [ 11.875   9.438  -0.437] [ 1.61  0.07  9.67]
-19.224108 [ 11.813   8.375   1.938] [ 1.42 -0.33  9.69]
-19.325732 [ 11.688   7.938   3.625] [ 1.35 -0.62  9.69]
-19.427493 [ 11.563   7.875   4.5  ] [ 1.35 -0.76  9.68]
-19.529445 [ 11.563   7.625   4.75 ] [ 1.31 -0.81  9.68]
-19.631508 [ 11.5    7.75   5.75] [ 1.32 -0.96  9.66]
-19.733536 [ 11.188   8.      6.813] [ 1.36 -1.15  9.64]
-19.83512 [ 12.188   4.75    5.75 ] [ 2.09 -0.98  9.72]
-19.93717 [ 12.938   2.75    4.   ] [ 1.75 -0.68  9.77]
-20.03875 [ 12.375   2.375   1.188] [ 1.69 -0.2   9.79]
-20.140305 [ 11.938   1.438  -0.875] [ 1.53  0.15  9.8 ]
-20.242447 [ 11.563  -0.125  -3.5  ] [ 1.28  0.53  9.79]
-20.344608 [ 11.438  -1.187  -5.   ] [-0.2   0.85  9.76]
-20.446234 [ 11.438  -1.625  -6.562] [-0.28  1.12  9.73]
-20.54864 [ 11.438  -1.562  -7.875] [-0.27  1.34  9.71]
-20.65209 [ 11.5    -0.5    -8.937] [-0.11  1.52  9.68]
-20.754386 [ 11.563   1.125  -9.187] [ 1.47  1.56  9.67]
-20.856726 [ 11.688   3.25   -8.937] [ 1.83  1.52  9.67]
-20.959479 [ 11.813   4.563  -8.375] [ 2.06  1.42  9.67]
-21.062928 [ 11.813   4.75   -7.312] [ 0.81  1.26  9.69]
-21.165376 [ 11.938   5.     -6.375] [ 0.86  1.08  9.7 ]
-21.267123 [ 12.25    4.813  -5.062] [ 2.1   0.86  9.73]
-21.369518 [ 12.438   4.313  -4.062] [ 2.02  0.69  9.75]
-21.472665 [ 12.313   3.25   -3.812] [ 0.58  0.65  9.76]
-21.575703 [ 12.125   1.125  -4.25 ] [ 1.47  0.73  9.77]
-21.67779 [ 11.875  -1.875  -5.437] [-0.32  0.93  9.75]
-21.779332 [ 11.688  -5.875  -6.812] [-1.    1.16  9.68]
-21.880852 [ 12.25  -11.937  -9.375] [-0.75  1.56  9.46]
-21.982419 [ 12.    -14.25  -12.187] [-1.13  2.01  9.28]
-22.084043 [ 11.938 -15.    -15.25 ] [-1.26  2.49  9.13]
-22.185989 [ 12.063 -14.875 -18.437] [-1.25  2.97  8.99]
-22.287828 [ 11.    -13.187 -19.625] [-0.96  3.21  8.98]
-22.389432 [  9.875 -10.937 -20.062] [-0.58  3.3   9.04]
-22.49119 [  9.125  -7.687 -19.625] [-0.03  3.26  9.15]
-22.593113 [  8.5    -2.187 -18.437] [-0.38  3.1   9.29]
-22.694935 [  8.063   5.063 -15.625] [ 2.15  2.64  9.4 ]
-22.79682 [  8.688   7.813 -12.437] [ 1.3   2.14  9.48]
-22.898557 [ 9.     9.313 -9.187] [ 1.59  1.54  9.55]
-23.000305 [  9.375  10.188  -6.687] [ 1.73  1.12  9.58]
-23.102738 [  9.688  10.688  -3.687] [ 1.82  0.62  9.61]
-23.206151 [  9.75   10.438  -0.312] [ 1.76  0.09  9.64]
-23.30843 [ 9.813  9.625  1.875] [ 1.64 -0.32  9.66]
-23.409864 [ 9.938  8.438  3.688] [ 1.44 -0.63  9.67]
-23.511747 [ 9.813  7.813  5.   ] [ 1.34 -0.85  9.67]
-23.614884 [ 9.688  7.313  5.188] [ 2.53 -0.88  9.68]
-23.717985 [ 9.5    7.188  5.75 ] [ 1.22 -0.96  9.68]
-23.820249 [ 9.313  7.188  6.625] [ 2.5  -1.12  9.66]
-23.922062 [ 9.875  5.063  6.625] [ 2.15 -1.13  9.7 ]
-24.024908 [ 10.563   4.125   4.75 ] [ 0.71 -0.81  9.74]
-24.128566 [ 10.688   2.438   1.75 ] [ 0.47 -0.39  9.78]
-24.230929 [ 11.125   1.375  -1.562] [ 1.51  0.27  9.79]
-24.332494 [ 10.938   0.5    -2.875] [ 1.36  0.5   9.79]
-24.434008 [ 10.938  -0.5    -4.875] [-0.09  0.83  9.77]
-24.53554 [ 11.     -1.312  -7.312] [-0.22  1.25  9.72]
-24.637198 [ 11.063  -1.375  -8.25 ] [-0.24  1.41  9.7 ]
-24.738983 [ 11.125  -0.562  -9.25 ] [-0.12  1.56  9.67]
-24.840822 [ 11.125   0.688  -9.687] [ 1.39  1.65  9.66]
-24.942311 [ 11.25    2.125  -9.437] [ 1.64  1.6   9.66]
-25.043762 [ 11.375   4.188  -8.687] [ 1.99  1.47  9.66]
-25.145454 [ 11.625   4.875  -7.875] [ 2.11  1.33  9.67]
-25.247411 [ 11.688   5.     -6.875] [ 2.13  1.17  9.69]
-25.349457 [ 11.688   4.625  -5.5  ] [ 2.08  0.96  9.72]
-25.451698 [ 11.688   3.938  -4.312] [ 1.95  0.73  9.75]
-25.553318 [ 11.5     2.563  -4.062] [ 1.72  0.69  9.77]
-25.654962 [ 11.25    0.313  -4.312] [ 0.05  0.74  9.77]
-25.758146 [ 11.063  -2.187  -5.437] [-0.37  0.93  9.75]
-25.861392 [ 10.938  -5.687  -6.687] [-0.97  1.14  9.69]
-25.963183 [ 11.313 -11.75   -9.375] [-0.71  1.56  9.47]
-26.0648 [ 11.5   -14.75  -12.437] [-1.21  2.04  9.25]
-26.167455 [ 11.25  -15.937 -15.5  ] [-2.69  2.52  9.08]
-26.270997 [ 11.25  -15.937 -18.437] [-2.71  2.95  8.94]
-26.373081 [ 10.438 -14.375 -19.687] [-1.16  3.2   8.94]
-26.47463 [  9.625 -12.187 -20.437] [-0.79  3.35  8.98]
-26.57746 [  9.125  -8.75  -20.25 ] [-1.49  3.36  9.08]
-26.680861 [  8.625  -2.5   -18.937] [-0.53  3.21  9.24]
-26.78331 [  8.375   4.25  -15.937] [ 2.01  2.68  9.4 ]
-26.884889 [  8.75    7.    -13.312] [ 2.48  2.24  9.47]
-26.986677 [ 9.     8.563 -9.937] [ 1.46  1.67  9.54]
-27.088637 [ 9.375  9.75  -7.125] [ 1.66  1.2   9.58]
-27.190272 [  9.688  10.438  -4.   ] [ 1.77  0.68  9.61]
-27.292079 [  9.688  10.313  -0.625] [ 1.76  0.15  9.64]
-27.394076 [ 9.75   8.938  1.938] [ 1.52 -0.33  9.68]
-27.495714 [ 9.875  8.063  3.625] [ 1.38 -0.61  9.68]
-27.597479 [ 9.875  7.313  4.625] [ 2.53 -0.78  9.69]
-27.699829 [ 9.813  6.938  4.938] [ 2.46 -0.84  9.69]
-27.801692 [ 9.563  7.     5.688] [ 2.47 -0.96  9.68]
-27.90359 [ 9.25   7.188  6.5  ] [ 2.51 -1.08  9.66]
-28.005631 [ 10.125   4.5     5.875] [ 2.05 -1.    9.72]
-28.10803 [ 10.375   3.313   4.063] [ 1.85 -0.69  9.76]
-28.211492 [ 10.938   1.563   1.563] [ 1.54 -0.27  9.79]
-28.316191 [ 10.938   0.5    -1.312] [ 1.36  0.23  9.8 ]
-28.418052 [ 10.938  -0.625  -3.312] [-0.11  0.57  9.78]
-28.523677 [ 10.688  -1.5    -5.625] [-0.25  0.93  9.75]
-28.626461 [ 10.813  -2.     -8.062] [-0.34  1.37  9.7 ]
-28.7284 [ 10.813  -2.187  -8.75 ] [-0.37  1.49  9.68]
-28.831001 [ 10.813  -2.062  -9.5  ] [-0.35  1.62  9.66]
-28.934657 [ 10.875  -1.062  -9.812] [-0.21  1.67  9.65]
-29.037271 [ 11.      0.813  -9.562] [ 1.42  1.63  9.66]
-29.139017 [ 11.125   3.625  -8.625] [ 1.9   1.46  9.67]
-29.240927 [ 11.375   4.313  -7.875] [ 2.02  1.34  9.68]
-29.342671 [ 11.375   4.5    -6.812] [ 2.04  1.16  9.7 ]
-29.444402 [ 11.438   4.125  -5.562] [ 1.98  0.95  9.73]
-29.546364 [ 11.375   3.125  -4.25 ] [ 1.83  0.74  9.76]
-29.658079 [ 11.188   1.688  -4.062] [ 1.57  0.7   9.77]
-29.760078 [ 11.     -0.437  -4.375] [-0.07  0.75  8.49]
-29.862914 [ 10.875  -2.687  -5.375] [-0.46  0.92  9.75]
-29.966298 [ 10.75   -5.875  -6.812] [-0.93  1.13  9.69]
-30.070983 [ 11.25  -11.5    -9.312] [-0.67  1.55  9.48]
-30.174658 [ 11.688 -15.125 -12.312] [-1.28  2.02  9.24]
-30.27772 [ 11.438 -16.312 -15.75 ] [-2.75  2.56  9.05]
-30.379754 [ 11.5   -16.312 -18.312] [-2.75  2.96  8.93]
-30.48226 [ 10.875 -14.812 -19.437] [-1.23  3.16  8.93]
-30.585799 [ 10.125 -12.    -20.25 ] [-0.81  3.3   8.99]
-30.689213 [  9.625  -8.125 -20.062] [-0.11  3.33  9.11]
-30.790958 [  9.125  -2.562 -18.812] [-0.44  3.16  9.27]
-30.892692 [  8.813   4.563 -15.625] [ 0.78  2.64  9.41]
-30.99444 [  9.125   7.    -13.   ] [ 2.47  2.19  9.48]
-31.096068 [ 9.438  8.125 -9.687] [ 1.39  1.63  9.56]
-31.198119 [ 9.688  9.063 -6.75 ] [ 1.53  1.18  9.61]
-31.300301 [ 9.938  9.688 -3.687] [ 1.65  0.62  9.64]
-31.40229 [ 10.063   9.5    -0.375] [ 1.62  0.06  9.67]
-31.504104 [ 10.125   8.25    2.188] [ 1.4  -0.37  9.69]
-31.60839 [ 10.188   7.688   3.875] [ 1.32 -0.64  9.69]
-31.710643 [ 10.25    6.813   4.875] [ 2.44 -0.82  9.7 ]
-31.811984 [ 10.188   6.625   5.25 ] [ 2.42 -0.89  9.69]
-31.914308 [ 9.938  6.813  5.813] [ 2.44 -0.99  9.68]
-32.017785 [ 9.625  7.063  6.938] [ 2.5  -1.15  9.66]
-32.120319 [ 10.688   4.      5.875] [ 1.97 -1.    9.73]
-32.222068 [ 11.313   2.75    4.25 ] [ 1.75 -0.72  9.76]
-32.32406 [ 10.875   2.25    0.25 ] [ 1.67 -0.05  9.79]
-32.427175 [ 10.625   1.25   -0.875] [ 0.21  0.16  9.8 ]
-32.530118 [ 9.563 -0.375 -4.25 ] [-0.04  0.72  9.77]
-32.63231 [ 9.625 -1.5   -5.312] [-0.26  0.91  9.76]
-32.734114 [ 9.625 -2.    -6.937] [-0.35  1.18  9.72]
-32.836823 [ 9.688 -1.937 -8.25 ] [-0.34  1.41  9.69]
-32.940226 [ 9.688 -1.187 -9.25 ] [-0.22  1.57  9.67]
-33.042443 [ 9.75   0.125 -9.5  ] [ 1.31  1.62  9.67]
-33.144006 [ 9.875  2.188 -9.25 ] [ 1.66  1.58  9.67]
-33.245718 [ 10.      4.438  -8.562] [ 2.04  1.45  9.66]
-33.347456 [ 10.375   4.75   -7.687] [ 2.09  1.31  9.68]
-33.449179 [ 10.375   4.813  -6.562] [ 2.1   1.12  9.7 ]
-33.551168 [ 10.438   4.5    -5.125] [ 2.06  0.9   9.73]
-33.652979 [ 10.438   3.875  -4.125] [ 1.94  0.7   9.75]
-33.754607 [ 10.313   2.563  -3.875] [ 1.72  0.66  9.77]
-33.856248 [ 10.063   0.25   -4.187] [ 1.33  0.72  9.78]
-33.958014 [ 9.813 -2.5   -5.312] [-0.43  0.91  9.75]
-34.059805 [ 9.688 -6.125 -6.687] [-1.05  1.13  9.68]
-34.162022 [  9.938 -12.875  -9.5  ] [-0.81  1.54  9.45]
-34.264229 [  9.875 -15.25  -12.437] [-2.58  2.04  9.23]
-34.365813 [  9.813 -15.937 -15.625] [-2.69  2.54  9.08]
-34.4686 [  9.938 -15.687 -18.5  ] [-2.65  2.99  8.95]
-34.57237 [  9.063 -14.187 -19.625] [-2.43  3.18  8.95]
-34.674578 [  8.125 -12.125 -20.25 ] [-0.78  3.32  8.99]
-34.776005 [  7.438  -8.875 -19.937] [-0.23  3.31  9.1 ]
-34.878626 [ 14.625  -3.125 -18.75 ] [-0.53  3.15  9.26]
-34.9823 [ 14.125   4.938 -15.687] [ 2.    2.68  9.4 ]
-35.084666 [ 14.813   6.875 -12.687] [ 2.46  2.14  9.49]
-35.18616 [ 15.125   8.375  -9.437] [ 1.43  1.59  9.56]
-35.288427 [ 15.438   9.25   -7.   ] [ 1.58  1.18  9.6 ]
-35.392117 [ 15.75   10.     -3.875] [ 1.7   0.7   9.63]
-35.494957 [ 15.875   9.313  -0.937] [ 1.59  0.15  9.67]
-35.596665 [ 15.938   8.063   1.313] [ 1.38 -0.22  9.7 ]
