-0.074766 [ 0.75  -1.375 -8.875] [-0.24  1.51  9.68]
-0.178922 [ 9.     1.125 -8.375] [ 1.42  1.44  9.69]
-0.281785 [ 9.    1.25 -8.25] [ 1.49  1.41  9.7 ]
-0.383979 [ 8.938  1.125 -8.312] [ 1.47  1.42  9.7 ]
-0.487124 [ 8.938  1.    -8.5  ] [ 1.46  1.45  9.69]
-0.59021 [ 8.938  0.938 -8.812] [ 1.44  1.5   9.68]
-0.692852 [ 8.938  0.813 -9.25 ] [ 1.42  1.58  9.67]
-0.796403 [ 8.938  0.75  -9.625] [ 1.4   1.64  9.66]
-0.900203 [ 8.875  0.438 -9.937] [ 0.08  1.69  9.65]
-1.005689 [  0.875   0.125 -10.375] [ 1.3   1.77  9.64]
-1.116049 [  8.813  -0.25  -10.75 ] [-0.05  1.83  9.63]
-1.220931 [  8.813  -0.75  -11.   ] [-0.12  1.86  9.62]
-1.325663 [  8.75   -1.187 -11.187] [-0.2   1.9   9.61]
-1.438398 [  8.688  -1.625 -11.375] [-0.28  1.93  9.6 ]
-1.542468 [  8.625  -2.312 -11.437] [-0.4   1.95  9.6 ]
-1.645239 [  8.563  -2.875 -11.562] [-0.49  1.96  9.59]
-1.751271 [  8.5    -3.437 -11.562] [-0.58  1.96  9.58]
-1.854044 [  8.5    -3.812 -11.562] [-0.65  1.96  9.58]
-1.956013 [  0.5    -4.187 -11.562] [-0.71  1.96  9.58]
-2.061196 [  8.438  -4.437 -11.25 ] [-0.76  1.91  9.58]
-2.172195 [  8.438  -4.75  -10.937] [-0.81  1.86  9.59]
-2.276533 [  0.375  -4.937 -10.625] [-0.84  1.8   9.6 ]
-2.381509 [  8.438  -5.062 -10.062] [-0.87  1.72  9.61]
-2.491954 [ 8.375 -5.062 -9.562] [-0.87  1.63  9.62]
-2.5955 [ 8.375 -5.125 -9.125] [-0.88  1.55  9.64]
-2.699533 [  8.375 -13.125  -8.625] [-0.88  1.47  9.65]
-2.807844 [ 0.375 -5.187 -8.25 ] [-0.88  1.4   9.66]
-2.914238 [ 8.375 -5.187 -8.   ] [-0.88  1.36  9.67]
-3.018646 [ 0.313 -5.187 -7.625] [-0.88  1.29  9.67]
-3.131669 [ 8.313 -5.125 -6.812] [-0.88  1.17  9.69]
-3.235997 [ 8.313 -4.75  -6.562] [-0.81  1.11  9.7 ]
-3.339767 [ 8.375 -4.125 -6.25 ] [-0.7   1.07  9.72]
-3.44382 [ 8.438 -3.25  -6.   ] [-0.56  1.03  9.73]
-3.545966 [ 8.438 -2.812 -6.   ] [-0.49  1.02  9.74]
-3.649094 [ 8.5   -2.375 -6.   ] [-0.41  1.02  9.74]
-3.759419 [ 0.5   -1.812 -6.   ] [-0.31  1.02  9.74]
-3.864495 [ 8.563 -1.312 -6.   ] [-0.22  1.02  9.75]
-3.967006 [ 8.563 -1.    -6.   ] [-0.17  1.02  9.75]
-4.071914 [ 8.563 -0.562 -6.   ] [-0.11  1.02  9.75]
-4.18035 [ 8.563 -0.25  -6.062] [-0.04  1.04  9.75]
-4.286321 [ 8.625 -0.062 -6.437] [-0.01  1.11  9.74]
-4.38946 [ 8.625  0.125 -6.875] [ 1.3   1.17  9.73]
-4.49919 [ 8.625  0.375 -7.312] [ 1.35  1.25  9.72]
-4.600864 [ 8.625  0.438 -7.875] [ 1.36  1.34  9.71]
-4.70204 [ 8.625  0.5   -8.437] [ 1.36  1.44  9.69]
-4.80248 [ 8.625  0.5   -8.875] [ 1.37  1.51  9.68]
-4.903123 [ 8.625  0.5   -9.312] [ 1.37  1.59  9.67]
-5.003774 [ 8.625  0.5   -9.625] [ 1.37  1.64  9.66]
-5.105146 [  8.625   0.5   -10.125] [ 1.37  1.72  9.65]
-5.206153 [  8.625   0.375 -10.5  ] [ 1.34  1.78  9.64]
-5.30671 [  8.563  -0.062 -10.812] [-0.01  1.84  9.63]
-5.407421 [  8.563  -0.75  -11.187] [-0.13  1.9   9.61]
-5.508205 [  0.438  -1.75  -11.5  ] [-0.3   1.95  9.6 ]
-5.611426 [  8.375  -2.687 -11.875] [-0.46  2.02  9.58]
-5.716238 [  8.375  -2.875 -11.875] [-0.49  2.01  9.58]
-5.819765 [  8.438  -3.125 -11.812] [-0.54  2.01  9.58]
-5.932301 [  8.438  -3.5   -11.812] [-0.6   2.01  9.57]
-6.034895 [  8.375  -3.812 -11.812] [-0.64  2.    9.57]
-6.136466 [  8.375  -4.125 -11.687] [-0.71  1.98  9.57]
-6.237631 [  8.313  -4.437 -11.375] [-0.76  1.92  9.58]
-6.338147 [  8.313  -4.75  -10.875] [-0.81  1.84  9.59]
-6.43856 [  8.25   -5.125 -10.5  ] [-0.87  1.78  9.6 ]
-6.543246 [  8.313  -5.562 -10.125] [-0.95  1.72  9.6 ]
-6.644099 [ 8.313 -5.5   -9.687] [-0.94  1.64  9.62]
-6.744806 [ 8.375 -5.437 -9.25 ] [-0.93  1.57  9.63]
-6.845461 [ 8.438 -5.437 -8.687] [-0.93  1.48  9.64]
-6.946286 [ 8.438 -5.437 -8.312] [-0.93  1.41  9.65]
-7.047041 [ 8.438 -5.437 -8.062] [  -0.93    1.37 -318.02]
-7.147952 [ 8.438 -5.437 -7.625] [-0.93  1.3   9.67]
-7.253968 [ 8.438 -5.187 -6.875] [-0.88  1.17  9.69]
-7.355817 [ 0.438 -4.5   -6.562] [-0.77  1.12  9.71]
-7.458 [ 8.5   -3.75  -6.437] [-0.64  1.09  9.72]
-7.55972 [ 8.5   -3.187 -6.312] [-0.55  1.08  9.73]
-7.661453 [ 0.5   -2.812 -6.25 ] [-0.49  1.06  9.73]
-7.763896 [ 8.563 -2.312 -6.125] [-0.4   1.05  9.74]
-7.867174 [ 8.563 -1.687 -6.125] [-0.3   1.04  9.74]
-7.969877 [ 8.563 -1.312 -6.062] [-0.23  1.04  9.74]
-8.071491 [ 8.625 -0.875 -6.125] [-0.15  1.04  9.74]
-8.173651 [ 8.625 -0.5   -6.125] [-0.09  1.04  9.75]
-8.276935 [ 8.625 -0.25  -6.187] [-0.04  1.05  9.74]
-8.379383 [ 8.688  0.    -6.437] [ 1.28  1.1   9.74]
-8.480994 [ 8.688  0.25  -6.75 ] [ 1.32  1.16  9.73]
-8.582983 [ 8.688  0.375 -7.125] [ 1.35  1.22  9.72]
-8.685976 [ 8.688  0.438 -7.687] [ 0.08  1.31  9.71]
-8.789606 [ 8.688  0.5   -8.375] [ 1.37  1.42  9.7 ]
-8.892487 [ 8.688  0.563 -8.812] [ 1.37  1.5   9.68]
-8.994187 [ 8.688  0.563 -9.25 ] [ 1.38  1.58  9.67]
-9.095464 [ 8.688  0.563 -9.625] [ 1.38  1.64  9.66]
-9.196907 [  8.688   0.563 -10.   ] [ 1.38  1.71  9.65]
-9.298496 [  8.688   0.5   -10.5  ] [ 1.37  1.78  9.64]
-9.399794 [  8.625  -0.125 -10.875] [-0.01  1.84  9.63]
-9.501378 [  8.563  -0.875 -11.187] [-0.14  1.9   9.61]
-9.602688 [  8.438  -1.5   -11.5  ] [-0.26  1.95  9.6 ]
-9.704077 [  8.438  -1.937 -11.562] [-0.33  1.96  9.6 ]
-9.805564 [  8.375  -2.312 -11.562] [-0.4   1.96  9.59]
-9.907129 [  8.313  -2.812 -11.562] [-0.49  1.96  9.59]
-10.008867 [  8.313  -3.312 -11.562] [-0.57  1.97  9.58]
-10.110751 [  8.25   -3.75  -11.562] [-0.64  1.97  9.58]
-10.212336 [  8.188  -4.187 -11.5  ] [-0.71  1.95  9.58]
-10.313624 [  8.188  -4.5   -11.312] [-0.77  1.92  9.58]
-10.415643 [  8.125  -4.75  -10.875] [-0.81  1.84  9.59]
-10.518801 [  8.125  -5.    -10.437] [-0.85  1.77  9.6 ]
-10.621388 [ 8.125 -5.062 -9.875] [-0.87  1.68  9.62]
-10.723249 [ 8.125 -5.125 -9.437] [-0.87  1.6   9.63]
-10.824833 [ 8.063 -5.125 -9.   ] [-0.88  1.53  9.64]
-10.927255 [ 0.063 -5.187 -8.562] [-0.88  1.45  9.65]
-11.030437 [ 8.063 -5.187 -8.125] [-0.89  1.39  9.66]
-11.133137 [ 8.    -5.187 -7.812] [-0.89  1.33  9.67]
-11.234888 [ 8.    -5.187 -7.25 ] [-0.89  1.23  9.68]
-11.336608 [ 8.    -5.125 -6.75 ] [-0.88  1.15  9.69]
-11.439188 [ 8.    -4.75  -6.562] [-0.81  1.11  9.7 ]
-11.542401 [ 8.063 -3.937 -6.312] [-0.68  1.08  9.72]
-11.644785 [ 8.063 -3.187 -6.187] [-0.54  1.06  9.73]
-11.746539 [ 8.125 -2.812 -6.125] [-0.48  1.05  9.73]
-11.847957 [ 8.125 -2.375 -6.125] [-0.4   1.04  9.74]
-11.949387 [ 8.125 -1.75  -6.125] [-0.3   1.04  9.74]
-12.050825 [ 8.188 -1.375 -6.125] [-0.23  1.04  9.74]
-12.151998 [ 8.188 -0.937 -6.125] [-0.17  1.04  9.74]
-12.25373 [ 8.25  -0.437 -6.062] [-0.08  1.04  9.75]
-12.355431 [ 8.25  -0.125 -6.187] [-0.02  1.05  9.74]
-12.45716 [ 8.25   0.063 -6.5  ] [ 1.29  1.11  9.74]
-12.558897 [ 8.25   0.438 -6.875] [ 1.36  1.18  9.73]
-12.660211 [ 8.25   0.625 -7.187] [ 1.39  1.23  9.72]
-12.761667 [ 0.25   0.688 -7.75 ] [-1.22 -0.01 -0.01]
-12.863655 [ 8.25  0.75 -8.5 ] [ 1.41  1.44  9.69]
-12.965122 [ 8.25   0.75  -8.812] [ 1.41  1.5   9.68]
-13.067113 [ 8.25  0.75 -9.25] [ 1.41  1.58  9.67]
-13.168838 [ 8.25   0.75  -9.625] [ 1.41  1.64  9.66]
-13.271389 [ 0.25   0.688 -9.937] [ 1.4   1.69  9.65]
-13.374747 [  8.25    0.438 -10.375] [ 1.36  1.76  9.64]
-13.476878 [  8.188  -0.062 -10.687] [-0.01  1.81  9.63]
-13.578329 [  8.125  -0.75  -11.   ] [-0.13  1.87  9.62]
-13.680344 [  0.     -1.437 -11.375] [-0.25  1.94  9.6 ]
-13.783628 [  8.     -1.875 -11.5  ] [-0.31  1.95  9.6 ]
-13.886054 [  7.938  -2.375 -11.562] [-0.41  1.97  9.59]
-13.987637 [  7.875  -2.812 -11.625] [-0.49  1.97  9.59]
-14.088948 [  7.875  -3.312 -11.625] [-0.57  1.97  9.58]
-14.190265 [  7.813  -3.687 -11.625] [-0.63  1.97  9.58]
-14.292982 [  7.75   -4.062 -11.625] [-0.7   1.97  9.58]
-14.396288 [  7.75   -4.375 -11.25 ] [-0.75  1.91  9.58]
-14.498546 [  7.688  -4.687 -10.875] [-0.8   1.84  9.59]
-14.59989 [  7.688  -4.937 -10.5  ] [-0.84  1.79  9.6 ]
-14.701468 [  7.625  -4.937 -10.062] [-0.84  1.7   9.61]
-14.802792 [ 7.625 -4.937 -9.562] [-0.85  1.63  9.63]
-14.904347 [ 7.625 -5.    -9.125] [-0.85  1.55  9.64]
-15.005943 [-1680.375    -5.       -8.625] [-0.86  1.47  9.65]
-15.107947 [ 7.563 -5.    -8.187] [-0.86  1.4   9.66]
-15.209527 [ 7.563 -5.062 -8.   ] [-0.86  1.36  9.67]
-15.310858 [ 7.563 -5.062 -7.5  ] [-0.86  1.27  9.68]
-15.412455 [ 7.563 -5.    -6.812] [-0.86  1.16  9.69]
-15.514132 [ 7.625 -4.687 -6.437] [-0.8   1.1   9.71]
-15.616478 [-1680.375    -4.062    -6.125] [-0.7   1.05  9.72]
-15.718304 [ 7.688 -3.312 -6.   ] [-0.58  1.03  9.73]
-15.820142 [ 7.688 -2.875 -6.   ] [-0.49  1.02  9.74]
-15.922243 [ 7.75  -2.437 -5.937] [-0.42  1.02  9.74]
-16.024042 [ 7.75  -1.875 -5.937] [-0.32  1.01  9.74]
-16.127076 [ 7.813 -1.312 -5.937] [-0.23  1.02  9.75]
-16.229221 [ 0.187 -0.937 -5.937] [-0.17  1.02  9.75]
-16.330363 [ 7.813 -0.625 -5.937] [-0.11  1.01  9.75]
-16.431538 [ 7.875 -0.25  -6.062] [-0.05  1.04  9.75]
-16.533104 [ 7.875 -0.125 -6.437] [-0.02  1.1   9.74]
-16.636556 [ 0.125  0.063 -6.812] [ 1.29  1.16  9.73]
-16.739159 [ 7.875  0.313 -7.312] [ 0.05  1.24  9.72]
-16.840871 [ 7.875  0.438 -7.875] [ 1.35  1.34  9.71]
-16.942269 [ 0.125  0.5   -8.437] [ 1.37  1.44  9.69]
-17.044893 [ 0.125  0.563 -8.875] [ 0.09  1.51  9.68]
-17.148186 [ 7.875  0.563 -9.312] [ 1.37  1.58  9.67]
-17.250479 [ 7.875  0.563 -9.687] [ 1.37  1.65  9.66]
-17.352221 [  7.875   0.563 -10.125] [ 1.37  1.72  9.65]
-17.453681 [  7.875   0.438 -10.5  ] [ 1.36  1.78  9.64]
-17.555536 [  7.813   0.    -10.812] [ 1.28  1.84  9.63]
-17.657384 [  7.813  -0.562 -11.062] [-0.1   1.89  9.62]
-17.758854 [  7.75   -1.25  -11.375] [-0.21  1.93  9.61]
-17.860253 [  7.688  -1.75  -11.437] [-0.29  1.95  9.6 ]
-17.961875 [  7.625  -2.25  -11.437] [-0.39  1.95  9.6 ]
-18.063342 [  7.563  -2.75  -11.5  ] [-0.48  1.95  9.59]
-18.165047 [  7.5   -3.25 -11.5 ] [-0.56  1.95  9.59]
-18.266611 [  7.5    -3.625 -11.5  ] [-0.62  1.95  9.58]
-18.368375 [  7.438  -4.    -11.5  ] [-0.68  1.95  9.58]
-18.470495 [  7.438  -4.375 -11.187] [-0.74  1.91  9.58]
-18.572806 [  7.375  -4.687 -10.75 ] [-0.8   1.82  9.6 ]
-18.674524 [  7.313  -5.    -10.437] [-0.86  1.76  9.6 ]
-18.776835 [  7.313  -5.187 -10.   ] [-0.88  1.7   9.61]
-18.879849 [ 7.313 -5.187 -9.437] [-0.88  1.61  9.63]
-18.982544 [ 7.25  -5.187 -9.   ] [-0.89  1.53  9.64]
-19.084875 [ 7.313 -5.187 -8.562] [-0.89  1.45  9.65]
-19.1866 [ 0.75  -5.187 -8.187] [-0.89  1.4   9.66]
-19.289611 [ 7.25  -5.187 -8.   ] [-0.89  1.36  9.67]
-19.392656 [ 7.25  -5.187 -7.5  ] [-0.89  1.29  9.67]
-19.49463 [ 7.188 -5.062 -6.812] [-0.87  1.16  9.69]
-19.595939 [ 7.25  -4.562 -6.5  ] [-0.78  1.11  9.71]
-19.698618 [ 0.75  -3.687 -6.312] [-0.63  1.07  9.72]
-19.801673 [ 7.313 -3.062 -6.125] [-0.53  1.05  9.73]
-19.904361 [ 7.313 -2.75  -6.062] [-0.47  1.03  9.73]
-20.005991 [ 7.313 -2.25  -6.   ] [-0.39  1.03  9.74]
-20.107399 [ 7.375 -1.75  -6.   ] [-0.3   1.02  9.74]
-20.209045 [ 7.375 -1.312 -6.   ] [-0.23  1.02  9.74]
-20.310738 [ 7.438 -0.875 -6.   ] [-0.15  1.02  9.75]
-20.41223 [ 7.438 -0.437 -6.   ] [-0.07  1.02  9.75]
-20.514053 [ 7.438 -0.187 -6.   ] [-0.04  1.03  9.75]
-20.616066 [ 7.438  0.    -6.25 ] [ 1.28  1.07  9.74]
-20.717647 [ 7.5    0.25  -6.625] [ 1.32  1.13  9.74]
-20.818895 [ 7.5    0.375 -7.   ] [ 1.35  1.19  9.73]
-20.920491 [ 7.5    0.438 -7.562] [ 1.36  1.29  9.72]
-21.022113 [ 7.5    0.5   -8.187] [ 1.36  1.39  9.7 ]
-21.123713 [ 7.5    0.5   -8.625] [ 1.37  1.46  8.41]
-21.22568 [ 7.5    0.5   -9.062] [ 1.37  1.55  9.68]
-21.327412 [ 7.5    0.5   -9.437] [ 1.37  1.61  9.67]
-21.428871 [ 7.5    0.5   -9.875] [ 1.37  1.68  9.66]
-21.531703 [  0.5     0.438 -10.312] [ 0.07  1.76  9.64]
-21.634894 [  7.438  -0.125 -10.75 ] [-0.01  1.82  9.63]
-21.737198 [  7.375  -0.812 -11.062] [-0.14  1.89  9.62]
-21.838912 [  7.25   -1.875 -11.625] [-0.32  1.97  9.59]
-21.941071 [  7.313  -2.    -11.625] [-0.34  1.98  9.59]
-22.044517 [  7.25   -2.312 -11.625] [-0.39  1.98  9.59]
-22.147092 [  7.188  -2.812 -11.625] [-0.48  1.98  9.59]
-22.248412 [  7.188  -3.312 -11.625] [-0.56  1.98  9.58]
-22.350412 [  7.125  -3.625 -11.562] [-0.62  1.96  8.3 ]
-22.453016 [  0.875  -3.937 -11.312] [-0.67  1.92  9.59]
-22.556453 [  7.063  -4.25  -10.937] [-0.72  1.87  9.59]
-22.658312 [  7.     -4.5   -10.625] [-0.77  1.8   9.6 ]
-22.759905 [  7.     -4.812 -10.187] [-0.82  1.73  9.61]
-22.861199 [ 7.    -4.937 -9.687] [-0.85  1.65  9.62]
-22.962507 [ 6.938 -4.937 -9.25 ] [-0.85  1.57  9.64]
-23.063957 [ 6.938 -5.    -8.812] [-0.85  1.49  9.65]
-23.166239 [ 6.938 -5.    -8.312] [-0.86  1.42  9.66]
-23.26822 [ 6.875 -5.    -8.   ] [-0.86  1.36  9.67]
-23.369825 [ 6.875 -5.062 -7.687] [-0.86  1.31  9.67]
-23.471434 [ 6.875 -5.062 -7.062] [-0.86  1.2   9.69]
-23.573151 [ 6.875 -5.    -6.625] [-0.86  1.13  9.7 ]
-23.675025 [ 6.875 -4.687 -6.375] [-0.8   1.09  9.71]
-23.776597 [ 6.938 -3.812 -6.125] [-0.67  1.05  9.72]
-23.878324 [ 6.938 -3.187 -6.   ] [-0.55  1.02  9.73]
-23.979752 [ 6.938 -3.    -6.   ] [-0.51  1.02  9.73]
-24.081347 [ 1.    -2.5   -5.937] [-0.42  1.01  9.74]
-24.184518 [ 1.    -1.875 -5.937] [-0.32  1.01  9.74]
-24.28754 [ 7.    -1.312 -5.937] [-0.23  1.01  9.75]
-24.389681 [ 7.063 -0.937 -5.937] [-0.16  1.01  9.75]
-24.491121 [ 7.063 -0.5   -5.937] [-0.08  1.01  9.75]
-24.593364 [ 0.937 -0.187 -5.937] [-0.04  1.02  9.75]
-24.697015 [ 7.063  0.    -6.312] [ 1.28  1.07  9.74]
-24.79959 [ 7.125  0.375 -6.687] [ 1.34  1.15  9.73]
-24.90102 [ 7.063  0.625 -7.   ] [ 1.38  1.2   9.73]
-25.002653 [ 0.937  0.625 -7.562] [ 1.39  1.29  9.71]
-25.105092 [ 7.063  0.688 -8.25 ] [ 1.39  1.41  9.7 ]
-25.208791 [ 7.063  0.688 -8.687] [ 1.39  1.47  9.69]
-25.31111 [ 7.063  0.688 -9.125] [ 1.39  1.56  9.68]
-25.412515 [ 7.063  0.688 -9.5  ] [ 1.39  1.62  9.67]
-25.5141 [ 7.063  0.625 -9.875] [ 1.38  1.68  9.66]
-25.615711 [  7.063   0.313 -10.312] [ 1.34  1.75  9.64]
-25.717282 [  7.     -0.125 -10.625] [-0.02  1.81  9.63]
-25.819093 [  6.938  -0.875 -11.   ] [-0.14  1.86  9.62]
-25.920733 [  6.875  -1.5   -11.375] [-0.25  1.93  9.61]
-26.022302 [  6.875  -1.875 -11.5  ] [-0.32  1.96  9.6 ]
-26.124 [  6.813  -2.437 -11.562] [-0.41  1.97  9.59]
-26.225484 [  6.75   -2.875 -11.625] [-0.49  1.97  9.59]
-26.326875 [  6.75   -3.312 -11.625] [-0.57  1.97  9.58]
-26.428201 [  6.688  -3.625 -11.625] [-0.63  1.97  9.58]
-26.530364 [  6.688  -4.062 -11.562] [  -0.69 -325.71    9.58]
-26.632017 [  6.625  -4.375 -11.312] [-0.75  1.92  9.58]
-26.733406 [  6.563  -4.687 -10.937] [-0.81  1.86  9.59]
-26.835411 [  6.563  -4.937 -10.625] [-0.85  1.8   9.6 ]
-26.938849 [  6.5    -5.    -10.125] [-0.86  1.72  9.61]
-27.041429 [ 6.5   -5.    -9.687] [-0.86  1.64  9.62]
-27.143165 [ 6.5   -5.    -9.187] [-0.86  1.57  9.64]
-27.244887 [ 1.5   -5.062 -8.687] [-0.86  1.48  9.65]
-27.347925 [ 6.438 -5.062 -8.312] [-0.86  1.42  9.66]
-27.451095 [ 6.438 -5.062 -8.062] [-0.86  1.37  9.67]
-27.552945 [ 6.438 -5.062 -7.562] [-0.86  1.29  9.68]
-27.654515 [ 6.438 -5.    -6.875] [-0.85  1.17  9.69]
-27.75711 [ 1.562 -4.687 -6.5  ] [-0.81  1.11  9.7 ]
-27.860218 [ 6.438 -3.937 -6.187] [-0.69  1.06  9.72]
-27.963081 [ 6.5   -3.187 -6.   ] [-0.55  1.03  9.73]
-28.064714 [ 6.5   -2.812 -5.937] [-0.48  1.02  9.74]
-28.166558 [ 6.563 -2.312 -5.937] [-0.4   1.01  9.74]
-28.268194 [ 6.563 -1.75  -5.937] [-0.3   1.01  9.74]
-28.369757 [ 6.563 -1.25  -5.937] [-0.22  1.01  9.75]
-28.47133 [ 6.625 -0.875 -5.875] [-0.15  1.01  9.75]
-28.57305 [ 6.625 -0.437 -5.937] [-0.08  1.01  9.75]
-28.674641 [ 6.625 -0.125 -6.   ] [-0.02  1.03  9.75]
-28.776099 [ 6.625  0.    -6.437] [ 1.28  1.1   9.74]
-28.877795 [ 6.625  0.25  -6.812] [ 1.32  1.16  9.73]
-28.979527 [ 6.688  0.5   -7.187] [ 1.36  1.23  9.72]
-29.080966 [ 6.688  0.563 -7.75 ] [ 1.37  1.33  9.71]
-29.182734 [ 6.688  0.563 -8.375] [ 1.38  1.42  9.7 ]
-29.285019 [ 6.688  0.563 -8.812] [ 1.38  1.5   9.68]
-29.386575 [ 6.688  0.625 -9.25 ] [ 1.38  1.58  9.67]
-29.488765 [ 6.688  0.625 -9.562] [ 0.1   1.63  9.66]
-29.592222 [  6.688   0.625 -10.062] [ 1.38  1.71  9.65]
-29.694768 [  6.625   0.375 -10.375] [ 1.34  1.77  9.64]
-29.796225 [  6.625  -0.062 -10.687] [-0.01  1.82  9.63]
-29.89763 [  6.563  -0.687 -11.062] [-0.11  1.88  9.62]
-29.999794 [  6.5   -1.25 -11.25] [-0.21  1.91  9.61]
-30.102661 [  6.438  -1.812 -11.375] [-0.3   1.93  9.6 ]
-30.205108 [  6.375  -2.375 -11.437] [-0.41  1.94  9.6 ]
-30.306681 [  6.313  -2.812 -11.437] [-0.48  1.95  9.59]
-30.408996 [  6.313  -3.312 -11.437] [-0.56  1.95  9.59]
-30.512008 [  6.25   -3.625 -11.437] [-0.62  1.95  9.59]
-30.615075 [  6.188  -4.062 -11.437] [-0.69  1.95  9.58]
-30.717356 [  6.188  -4.437 -11.187] [-0.76  1.9   9.58]
-30.819693 [  6.125  -4.75  -10.75 ] [-0.81  1.83  9.59]
-30.921198 [  6.063  -5.    -10.437] [-0.86  1.77  9.6 ]
-31.022507 [  6.125  -5.125 -10.   ] [-0.88  1.69  9.61]
-31.124226 [ 6.063 -5.187 -9.437] [-0.88  1.61  9.63]
-31.225936 [ 6.063 -5.187 -9.   ] [-0.89  1.53  9.64]
-31.327532 [ 6.063 -5.187 -8.562] [-0.89  1.45  9.65]
-31.428837 [ 6.063 -5.187 -8.187] [-0.89  1.39  9.66]
-31.530421 [ 6.063 -5.187 -7.937] [-0.89  1.35  9.67]
-31.631855 [ 6.    -5.187 -7.5  ] [-0.89  1.27  9.68]
-31.733385 [ 6.    -5.062 -6.75 ] [-0.87  1.15  9.69]
-31.836607 [ 6.    -4.5   -6.437] [-0.77  1.1   9.71]
-31.938048 [ 6.063 -3.687 -6.312] [-0.64  1.07  9.72]
-32.039491 [ 6.125 -3.125 -6.125] [-0.54  1.04  9.73]
-32.141664 [ 6.125 -2.812 -6.   ] [-0.48  1.02  9.74]
-32.244938 [ 6.125 -2.25  -5.937] [-0.4   1.02  9.74]
-32.347389 [ 6.188 -1.687 -5.937] [-0.29  1.01  9.74]
-32.448943 [ 6.188 -1.312 -5.937] [-0.22  1.01  9.75]
-32.550554 [ 6.188 -0.812 -5.937] [-0.14  1.01  9.75]
-32.653156 [ 1.75  -0.437 -5.937] [-0.08  1.01  9.75]
-32.75683 [ 6.25  -0.25  -5.937] [-0.04  1.02  9.75]
-32.858869 [ 6.25  -0.062 -6.25 ] [-0.01  1.06  9.74]
-32.960756 [ 1.75   0.313 -6.625] [ 1.33  1.13  9.74]
-33.06364 [ 6.313  0.563 -6.937] [ 1.37  1.19  9.73]
-33.167187 [ 6.313  0.563 -7.5  ] [ 0.09  1.28  9.72]
-33.269234 [ 6.313  0.563 -8.125] [ 1.37  1.38  9.7 ]
-33.370798 [ 6.313  0.563 -8.625] [ 1.37  1.47  9.69]
-33.472239 [ 6.313  0.563 -9.125] [ 1.37  1.55  9.68]
-33.573685 [ 6.313  0.563 -9.437] [ 1.37  1.61  9.67]
-33.675392 [ 6.313  0.563 -9.875] [ 1.37  1.68  9.65]
-33.777295 [  6.25    0.5   -10.375] [ 1.37  1.76  9.64]
-33.878862 [  6.25    0.063 -10.625] [ 1.29  1.81  9.63]
-33.98029 [  6.188  -0.5   -11.   ] [-0.09  1.87  9.62]
-34.081894 [  6.125  -1.    -11.187] [-0.17  1.9   9.61]
-34.183343 [  6.125  -1.437 -11.312] [-0.25  1.92  9.61]
-34.284611 [  6.063  -1.875 -11.312] [-0.32  1.92  9.6 ]
-34.386208 [  2.     -2.5   -11.375] [-0.43  1.94  9.6 ]
-34.488359 [  5.938  -3.125 -11.437] [-0.53  1.94  9.59]
-34.590379 [  5.875  -3.562 -11.437] [-0.61  1.94  9.59]
-34.691963 [  5.875  -3.812 -11.375] [-0.65  1.93  9.59]
-34.794739 [  2.187  -4.    -11.125] [-0.69  1.89  9.59]
-34.897598 [  5.813  -4.25  -10.812] [-0.73  1.84  9.6 ]
-34.999439 [  5.75   -4.687 -10.375] [-0.8   1.76  9.61]
-35.100299 [ 5.75  -4.875 -9.875] [-0.84  1.67  9.62]
-35.200887 [ 5.688 -4.937 -9.437] [-0.84  1.6   9.63]
-35.301474 [ 5.688 -4.937 -9.   ] [-0.84  1.53  9.64]
-35.40204 [ 5.688 -4.937 -8.5  ] [-0.84  1.45  9.66]
-35.503015 [ 2.312 -4.937 -8.187] [-0.85  1.39  9.66]
-35.604881 [ 2.312 -4.937 -7.875] [-0.85  1.34  9.67]
-35.707401 [ 2.375 -4.937 -7.25 ] [-0.85  1.24  9.69]
-35.809107 [ 5.625 -4.937 -6.75 ] [-0.84  1.15  9.7 ]
-35.910166 [ 5.625 -4.562 -6.437] [-0.78  1.1   9.71]
-36.010907 [ 5.688 -3.937 -6.25 ] [-0.67  1.07  9.72]
-36.11144 [ 5.688 -3.187 -6.187] [-0.55  1.05  9.73]
-36.211875 [ 5.75  -2.75  -6.125] [-0.47  1.05  9.73]
-36.312415 [ 5.75  -2.312 -6.062] [-0.39  1.04  9.74]
-36.413066 [ 2.25  -1.75  -6.062] [-0.3   1.04  9.74]
-36.514561 [ 5.813 -1.312 -6.062] [-0.22  1.04  9.74]
-36.616768 [ 2.187 -0.937 -6.062] [-0.16  1.04  9.74]
-36.719268 [ 5.875 -0.375 -6.062] [-0.07  1.04  9.75]
-36.821146 [ 5.875 -0.125 -6.062] [-0.02  1.04  9.75]
