-0.075645 [ 7.688 -1.812 -8.875] [-0.31  1.51  9.68]
-0.178791 [ 7.563 -2.562 -9.437] [-0.44  1.6   9.66]
-0.281927 [ 6.813 -7.    -6.625] [-1.2   1.13  9.66]
-0.384701 [ 1.437 -8.375 -5.25 ] [-0.15  0.89  9.65]
-0.487973 [ 6.438 -8.125 -4.687] [-0.11  0.79  9.67]
-0.592145 [ 6.313 -7.875 -4.187] [-0.07  0.71  9.68]
-0.695148 [ 6.25  -7.812 -3.25 ] [-0.05  0.55  9.69]
-0.798434 [ 6.313 -7.625 -2.375] [-0.02  0.41  9.71]
-0.902584 [ 6.375 -6.812 -1.562] [-1.17  0.27  9.73]
-1.005323 [ 1.25  -4.687 -0.375] [-0.8   0.07  9.77]
-1.108758 [ 7.125 -1.312  0.875] [-0.26 -0.1   9.8 ]
-1.215057 [ 7.563  0.313  1.438] [ 1.33 -0.25  9.8 ]
-1.317504 [ 7.75   1.625  1.   ] [ 1.55 -0.17  9.8 ]
-1.419682 [ 7.875  2.438  0.188] [ 1.7  -0.04  9.79]
-1.522245 [ 7.813  2.563 -0.562] [ 1.72  0.08  9.79]
-1.625065 [ 7.938  3.    -1.187] [ 1.79  0.2   9.79]
-1.727542 [ 8.125  3.688 -1.625] [ 1.91  0.28  9.78]
-1.830002 [ 8.25   4.438 -2.   ] [ 2.04  0.34  9.77]
-1.932322 [ 8.438  5.25  -2.937] [ 2.17  0.48  9.75]
-2.035309 [ 8.313  5.625 -5.125] [ 2.24  0.88  9.71]
-2.137888 [ 8.     6.188 -8.187] [ 2.34  1.39  9.64]
-2.242196 [ 7.563  5.625 -9.75 ] [ 0.96  1.63  9.62]
-2.345727 [  7.438   5.688 -10.875] [ 2.25  1.84  9.58]
-2.448045 [  7.25    5.5   -11.875] [ 2.22  2.    9.55]
-2.552488 [  7.063   5.188 -12.562] [ 2.17  2.12  9.53]
-2.658407 [  1.125   4.813 -13.125] [ 0.82  2.22  9.51]
-2.76282 [  6.813   4.75  -14.062] [ 2.1   2.37  9.48]
-2.866415 [  6.813   4.313 -14.687] [ 2.02  2.48  9.45]
-2.968846 [  6.688   3.313 -15.5  ] [ 1.85  2.62  9.43]
-3.071345 [  6.25    0.688 -16.187] [ 1.4   2.73  9.41]
-3.174166 [  5.75   -1.687 -17.   ] [-0.26  2.85  9.37]
-3.276877 [  5.563  -2.25  -17.562] [-0.38  2.96  9.33]
-3.379322 [  5.313  -3.125 -18.   ] [-0.53  3.03  9.3 ]
-3.481874 [  5.063  -4.187 -18.   ] [-0.71  3.02  9.3 ]
-3.584503 [  4.75   -5.062 -17.625] [-0.85  2.96  9.3 ]
-3.687515 [  4.438  -5.937 -17.5  ] [-1.01  2.93  9.3 ]
-3.78994 [  4.188  -6.875 -17.25 ] [-1.17  2.89  9.29]
-3.894115 [  4.063  -7.312 -17.125] [-1.24  2.87  9.29]
-3.997255 [  4.188  -8.5   -15.375] [-0.17  2.57  9.34]
-4.099559 [  4.625 -10.5   -12.312] [-0.51  2.06  9.41]
-4.205005 [  5.313 -10.812  -8.187] [-0.55  1.42  9.52]
-4.307539 [  5.438 -11.062  -6.5  ] [-0.6   1.08  9.56]
-4.409359 [  5.75  -11.187  -5.562] [-0.62  0.94  9.57]
-4.512404 [  6.313 -10.687  -4.5  ] [-0.54  0.76  9.6 ]
-4.61627 [ 6.5  -9.75 -4.25] [-1.67  0.72  9.63]
-4.718425 [ 6.75  -9.625 -3.687] [-0.36  0.63  9.64]
-4.820134 [ 6.875 -9.437 -3.   ] [-0.33  0.5   9.65]
-4.922075 [ 6.938 -8.875 -2.5  ] [-0.23  0.43  9.67]
-5.023793 [ 7.25  -7.75  -1.812] [-0.05  0.31  9.71]
-5.125611 [ 7.813 -4.312 -0.25 ] [-0.81  0.07  9.77]
-5.22729 [ 8.    -0.937  0.5  ] [-0.21 -0.07  9.8 ]
-5.329057 [ 8.     0.438  0.688] [ 1.36 -0.11  9.8 ]
-5.430851 [ 7.875  1.375  0.313] [ 1.51 -0.05  9.8 ]
-5.532781 [ 7.688  1.938 -0.187] [ 1.61  0.03  9.8 ]
-5.634738 [ 7.5    2.563 -0.875] [ 1.72  0.15  9.79]
-5.736992 [ 7.375  3.125 -1.812] [ 0.52  0.3   9.78]
-5.839125 [ 7.313  3.813 -2.5  ] [ 1.93  0.43  9.77]
-5.940999 [ 7.313  4.188 -3.062] [ 1.99  0.52  9.76]
-6.044173 [ 7.375  4.813 -4.125] [ 0.82  0.71  9.74]
-6.147619 [ 7.563  5.5   -5.25 ] [ 0.93  0.88  9.72]
-6.249965 [ 7.188  6.063 -7.75 ] [ 2.31  1.32  9.66]
-6.352113 [ 7.063  6.25  -9.312] [ 2.34  1.57  9.61]
-6.455679 [  1.187   5.813 -10.625] [ 2.27  1.8   9.58]
-6.558705 [  6.625   5.188 -11.75 ] [ 2.17  1.99  9.55]
-6.660687 [  6.438   4.563 -12.125] [ 2.06  2.05  9.55]
-6.763254 [  6.313   4.313 -12.687] [ 2.02  2.15  9.53]
-6.866707 [  6.188   3.5   -13.937] [ 1.89  2.34  9.5 ]
-6.969585 [  6.125   2.875 -14.687] [ 1.78  2.49  9.47]
-7.071589 [  5.875   2.    -15.625] [ 1.62  2.64  9.43]
-7.173615 [  5.313   0.    -16.562] [ 1.28  2.79  9.39]
-7.275606 [  4.75   -1.375 -17.187] [-0.23  2.9   9.36]
-7.377363 [  4.438  -1.812 -17.437] [-0.31  2.94  9.34]
-7.47955 [  3.813  -3.    -17.875] [-0.51  3.01  9.31]
-7.581568 [  3.438  -4.187 -17.75 ] [-0.71  2.98  9.31]
-7.683525 [  3.188  -4.812 -17.437] [-0.83  2.93  9.32]
-7.785631 [  2.875  -5.75  -17.437] [-0.99  2.93  9.3 ]
-7.887557 [  2.688  -6.75  -17.375] [-1.15  2.91  9.29]
-7.989838 [  2.563  -7.312 -17.   ] [-1.24  2.86  9.29]
-8.092093 [  2.438  -8.437 -15.   ] [-0.16  2.51  9.36]
-8.194095 [  2.313  -9.937 -11.375] [-0.41  1.91  9.46]
-8.297386 [ 5.625 -9.5   -8.312] [-1.62  1.4   9.56]
-8.400743 [ 2.5   -9.75  -6.625] [-0.38  1.12  9.59]
-8.50295 [ 2.75  -9.5   -5.437] [-0.33  0.91  9.62]
-8.605353 [ 5.125 -8.625 -4.562] [-0.19  0.78  9.66]
-8.709701 [ 2.875 -7.687 -4.375] [-0.05  0.75  9.68]
-8.814286 [ 2.75  -7.5   -3.812] [-1.28  0.65  9.69]
-8.917964 [ 2.75  -7.437 -3.062] [-1.27  0.52  9.7 ]
-9.022108 [ 2.75  -7.062 -2.312] [-1.2   0.39  9.72]
-9.124599 [ 2.938 -6.187 -1.625] [-1.06  0.28  9.74]
-9.227032 [ 3.188 -4.812 -0.437] [-0.82  0.08  9.77]
-9.32959 [ 3.5   -1.812  0.313] [-0.31 -0.05  9.8 ]
-9.432455 [ 3.563  0.     1.625] [ 1.28 -0.28  9.8 ]
-9.535068 [ 0.875  1.5    3.438] [ 1.54 -0.58  9.78]
-9.637509 [ 10.      2.688   3.813] [   1.75  327.02    9.77]
-9.739952 [ 11.687   3.75    3.563] [ 1.92 -0.6   9.76]
-9.842822 [ 12.187   4.188   4.75 ] [ 2.   -0.81  9.74]
-9.945283 [ 11.375   4.438   5.125] [ 2.04 -0.87  9.73]
-10.048698 [ 11.437   5.063   4.125] [ 2.14 -0.7   9.74]
-10.15588 [ 11.562   5.813   2.313] [ 2.27 -0.4   9.74]
-10.259738 [ 11.75    6.688  -0.25 ] [ 1.14  0.05  9.73]
-10.363884 [ 11.875   6.188  -3.062] [ 2.34  0.52  9.73]
-10.466486 [ 11.687   6.063  -6.937] [ 2.32  1.18  9.67]
-10.570507 [ 11.125   7.625 -10.312] [ 1.28  1.69  9.57]
-10.674212 [ 10.75    7.438 -12.187] [ 2.55  2.05  9.5 ]
-10.776802 [ 10.562   7.    -14.125] [ 2.48  2.38  9.43]
-10.879811 [ 10.312   6.313 -16.562] [ 2.36  2.78  9.33]
-10.98255 [  9.312   6.688 -18.75 ] [ 2.44  3.12  9.22]
-11.085406 [  8.562   5.    -17.562] [ 2.14  2.94  9.31]
-11.187844 [  8.062   2.5   -16.125] [ 1.71  2.72  9.4 ]
-11.290445 [  1.      0.813 -15.625] [ 1.42  2.65  9.44]
-11.393283 [  2.     -1.062 -16.812] [-0.15  2.83  9.38]
-11.496294 [  2.625  -2.687 -16.25 ] [-0.47  2.74  9.4 ]
-11.599318 [  3.25   -4.062 -16.312] [-0.7   2.74  9.38]
-11.704163 [  3.375  -7.187 -16.687] [-1.22  2.8   9.31]
-11.806405 [  3.438  -9.062 -17.25 ] [-0.26  2.87  9.24]
-11.908784 [  3.5    -9.812 -17.687] [-0.39  2.94  9.2 ]
-12.012452 [  3.438 -10.687 -16.5  ] [-0.54  2.76  9.23]
-12.115354 [  3.375  -9.937 -14.812] [-0.42  2.47  9.33]
-12.217084 [  3.25   -8.687 -12.312] [-0.2   2.07  9.46]
-12.319373 [ 2.563 -9.562 -9.875] [-1.63  1.65  9.52]
-12.423231 [  2.063 -10.75   -8.25 ] [-1.82  1.41  9.53]
-12.526481 [  1.875 -11.25   -7.437] [-0.64  1.25  9.53]
-12.628239 [  1.813 -11.312  -6.25 ] [-0.64  1.05  9.55]
-12.729895 [  1.688 -11.125  -5.062] [-1.89  0.85  9.58]
-12.832657 [  1.563 -10.687  -4.687] [-0.54  0.79  9.6 ]
-12.934828 [  1.563 -10.437  -4.437] [-0.5   0.75  9.61]
-13.036739 [  1.438 -10.     -3.5  ] [-0.42  0.59  9.63]
-13.13852 [ 1.438 -9.5   -2.875] [-0.34  0.48  9.65]
-13.240694 [ 1.75  -7.937 -1.937] [-0.08  0.33  9.7 ]
-13.342687 [ 1.938 -4.5   -0.437] [-0.77  0.08  9.77]
-13.444687 [ 2.188 -1.062  0.125] [-0.23 -0.02  9.8 ]
-13.546818 [ 2.375  0.938 -0.25 ] [ 1.44  0.04  9.8 ]
-13.648488 [ 2.625  1.813 -0.062] [ 1.59  0.01  9.8 ]
-13.750921 [ 2.75   2.625 -1.187] [ 1.73  0.21  9.79]
-13.85425 [ 2.75   2.938 -2.437] [ 1.78  0.39  9.78]
-13.957092 [ 2.75   3.625 -3.375] [ 1.9   0.57  9.76]
-14.059056 [ 2.813  4.375 -3.875] [ 2.03  0.67  9.75]
-14.161343 [ 2.813  4.875 -4.312] [ 2.12  0.74  9.74]
-14.265038 [ 2.875  5.438 -5.   ] [ 0.93  0.84  9.72]
-14.3676 [ 2.75   5.813 -6.437] [ 2.28  1.09  9.69]
-14.469807 [ 2.5    6.375 -8.375] [ 2.37  1.42  9.64]
-14.57245 [  2.313   6.438 -10.062] [ 2.38  1.7   9.59]
-14.676196 [  2.125   6.125 -11.187] [ 2.33  1.88  9.56]
-14.779163 [  2.      5.688 -12.125] [ 2.25  2.05  9.53]
-14.880967 [  1.875   5.125 -12.5  ] [ 2.16  2.11  9.53]
-14.982639 [  1.75    4.688 -13.187] [ 2.08  2.23  9.51]
-15.084388 [  1.75    4.188 -14.125] [ 1.99  2.39  9.48]
-15.186316 [  1.688   3.25  -15.   ] [ 1.84  2.54  9.45]
-15.288402 [  1.813   1.938 -16.062] [ 1.63  2.7   9.42]
-15.390197 [  1.813   0.    -16.937] [ 1.28  2.86  9.37]
-15.49236 [  1.688  -1.375 -17.437] [-0.23  2.93  9.35]
-15.594185 [  1.5    -2.25  -18.187] [-0.38  3.06  9.3 ]
-15.696228 [  6.562  -3.    -18.875] [-0.51  3.16  9.26]
-15.798486 [  1.125  -4.187 -18.937] [-0.7   3.18  9.24]
-15.900752 [  0.813  -4.937 -18.625] [-0.85  3.12  9.25]
-16.002662 [  0.375  -5.875 -18.375] [-1.01  3.08  9.25]
-16.104958 [  0.     -6.875 -18.312] [-1.18  3.06  9.24]
-16.209504 [  8.25   -7.562 -17.875] [-0.01  2.98  9.25]
-16.31246 [  8.562  -8.687 -15.812] [-0.2   2.64  9.32]
-16.416367 [  8.875 -10.375 -12.5  ] [-0.49  2.08  9.41]
-16.520493 [  8.937 -10.312  -8.5  ] [-0.48  1.43  9.53]
-16.623087 [  8.75  -10.625  -6.937] [-0.53  1.17  9.56]
-16.726937 [  8.625 -10.25   -5.75 ] [-0.46  0.97  9.6 ]
-16.83126 [ 8.625 -9.562 -4.625] [-0.34  0.78  9.63]
-16.933829 [ 8.625 -8.875 -4.5  ] [-0.23  0.76  9.65]
-17.036425 [ 8.687 -8.5   -4.062] [-0.17  0.69  9.67]
-17.13886 [ 8.75 -8.25 -3.5 ] [-0.13  0.59  9.68]
-17.241729 [ 8.687 -7.875 -2.562] [-0.06  0.44  9.7 ]
-17.344417 [ 8.75  -7.312 -1.062] [-1.24  0.18  9.72]
-17.446891 [ 9.062 -5.125  1.438] [-0.88 -0.25  9.76]
-17.549203 [ 9.125 -1.812  3.313] [-0.31 -0.57  9.78]
-17.653592 [ 9.812  0.688  3.188] [ 1.39 -0.55  9.79]
-17.756389 [ 10.812   2.125   4.125] [ 1.64 -0.71  9.77]
-17.860189 [ 12.      2.688   4.875] [ 1.74 -0.82  9.76]
-17.962993 [ 12.375   3.      3.813] [ 1.8  -0.65  9.77]
-18.064969 [ 12.812   3.813   2.375] [ 1.93 -0.4   9.77]
-18.167973 [ 13.125   4.625   2.25 ] [ 2.07 -0.39  9.76]
-18.271546 [ 13.312   4.563   2.313] [ 2.05 -0.4   9.76]
-18.373664 [ 12.937   5.563   0.688] [ 2.23 -0.12  9.75]
-18.475573 [ 12.875   6.313  -1.5  ] [ 2.36  0.25  9.74]
-18.578709 [ 12.75    5.75   -3.625] [ 2.26  0.61  9.73]
-18.682226 [ 13.25    4.938  -5.062] [ 2.12  0.86  9.73]
-18.785017 [ 13.687   4.125  -6.5  ] [ 1.99  1.1   9.71]
-18.886787 [ 13.687   3.125  -8.   ] [ 1.81  1.36  9.69]
-18.988482 [ 13.937   2.     -8.625] [ 1.62  1.48  9.68]
-19.090152 [ 14.562   1.188 -10.   ] [ 1.48  1.7   9.65]
-19.192418 [ 15.187   0.313 -11.125] [ 1.34  1.89  9.62]
-19.294511 [ 15.562  -0.312 -11.625] [-0.06  1.98  9.6 ]
-19.396411 [ 15.875  -1.125 -12.812] [-0.2   2.18  9.55]
-19.498161 [  8.062  -1.875 -13.437] [-0.32  2.28  9.53]
-19.600126 [  8.25   -1.937 -12.437] [-0.33  2.11  9.56]
-19.702428 [  8.562  -2.125 -14.75 ] [-0.36  2.47  9.48]
-19.805006 [  8.625  -2.75  -14.312] [-0.47  2.42  9.48]
-19.906743 [  8.75   -3.5   -13.625] [-0.6   2.3   9.51]
-20.009665 [  8.812  -3.937 -13.75 ] [-0.68  2.32  9.5 ]
-20.113525 [  8.875  -4.625 -14.187] [-0.78  2.39  9.47]
-20.215833 [  8.812  -5.875 -14.25 ] [-1.    2.4   9.45]
-20.317658 [  8.75   -6.812 -13.312] [-1.17  2.25  9.47]
-20.421828 [  8.625  -7.937 -10.875] [-0.05  1.87  9.53]
-20.525563 [ 8.625 -9.25  -8.187] [-0.3   1.38  9.57]
-20.628134 [  8.5   -10.25   -7.062] [-0.47  1.19  9.57]
-20.734757 [ 15.812  -9.625  -6.937] [-0.36  1.16  9.59]
-20.83802 [ 14.375  -9.312  -6.062] [-0.3   1.03  9.62]
-20.940449 [ 13.187  -9.125  -4.937] [-0.28  0.84  9.64]
-21.043204 [ 12.812  -8.437  -4.375] [-0.16  0.74  9.67]
-21.146043 [ 12.687  -7.937  -4.   ] [-0.07  0.67  9.68]
-21.24851 [ 12.75   -7.562  -3.312] [-0.01  0.56  9.7 ]
-21.351326 [ 12.687  -7.     -2.375] [-1.19  0.4   9.72]
-21.453945 [ 12.5    -6.187  -1.5  ] [-1.07  0.27  9.74]
-21.556806 [ 12.062  -4.187  -0.375] [-0.71  0.07  9.77]
-21.659107 [ 11.562  -0.937   0.313] [-0.16 -0.06  9.8 ]
-21.762891 [ 11.062   0.438   1.438] [ 1.36 -0.25  9.8 ]
-21.867146 [ 10.812   1.813   0.875] [ 1.59 -0.15  9.8 ]
-21.969732 [ 10.625   2.625   0.   ] [ 1.73  0.    9.79]
-22.073988 [ 10.375   2.938  -1.   ] [ 1.78  0.15  9.79]
-22.180436 [ 10.312   3.5    -1.875] [ 1.88  0.32  9.78]
-22.285041 [ 10.062   4.375  -2.437] [ 2.02  0.41  9.76]
-22.388506 [ 9.937  5.125 -2.75 ] [ 2.15  0.47  9.75]
-22.491247 [ 9.75   5.813 -3.625] [ 2.27  0.61  9.73]
-22.594201 [ 9.812  6.063 -4.812] [ 2.32  0.82  9.71]
-22.697394 [ 10.125   6.625  -7.562] [ 2.41  1.29  9.65]
-22.799992 [ 10.437   6.438  -9.25 ] [ 2.38  1.56  9.61]
-22.902866 [ 10.562   6.063 -10.562] [ 2.32  1.79  8.3 ]
-23.005568 [ 10.75    5.5   -11.812] [ 2.24  1.98  9.55]
-23.108437 [ 10.812   4.875 -12.062] [ 2.11  2.04  9.55]
-23.21074 [ 11.062   4.063 -12.75 ] [ 1.98  2.16  9.53]
-23.314601 [ 11.187   3.5   -13.812] [ 1.88  2.34  9.5 ]
-23.418356 [ 11.25    2.75  -14.687] [ 1.75  2.49  9.47]
-23.521028 [ 11.312   1.688 -15.687] [ 1.57  2.65  9.43]
-23.624479 [ 11.5     0.313 -16.312] [ 1.33  2.76  9.4 ]
-23.73109 [ 11.687  -1.25  -17.187] [-0.21  2.89  9.36]
-23.835679 [ 11.937  -1.937 -17.875] [-0.32  2.99  9.33]
-23.939385 [ 12.125  -2.937 -18.312] [-0.5   3.08  9.29]
-24.041987 [ 12.5    -4.125 -18.25 ] [-0.7   3.06  9.28]
-24.144553 [ 12.812  -4.937 -17.937] [-0.84  3.01  9.29]
-24.247025 [ 13.312  -5.875 -17.75 ] [-1.01  2.98  9.28]
-24.349603 [ 13.75   -6.875 -17.687] [-1.17  2.95  9.27]
-24.452178 [ 13.937  -7.25  -17.125] [-1.24  2.86  9.29]
-24.554881 [ 14.25   -8.312 -15.187] [-0.14  2.55  9.36]
-24.657474 [ 14.687 -10.437 -12.062] [-0.46   2.08   8.141]
-24.760187 [ 14.687  -9.75   -8.5  ] [-0.39  1.43  9.55]
-24.862656 [ 14.437  -9.75   -6.75 ] [-0.38  1.14  9.59]
-24.966377 [ 14.187  -9.562  -5.562] [-1.63  0.93  9.62]
-25.070112 [ 14.062  -8.75   -4.625] [-0.21  0.78  9.66]
-25.175586 [ 14.     -7.875  -4.312] [-0.06  0.73  9.68]
-25.279712 [ 14.     -7.75   -3.937] [-0.05  0.67  9.69]
-25.382142 [ 13.937  -7.75   -3.   ] [-0.05  0.51  9.7 ]
-25.485432 [ 13.875  -7.375  -2.5  ] [-1.26  0.43  9.71]
-25.589883 [ 13.687  -6.437  -1.75 ] [-1.1   0.3   9.73]
-25.693011 [ 13.187  -4.437  -0.5  ] [-0.76  0.08  9.77]
-25.795768 [ 12.875  -0.937   0.188] [-0.16 -0.04  9.8 ]
-25.897925 [ 12.812   0.438   0.875] [ 1.36 -0.15  9.8 ]
-26.000689 [ 12.937   1.5    -0.062] [ 1.53  0.02  9.8 ]
-26.103381 [ 13.187   2.375  -1.187] [ 1.69  0.21  9.79]
-26.206107 [ 13.437   2.625  -2.5  ] [ 1.73  0.42  9.78]
-26.308822 [ 13.687   3.188  -3.375] [ 1.82  0.58  9.77]
-26.412111 [ 13.812   4.125  -4.   ] [ 1.98  0.69  9.75]
-26.514696 [ 13.75    4.375  -4.437] [ 0.75  0.76  9.74]
-26.618711 [ 13.437   4.875  -5.062] [ 0.82  0.86  9.73]
-26.72502 [ 13.187   5.688  -5.875] [ 2.25  1.    9.7 ]
-26.82917 [ 13.25    6.5    -8.187] [ 1.1   1.36  9.64]
-26.932484 [ 13.375   6.25   -9.625] [ 1.07  1.63  9.6 ]
-27.035155 [ 13.437   5.938 -10.937] [ 2.29  1.85  9.57]
-27.139175 [ 13.437   5.5   -11.625] [ 2.23  1.96  9.56]
-27.243078 [ 13.562   4.75  -12.187] [ 2.09  2.06  9.55]
-27.345493 [ 13.687   4.125 -12.937] [ 1.98  2.19  9.53]
-27.44812 [ 13.687   3.625 -13.937] [ 1.9   2.36  9.49]
-27.550553 [ 13.75    2.813 -14.812] [ 1.78  2.49  9.47]
-27.653277 [ 13.812   1.813 -15.625] [ 1.59  2.64  9.43]
-27.755834 [ 13.812   0.688 -16.375] [ 1.4   2.76  9.4 ]
-27.85816 [ 14.062  -0.937 -17.125] [-0.16  2.88  9.37]
-27.960464 [ 14.312  -1.687 -17.562] [-0.28  2.96  9.34]
-28.063171 [ 14.687  -2.75  -18.062] [-0.47  3.04  9.31]
-28.168854 [ 15.187  -4.125 -18.187] [-0.7   3.05  9.29]
-28.273346 [ 15.437  -4.75  -18.   ] [-0.81  3.02  9.29]
-28.375831 [ 15.875  -5.75  -17.937] [-0.99  3.01  9.28]
-28.479354 [  8.25   -6.812 -17.875] [-1.17  2.98  9.26]
-28.583668 [  8.5    -7.437 -17.5  ] [-1.27  2.92  9.27]
-28.68626 [  8.75   -8.437 -15.937] [-0.16  2.66  9.32]
-28.78957 [  8.75   -9.75  -12.625] [-1.66  2.11  9.42]
-28.894427 [  8.187 -10.062  -8.937] [-0.44  1.5   9.53]
-28.996994 [ 15.875 -10.5    -7.187] [-0.51  1.21  9.56]
-29.099618 [ 15.562 -10.312  -5.812] [-0.47  0.98  9.59]
-29.202728 [ 15.375  -9.5    -4.75 ] [-0.36  0.81  9.63]
-29.305595 [ 15.312  -9.062  -4.5  ] [-0.26  0.76  9.65]
-29.408058 [ 15.375  -8.75   -4.125] [-0.21  0.7   9.66]
-29.510666 [ 15.437  -8.562  -3.375] [-0.18  0.57  9.67]
-29.613367 [ 15.437  -8.125  -2.562] [-1.4   0.44  9.69]
-29.718292 [ 15.312  -7.25   -1.937] [-1.24  0.33  9.72]
-29.821329 [ 15.     -5.     -0.687] [-0.85  0.12  9.76]
-29.924173 [ 14.812  -0.875   0.063] [-0.2  0.   9.8]
-30.026095 [ 14.625   0.563   0.625] [ 1.37 -0.11  9.8 ]
-30.127436 [ 14.437   1.625  -0.25 ] [ 1.56  0.04  9.8 ]
-30.229319 [ 14.437   2.25   -1.5  ] [ 1.66  0.26  9.79]
-30.332664 [ 14.562   2.438  -2.875] [ 0.41  0.49  9.78]
-30.435423 [ 14.812   3.     -4.   ] [ 1.8   0.68  9.76]
-30.537099 [ 14.875   3.813  -4.562] [ 1.93  0.78  9.75]
-30.638404 [ 14.812   4.313  -5.125] [ 2.01  0.87  9.73]
-30.740724 [ 14.5     4.875  -5.875] [ 0.83  1.    9.71]
-30.843995 [ 14.375   5.563  -6.812] [ 2.22  1.14  9.69]
-30.946336 [ 14.312   6.25   -8.437] [ 2.35  1.43  9.64]
-31.048041 [ 14.437   6.063  -9.75 ] [ 2.32  1.65  9.61]
-31.149361 [ 14.562   5.563 -11.   ] [ 2.23  1.87  9.57]
-31.251096 [ 14.625   5.25  -12.125] [ 2.18  2.05  9.54]
-31.352795 [ 14.625   4.688 -12.375] [-325.6     2.1     9.54]
-31.4543 [ 14.687   4.563 -13.   ] [ 0.78  2.2   9.52]
-31.55602 [ 14.687   4.25  -14.125] [ 2.02  2.37  9.48]
-31.657497 [ 14.75   3.5  -15.  ] [ 1.88  2.54  9.45]
-31.758837 [ 14.687   2.438 -16.062] [ 1.7   2.71  9.41]
-31.860108 [ 15.      0.    -16.812] [ 1.28  2.83  9.38]
-31.961448 [ 15.312  -2.    -17.437] [-0.35  2.94  9.34]
-32.062813 [ 15.5    -2.375 -17.625] [-0.41  2.96  9.33]
-32.164116 [ 15.812  -3.125 -17.875] [-0.53  3.    9.31]
-32.265498 [  8.25   -4.375 -17.75 ] [-0.74  2.98  9.31]
-32.367048 [  8.562  -5.187 -17.5  ] [-0.86  2.94  9.31]
-32.468833 [  9.062  -6.125 -17.312] [-1.05  2.9   9.3 ]
-32.570276 [  9.375  -7.    -17.25 ] [-1.2   2.88  9.29]
-32.672269 [  9.562  -7.5   -16.937] [-1.28  2.83  9.29]
-32.776631 [  9.687  -8.5   -15.312] [-0.14  2.59  9.34]
-32.880136 [  9.75  -11.312 -12.25 ] [-0.65  2.04  9.39]
-32.983061 [  9.312 -11.375  -8.25 ] [-0.66  1.38  9.51]
-33.087516 [  9.062 -10.875  -7.062] [-1.85  1.19  9.55]
-33.190786 [  9.062 -10.937  -6.187] [-0.58  1.04  9.56]
-33.293395 [  8.875 -10.687  -5.   ] [-0.54  0.84  9.59]
-33.397587 [  9.    -10.187  -4.937] [-0.46  0.83  9.61]
-33.501329 [ 8.875 -9.937 -4.625] [-0.41  0.78  9.62]
-33.60395 [ 8.75  -9.75  -3.937] [-0.39  0.66  9.64]
-33.706564 [ 8.562 -9.312 -3.25 ] [-0.31  0.55  9.66]
-33.809178 [ 8.125 -8.187 -2.125] [-0.15  0.39  9.69]
-33.911759 [ 15.375  -5.25   -0.625] [-0.9   0.11  9.76]
-34.014473 [ 14.937  -1.5     0.188] [-0.26 -0.04  9.8 ]
-34.117033 [ 14.125   0.      1.063] [ 1.28 -0.18  9.8 ]
-34.222781 [ 13.875   1.313   0.063] [ 1.5  -0.01  9.8 ]
-34.32651 [ 14.      1.875  -1.187] [ 1.61  0.2   9.79]
-34.430374 [ 14.25    2.375  -2.625] [ 1.69  0.45  9.78]
-34.542394 [ 14.375   2.813  -3.5  ] [ 1.76  0.6   9.77]
-34.645557 [ 14.312   3.625  -4.125] [ 1.9   0.71  9.76]
-34.749706 [ 14.187   4.063  -4.625] [ 1.96  0.77  9.75]
-34.853678 [ 13.812   4.75   -5.25 ] [ 2.09  0.9   9.73]
-34.956458 [ 13.625   5.375  -6.375] [ 2.2   1.09  9.7 ]
-35.059036 [ 13.5     6.063  -8.125] [ 2.32  1.38  9.65]
-35.161904 [ 13.5     6.688  -9.5  ] [ 2.42  1.61  9.6 ]
-35.264501 [ 13.625   6.438 -10.75 ] [ 2.38  1.82  9.57]
-35.367205 [ 13.75    5.563 -11.875] [ 2.23  2.01  9.54]
-35.469805 [ 13.812   4.875 -12.187] [ 2.12  2.06  9.54]
-35.572534 [ 13.875   4.75  -12.812] [ 2.09  2.17  9.52]
-35.677641 [ 13.812   4.813 -13.812] [ 2.11  2.34  9.48]
-35.781984 [ 13.75    4.5   -14.625] [ 2.05  2.47  9.45]
-35.884562 [ 13.687   3.375 -15.625] [ 1.86  2.64  9.42]
-35.988013 [ 14.062   0.375 -16.437] [ 1.34  2.78  9.4 ]
-36.092268 [ 14.375  -2.062 -17.25 ] [-0.36  2.91  9.35]
-36.195034 [ 14.625  -2.625 -17.25 ] [-0.45  2.91  9.35]
-36.298446 [ 14.875  -3.5   -17.562] [-0.6   2.95  9.33]
-36.403038 [ 15.25   -4.625 -17.437] [-0.79  2.93  9.32]
-36.505509 [ 15.562  -5.312 -17.312] [-0.91  2.9   9.32]
-36.608085 [ 15.812  -6.25  -17.062] [-1.07  2.86  9.31]
-36.710526 [ 15.875  -7.187 -17.125] [-1.22  2.86  9.29]
-36.81325 [ 15.937  -7.812 -16.75 ] [-0.05  2.8   9.3 ]
-36.915655 [  8.125  -8.812 -15.375] [-0.22  2.57  9.34]
-37.017959 [ 15.937 -10.062 -12.812] [-0.43  2.14  9.41]
