-0.074095 [ 9.125 -1.5   -8.5  ] [-0.26  1.45  9.69]
-0.176898 [ 1.438  0.625 -8.25 ] [ 1.38  1.41  9.7 ]
-0.278624 [ 9.438  0.625 -8.25 ] [ 0.1   1.41  9.7 ]
-0.379883 [ 9.438  0.625 -8.312] [ 1.38  1.42  9.7 ]
-0.480666 [ 9.438  0.625 -8.562] [ 1.38  1.46  9.69]
-0.581043 [ 9.438  0.625 -8.812] [ 1.38  1.5   9.68]
-0.681521 [ 9.438  0.625 -9.25 ] [ 1.38  1.58  9.67]
-0.781829 [ 9.438  0.625 -9.687] [ 1.38  1.65  9.66]
-0.882291 [  9.375   0.375 -10.   ] [ 1.35  1.7   9.65]
-0.982871 [  9.375   0.063 -10.375] [ 1.29  1.77  9.64]
-1.084806 [  9.313  -0.375 -10.687] [-0.06  1.82  9.63]
-1.18801 [  1.25   -1.125 -10.937] [-0.19  1.87  9.62]
-1.290626 [  9.188  -1.812 -11.375] [-0.31  1.93  9.6 ]
-1.39258 [  9.125  -2.25  -11.5  ] [-0.38  1.96  9.6 ]
-1.49446 [  9.125  -2.687 -11.625] [-0.46  1.97  9.59]
-1.597219 [  9.125  -3.187 -11.687] [-0.54  1.98  9.58]
-1.700505 [  9.125  -3.562 -11.687] [-0.61  1.99  9.58]
-1.802168 [  9.063  -4.    -11.687] [-0.68  1.99  9.57]
-1.902975 [  9.063  -4.375 -11.687] [-0.75  1.99  9.57]
-2.003949 [  9.     -4.625 -11.375] [-0.79  1.93  9.58]
-2.106274 [  9.     -4.937 -10.937] [-0.84  1.86  9.59]
-2.206819 [  8.938  -5.062 -10.625] [-0.87  1.8   9.59]
-2.307133 [  8.938  -5.187 -10.187] [-0.89  1.72  9.61]
-2.408406 [ 8.938 -5.187 -9.625] [-0.89  1.64  9.62]
-2.511432 [    8.875  2042.813    -9.187] [  -0.89    1.57 -318.05]
-2.623239 [ 8.875 -5.187 -8.687] [-0.89  1.48  9.65]
-2.724815 [ 8.875 -5.187 -8.312] [-0.89  1.41  9.66]
-2.826613 [ 8.875 -5.187 -8.062] [-0.89  1.37  9.66]
-2.930188 [ 8.813 -5.25  -7.5  ] [-0.89  1.29  9.67]
-3.031898 [ 8.75  -5.312 -6.75 ] [-0.91  1.16  9.69]
-3.132932 [ 8.75  -4.937 -6.437] [-0.85  1.09  9.7 ]
-3.233507 [ 8.813 -4.25  -6.125] [-0.73  1.04  9.72]
-3.334917 [ 8.875 -3.437 -5.875] [-0.59  1.01  9.73]
-3.435763 [ 8.875 -3.    -5.875] [-0.51  1.    9.74]
-3.537509 [ 0.875 -2.562 -5.875] [-0.43  1.    9.74]
-3.639904 [ 0.938 -1.937 -5.875] [-0.34  1.    9.74]
-3.741422 [ 8.938 -1.375 -5.875] [-0.25  1.    9.75]
-3.842868 [ 9.    -1.062 -5.875] [-0.18  1.    9.75]
-3.943985 [ 9.    -0.625 -5.875] [-0.11  1.    9.75]
-4.044528 [ 9.    -0.312 -6.   ] [-0.05  1.03  9.75]
-4.145103 [ 9.    -0.125 -6.312] [-0.02  1.08  9.74]
-4.245542 [ 9.063  0.063 -6.812] [ 1.29  1.17  9.73]
-4.346625 [ 9.063  0.375 -7.25 ] [ 1.34  1.24  9.72]
-4.448124 [ 9.063  0.438 -7.875] [ 1.35  1.35  9.71]
-4.550306 [ 9.063  0.5   -8.437] [ 1.36  1.44  9.69]
-4.652524 [ 9.063  0.5   -8.875] [ 1.36  1.51  9.68]
-4.753886 [ 9.063  0.5   -9.375] [ 0.08  1.59  9.67]
-4.854791 [ 9.063  0.5   -9.75 ] [ 1.36  1.66  9.66]
-4.955269 [  9.063   0.5   -10.187] [ 1.36  1.73  9.65]
-5.056171 [  9.063   0.25  -10.5  ] [ 1.33  1.79  9.64]
-5.157634 [  9.     -0.187 -10.875] [-0.03  1.85  9.63]
-5.259207 [  9.     -0.75  -11.125] [-0.13  1.9   9.61]
-5.359776 [  8.875  -1.5   -11.437] [-0.25  1.95  9.6 ]
-5.46021 [  8.875  -1.937 -11.625] [-0.33  1.97  9.59]
-5.560587 [  8.813  -2.375 -11.75 ] [-0.41  1.99  9.59]
-5.660988 [  8.813  -2.937 -11.75 ] [-0.5   1.99  9.58]
-5.761668 [  8.75   -3.312 -11.75 ] [-0.57  1.99  9.58]
-5.862287 [  8.75   -3.687 -11.75 ] [-0.63  2.    9.57]
-5.962887 [  8.688  -4.062 -11.687] [-0.7   1.98  9.57]
-6.063616 [  8.688  -4.437 -11.375] [-0.76  1.93  9.58]
-6.164553 [  8.625  -4.812 -10.812] [-0.81  1.84  9.59]
-6.265338 [  8.625  -5.062 -10.5  ] [-0.87  1.78  8.32]
-6.365927 [  8.563  -5.125 -10.062] [-0.88  1.72  9.61]
-6.466623 [ 8.563 -5.125 -9.625] [-0.88  1.63  9.62]
-6.567638 [ 8.563 -5.125 -9.187] [-0.88  1.55  9.64]
-6.668365 [ 8.563 -5.187 -8.687] [-0.88  1.47  9.65]
-6.76909 [ 8.5   -5.187 -8.312] [-0.88  1.41  9.66]
-6.869785 [ 8.5   -5.187 -8.062] [-0.88  1.37  9.66]
-6.971244 [ 8.5   -5.187 -7.625] [-0.88  1.3   9.67]
-7.07359 [ 8.5   -5.125 -7.   ] [-0.87  1.19  9.69]
-7.175893 [ 8.5   -4.437 -6.562] [-0.77  1.13  9.71]
-7.277606 [ 8.563 -3.687 -6.375] [-0.63  1.08  9.72]
-7.380324 [ 8.563 -3.125 -6.125] [-0.53  1.05  9.73]
-7.483505 [ 8.563 -2.812 -6.062] [-0.49  1.03  9.73]
-7.586354 [ 8.625 -2.25  -6.   ] [-0.4   1.03  9.74]
-7.688789 [ 8.625 -1.687 -6.   ] [-0.29  1.02  9.74]
-7.791392 [ 0.688 -1.25  -5.937] [-0.22  1.02  9.75]
-7.894688 [ 0.688 -0.875 -5.937] [-0.15  1.02  9.75]
-7.997542 [ 8.688 -0.375 -5.937] [-0.07  1.02  9.75]
-8.099278 [ 8.75  -0.187 -6.   ] [-0.04  1.03  9.75]
-8.201005 [ 8.688  0.    -6.312] [ 1.28  1.08  9.74]
-8.303876 [ 8.625  0.188 -6.75 ] [ 1.31  1.16  9.73]
-8.407046 [ 8.688  0.375 -7.187] [ 0.06  1.22  9.72]
-8.509189 [ 8.688  0.438 -7.75 ] [ 1.36  1.32  9.71]
-8.610483 [ 8.625  0.5   -8.375] [ 1.37  1.43  9.7 ]
-8.711988 [ 8.625  0.563 -8.75 ] [ 1.37  1.5   9.69]
-8.813126 [ 8.625  0.563 -9.25 ] [ 1.37  1.57  9.67]
-8.913617 [ 8.625  0.563 -9.562] [ 1.37  1.63  9.66]
-9.013989 [  8.625   0.5   -10.   ] [ 1.37  1.7   9.65]
-9.114213 [  8.625   0.313 -10.437] [ 1.34  1.78  9.64]
-9.214688 [  8.625  -0.187 -10.875] [-0.03  1.85  9.63]
-9.315106 [  8.5    -0.875 -11.25 ] [-0.15  1.91  9.61]
-9.415692 [  8.5    -1.437 -11.562] [-0.25  1.96  9.6 ]
-9.516224 [  8.438  -1.875 -11.687] [-0.32  1.99  9.59]
-9.616775 [  8.438  -2.312 -11.75 ] [-0.4   2.    9.59]
-9.717431 [  8.375  -2.75  -11.75 ] [-0.47  2.    9.58]
-9.817926 [  8.313  -3.25  -11.75 ] [-0.56  2.    9.58]
-9.918527 [  8.313  -3.812 -11.75 ] [-0.64  1.99  9.57]
-10.019084 [  8.25   -4.187 -11.625] [-0.71  1.98  9.57]
-10.119636 [  8.25   -4.437 -11.312] [-0.76  1.92  9.58]
-10.220238 [  8.25   -4.75  -10.937] [-0.81  1.86  9.59]
-10.320644 [  8.188  -5.062 -10.5  ] [-0.86  1.78  9.6 ]
-10.421154 [  8.188  -5.125 -10.   ] [-0.88  1.7   9.61]
-10.521393 [ 8.188 -5.125 -9.937] [-0.88  1.68  9.62]
-10.621829 [ 8.188 -5.187 -9.312] [-0.89  1.58  9.63]
-10.721955 [ 8.188 -5.25  -8.625] [-0.89  1.47  9.65]
-10.822389 [ 8.125 -5.25  -8.312] [-0.89  1.41  9.66]
-10.922836 [ 8.125 -5.25  -7.937] [-0.9   1.35  9.67]
-11.022969 [ 8.125 -5.25  -7.437] [-0.9   1.27  9.68]
-11.123566 [ 8.125 -5.25  -6.812] [-0.9   1.16  9.69]
-11.224008 [ 8.125 -4.875 -6.562] [-0.83  1.11  9.7 ]
-11.324204 [ 8.188 -4.062 -6.25 ] [-0.69  1.07  9.72]
-11.424632 [ 8.25  -3.25  -6.125] [-0.56  1.04  9.73]
-11.524966 [ 8.25  -2.875 -6.062] [-0.49  1.04  9.73]
-11.625291 [ 8.313 -2.437 -6.062] [-0.42  1.04  8.46]
-11.725687 [ 8.313 -1.875 -6.062] [-0.32  1.03  8.46]
-11.826363 [ 8.375 -1.437 -6.062] [-0.24  1.03  9.74]
-11.926789 [ 8.375 -1.062 -6.062] [-0.18  1.03  9.74]
-12.027175 [ 8.375 -0.562 -6.062] [-0.1   1.03  9.75]
-12.127815 [ 8.438 -0.312 -6.062] [-0.05  1.04  9.75]
-12.22862 [ 8.438  0.    -6.375] [ 1.28  1.09  9.74]
-12.329188 [ 8.438  0.25  -6.75 ] [ 1.32  1.16  9.73]
-12.430329 [ 8.438  0.438 -7.187] [ 1.36  1.22  9.72]
-12.530864 [ 8.5    0.5   -7.937] [ 1.37  1.33  9.71]
-12.632071 [ 8.5    0.563 -8.437] [ 0.09  1.43  9.7 ]
-12.733265 [ 8.5    0.563 -8.875] [ 1.37  1.51  9.68]
-12.833854 [ 8.5    0.563 -9.312] [ 1.37  1.59  9.67]
-12.935173 [ 8.5    0.563 -9.75 ] [ 1.37  1.66  9.66]
-13.03664 [  8.5     0.375 -10.062] [ 1.35  1.71  9.65]
-13.140224 [  0.438   0.    -10.375] [ 1.29  1.77  9.64]
-13.242902 [  8.375  -0.375 -10.75 ] [-0.06  1.83  9.63]
-13.34606 [  8.313  -1.125 -11.   ] [-0.19  1.87  9.62]
-13.448952 [  0.25   -1.687 -11.375] [-0.29  1.93  9.6 ]
-13.553565 [  8.25   -2.125 -11.562] [-0.36  1.96  9.6 ]
-13.654929 [  8.188  -2.625 -11.625] [-0.45  1.97  9.59]
-13.755851 [  8.125  -3.062 -11.625] [-0.52  1.98  9.58]
-13.856928 [  8.125  -3.5   -11.625] [-0.6   1.97  9.58]
-13.958702 [  8.063  -3.875 -11.625] [-0.66  1.97  9.58]
-14.062972 [  8.     -4.312 -11.625] [-0.74  1.97  9.57]
-14.165486 [  8.     -4.625 -11.312] [-0.79  1.92  9.58]
-14.267195 [  7.938  -4.937 -10.937] [-0.84  1.85  9.59]
-14.368786 [  7.875  -5.125 -10.625] [-0.88  1.8   9.59]
-14.470644 [  7.875  -5.187 -10.125] [-0.88  1.72  9.61]
-14.572218 [ 7.875 -5.187 -9.687] [-0.88  1.64  9.62]
-14.675266 [ 7.875 -5.187 -9.25 ] [-0.88  1.57  9.63]
-14.776447 [ 7.813 -5.187 -8.75 ] [-0.89  1.48  9.65]
-14.876931 [ 7.813 -5.187 -8.312] [-0.89  1.41  9.66]
-14.977395 [ 7.813 -5.187 -8.062] [-0.89  1.37  9.66]
-15.077899 [ 7.813 -5.187 -7.562] [-0.89  1.29  9.67]
-15.178361 [ 7.875 -5.25  -6.875] [-0.9   1.17  9.69]
-15.278756 [ 7.875 -4.875 -6.5  ] [-0.83  1.11  9.7 ]
-15.379521 [ 7.938 -4.125 -6.125] [-0.71  1.05  9.72]
-15.480282 [ 8.    -3.375 -5.937] [-0.58  1.02  9.73]
-15.583371 [ 8.    -2.875 -5.937] [-0.49  1.01  9.74]
-15.684381 [ 8.063 -2.375 -5.937] [-0.42  1.01  9.74]
-15.78635 [ 8.063 -1.875 -5.875] [-0.32  1.    9.74]
-15.888987 [ 8.125 -1.312 -5.875] [-0.23  1.    9.75]
-15.991815 [ 8.125 -0.937 -5.875] [-0.16  1.    9.75]
-16.095132 [ 8.125 -0.5   -5.875] [-0.1   1.    9.75]
-16.197173 [ 8.188 -0.25  -6.062] [-0.04  1.03  9.75]
-16.298762 [ 8.188 -0.062 -6.437] [-0.01  1.1   9.74]
-16.40104 [ 8.188  0.063 -6.875] [ 1.29  1.17  9.73]
-16.5049 [ 8.188  0.375 -7.375] [ 1.34  1.25  9.72]
-16.607343 [ 8.188  0.438 -7.937] [ 1.36  1.35  9.71]
-16.708919 [ 8.188  0.5   -8.437] [ 1.37  1.44  9.69]
-16.810795 [-7.937 -0.062 -0.062] [ 0.09  1.51  9.68]
-16.913248 [ 8.188  0.5   -9.375] [ 1.37  1.6   9.67]
-17.016563 [ 8.188  0.5   -9.75 ] [ 0.09  1.66  9.66]
-17.118982 [  8.188   0.5   -10.125] [ 1.37  1.73  9.65]
-17.220711 [  8.188   0.375 -10.5  ] [ 1.34  1.79  9.64]
-17.326301 [  8.125   0.    -10.875] [ 0.    1.84  9.63]
-17.428451 [  8.125  -0.625 -11.125] [-0.11  1.89  9.62]
-17.53017 [  8.     -1.375 -11.375] [-0.24  1.93  9.61]
-17.632211 [  7.938  -1.812 -11.437] [-0.31  1.95  9.6 ]
-17.733801 [  7.938  -2.25  -11.5  ] [-0.39  1.96  9.6 ]
-17.835525 [  7.875  -2.812 -11.562] [-0.48  1.96  9.59]
-17.937373 [  7.813  -3.312 -11.562] [-0.57  1.96  9.58]
-18.039229 [  7.75   -3.75  -11.562] [-0.64  1.97  9.58]
-18.14052 [  7.75   -4.125 -11.562] [-0.71  1.96  9.58]
-18.241463 [  7.688  -4.5   -11.375] [-0.77  1.93  9.58]
-18.343662 [  7.688  -4.875 -10.937] [-0.83  1.86  9.59]
-18.447268 [  7.625  -5.125 -10.5  ] [-0.87  1.79  9.6 ]
-18.548456 [  7.625  -5.187 -10.125] [-0.89  1.73  9.61]
-18.649496 [ 7.563 -5.187 -9.625] [-0.89  1.63  9.62]
-18.750935 [ 7.563 -5.187 -9.187] [-0.89  1.56  9.63]
-18.851521 [ 7.563 -5.187 -8.625] [-0.89  1.47  9.65]
-18.952305 [ 7.563 -5.25  -8.25 ] [-0.89  1.41  9.66]
-19.053635 [ 7.563 -5.25  -8.   ] [-0.89  1.36  9.66]
-19.15633 [ 0.437 -5.25  -7.562] [-0.9   1.29  9.67]
-19.258332 [ 7.563 -5.062 -6.812] [-0.87  1.17  9.69]
-19.359473 [ 7.563 -4.437 -6.5  ] [-0.77  1.11  9.71]
-19.460226 [ 7.625 -3.625 -6.25 ] [-0.62  1.06  9.72]
-19.560581 [ 7.625 -3.125 -6.125] [-0.54  1.04  9.73]
-19.66129 [ 7.625 -2.812 -6.062] [-0.48  1.03  9.73]
-19.762352 [ 7.688 -2.25  -5.937] [-0.38  1.02  9.74]
-19.863516 [ 7.688 -1.625 -5.937] [-0.28  1.01  9.74]
-19.964736 [ 7.75  -1.25  -5.937] [-0.21  1.01  9.75]
-20.067771 [ 7.75  -0.75  -5.937] [-0.13  1.01  9.75]
-20.169859 [ 7.75  -0.375 -5.937] [-0.06  1.01  9.75]
-20.270917 [ 7.813 -0.062 -6.   ] [-0.01  1.02  9.75]
-20.372066 [ 7.813  0.063 -6.25 ] [ 1.29  1.07  9.74]
-20.472886 [ 7.813  0.375 -6.625] [ 1.34  1.14  9.73]
-20.573473 [ 7.813  0.5   -7.   ] [ 1.36  1.2   9.73]
-20.674019 [ 7.813  0.5   -7.562] [ 1.37  1.29  9.71]
-20.774681 [ 7.813  0.5   -8.25 ] [ 1.37  1.4   9.7 ]
-20.875358 [ 7.813  0.563 -8.625] [ 1.37  1.47  9.69]
-20.976267 [ 7.813  0.563 -9.125] [ 1.37  1.55  9.68]
-21.076996 [ 7.813  0.563 -9.5  ] [ 1.37  1.62  9.67]
-21.177785 [ 7.813  0.563 -9.875] [ 1.37  1.68  9.66]
-21.278645 [  7.813   0.438 -10.312] [ 1.35  1.75  9.64]
-21.379422 [  7.688  -0.062 -10.625] [-0.01  1.81  9.63]
-21.480388 [  7.625  -0.875 -11.   ] [-0.14  1.86  9.62]
-21.581394 [  7.563  -1.5   -11.25 ] [-0.25  1.91  9.61]
-21.682236 [  7.5    -2.    -11.375] [-0.35  1.93  9.6 ]
-21.783082 [  7.438  -2.5   -11.437] [-0.43  1.94  9.6 ]
-21.884052 [  7.438  -3.    -11.437] [-0.52  1.94  9.59]
-21.984583 [  7.375  -3.5   -11.437] [-0.6   1.94  9.59]
-22.085466 [  7.313  -3.875 -11.437] [-0.67  1.94  9.58]
-22.186308 [  7.313  -4.25  -11.437] [-0.73  1.94  9.58]
-22.28777 [  7.25   -4.562 -11.187] [-0.78  1.9   9.58]
-22.389368 [  7.25   -4.875 -10.75 ] [-0.83  1.82  9.59]
-22.491939 [  7.25   -5.125 -10.375] [-0.88  1.77  9.6 ]
-22.59423 [  7.25  -5.25 -10.  ] [-0.9   1.69  9.61]
-22.695527 [ 7.188 -5.25  -9.5  ] [-0.9   1.61  9.63]
-22.797532 [ 7.25  -5.312 -9.062] [-0.91  1.53  9.64]
-22.900686 [ 0.812 -5.312 -8.5  ] [-0.91  1.45  9.65]
-23.003563 [ 7.188 -5.312 -8.187] [-0.91  1.39  9.66]
-23.105115 [ 7.188 -5.312 -7.875] [-0.91  1.34  9.67]
-23.206732 [ 7.188 -5.312 -7.25 ] [-0.91  1.23  9.68]
-23.308728 [ 7.188 -5.312 -6.687] [-0.91  1.14  9.69]
-23.411766 [ 7.25  -4.875 -6.437] [-0.84  1.1   9.7 ]
-23.513926 [ 7.25  -4.062 -6.25 ] [-0.71  1.06  9.72]
-23.615659 [ 7.313 -3.375 -6.187] [-0.57  1.05  9.73]
-23.717087 [ 7.313 -3.    -6.187] [-0.51  1.05  9.73]
-23.818483 [ 7.375 -2.562 -6.187] [-0.44  1.05  9.73]
-23.920771 [ 7.375 -2.    -6.187] [-0.34  1.06  9.74]
-24.022942 [ 7.438 -1.437 -6.187] [-0.25  1.05  9.74]
-24.124119 [ 7.438 -1.    -6.187] [-0.18  1.05  9.74]
-24.225244 [ 7.5   -0.562 -6.187] [-0.09  1.05  9.74]
-24.325828 [ 7.5   -0.25  -6.187] [-0.04  1.06  9.74]
-24.426484 [ 7.5  0.  -6.5] [ 1.28  1.11  9.74]
-24.52696 [ 7.5    0.313 -6.875] [ 1.34  1.18  9.73]
-24.62764 [ 7.563  0.5   -7.25 ] [ 1.37  1.23  9.72]
-24.728059 [ 7.563  0.563 -7.812] [ 1.38  1.33  9.71]
-24.828483 [ 7.563  0.625 -8.437] [ 1.38  1.44  9.69]
-24.928896 [ 7.5    0.625 -8.812] [ 1.38  1.5   9.69]
-25.02933 [ 7.5    0.625 -9.25 ] [ 1.38  1.58  9.67]
-25.129842 [ 7.5    0.625 -9.687] [ 1.38  1.65  9.66]
-25.230259 [ 7.5    0.5   -9.937] [ 1.37  1.69  9.65]
-25.330625 [  7.5     0.125 -10.375] [ 1.3   1.76  9.64]
-25.431144 [  7.438  -0.25  -10.75 ] [-0.05  1.83  9.63]
-25.531408 [  7.375  -0.937 -11.062] [-0.16  1.88  9.62]
-25.631901 [  7.313  -1.562 -11.375] [-0.27  1.93  9.6 ]
-25.732129 [  7.313  -2.    -11.562] [-0.34  1.96  9.6 ]
-25.832631 [  7.25   -2.625 -11.562] [-0.45  1.97  9.59]
-25.933009 [  7.188  -3.125 -11.625] [-0.53  1.98  9.58]
-26.034087 [  7.188  -3.562 -11.625] [-0.61  1.98  9.58]
-26.135807 [  7.125  -3.937 -11.625] [-0.67  1.98  9.58]
-26.237518 [  7.063  -4.312 -11.562] [-0.74  1.96  9.57]
-26.33927 [  7.063  -4.625 -11.312] [-0.79  1.92  9.58]
-26.440719 [  7.     -4.937 -10.937] [-0.84  1.86  9.59]
-26.542019 [  7.     -5.187 -10.625] [-0.88  1.8   9.59]
-26.643609 [  6.938  -5.25  -10.25 ] [-0.9   1.74  9.6 ]
-26.745132 [ 6.938 -5.25  -9.75 ] [-0.9   1.66  9.62]
-26.846751 [ 6.938 -5.25  -9.25 ] [-0.9   1.58  9.63]
-26.948188 [ 6.938 -5.312 -8.687] [-0.9   1.48  9.65]
-27.049508 [ 6.938 -5.312 -8.25 ] [-0.91  1.41  9.66]
-27.150913 [ 6.875 -5.312 -8.   ] [-0.91  1.36  9.66]
-27.252393 [ 1.125 -5.312 -7.562] [-0.91  1.28  9.67]
-27.355959 [ 6.938 -5.312 -6.75 ] [-0.91  1.16  9.69]
-27.458691 [ 6.938 -4.937 -6.375] [-0.84  1.09  9.7 ]
-27.560429 [ 7.    -4.187 -6.125] [ 326.96    1.04    9.72]
-27.662018 [ 1.    -3.375 -5.937] [-0.58  1.01  9.73]
-27.764041 [ 7.063 -2.875 -5.937] [-0.49  1.01  9.74]
-27.867188 [ 7.063 -2.437 -5.937] [-0.42  1.01  9.74]
-27.969326 [ 7.125 -1.812 -5.875] [-0.31  1.01  9.74]
-28.07065 [ 7.125 -1.312 -5.875] [-0.22  1.01  9.75]
-28.172045 [ 7.125 -0.937 -5.875] [-0.16  1.01  9.75]
-28.274527 [ 7.188 -0.562 -5.875] [-0.05 -0.01 -0.01]
-28.377129 [ 7.188 -0.125 -6.062] [-0.03  1.03  9.75]
-28.480094 [ 7.188  0.    -6.375] [ 1.28  1.09  9.74]
-28.581714 [ 7.188  0.125 -6.812] [ 1.3   1.16  9.73]
-28.683131 [ 7.188  0.313 -7.25 ] [ 1.33  1.24  9.72]
-28.784726 [ 7.188  0.375 -7.812] [ 1.34  1.33  9.71]
-28.886321 [ 7.188  0.5   -8.375] [ 1.37  1.43  9.7 ]
-28.987903 [ 7.188  0.563 -8.812] [ 1.37  1.5   9.68]
-29.089459 [ 7.188  0.563 -9.312] [ 1.37  1.58  9.67]
-29.191043 [ 7.188  0.563 -9.687] [ 1.37  1.65  9.66]
-29.292359 [  7.188   0.563 -10.125] [ 1.37  1.72  9.65]
-29.393676 [  7.188   0.313 -10.437] [ 1.33  1.78  9.64]
-29.495057 [  7.125  -0.187 -10.75 ] [-0.03  1.83  9.63]
-29.596557 [  7.063  -0.75  -11.   ] [-0.13  1.88  9.62]
-29.698547 [  1.     -1.375 -11.25 ] [-0.24  1.91  9.61]
-29.80112 [  7.     -1.812 -11.312] [-0.32  1.92  9.61]
-29.902879 [  6.938  -2.312 -11.312] [-0.4   1.92  9.6 ]
-30.00421 [  6.875  -2.812 -11.312] [-0.48  1.92  9.6 ]
-30.106338 [  6.875  -3.312 -11.312] [-0.56  1.92  9.59]
-30.209789 [  6.813 -11.687 -11.312] [-0.62  1.92  9.59]
-30.317341 [  6.75   -4.062 -11.312] [-0.69  1.92  9.58]
-30.425826 [  6.75   -4.437 -11.125] [-0.76  1.89  9.59]
-30.530675 [  6.688  -4.812 -10.687] [-0.81  1.82  9.6 ]
-30.635617 [  6.625  -5.062 -10.437] [-0.86  1.77  9.6 ]
-30.737749 [  6.625  -5.125 -10.062] [-0.88  1.71  9.61]
-30.838564 [ 6.625 -5.125 -9.5  ] [-0.88  1.62  9.63]
-30.939108 [ 6.625 -5.187 -9.125] [-0.88  1.54  9.64]
-31.039561 [ 6.625 -5.187 -8.562] [-0.88  1.46  9.65]
-31.140333 [ 6.625 -5.187 -8.187] [-0.89  1.39  9.66]
-31.2411 [ 6.563 -5.187 -7.937] [-0.89  1.35  9.67]
-31.341861 [ 6.563 -5.187 -7.5  ] [-0.89  1.28  9.68]
-31.445229 [ 6.5   -5.125 -6.812] [-0.87  1.16  9.69]
-31.546637 [ 6.563 -4.625 -6.437] [-0.79  1.1   9.71]
-31.648789 [ 6.563 -3.75  -6.25 ] [-0.64  1.06  9.72]
-31.750335 [ 6.625 -3.125 -6.062] [-0.54  1.03  9.73]
-31.852628 [ 6.625 -2.812 -5.937] [-0.49  1.02  9.74]
-31.954125 [ 6.625 -2.25  -5.875] [-0.39  1.    9.74]
-32.056372 [ 6.688 -1.75  -5.812] [-0.29  1.    9.75]
-32.160734 [ 1.312 -1.25  -5.812] [-0.22  1.    9.75]
-32.266968 [ 6.75  -0.812 -5.812] [ -1.40000000e-01   1.00000000e+00  -3.17930000e+02]
-32.369238 [ 6.75  -0.437 -5.812] [-0.07  1.    9.75]
-32.472143 [ 6.75  -0.125 -5.875] [-0.02  1.    9.75]
-32.573815 [ 6.75   0.    -6.187] [ 0.    1.05  9.74]
-32.675174 [ 6.75   0.25  -6.625] [ 1.33  1.13  9.74]
-32.776143 [ 6.75   0.438 -6.937] [ 1.36  1.19  9.73]
-32.877611 [ 6.75   0.438 -7.437] [ 1.36  1.27  9.72]
-32.979299 [ 6.75   0.5   -8.062] [ 0.08  1.38  9.7 ]
-33.081741 [ 6.75   0.5   -8.562] [ 1.36  1.46  9.69]
-33.185044 [ 6.75   0.5   -9.062] [ 1.37  1.55  9.68]
-33.288655 [ 6.75   0.5   -9.437] [ 1.37  1.61  9.67]
-33.389746 [ 6.75   0.5   -9.875] [ 1.37  1.68  9.66]
-33.490935 [  6.75    0.438 -10.312] [ 1.35  1.76  9.64]
-33.59189 [  6.688   0.    -10.625] [ 1.28  1.81  9.63]
-33.692963 [  6.625  -0.75  -10.937] [-0.13  1.86  9.62]
-33.794193 [  6.563  -1.5   -11.312] [-0.25  1.92  9.61]
-33.895326 [  6.5    -1.937 -11.375] [-0.33  1.93  9.6 ]
-33.996508 [  6.438  -2.437 -11.437] [-0.41  1.95  9.6 ]
-34.097581 [  6.375  -2.875 -11.5  ] [-0.5   1.95  9.59]
-34.198549 [  6.375  -3.375 -11.5  ] [-0.58  1.95  9.59]
-34.299501 [  6.313  -3.812 -11.5  ] [-0.65  1.95  9.58]
-34.400386 [  6.313  -4.187 -11.5  ] [-0.72  1.95  9.58]
-34.501166 [  6.25   -4.562 -11.375] [-0.78  1.93  9.58]
-34.602025 [  6.188  -4.812 -10.875] [-0.82  1.84  9.59]
-34.702913 [  6.188  -5.062 -10.437] [-0.87  1.77  9.6 ]
-34.804292 [  6.188  -5.187 -10.   ] [-0.89  1.7   9.61]
-34.905498 [ 6.188 -5.25  -9.5  ] [-0.89  1.62  9.62]
-35.007073 [ 6.188 -5.25  -9.   ] [-0.9   1.53  9.64]
-35.108127 [ 6.188 -5.312 -8.437] [-0.91  1.44  9.65]
-35.209472 [ 6.188 -5.312 -8.187] [-0.91  1.39  9.66]
-35.311374 [ 6.125 -5.312 -7.875] [-0.91  1.34  9.67]
-35.413967 [ 6.125 -5.312 -7.25 ] [-0.91  1.24  9.68]
-35.516316 [ 6.125 -5.25  -6.687] [-0.9   1.14  9.69]
-35.61782 [ 6.125 -4.812 -6.437] [-0.82  1.09  9.71]
-35.718659 [ 6.125 -4.062 -6.187] [-0.69  1.05  9.72]
-35.819827 [ 6.188 -3.375 -6.   ] [-0.57  1.02  9.73]
-35.92075 [ 6.188 -2.937 -5.937] [-0.5   1.01  9.74]
-36.022516 [ 6.25  -2.437 -5.875] [-0.42  1.    9.74]
-36.12518 [ 1.75  -1.812 -5.812] [-0.31  0.99  9.75]
-36.227315 [ 6.25  -1.312 -5.812] [-0.24  0.99  9.75]
-36.32868 [ 6.313 -0.937 -5.812] [-0.16  0.99  9.75]
-36.429574 [ 6.313 -0.5   -5.812] [-0.08  0.99  9.75]
-36.530597 [ 6.313 -0.187 -5.875] [-0.03  1.    9.75]
