-0.074874 [ 8.125 -1.5   -9.25 ] [-0.26  1.58  8.39]
-0.177324 [ 8.5    0.813 -9.   ] [ 1.42  1.53  9.68]
-0.279325 [ 0.438  0.688 -8.937] [ 1.4   1.52  9.68]
-0.381928 [ 8.438  0.688 -8.937] [ 1.4   1.52  9.68]
-0.484948 [ 0.438  0.688 -9.   ] [ 1.39  1.53  9.68]
-0.587763 [ 8.438  0.688 -9.375] [ 1.39  1.59  9.67]
-0.689372 [ 8.438  0.688 -9.812] [ 1.39  1.67  9.66]
-0.791 [  8.438   0.688 -10.187] [ 1.39  1.73  9.65]
-0.893547 [  8.438   0.625 -10.562] [ 1.39  1.8   9.63]
-0.996432 [  8.438   0.313 -11.   ] [ 1.34  1.86  9.62]
-1.09844 [  8.438   0.    -11.125] [ 1.28  1.9   9.62]
-1.199871 [  8.375  -0.5   -11.375] [-0.08  1.93  9.61]
-1.301598 [  8.375  -1.    -11.562] [-0.17  1.97  9.6 ]
-1.404455 [  8.313  -1.437 -11.687] [-0.24  1.98  9.6 ]
-1.508775 [  8.063  -2.937 -12.062] [-0.5   2.05  9.57]
-1.610507 [  8.125  -3.062 -12.062] [-0.53  2.05  9.57]
-1.711926 [  8.063  -3.437 -12.062] [-0.59  2.05  9.57]
-1.813523 [  8.063  -3.75  -12.062] [-0.65  2.05  9.56]
-1.915116 [  8.     -4.125 -12.   ] [-0.7   2.04  9.56]
-2.016271 [    8.     2043.625   -11.687] [-0.75  1.98  9.57]
-2.118152 [  8.     -4.687 -11.375] [-0.79  1.93  9.58]
-2.2196 [  7.938  -4.937 -11.   ] [-0.84  1.86  9.59]
-2.321297 [  7.938  -5.    -10.437] [-0.85  1.77  9.6 ]
-2.422686 [  7.938  -5.    -10.   ] [-0.85  1.7   9.61]
-2.524332 [ 7.938 -5.    -9.625] [-0.86  1.63  9.63]
-2.625809 [ 7.875 -5.    -9.125] [-0.86  1.55  9.64]
-2.727342 [ 7.875 -5.    -8.75 ] [-0.86  1.48  9.65]
-2.829056 [ 7.875 -5.    -8.437] [-0.86  1.44  9.66]
-2.931037 [ 7.875 -5.    -7.937] [-0.86  1.35  9.67]
-3.03284 [ 7.813 -5.    -7.312] [-0.85  1.24  9.68]
-3.13471 [ 7.813 -4.625 -6.937] [-0.79  1.18  9.7 ]
-3.238237 [ 7.875 -4.    -6.562] [-0.69  1.13  9.71]
-3.340722 [ 7.938 -3.25  -6.437] [-0.55  1.1   9.72]
-3.442281 [ 7.938 -2.812 -6.437] [-0.48  1.1   9.73]
-3.544024 [ 0.    -2.312 -6.375] [-0.4   1.09  9.73]
-3.646352 [ 8.    -1.812 -6.375] [-0.31  1.09  9.74]
-3.74932 [ 8.063 -1.25  -6.375] [-0.22  1.09  9.74]
-3.85164 [ 8.063 -0.875 -6.375] [-0.15  1.09  9.74]
-3.953219 [ 8.063 -0.437 -6.375] [-0.08  1.09  9.74]
-4.055265 [ 8.125 -0.125 -6.5  ] [-0.02  1.11  9.74]
-4.15854 [ 8.125  0.    -6.875] [ 1.28  1.17  9.73]
-4.261248 [ 8.125  0.25  -7.25 ] [ 1.32  1.24  9.72]
-4.363135 [ 8.125  0.5   -7.687] [ 1.36  0.03  9.71]
-4.464633 [ 8.125  0.625 -8.25 ] [ 1.38  1.4   9.7 ]
-4.566297 [ 8.125  0.688 -8.812] [ 1.39  1.5   9.68]
-4.667742 [ 8.125  0.688 -9.25 ] [ 1.39  1.58  9.67]
-4.769193 [ 8.125  0.688 -9.75 ] [ 1.39  1.66  9.66]
-4.870931 [  8.125   0.688 -10.062] [ 1.39  1.71  9.65]
-4.972503 [  8.125   0.688 -10.562] [ 1.39  1.79  9.63]
-5.073929 [  8.125   0.5   -10.812] [ 1.37  1.84  9.63]
-5.175296 [  8.063   0.188 -11.125] [ 1.31  1.89  9.62]
-5.27709 [  8.     -0.375 -11.437] [-0.07  1.95  9.61]
-5.378553 [  7.938  -1.125 -11.625] [-0.19  1.98  9.6 ]
-5.480009 [  7.875  -1.625 -11.812] [-0.28  2.01  9.59]
-5.581851 [  7.813  -2.125 -11.875] [-0.35  2.02  9.58]
-5.683891 [  7.75   -2.687 -11.875] [-0.46  2.02  9.58]
-5.785454 [  7.75   -3.125 -11.875] [-0.53  2.02  9.58]
-5.887578 [  7.688  -3.562 -11.875] [-0.61  2.02  9.57]
-5.990766 [  7.625  -3.937 -11.875] [-0.67  2.02  9.57]
-6.093344 [  7.625  -4.312 -11.687] [-0.74  1.98  9.57]
-6.194945 [  7.563  -4.625 -11.25 ] [-0.79  1.91  9.58]
-6.297043 [  7.5    -5.    -10.875] [-0.85  1.85  9.59]
-6.400255 [  0.5    -5.062 -10.437] [-0.87  1.77  9.6 ]
-6.503366 [ 7.5   -5.125 -9.937] [-0.87  1.69  9.61]
-6.6053 [ 7.5   -5.125 -9.562] [-0.87  1.62  9.63]
-6.707274 [ 7.438 -5.125 -9.062] [-0.88  1.54  9.64]
-6.809735 [ 7.438 -5.125 -8.687] [-0.88  1.47  9.65]
-6.913169 [ 7.438 -5.125 -8.437] [-0.88  1.44  9.65]
-7.015323 [ 7.438 -5.125 -8.   ] [-0.88  1.36  9.67]
-7.11696 [ 7.375 -4.937 -7.25 ] [-0.85  1.24  9.69]
-7.218647 [ 7.438 -4.437 -7.   ] [-0.75  1.19  9.7 ]
-7.320375 [ 7.5   -3.625 -6.812] [-0.62  1.16  9.71]
-7.421988 [ 7.5   -3.    -6.562] [-0.52  1.12  9.72]
-7.523824 [ 7.5   -2.687 -6.5  ] [-0.47  1.11  9.73]
-7.625684 [ 7.563 -2.125 -6.375] [-0.37  1.09  9.73]
-7.72728 [ -1.68043700e+03  -1.62500000e+00  -6.37500000e+00] [-0.27  1.09  9.74]
-7.829284 [ 7.625 -1.187 -6.375] [-0.21  1.09  9.74]
-7.930823 [ 7.625 -0.75  -6.375] [-0.13  1.09  9.74]
-8.032141 [ 7.625 -0.312 -6.375] [-0.06  1.09  9.74]
-8.133469 [ 7.688 -0.062 -6.375] [-0.02  1.08  9.74]
-8.235223 [ 7.688  0.063 -6.687] [ 1.3   1.14  9.73]
-8.336766 [  7.68800000e+00   3.75000000e-01   2.04093800e+03] [ 1.34  1.2   9.73]
-8.437934 [ 7.688  0.5   -7.437] [ 1.37  1.27  9.72]
-8.540404 [ 0.312  0.5   -7.937] [ 0.09  1.36  9.71]
-8.643516 [ 7.688  0.563 -8.625] [ 1.37  1.46  9.69]
-8.745552 [ 7.688  0.563 -9.125] [ 1.38  1.55  9.68]
-8.847819 [ 7.688  0.563 -9.562] [ 1.38  1.63  9.66]
-8.94957 [ 7.688  0.563 -9.875] [ 1.38  1.69  9.65]
-9.052146 [  7.688   0.563 -10.312] [ 1.38  1.76  9.64]
-9.155162 [  7.688   0.5   -10.75 ] [ 1.37  1.83  9.63]
-9.257049 [  7.625  -0.062 -11.062] [-0.01  1.89  9.62]
-9.358986 [  7.563  -0.75  -11.437] [-0.13  1.95  9.6 ]
-9.461892 [  7.5    -1.187 -11.687] [-0.2   1.99  9.59]
-9.56591 [  7.438  -1.625 -11.75 ] [-0.27  1.99  9.59]
-9.668185 [  7.375  -2.187 -11.812] [-0.38  2.    9.59]
-9.770213 [  7.375  -2.687 -11.812] [-0.46  2.    9.58]
-9.872258 [  7.313  -3.187 -11.812] [-0.55  2.    9.58]
-9.974128 [  7.25   -3.625 -11.812] [-0.62  2.    9.57]
-10.076544 [  7.188  -3.937 -11.687] [-0.67  1.99  9.57]
-10.179188 [  7.063  -4.875 -11.375] [-0.84  1.93  9.57]
-10.280179 [-1688.937  2043.       -3.062] [ 326.82    1.87    8.3 ]
-10.341001 [-1688.937  2034.938    -2.812] [ 326.81    1.84    8.31]
-10.40198 [  0.937  -5.187 -10.437] [-0.89  1.77  9.6 ]
-10.464762 [ -1.68893700e+03   2.03475000e+03  -2.00000000e+00] [-0.9   1.7   9.61]
-10.527037 [ -1.68893700e+03   2.03475000e+03  -1.56200000e+00] [ 326.78    1.63 -319.34]
-10.587773 [ -1.68893700e+03   2.03468800e+03  -1.06200000e+00] [ 326.77    1.54 -319.32]
-10.64829 [ -1.68893700e+03   2.03468800e+03  -6.25000000e-01] [ 326.77    1.46 -319.31]
-10.708815 [ -1.68893700e+03   2.03468800e+03  -3.12000000e-01] [ 326.77    1.41 -319.3 ]
-10.769335 [-1688.875  2034.688  2040.063] [ 326.77    1.35 -319.3 ]
-10.830072 [-1688.937  2034.75   2040.625] [ 326.78 -325.15 -319.28]
-10.890756 [-1688.937  2034.938  2041.063] [ 326.81 -325.22 -319.27]
-10.951434 [ 0.875 -4.625 -6.687] [ 326.88    1.13    9.7 ]
-11.013825 [ 0.875 -3.937 -6.5  ] [-0.68  1.11  9.71]
-11.076581 [  8.12000000e-01  -1.12500000e+01   2.04156300e+03] [  -0.56 -325.3  -319.24]
-11.137285 [-1688.812   -10.75   2041.625] [  -0.49    2.37 -317.95]
-11.19834 [-1688.75    -10.312  2041.625] [  -0.4  -325.31 -319.23]
-11.25895 [-1688.75     -9.75   2041.625] [ -3.00000000e-01  -3.25310000e+02  -3.19220000e+02]
-11.319457 [-1688.687    -9.375  2041.625] [ -2.30000000e-01  -3.25310000e+02  -3.19220000e+02]
-11.379957 [-1688.687    -8.875  2041.625] [ -1.50000000e-01  -3.25310000e+02  -3.19220000e+02]
-11.440475 [-1688.687    -8.437  2041.625] [ -7.00000000e-02  -3.25310000e+02  -3.19220000e+02]
-11.501331 [ 0.687 -0.125 -6.5  ] [ -3.00000000e-02  -3.25290000e+02  -3.19220000e+02]
-11.562797 [ 0.687  0.063 -6.812] [ 0.01  1.16  9.73]
-11.625555 [ -1.68862500e+03   3.13000000e-01   2.03287500e+03] [  5.00000000e-02  -3.26460000e+02  -3.19240000e+02]
-11.685833 [ -1.68862500e+03   5.00000000e-01   2.03243800e+03] [  8.00000000e-02   1.00000000e-02  -3.19240000e+02]
-11.746176 [ -1.68862500e+03   5.63000000e-01  -8.06200000e+00] [ 0.09  1.38  9.7 ]
-11.808206 [ -1.68862500e+03   5.63000000e-01  -8.81200000e+00] [  1.00000000e-01   2.10000000e-01  -3.19270000e+02]
-11.868991 [ -1.68862500e+03   5.63000000e-01  -9.25000000e+00] [  1.00000000e-01   2.90000000e-01  -3.19290000e+02]
-11.929545 [ -1.68862500e+03   5.63000000e-01  -9.62500000e+00] [  1.00000000e-01   3.60000000e-01  -3.19300000e+02]
-11.990033 [ -1.68862500e+03   5.63000000e-01  -1.00000000e+01] [  1.00000000e-01   4.20000000e-01  -3.19310000e+02]
-12.050482 [ -1.68868700e+03   4.38000000e-01  -1.03750000e+01] [  8.00000000e-02   4.90000000e-01  -3.19320000e+02]
-12.110867 [ -1.68868700e+03   1.88000000e-01  -1.06870000e+01] [  3.00000000e-02   5.40000000e-01  -3.19330000e+02]
-12.171573 [-1688.75     -8.187    -2.937] [ -4.00000000e-02   1.86000000e+00  -3.19340000e+02]
-12.232181 [-1688.812    -8.875    -3.375] [ -1.50000000e-01  -3.25740000e+02  -3.19350000e+02]
-12.292719 [  0.812  -1.437 -11.812] [-0.25  2.01  9.59]
-12.355465 [  0.812  -1.75  -12.   ] [-0.3   2.03  9.58]
-12.418231 [-1688.875   -10.312    -4.   ] [-0.39  2.03  8.3 ]
-12.479769 [-1688.875   -10.875    -4.   ] [  -0.49 -325.64    8.29]
-12.540459 [-1689.      -11.375    -4.   ] [  -0.58 -325.64    8.29]
-12.601182 [-1689.      -11.812  2043.938] [ 327.03 -325.64    8.28]
-12.661824 [-1689.062  2035.875    -3.937] [ 326.97 -325.66    8.28]
-12.722425 [-1689.187  2035.063    -3.625] [ 326.83 -325.71    8.28]
-12.783112 [-1689.187  2034.938    -3.25 ] [ 326.81    1.91    8.29]
-12.843648 [  1.125  -5.125 -10.812] [-0.87  1.83  9.59]
-12.906407 [  1.125  -5.125 -10.375] [-0.87  1.76  9.6 ]
-12.968967 [ -1.68912500e+03   2.03487500e+03  -1.87500000e+00] [  -0.87    1.68 -319.34]
-13.030263 [ -1.68912500e+03   2.03487500e+03  -1.43700000e+00] [ 326.81    1.61 -319.33]
-13.090769 [ -1.68906200e+03   2.03487500e+03  -9.37000000e-01] [ 326.8     1.52 -319.32]
-13.151662 [ -1.68912500e+03   2.03487500e+03  -5.62000000e-01] [ 326.8     1.46 -319.31]
-13.212168 [ -1.68912500e+03   2.03487500e+03  -2.50000000e-01] [ 326.8    1.4 -319.3]
-13.272728 [-1689.125  2034.875  2040.313] [ 326.81    1.31 -319.29]
-13.333389 [-1689.125  2035.063  2040.813] [ 326.84 -325.18 -319.27]
-13.394016 [ 1.125 -4.437 -6.812] [-0.76  1.16  9.7 ]
-13.456735 [ 1.062 -3.812 -6.562] [-0.65  1.12  9.72]
-13.519607 [-1689.    -11.   2041.5] [  -0.53 -325.29 -319.24]
-13.581065 [-1689.      -10.625  2041.563] [  -0.45 -325.3  -319.23]
-13.641772 [-1689.      -10.125  2041.563] [  -0.36 -325.3  -319.23]
-13.720738 [ 7.063 -1.437 -6.375] [-0.25  1.09  9.74]
-13.822447 [ 7.063 -0.875 -6.375] [-0.15  1.09  9.74]
-13.924047 [ 7.125 -0.437 -6.375] [-0.07  1.09  9.74]
-14.02565 [ 7.125 -0.125 -6.5  ] [-0.02  1.11  9.74]
-14.127227 [ 7.125  0.    -6.875] [ 1.28  1.17  9.73]
-14.228949 [ 7.125  0.25  -7.25 ] [ 1.32  1.24  9.72]
-14.330676 [ 7.188  0.438 -7.687] [ 1.36  1.31  9.71]
-14.432524 [ 7.188  0.5   -8.25 ] [ 1.37  1.41  9.7 ]
-14.533964 [ 7.188  0.625 -8.75 ] [ 1.38  1.5   9.69]
-14.635278 [ 7.188  0.625 -9.25 ] [ 1.38  1.57  9.67]
-14.736578 [ 7.188  0.625 -9.625] [ 1.38  1.64  9.66]
-14.838154 [ 7.188  0.625 -9.937] [ 1.38  1.7   9.65]
-14.939591 [  7.125   0.625 -10.437] [ 1.38  1.77  9.64]
-15.041319 [  7.125   0.375 -10.75 ] [ 0.08  1.83  9.63]
-15.143342 [  7.063   0.    -11.062] [ 1.28  1.88  9.62]
-15.244936 [  1.     -0.562 -11.437] [-0.1   1.94  9.61]
-15.347942 [  1.062  -1.25  -11.625] [-0.21  1.97  9.6 ]
-15.451246 [  6.938  -1.687 -11.687] [-0.29  1.99  9.59]
-15.553266 [  6.875  -2.125 -11.75 ] [-0.37  1.99  9.59]
-15.654789 [  6.813  -2.687 -11.75 ] [-0.46  1.99  9.58]
-15.75685 [  6.75   -3.125 -11.75 ] [-0.54  1.99  9.58]
-15.860152 [  6.75   -3.562 -11.75 ] [-0.61  1.99  9.58]
-15.962528 [  6.688  -4.    -11.75 ] [-0.68  1.99  9.57]
-16.064425 [  6.625  -4.375 -11.5  ] [-0.75  1.95  9.57]
-16.166618 [  6.563  -4.687 -11.125] [-0.8   1.89  9.58]
-16.269909 [  6.563  -5.    -10.812] [-0.86  1.84  9.59]
-16.373201 [  6.563  -5.125 -10.375] [-0.88  1.76  9.6 ]
-16.475062 [ 6.563 -5.125 -9.875] [-0.88  1.68  9.62]
-16.576669 [ 6.563 -5.125 -9.5  ] [-0.88  1.61  9.63]
-16.678379 [-4.75  -0.062 -0.062] [-0.88  1.53  9.64]
-16.779685 [ 6.5   -5.125 -8.625] [-0.88  1.46  9.65]
-16.881257 [ 6.5   -5.125 -8.375] [-0.88  1.42  9.66]
-16.982706 [ 6.5   -5.125 -7.875] [-0.88  1.35  9.67]
-17.083964 [ 6.438 -5.    -7.187] [-0.85  1.22  9.69]
-17.185302 [ 6.5   -4.437 -6.937] [-0.76  1.18  9.7 ]
-17.287009 [ 6.563 -3.562 -6.75 ] [-0.61  1.15  9.71]
-17.38905 [ 6.563 -3.    -6.562] [-0.52  1.12  9.72]
-17.491049 [ 6.563 -2.687 -6.5  ] [-0.46  1.11  9.73]
-17.593309 [ 6.625 -2.062 -6.375] [-0.37  1.09  9.73]
-17.695082 [ 6.688 -1.562 -6.375] [-0.27  1.09  9.74]
-17.796798 [-4.687 -0.062 -0.062] [-0.22  1.09  9.74]
-17.898686 [ 6.688 -0.812 -6.375] [-0.14  1.09  9.74]
-18.002544 [ 6.75  -0.375 -6.375] [-0.06  1.09  9.74]
-18.10471 [ 6.75  -0.187 -6.375] [-0.03  1.09  9.74]
-18.206989 [ 6.75   0.    -6.687] [ 1.28  1.14  9.73]
-18.308739 [ 6.75   0.313 -7.   ] [ 1.33  1.2   9.73]
-18.412019 [ 1.25   0.5   -7.375] [ 0.08  1.26  9.72]
-18.514932 [ 6.75  0.5  -8.  ] [ 1.37  1.36  9.71]
-18.616748 [ 6.75   0.563 -8.5  ] [ 1.37  1.45  9.69]
-18.718363 [ 6.75  0.5  -9.  ] [ 1.37  1.53  9.68]
-18.821514 [ 6.75   0.563 -9.437] [ 1.37  1.61  9.67]
-18.924697 [ 6.75   0.563 -9.812] [ 1.37  1.67  9.66]
-19.026683 [  6.75    0.563 -10.25 ] [ 1.37  1.74  9.64]
-19.128253 [  6.75    0.5   -10.687] [ 1.36  1.82  9.63]
-19.22973 [  6.75   0.   -11.  ] [ 1.28  1.87  9.62]
-19.331449 [  6.625  -0.625 -11.375] [-0.11  1.93  9.61]
-19.432754 [  6.625  -1.062 -11.625] [-0.18  1.97  9.6 ]
-19.534759 [  6.563  -1.625 -11.687] [-0.27  1.98  9.59]
-19.63649 [  6.5    -2.062 -11.75 ] [-0.35  1.99  9.59]
-19.73791 [  6.438  -2.625 -11.75 ] [-0.45  1.99  9.59]
-19.839369 [  6.375  -3.125 -11.75 ] [-0.54  1.99  9.58]
-19.9408 [  6.375  -3.562 -11.75 ] [-0.61  1.99  9.58]
-20.042398 [  6.313  -3.937 -11.625] [-0.67  1.97  9.58]
-20.143973 [  6.25   -4.25  -11.312] [-0.72  1.92  9.58]
-20.24568 [  6.25   -4.562 -11.   ] [-0.78  1.87  9.59]
-20.347655 [  6.25   -4.875 -10.625] [-0.83  1.8   9.6 ]
-20.449403 [  1.812  -5.    -10.187] [-0.85  1.73  9.61]
-20.552289 [ 6.188 -5.    -9.812] [-0.85  1.66  9.62]
-20.655476 [ 6.188 -5.062 -9.312] [-0.86  1.58  9.63]
-20.757463 [ 6.188 -5.062 -8.812] [-0.87  1.5   9.65]
-20.859056 [ 6.125 -5.062 -8.5  ] [-0.87  1.44  9.66]
-20.961067 [ 1.875 -5.062 -8.187] [-0.87  1.39  9.66]
-21.06449 [ 6.125 -5.062 -7.562] [-0.87  1.3   9.68]
-21.167113 [ 6.125 -5.    -7.062] [-0.86  1.2   9.69]
-21.268979 [ 6.125 -4.687 -6.812] [-0.8   1.16  9.7 ]
-21.370982 [ 6.188 -4.    -6.5  ] [-0.68  1.11  9.71]
-21.473996 [ 6.188 -3.312 -6.312] [-0.56  1.08  9.72]
-21.577293 [ 6.188 -2.75  -6.312] [  -0.48    1.07 -317.95]
-21.679377 [ 6.188 -2.375 -6.312] [-0.41  1.07  9.73]
-21.781023 [ 6.25  -1.812 -6.25 ] [-0.31  1.07  9.74]
-21.882617 [ 6.25  -1.312 -6.25 ] [-0.23  1.07  9.74]
-21.984056 [ 6.313 -0.937 -6.25 ] [-0.16  1.07  9.74]
-22.085866 [ 6.313 -0.5   -6.25 ] [-0.08  1.07  9.74]
-22.18782 [ 6.313 -0.187 -6.312] [-0.03  2.35  9.74]
-22.289673 [ 6.313  0.    -6.625] [ 1.28  1.13  9.74]
-22.391389 [ 6.375  0.375 -7.   ] [ 1.35  1.19  9.73]
-22.493138 [ 6.375  0.625 -7.312] [ 1.39  1.25  9.72]
-22.594715 [ 6.375  0.688 -7.875] [ 1.4   1.34  9.71]
-22.696153 [ 6.375  0.688 -8.562] [ 1.4   1.46  9.69]
-22.798185 [ 6.375  0.688 -9.   ] [ 0.11  1.52  9.68]
-22.900173 [ 6.375  0.688 -9.437] [ 1.39  1.61  9.67]
-23.001752 [ 6.375  0.688 -9.812] [ 1.39  1.67  9.66]
-23.103337 [  1.625   0.625 -10.125] [ 1.39  1.73  9.65]
-23.20581 [  6.313   0.375 -10.562] [ 1.35  1.8   9.63]
-23.308941 [  6.313   0.    -10.875] [ 0.01  1.85  9.62]
-23.410825 [  6.25   -0.562 -11.187] [-0.1   1.9   9.61]
-23.512392 [  6.188  -1.125 -11.5  ] [-0.19  1.95  9.6 ]
-23.614983 [  6.125  -1.5   -11.625] [-0.26  1.97  9.6 ]
-23.718421 [  6.063  -2.187 -11.75 ] [-0.36  1.99  9.59]
-23.820843 [  6.     -2.687 -11.75 ] [-0.46  2.    9.58]
-23.922489 [  5.938  -3.187 -11.812] [-0.55  2.    9.58]
-24.024878 [  5.938  -3.625 -11.812] [-0.62  2.    9.57]
-24.128338 [  5.875  -4.    -11.75 ] [-0.68  2.    9.57]
-24.230966 [  5.813  -4.375 -11.5  ] [-0.75  1.95  9.57]
-24.332492 [  5.813  -4.687 -11.187] [-0.8   1.9   9.58]
-24.43407 [  5.75   -4.937 -10.875] [-0.84  1.84  9.59]
-24.535546 [  5.75   -4.937 -10.375] [-0.85  1.76  9.6 ]
-24.63726 [ 5.75  -5.    -9.937] [-0.85  1.69  9.62]
-24.738676 [ 5.75  -5.    -9.562] [-0.85  1.62  9.63]
-24.840407 [ 5.75 -5.   -9.  ] [-0.85  1.54  9.64]
-24.941849 [ 5.75  -5.    -8.625] [-0.86  1.46  9.65]
-25.043425 [ 5.688 -5.    -8.375] [-0.86  1.42  9.66]
-25.14485 [ 5.688 -5.    -7.937] [-0.85  1.34  9.67]
-25.246039 [ 5.688 -5.    -7.187] [-0.85  1.23  9.69]
-25.347758 [ 5.688 -4.687 -6.875] [-0.8   1.17  9.7 ]
-25.449603 [ 5.75  -4.    -6.562] [-0.69  1.12  9.71]
-25.55166 [ 5.75  -3.25  -6.375] [-0.57  1.09  9.72]
-25.654082 [ 5.813 -2.812 -6.312] [-0.48  1.08  9.73]
-25.755664 [ 5.813 -2.312 -6.312] [-0.4   1.08  9.73]
-25.858946 [ 2.125 -1.75  -6.312] [-0.3   1.08  9.74]
-25.961686 [  5.87500000e+00  -1.25000000e+00   2.04168800e+03] [-0.23  1.08  9.74]
-26.063277 [ 5.938 -0.937 -6.312] [-0.16  1.08  9.74]
-26.164417 [ 5.938 -0.437 -6.312] [-0.08  1.08  9.74]
-26.265588 [ 5.938 -0.125 -6.437] [-0.02  1.1   9.74]
-26.367605 [ 5.938  0.    -6.75 ] [ 1.28  1.16  9.73]
-26.470916 [ 6.     0.25  -7.187] [ 1.32  1.22  9.72]
-26.573626 [ 6.     0.438 -7.625] [ 1.36  1.3   9.71]
-26.675177 [ 6.     0.5   -8.125] [ 1.36  1.39  9.7 ]
-26.776791 [ 6.     0.5   -8.687] [ 1.37  1.48  9.69]
-26.879507 [ 6.     0.563 -9.125] [ 0.09  1.56  9.68]
-26.982822 [ 6.     0.563 -9.625] [ 0.09  1.63  9.66]
-27.085091 [ 6.     0.563 -9.937] [ 1.37  1.7   9.65]
-27.186541 [  6.      0.563 -10.437] [ 1.37  1.78  9.64]
-27.287862 [  6.      0.438 -10.75 ] [ 1.36  1.83  9.63]
-27.389292 [  5.938   0.063 -11.   ] [ 1.29  1.87  9.62]
-27.490752 [  5.875  -0.5   -11.312] [-0.09  1.92  9.61]
-27.592485 [  5.813  -1.062 -11.5  ] [-0.17  1.95  9.6 ]
-27.694198 [  5.813  -1.437 -11.5  ] [-0.25  1.95  9.6 ]
-27.795914 [  5.75  -2.   -11.5 ] [-0.34  1.95  9.6 ]
-27.897369 [  5.688  -2.625 -11.562] [-0.45  1.97  9.59]
-27.998967 [  5.625  -3.125 -11.625] [-0.53  1.97  9.59]
-28.100535 [  5.563  -3.562 -11.625] [-0.6   1.97  9.58]
-28.20213 [  5.563  -3.875 -11.625] [-0.67  1.97  9.58]
-28.303852 [  5.5    -4.375 -11.375] [-0.74  1.94  9.58]
-28.40585 [  5.438  -4.687 -11.062] [-0.8   1.88  9.59]
-28.507309 [  2.625  -5.062 -10.75 ] [-0.86  1.82  9.59]
-28.609884 [  5.375  -5.187 -10.312] [-0.89  1.75  9.6 ]
-28.713012 [ 5.375 -5.187 -9.812] [-0.89  1.67  9.62]
-28.815288 [ 5.375 -5.187 -9.375] [-0.88  1.59  9.63]
-28.916767 [ 5.375 -5.187 -8.875] [-0.89  1.51  9.64]
-29.018645 [ 2.625 -5.187 -8.5  ] [-0.89  1.45  9.65]
-29.120793 [ 5.313 -5.187 -8.312] [-0.89  1.41  9.66]
-29.223959 [ 5.313 -5.187 -7.875] [-0.89  1.35  9.67]
-29.326519 [ 5.313 -5.    -7.187] [-0.86  1.23  9.69]
-29.428131 [ 5.313 -4.562 -6.875] [-0.78  1.17  9.7 ]
-29.530564 [ 2.625 -3.75  -6.687] [-0.64  1.14  9.71]
-29.633578 [ 5.375 -3.125 -6.5  ] [-0.54  1.11  9.72]
-29.736047 [  5.375 -10.75   -6.375] [-0.47  1.09  9.73]
-29.838076 [ 5.438 -2.25  -6.312] [-0.38  1.08  9.73]
-29.939742 [ 5.438 -1.687 -6.25 ] [-0.29  1.07  9.74]
-30.041641 [ 5.5   -1.312 -6.25 ] [-0.22  1.07  9.74]
-30.143374 [ 5.5   -0.875 -6.25 ] [-0.15  1.07  9.74]
-30.244973 [ 5.5   -0.437 -6.25 ] [-0.07  1.07  9.74]
-30.346816 [ 5.563 -0.125 -6.25 ] [-0.03  1.07  9.74]
-30.448523 [ 5.563  0.    -6.5  ] [ 1.28  1.11  9.74]
-30.549994 [ 5.563  0.313 -6.937] [ 1.33  1.18  9.73]
-30.651571 [ 5.563  0.438 -7.312] [ 1.35  1.25  9.72]
-30.753297 [ 5.563  0.438 -7.875] [ 1.35  1.34  9.71]
-30.854871 [ 2.437  0.438 -8.437] [ 1.35  1.44  9.69]
-30.957196 [ 5.563  0.438 -8.937] [ 1.36  1.53  9.68]
-31.059045 [ 5.563  0.438 -9.375] [ 1.36  1.6   9.67]
-31.160786 [ 5.563  0.438 -9.75 ] [ 1.36  1.67  9.66]
-31.263444 [  5.563   0.438 -10.25 ] [ 1.36  1.74  9.64]
-31.366804 [  5.563   0.375 -10.625] [ 1.35  1.81  9.63]
-31.468965 [  5.5     0.    -10.937] [ 1.28  1.86  9.62]
-31.570831 [  5.5    -0.687 -11.312] [-0.11  1.92  9.61]
-31.673202 [  5.438  -1.187 -11.562] [-0.2   1.97  9.6 ]
-31.776441 [  5.375  -1.625 -11.625] [-0.27  1.97  9.6 ]
-31.87886 [  5.313  -2.25  -11.687] [-0.38  1.98  9.59]
-31.980318 [  5.25   -2.812 -11.75 ] [-0.48  1.99  9.58]
-32.082188 [  5.188  -3.25  -11.75 ] [-0.55  1.99  9.58]
-32.184901 [  2.812  -3.625 -11.75 ] [-0.62  1.99  9.58]
-32.288497 [  5.125  -4.062 -11.625] [-0.7   1.98  9.57]
-32.3905 [  5.063  -4.375 -11.375] [-0.75  1.93  9.58]
-32.492218 [  5.     -4.687 -11.062] [-0.81  1.87  9.59]
-32.593527 [  5.     -5.062 -10.625] [-0.86  1.8   9.59]
-32.694973 [  4.938  -5.187 -10.187] [-0.89  1.73  9.61]
-32.796406 [ 4.938 -5.187 -9.75 ] [-0.89  1.65  9.62]
-32.897967 [ 4.938 -5.187 -9.25 ] [-0.89  1.57  9.63]
-32.999706 [ 4.938 -5.25  -8.812] [-0.89  1.5   9.64]
-33.101862 [ 4.938 -5.25  -8.437] [-0.89  1.43  9.65]
-33.203299 [ 4.938 -5.25  -8.125] [-0.9   1.38  9.66]
-33.305005 [ 4.875 -5.25  -7.5  ] [-0.9   1.27  9.68]
-33.406637 [ 4.875 -5.187 -7.   ] [-0.89  1.19  9.69]
-33.508198 [-1683.125    -4.812    -6.812] [-0.83  1.16  9.7 ]
-33.610089 [ 4.938 -4.    -6.625] [-0.69  1.13  9.71]
-33.711671 [ 5.   -3.25 -6.5 ] [-0.56  1.11  9.72]
-33.813086 [ 5.    -2.875 -6.437] [-0.49  1.1   9.73]
-33.915399 [ 3.    -2.375 -6.437] [-0.41  1.1   9.73]
-34.017966 [ 5.063 -1.75  -6.437] [-0.31  1.1   9.73]
-34.120995 [ 5.063 -1.312 -6.437] [-0.23  1.1   9.74]
-34.22243 [ 5.125 -0.937 -6.437] [-0.16  1.1   9.74]
-34.323906 [ 5.125 -0.5   -6.437] [-0.09  1.09  9.74]
-34.42635 [ 5.125 -0.187 -6.437] [-0.03  1.1   9.74]
