-0.074607 [ 8.063 -1.875 -9.187] [-0.34  1.56  9.67]
-0.177614 [ 8.313  0.063 -9.125] [ 1.29  1.55  9.68]
-0.278898 [ 8.563  1.    -8.812] [ 1.45  1.5   9.68]
-0.382339 [ 8.563  0.938 -8.875] [ 1.44  1.51  9.68]
-0.48582 [ 8.563  0.938 -8.875] [ 1.44  1.51  9.68]
-0.588532 [ 8.563  0.875 -9.125] [ 1.44  1.55  9.68]
-0.690112 [ 8.563  0.813 -9.5  ] [ 1.42  1.62  9.66]
-0.791708 [ 8.5    0.625 -9.812] [ 1.38  1.67  9.66]
-0.89315 [  8.5     0.438 -10.125] [ 1.35  1.72  9.65]
-0.99432 [  8.438   0.125 -10.5  ] [ 1.3   1.79  9.64]
-1.095591 [  8.375  -0.375 -10.875] [-0.07  1.85  9.62]
-1.197037 [  8.313  -1.125 -11.25 ] [-0.19  1.9   9.61]
-1.298457 [  8.25   -1.687 -11.562] [-0.29  1.96  9.6 ]
-1.399903 [  8.25   -2.062 -11.687] [-0.35  1.98  9.59]
-1.501194 [  8.188  -2.562 -11.75 ] [-0.44  2.    9.58]
-1.602803 [  8.125  -3.062 -11.75 ] [-0.53  2.    9.58]
-1.704264 [  8.063  -3.562 -11.75 ] [-0.61  2.    9.57]
-1.805984 [  8.     -4.    -11.812] [-0.68  2.    9.57]
-1.907825 [  8.     -4.375 -11.75 ] [-0.74  2.    9.57]
-2.009992 [  7.938  -4.625 -11.437] [-0.79  1.94  9.57]
-2.111554 [  7.875  -4.937 -11.062] [-0.85  1.88  9.58]
-2.213006 [  7.875  -5.187 -10.75 ] [-0.89  1.82  9.59]
-2.316465 [  7.813  -5.25  -10.125] [-0.9   1.73  9.61]
-2.419164 [ 7.813 -5.312 -9.75 ] [-0.9   1.65  9.62]
-2.521298 [ 7.813 -5.312 -9.312] [-0.9   1.58  9.63]
-2.622931 [ 7.813 -5.312 -8.75 ] [-0.91  1.48  9.65]
-2.725491 [ 7.75  -5.312 -8.375] [-0.91  1.42  9.65]
-2.828941 [ 7.75  -5.312 -8.125] [-0.91  1.39  9.66]
-2.93096 [ 7.75  -5.312 -7.625] [-0.91  1.29  9.67]
-3.032379 [ 7.688 -5.25  -6.937] [-0.9   1.17  9.69]
-3.13399 [ 7.688 -4.937 -6.562] [-0.85  1.12  9.7 ]
-3.236273 [ 0.312 -4.375 -6.25 ] [-0.75  1.07  9.71]
-3.339713 [ 7.75  -3.625 -6.125] [-0.63  1.04  9.73]
-3.441878 [ 7.75  -3.125 -6.062] [-0.54  1.04  9.73]
-3.543754 [ 7.813 -2.687 -6.062] [-0.46  1.03  9.74]
-3.64533 [ 7.813 -2.125 -6.   ] [-0.36  1.03  9.74]
-3.746916 [ 7.875 -1.625 -6.   ] [-0.27  1.03  9.74]
-3.848639 [ 7.875 -1.25  -6.   ] [-0.21  1.03  9.74]
-3.950354 [ 7.875 -0.75  -6.   ] [-0.14  1.03  9.75]
-4.052254 [ 7.938 -0.375 -6.125] [-0.07  1.05  9.74]
-4.153782 [ 7.938 -0.25  -6.437] [-0.05  1.1   9.74]
-4.255132 [ 7.938  0.    -6.812] [-0.01  1.17  9.73]
-4.356277 [ 7.938  0.125 -7.25 ] [ 1.3   1.24  9.72]
-4.457566 [ 7.938  0.188 -7.812] [ 1.31  1.33  9.71]
-4.559042 [ 7.938  0.25  -8.312] [ 1.32  1.42  9.7 ]
-4.66118 [ 7.938  0.25  -8.875] [ 0.05  1.5   9.68]
-4.762893 [ 7.938  0.25  -9.375] [ 1.33  1.59  9.67]
-4.864478 [ 7.938  0.25  -9.687] [ 1.33  1.65  9.66]
-4.966346 [  7.938   0.313 -10.125] [ 1.33  1.73  9.65]
-5.069504 [  7.938   0.188 -10.5  ] [ 1.31  1.79  9.64]
-5.172099 [  7.875  -0.125 -10.75 ] [-0.02  1.83  9.63]
-5.274034 [  7.938  -0.75  -11.375] [-0.13  1.93  9.61]
-5.376123 [  0.062  -1.375 -11.687] [-0.23  1.98  9.6 ]
-5.479128 [  7.75  -2.25 -11.75] [-0.39  2.    9.59]
-5.58201 [  7.75   -2.75  -11.812] [-0.46  2.    9.58]
-5.683438 [  7.688  -3.25  -11.812] [-0.55  2.    9.58]
-5.784743 [  7.625  -3.687 -11.812] [-0.63  2.    9.57]
-5.886057 [  7.625  -4.    -11.812] [-0.69  2.    9.57]
-5.988765 [  7.563  -4.375 -11.812] [-0.75  2.    9.56]
-6.091929 [  7.5   -4.75 -11.5 ] [-0.81  1.95  9.57]
-6.194082 [  7.5    -5.062 -11.062] [ 326.82    1.87    9.58]
-6.295609 [  7.438  -5.375 -10.687] [-0.92  1.81  9.59]
-6.397239 [  7.438  -5.437 -10.25 ] [-0.93  1.73  9.6 ]
-6.498871 [ 7.438 -5.437 -9.75 ] [-0.93  1.65  9.62]
-6.600284 [ 7.438 -5.5   -9.312] [-0.94  1.58  9.63]
-6.701853 [ 7.375 -5.437 -8.812] [-0.93  1.49  9.64]
-6.803457 [ 7.375 -5.5   -8.375] [-0.94  1.43  9.65]
-6.904878 [ 7.375 -5.5   -8.187] [-0.94  1.39  9.66]
-7.00647 [ 7.375 -5.5   -7.687] [-0.94  1.3   9.67]
-7.108178 [ 7.313 -5.312 -7.   ] [-0.91  1.19  9.69]
-7.209899 [ 7.375 -4.687 -6.625] [-0.8   1.13  9.7 ]
-7.311496 [ 7.375 -3.937 -6.375] [-0.67  1.09  9.72]
-7.413229 [ 7.438 -3.375 -6.25 ] [-0.58  1.06  9.73]
-7.515245 [ 7.438 -3.    -6.187] [-0.52  1.05  9.73]
-7.616975 [ 7.438 -2.5   -6.125] [-0.43  1.05  9.74]
-7.718566 [ 7.5   -1.937 -6.125] [-0.33  1.05  9.74]
-7.821825 [ 0.5   -1.562 -6.125] [-0.27  1.05  9.74]
-7.924436 [ 7.5   -1.125 -6.125] [-0.2   1.05  9.74]
-8.026164 [ 7.563 -0.687 -6.125] [-0.12  1.04  9.74]
-8.127486 [ 0.437 -0.437 -6.187] [-0.08  1.05  9.74]
-8.230044 [ 7.563 -0.25  -6.437] [-0.04  1.1   9.74]
-8.333344 [ 7.563  0.063 -6.875] [ 1.28  1.16  9.73]
-8.435659 [ 7.625  0.188 -7.187] [ 1.31  1.23  9.72]
-8.537214 [ 7.625  0.25  -7.75 ] [ 1.32  1.32  9.71]
-8.638671 [ 0.375  0.25  -8.312] [ 1.32  1.42  9.7 ]
-8.741403 [ 7.625  0.25  -8.812] [ 1.32  1.5   9.69]
-8.844971 [ 7.625  0.313 -9.312] [ 1.33  1.58  9.67]
-8.947131 [ 7.563  0.313 -9.687] [ 1.33  1.65  9.66]
-9.04858 [  7.563   0.313 -10.125] [ 1.33  1.72  9.65]
-9.150134 [  7.563   0.188 -10.5  ] [ 1.32  1.79  9.64]
-9.251619 [  7.5    -0.25  -10.875] [-0.05  1.85  9.63]
-9.352904 [  7.438  -1.    -11.187] [-0.17  1.9   9.61]
-9.45435 [  7.438  -1.375 -11.437] [-0.24  1.94  9.6 ]
-9.55652 [  7.375  -1.875 -11.5  ] [-0.31  1.95  9.6 ]
-9.658243 [  7.313  -2.5   -11.562] [-0.43  1.97  9.59]
-9.759829 [  7.25   -3.    -11.562] [-0.52  1.97  9.59]
-9.861532 [  7.25   -3.5   -11.625] [-0.6   1.97  9.58]
-9.962847 [  7.188  -3.875 -11.625] [-0.67  1.97  9.58]
-10.064137 [  7.125  -4.312 -11.562] [-0.74  1.96  9.57]
-10.165567 [  7.063  -4.562 -11.312] [-0.78  1.92  9.58]
-10.267162 [  7.063  -4.875 -10.937] [-0.84  1.85  9.59]
-10.368753 [  7.     -5.187 -10.5  ] [-0.89  1.78  9.6 ]
-10.470167 [  7.     -5.312 -10.   ] [-0.9   1.7   9.61]
-10.572054 [ 7.063 -5.312 -9.562] [-0.91  1.62  9.62]
-10.675387 [ 7.    -5.375 -9.062] [-0.91  1.55  9.63]
-10.778226 [ 7.    -5.375 -8.625] [-0.91  1.47  9.65]
-10.87983 [ 7.    -5.375 -8.25 ] [-0.91  1.4   9.66]
-10.982243 [ 7.    -5.375 -7.937] [-0.91  1.35  9.66]
-11.085692 [ 6.938 -5.375 -7.25 ] [-0.91  1.24  9.68]
-11.187995 [ 6.938 -5.312 -6.75 ] [-0.91  1.15  9.69]
-11.289859 [ 6.938 -5.    -6.5  ] [-0.85  1.11  9.7 ]
-11.39146 [ 7.    -4.312 -6.25 ] [-0.74  1.07  9.71]
-11.494036 [ 1.    -3.625 -6.125] [-0.62  1.05  9.73]
-11.597769 [ 7.063 -3.125 -6.062] [-0.54  1.04  9.73]
-11.700326 [ 7.063 -2.687 -6.062] [-0.46  1.03  9.74]
-11.8019 [ 7.063 -2.125 -6.062] [-0.36  1.03  9.74]
-11.903541 [-1680.875    -1.687    -6.062] [-0.29  1.03  9.74]
-12.005234 [ 7.125 -1.312 -6.062] [-0.22  1.03  9.74]
-12.1074 [ 7.188 -0.812 -6.062] [-0.14  1.03  9.75]
-12.209228 [ 7.188 -0.5   -6.062] [-0.09  1.04  9.75]
-12.311557 [ 7.188 -0.25  -6.312] [-0.04  1.08  9.74]
-12.41432 [ 7.188  0.063 -6.75 ] [ 1.29  1.15  9.73]
-12.516717 [ -1.68875000e+03   3.13000000e-01   2.03300000e+03] [  5.00000000e-02  -3.26480000e+02  -3.19230000e+02]
-12.577183 [ -1.68875000e+03   3.13000000e-01   2.03262500e+03] [ 0.06  1.25  9.72]
-12.639024 [ -1.68875000e+03   3.13000000e-01   2.03212500e+03] [  6.00000000e-02   4.00000000e-02  -3.19250000e+02]
-12.69975 [ -1.68875000e+03   3.75000000e-01  -8.37500000e+00] [  6.00000000e-02   1.50000000e-01  -3.19260000e+02]
-12.760384 [ -1.68875000e+03   3.75000000e-01  -8.81200000e+00] [  6.00000000e-02   2.20000000e-01  -3.19280000e+02]
-12.820738 [ -1.68881200e+03   3.75000000e-01  -9.18700000e+00] [  6.00000000e-02   2.90000000e-01  -3.19290000e+02]
-12.881066 [ -1.68881200e+03   3.75000000e-01  -9.62500000e+00] [  6.00000000e-02   3.50000000e-01  -3.19300000e+02]
-12.941335 [ -1.68881200e+03   1.88000000e-01  -9.93700000e+00] [  3.00000000e-02   4.10000000e-01  -3.19310000e+02]
-13.001727 [-1688.812     0.      -10.25 ] [   0.      0.47 -319.32]
-13.06221 [-1688.875    -8.437    -2.625] [ -8.00000000e-02   1.81000000e+00  -3.19330000e+02]
-13.122587 [-1688.875    -9.062   -10.875] [ -1.80000000e-01   1.85000000e+00  -3.19340000e+02]
-13.18348 [  0.937  -1.5   -11.062] [-0.26  1.88  9.61]
-13.245698 [  1.     -1.937 -11.187] [-0.33  1.9   9.61]
-13.308363 [-1689.      -10.562   -11.25 ] [  -0.43    1.91 -319.36]
-13.369138 [-1689.062   -11.187    -3.312] [  -0.53    1.92 -319.36]
-13.430494 [-1689.125   -11.687    -3.312] [  -0.63 -325.76    8.31]
-13.49105 [-1689.187  2035.938    -3.312] [ 326.98 -325.76    8.3 ]
-13.551698 [-1689.187  2035.5      -3.25 ] [ 326.92    1.91    8.3 ]
-13.61253 [-1689.25   2035.188    -3.   ] [ 326.86    1.86    8.31]
-13.67321 [-1689.25   2034.938    -2.687] [ 326.81    1.81    8.31]
-13.733826 [-1689.312  2034.688    -2.312] [ 326.77    1.75 -319.36]
-13.794799 [  1.25   -5.312 -10.062] [-0.91  1.7   9.61]
-13.857588 [ -1.68925000e+03   2.03468800e+03  -1.75000000e+00] [ 326.77    1.66 -319.34]
-13.917998 [ -1.68925000e+03   2.03462500e+03  -1.25000000e+00] [ 326.77    1.57 -319.33]
-13.978382 [ -1.68925000e+03   2.03462500e+03  -6.25000000e-01] [-0.91  1.47  9.65]
-14.040264 [ -1.68931200e+03   2.03462500e+03  -1.25000000e-01] [ 326.77    1.39 -319.3 ]
-14.101217 [-1689.312  2034.625  2040.25 ] [ 326.76    1.32 -319.29]
-14.161801 [-1689.312  2034.625  2040.75 ] [ 326.76 -325.16 -319.28]
-14.222415 [-1689.312  2034.75   2041.25 ] [ 326.78 -325.25 -319.27]
-14.28291 [-1689.312  2035.188  2041.563] [ 326.86 -325.31 -319.26]
-14.343476 [-1689.25   2035.75   2041.875] [ 326.96 -325.35 -319.24]
-14.404247 [-1689.25    -11.625  2041.938] [  -0.62 -325.37 -319.23]
-14.464746 [-1689.187   -11.125  2042.   ] [  -0.54 -325.38 -319.23]
-14.525314 [-1689.187   -10.625  2042.063] [  -0.45 -325.38 -319.22]
-14.586467 [ 1.187 -2.125 -5.937] [-0.36  1.01  9.74]
-14.649431 [-1689.125    -9.562  2042.063] [-0.28  1.01  9.74]
-14.711499 [-1689.125    -9.187  2042.063] [ -2.10000000e-01   2.29000000e+00  -3.19210000e+02]
-14.772002 [-1689.062    -8.75   2042.   ] [ -1.30000000e-01  -3.25380000e+02  -3.19210000e+02]
-14.832452 [-1689.062    -8.5    2041.813] [ -8.00000000e-02  -3.25340000e+02  -3.19220000e+02]
-14.89293 [-1689.062    -8.187  2041.438] [ -4.00000000e-02  -3.25280000e+02  -3.19220000e+02]
-14.953291 [-1689.062     0.     2033.063] [   0.   -326.49 -319.23]
-15.013898 [ -1.68906200e+03   1.25000000e-01   2.03256300e+03] [  2.00000000e-02  -3.26410000e+02  -3.19240000e+02]
-15.074181 [ -1.68906200e+03   2.50000000e-01   2.03206300e+03] [  4.00000000e-02   8.00000000e-02  -3.19250000e+02]
-15.134464 [ -1.68906200e+03   2.50000000e-01  -8.50000000e+00] [  4.00000000e-02   1.70000000e-01  -3.19270000e+02]
-15.195076 [ 1.062  0.25  -8.937] [  4.00000000e-02   2.40000000e-01  -3.19280000e+02]
-15.256586 [ -1.68906200e+03   2.50000000e-01  -9.37500000e+00] [  4.00000000e-02   3.20000000e-01  -3.19290000e+02]
-15.316811 [ -1.68906200e+03   2.50000000e-01  -9.75000000e+00] [  4.00000000e-02   3.80000000e-01  -3.19300000e+02]
-15.377019 [  1.062   0.25  -10.125] [ 0.04  1.72  9.65]
-15.439317 [  1.062   0.    -10.375] [ 0.    1.77  9.64]
-15.5018 [-1689.125    -8.437    -2.625] [ -6.00000000e-02   1.80000000e+00  -3.19330000e+02]
-15.563011 [-1689.125    -9.       -2.875] [ -1.70000000e-01   1.85000000e+00  -3.19340000e+02]
-15.623556 [-1689.187    -9.437    -3.   ] [ -2.50000000e-01   1.87000000e+00  -3.19340000e+02]
-15.683998 [-1689.25     -9.875    -3.062] [  -0.32    1.88 -319.35]
-15.744625 [-1689.25    -10.375    -3.125] [  -0.41    1.89 -319.35]
-15.805229 [-1689.312   -10.875    -3.125] [  -0.49    1.89 -319.36]
-15.865802 [-1689.312   -11.375    -3.125] [  -0.57    1.89 -319.36]
-15.934849 [  1.375  -3.937 -11.187] [-0.67  1.9   9.59]
-16.036872 [  1.437  -4.375 -11.062] [-0.75  1.88  9.59]
-16.140064 [  6.563  -4.75  -10.75 ] [-0.8   1.83  9.59]
-16.242479 [  6.5    -5.187 -10.5  ] [-0.88  1.78  9.6 ]
-16.344073 [  6.5    -5.312 -10.062] [-0.91  1.71  9.61]
-16.44538 [ 6.5   -5.375 -9.625] [-0.92  1.63  9.62]
-16.547765 [ 6.5   -5.375 -9.25 ] [-0.92  1.57  9.63]
-16.651251 [ 6.438 -5.375 -8.687] [-0.92  1.49  9.64]
-16.753718 [ 6.438 -5.375 -8.312] [-0.92  1.41  9.66]
-16.855133 [ 6.438 -5.375 -8.062] [-0.92  1.37  9.66]
-16.956419 [ 6.375 -5.375 -7.625] [-0.92  1.3   9.67]
-17.057866 [ 6.375 -5.312 -6.937] [-0.91  1.18  9.69]
-17.159159 [ 6.375 -5.    -6.687] [-0.85  1.13  9.7 ]
-17.260453 [ 6.438 -4.187 -6.437] [-0.72  1.1   9.71]
-17.361613 [ 6.438 -3.562 -6.25 ] [-0.61  1.06  9.72]
-17.463039 [ 6.5   -3.187 -6.125] [-0.55  1.05  9.73]
-17.56485 [ 6.5   -2.687 -6.062] [-0.46  1.04  9.74]
-17.66639 [ 6.5   -2.125 -6.062] [-0.36  1.03  9.74]
-17.768686 [ 6.563 -1.687 -6.   ] [-0.29  1.03  9.74]
-17.870252 [ 6.563 -1.25  -6.   ] [-0.22  1.03  9.74]
-17.971555 [ 6.563 -0.875 -6.   ] [-0.15  1.03  9.75]
-18.073742 [ 6.625 -0.562 -6.   ] [-0.11  1.03  9.75]
-18.175154 [ 6.625 -0.375 -6.25 ] [-0.07  1.07  9.74]
-18.276448 [ 6.625  0.    -6.625] [ 1.28  1.13  9.74]
-18.377901 [ 6.625  0.125 -7.   ] [ 1.3   1.2   9.73]
-18.479178 [ 6.625  0.188 -7.625] [ 1.31  1.3   9.71]
-18.581698 [ 6.625  0.188 -8.187] [ 1.31  1.39  9.7 ]
-18.684641 [ 6.625  0.188 -8.687] [ 0.04  1.48  9.69]
-18.786948 [ 6.625  0.25  -9.187] [ 1.32  0.28  9.68]
-18.888887 [ 1.375  0.25  -9.562] [ 1.32  1.62  9.67]
-18.991387 [ 6.625  0.25  -9.875] [ 1.32  1.69  9.65]
-19.094697 [  6.625   0.188 -10.375] [ 0.03  1.76  9.64]
-19.196868 [  6.563  -0.312 -10.687] [-0.05  1.81  9.63]
-19.298154 [  6.5  -1.  -11. ] [-0.17  1.87  9.62]
-19.399442 [  1.562  -1.437 -11.187] [-0.25  1.91  9.61]
-19.502313 [  6.438  -1.875 -11.312] [-0.32  1.92  9.61]
-19.605753 [  6.375  -2.375 -11.312] [-0.4   1.92  9.6 ]
-19.708057 [  6.313  -3.    -11.375] [-0.52  1.93  9.59]
-19.809775 [  6.25   -3.562 -11.375] [-0.61  1.93  9.59]
-19.911626 [  6.188  -3.937 -11.375] [-0.68  1.93  9.58]
-20.014593 [  6.188  -4.312 -11.312] [-0.74  1.92  9.58]
-20.115311 [  6.125  -4.625 -11.187] [-0.79  1.89  9.58]
-20.216006 [  6.063  -5.    -10.75 ] [-0.84  1.83  9.59]
-20.316808 [  6.063  -5.312 -10.375] [-0.9   1.76  9.6 ]
-20.417504 [ 6.    -5.437 -9.875] [-0.93  1.68  9.61]
-20.518006 [ 6.    -5.437 -9.437] [-0.93  1.6   9.62]
-20.618593 [ 6.    -5.437 -9.   ] [-0.93  1.52  9.64]
-20.719096 [ 6.    -5.437 -8.5  ] [-0.93  1.44  9.65]
-20.819798 [ 6.    -5.437 -8.125] [-0.93  1.38  9.66]
-20.920134 [ 6.    -5.437 -7.812] [-0.93  1.33  9.67]
-21.020565 [ 5.938 -5.437 -7.187] [-0.93  1.23  9.68]
-21.120853 [ 5.938 -5.437 -6.75 ] [-0.93  1.14  9.69]
-21.221212 [ 2.062 -5.062 -6.5  ] [-0.86  1.11  9.7 ]
-21.321725 [ 6.    -4.375 -6.312] [-0.75  1.07  9.71]
-21.422112 [ 6.    -3.625 -6.187] [-0.62  1.05  9.72]
-21.523278 [ 6.    -3.25  -6.125] [-0.55  1.04  9.73]
-21.624715 [ 6.063 -2.812 -6.062] [-0.48  1.04  9.73]
-21.726167 [ 6.063 -2.187 -6.062] [-0.38  1.03  9.74]
-21.827895 [ 6.125 -1.625 -6.062] [-0.29  1.03  9.74]
-21.929337 [ 6.125 -1.312 -6.062] [-0.23  1.03  9.74]
-22.030627 [ 6.125 -0.812 -6.062] [-0.14  1.03  9.75]
-22.132361 [ 6.188 -0.562 -6.062] [-0.1   1.04  9.75]
-22.234515 [ 1.812 -0.312 -6.312] [-0.05  1.08  9.74]
-22.337958 [ 6.188  0.063 -6.75 ] [ 1.29  1.15  9.73]
-22.439975 [ 6.188  0.25  -7.125] [ 1.33  1.21  9.73]
-22.541546 [ 6.188  0.313 -7.625] [ 1.33  1.31  9.71]
-22.643259 [ 6.188  0.313 -8.312] [ 1.34  1.42  9.7 ]
-22.746298 [ 1.812  0.313 -8.687] [ 1.34  1.49  9.69]
-22.849154 [ 6.188  0.313 -9.25 ] [ 1.34  1.57  9.67]
-22.950885 [ 6.188  0.375 -9.625] [ 1.34  1.64  9.66]
-23.052479 [ 6.188  0.313 -9.937] [ 1.33  1.7   9.65]
-23.154511 [  1.812   0.063 -10.312] [ 0.01  1.75  9.64]
-23.257952 [  6.125  -0.312 -10.562] [-0.04  1.79  9.64]
-23.36037 [  6.063  -1.062 -10.875] [-0.18  1.85  9.62]
-23.461792 [ 6.063 -1.562 -3.125] [-0.27  1.89  9.61]
-23.563542 [  6.     -1.875 -11.25 ] [-0.33  1.91  9.61]
-23.664972 [  5.938  -2.5   -11.375] [-0.43  1.93  9.6 ]
-23.767004 [  5.875  -3.062 -11.437] [-0.52  1.94  9.59]
-23.868593 [  5.875  -3.562 -11.437] [-0.61  1.94  9.59]
-23.97044 [  5.813  -4.    -11.437] [-0.67  1.95  9.58]
-24.071985 [  5.75   -4.375 -11.5  ] [-0.75  1.95  9.58]
-24.173047 [  5.625  -5.062 -11.312] [-0.86  1.91  9.57]
-24.274464 [  5.688  -5.25  -11.   ] [-0.9   1.86  9.58]
-24.376072 [  5.625  -5.437 -10.687] [-0.93  1.81  9.59]
-24.477672 [  5.625  -5.5   -10.187] [-0.94  1.73  9.6 ]
-24.579654 [ 5.625 -5.5   -9.687] [-0.94  1.65  9.61]
-24.681255 [ 5.625 -5.5   -9.25 ] [-0.94  1.57  9.63]
-24.782997 [ 5.625 -5.5   -8.812] [-0.94  1.5   9.64]
-24.884326 [ 5.625 -5.5   -8.375] [-0.94  1.42  9.65]
-24.986411 [ 5.563 -5.5   -8.125] [-0.94  1.38  9.66]
-25.089312 [ 5.563 -5.5   -7.625] [-0.94  1.3   9.67]
-25.191439 [ 5.563 -5.5   -6.937] [-0.94  1.18  9.68]
-25.292545 [ 5.563 -5.187 -6.562] [-0.89  1.12  9.7 ]
-25.393727 [ 5.563 -4.5   -6.25 ] [-0.77  1.07  9.71]
-25.494713 [ 2.375 -3.75  -6.062] [-0.64  1.04  9.72]
-25.596526 [ 5.625 -3.312 -6.062] [-0.56  1.03  9.73]
-25.699241 [ 2.312 -2.875 -6.   ] [-0.49  1.03  9.73]
-25.801687 [ 5.688 -2.187 -6.   ] [-0.38  1.02  9.74]
-25.903154 [ 5.75  -1.687 -6.   ] [-0.29  1.02  9.74]
-26.004122 [ 5.75  -1.312 -6.   ] [-0.23  1.02  9.74]
-26.105695 [ 2.25  -0.937 -6.   ] [-0.16  1.02  9.75]
-26.207547 [ 5.813 -0.562 -6.062] [-0.1   1.04  9.75]
-26.310402 [ 5.813 -0.375 -6.437] [-0.07  1.09  9.74]
-26.41318 [ 5.813 -0.187 -6.812] [-0.03  1.17  9.73]
-26.514627 [ 5.813  0.    -7.25 ] [ 1.28  1.24  9.72]
-26.615781 [ 5.813  0.063 -7.812] [ 1.29  1.33  9.71]
-26.717364 [ 5.813  0.188 -8.312] [ 1.31  1.42  9.7 ]
-26.818952 [ 5.813  0.188 -8.812] [ 1.32  1.5   9.68]
-26.92036 [ 5.813  0.25  -9.25 ] [ 1.32  1.58  9.67]
-27.021837 [ 5.813  0.25  -9.625] [ 1.32  1.63  9.66]
-27.123427 [  5.813   0.25  -10.062] [ 1.32  1.71  9.65]
-27.224866 [  5.813   0.125 -10.375] [ 1.31  1.77  9.64]
-27.326146 [  5.75   -0.25  -10.625] [-0.04  1.81  9.63]
-27.427595 [  5.688  -0.875 -11.   ] [-0.15  1.87  9.62]
-27.529472 [  5.625  -1.5   -11.187] [-0.26  1.9   9.61]
-27.631192 [  5.625  -2.    -11.312] [-0.34  1.92  9.6 ]
-27.733065 [  5.563  -2.437 -11.312] [-0.41  1.92  9.6 ]
-27.835094 [  5.5    -3.    -11.312] [-0.51  1.92  9.6 ]
-27.936545 [  5.438  -3.5   -11.312] [-0.59  1.92  9.59]
-28.038332 [  2.562  -3.875 -11.375] [-0.66  1.92  9.59]
-28.140816 [  5.375  -4.25  -11.375] [-0.73  1.92  9.58]
-28.243796 [  5.313  -4.687 -11.187] [-0.8   1.9   9.58]
-28.345843 [  5.313  -5.062 -10.812] [-0.87  1.83  9.59]
-28.447156 [  2.75   -5.375 -10.5  ] [-0.92  1.78  9.59]
-28.549302 [  5.25   -5.437 -10.062] [-0.93  1.71  9.61]
-28.652464 [ 5.25  -5.5   -9.562] [-0.94  1.63  9.62]
-28.755171 [ 5.25  -5.5   -9.187] [-0.94  1.55  9.63]
-28.857085 [    5.25   2042.5      -8.687] [-0.94  1.47  9.64]
-28.958797 [ 2.812 -5.5   -8.312] [-0.94  1.41  9.65]
-29.061655 [ 2.812 -5.5   -8.062] [-0.94  1.37  9.66]
-29.164943 [ 5.188 -5.5   -7.625] [-0.94  1.3   9.67]
-29.266955 [ 5.188 -5.375 -6.937] [-0.92  1.18  9.69]
-29.368545 [ 5.188 -4.875 -6.625] [-0.84  1.13  9.7 ]
-29.469989 [ 5.25  -4.    -6.437] [-0.68  1.1   9.71]
-29.571155 [ 5.25  -3.437 -6.25 ] [-0.59  1.06  9.73]
-29.672707 [ 5.25  -3.125 -6.125] [-0.53  1.05  9.73]
-29.773893 [ 5.313 -2.625 -6.062] [-0.44  1.04  9.74]
-29.875579 [ 5.313 -2.    -6.   ] [-0.35  1.03  9.74]
-29.977048 [ 5.375 -1.562 -6.   ] [-0.27  1.03  9.74]
-30.078602 [ 5.375 -1.187 -6.   ] [-0.2   1.03  9.74]
-30.180072 [ 5.375 -0.75  -6.   ] [-0.13  1.03  9.75]
-30.281658 [ 5.438 -0.5   -6.   ] [-0.09  1.03  9.75]
-30.382965 [ 5.438 -0.312 -6.25 ] [-0.05  1.07  9.74]
-30.484129 [ 5.438  0.    -6.687] [ 1.28  1.14  9.73]
-30.586131 [ 5.438  0.125 -7.062] [ 0.02  1.2   9.73]
-30.688439 [ 5.438  0.125 -7.375] [ 1.3   1.26  9.72]
-30.790153 [ 5.438  0.188 -8.062] [ 1.31  1.38  9.7 ]
-30.892622 [ 5.438  0.188 -8.625] [ 1.31  1.47  9.69]
-30.995816 [ 5.438  0.188 -9.125] [ 1.31  1.55  9.68]
-31.096986 [ 5.438  0.188 -9.437] [ 1.31  1.61  9.67]
-31.197797 [ 5.438  0.188 -9.875] [ 1.32  1.68  9.65]
-31.29837 [  5.438   0.125 -10.312] [ 1.31  1.76  9.64]
-31.399067 [  5.375  -0.25  -10.625] [-0.04  1.8   9.63]
-31.499793 [  5.188  -1.687 -11.125] [-0.29  1.89  9.61]
-31.601151 [  2.812  -2.375 -11.812] [-0.41  2.01  9.58]
-31.70339 [  5.188  -2.5   -11.812] [-0.43  2.01  9.58]
-31.805784 [  5.125  -2.875 -11.875] [-0.49  2.01  9.58]
-31.907202 [  5.125  -3.375 -11.875] [-0.57  2.01  9.57]
-32.008272 [  5.063  -3.812 -11.875] [-0.65  2.01  9.57]
-32.111969 [  5.     -4.125 -11.812] [-0.71  2.    9.57]
-32.213423 [  4.938  -4.5   -11.687] [-0.77  1.98  9.57]
-32.315786 [  4.938  -4.75  -11.312] [-0.81  1.91  9.58]
-32.417746 [  4.875  -5.062 -10.937] [-0.86  1.86  9.58]
-32.519722 [  4.875  -5.375 -10.562] [-0.92  1.79  9.59]
-32.621402 [  4.813  -5.5   -10.062] [-0.94  1.71  9.6 ]
-32.722952 [ 4.813 -5.5   -9.687] [-0.94  1.64  9.62]
-32.82441 [ 4.813 -5.5   -9.25 ] [-0.94  1.57  9.63]
-32.926417 [ 4.75  -5.562 -8.75 ] [-0.95  1.49  9.64]
-33.027864 [ 4.75  -5.562 -8.312] [-0.95  1.42  9.65]
-33.12931 [ 4.75  -5.562 -8.   ] [-0.95  1.35  9.66]
-33.230906 [ 4.688 -5.562 -7.375] [-0.95  1.26  9.67]
-33.332182 [ 4.688 -5.437 -6.937] [-0.93  1.18  9.68]
-33.433348 [ 4.688 -5.125 -6.687] [-0.87  1.13  9.7 ]
-33.535179 [ 4.75  -4.437 -6.437] [-0.76  1.1   9.71]
-33.63717 [ 4.813 -3.75  -6.312] [-0.64  1.08  9.72]
-33.739261 [ 4.813 -3.25  -6.25 ] [-0.57  1.07  9.73]
-33.851913 [ 4.875 -2.812 -6.25 ] [-0.48  1.06  9.73]
-33.952425 [ 4.875 -2.187 -6.25 ] [-0.38  1.06  9.74]
-34.05304 [ 4.875 -1.75  -6.25 ] [-0.3   1.06  9.74]
-34.154691 [ 4.938 -1.375 -6.187] [-0.23  1.06  9.74]
-34.256756 [ 4.938 -0.937 -6.187] [-0.16  1.06  9.74]
-34.358881 [ 5.    -0.562 -6.25 ] [-0.1   1.06  9.74]
