-0.045079 [ -1.68843700e+03  -9.18700000e+00  -8.75000000e-01] [-0.21  1.5   9.68]
-0.106955 [ -1.68831200e+03  -8.12500000e+00  -1.00000000e+00] [ -2.00000000e-02   1.53000000e+00  -3.19280000e+02]
-0.167965 [ -1.68831200e+03   7.50000000e-01  -1.08120000e+01] [  1.20000000e-01   5.60000000e-01  -3.19330000e+02]
-0.228509 [ -1.68831200e+03   6.88000000e-01  -1.19370000e+01] [  1.20000000e-01  -3.26930000e+02   8.31000000e+00]
-0.288911 [ -1.68825000e+03   3.75000000e-01   2.03562500e+03] [  7.00000000e-02  -3.26850000e+02   8.29000000e+00]
-0.349269 [ -1.68825000e+03   6.30000000e-02   2.03562500e+03] [  2.00000000e-02  -3.26860000e+02   8.29000000e+00]
-0.409605 [-1688.312    -8.375    -3.625] [ -7.00000000e-02  -3.25700000e+02  -3.19360000e+02]
-0.470119 [  0.312  -1.125 -11.062] [ -1.90000000e-01   1.88000000e+00  -3.19340000e+02]
-0.531565 [-1688.312    -9.812    -2.375] [ -3.10000000e-01   1.77000000e+00  -3.19320000e+02]
-0.592157 [ -1.68837500e+03  -1.04370000e+01  -1.25000000e+00] [  -0.42    1.58 -319.3 ]
-0.652666 [ 0.437 -2.875 -7.75 ] [-0.49  1.32  9.7 ]
-0.715587 [-1688.437   -11.062  2041.875] [-0.52  1.08  9.73]
-0.777484 [-1688.5     -10.937  2043.25 ] [  -0.5  -325.58 -319.21]
-0.838693 [-1688.437   -10.875    -3.875] [  -0.49 -325.74 -319.19]
-0.899402 [-1688.437   -10.812    -3.562] [  -0.48    1.89 -319.19]
-0.960207 [-1688.437    -2.687    -3.375] [  -0.46    1.86 -319.19]
-1.031076 [ 7.563 -2.5   -3.625] [-0.42  0.62  9.77]
-1.132432 [ 7.625 -2.125 -4.812] [-0.36  0.83  9.76]
-1.236545 [ 7.688 -1.75  -5.625] [-0.3   0.95  9.75]
-1.337703 [ 7.688 -1.687 -6.375] [-0.29  1.07  9.74]
-1.439272 [ 7.625 -2.    -7.125] [-0.34  1.21  9.72]
-1.540704 [ 7.625 -2.437 -7.5  ] [-0.41  1.28  9.71]
-1.642195 [ 7.5   -4.125 -8.062] [-0.7   1.37  9.68]
-1.743596 [ 7.375 -5.    -8.875] [-0.86  1.5   9.65]
-1.845027 [ 7.313 -5.687 -9.562] [-0.97  1.62  9.62]
-1.946271 [ 7.25  -6.25  -9.812] [-1.07  1.67  9.6 ]
-2.047665 [ 7.188 -6.875 -9.687] [-1.17  1.64  9.59]
-2.149264 [ 7.125 -7.062 -9.625] [-1.21  1.63  9.59]
-2.250538 [ 7.125 -7.062 -9.5  ] [-1.21  1.61  9.59]
-2.352014 [ 0.812 -7.    -9.25 ] [-1.19  1.57  9.6 ]
-2.454287 [ 7.313 -6.    -8.937] [-1.02  1.52  9.63]
-2.557143 [ 7.438 -4.125 -8.5  ] [-0.74  1.46  9.66]
-2.662047 [ 7.625 -2.062 -8.125] [-0.36  1.39  9.7 ]
-2.764209 [ 7.688 -0.5   -7.687] [-0.08  1.32  9.71]
-2.867114 [ 0.187  0.563 -7.625] [ 1.38  1.3   9.71]
-2.96962 [ 7.875  2.188 -7.875] [ 1.63  1.34  9.7 ]
-3.071298 [ 8.     3.625 -8.5  ] [ 1.9   1.44  9.67]
-3.172583 [ 8.063  3.313 -9.125] [ 1.85  1.55  9.66]
-3.274484 [ 8.063  3.313 -9.687] [ 1.85  1.65  9.64]
-3.377355 [  8.125   3.375 -10.312] [ 1.86  1.75  9.63]
-3.480409 [  8.25    3.125 -10.937] [ 0.54  1.85  9.61]
-3.582431 [  8.25    2.625 -12.25 ] [ 1.73  2.08  9.57]
-3.683455 [  8.188   2.188 -13.187] [ 1.66  2.24  9.53]
-3.784895 [  8.188   1.875 -13.312] [ 1.6   2.25  9.53]
-3.886183 [  8.125   1.25  -13.375] [ 1.5   2.26  9.53]
-3.987563 [  8.125   0.688 -13.062] [ 1.4   2.21  9.55]
-4.088751 [  8.125  -0.25  -11.375] [-0.05  1.93  9.61]
-4.192791 [  8.063  -1.562 -10.062] [-0.27  1.71  9.65]
-4.294242 [ 8.    -2.437 -8.562] [-0.42  1.46  9.68]
-4.395448 [ 8.    -2.75  -6.812] [-0.47  1.16  9.72]
-4.496637 [ 7.938 -2.937 -5.687] [-0.5   0.97  9.74]
-4.597999 [ 7.875 -3.    -4.125] [-0.51  0.71  9.76]
-4.699358 [ 7.875 -3.    -2.75 ] [-0.51  0.47  9.78]
-4.801209 [ 7.875 -3.062 -2.312] [-0.53  0.4   9.78]
-4.903411 [ 7.875 -3.062 -2.5  ] [-0.52  0.43  9.78]
-5.004938 [ 0.062 -2.687 -3.437] [-0.46  0.59  9.77]
-5.106993 [ 8.    -2.437 -4.312] [-0.41  0.74  9.76]
-5.209956 [ 0.    -2.25  -4.687] [-0.39  0.81  9.76]
-5.312398 [ 8.063 -2.125 -5.625] [-0.36  0.95  9.75]
-5.413922 [ 8.063 -2.    -6.375] [-0.34  1.09  9.73]
-5.51506 [ 8.063 -2.062 -7.062] [-0.36  1.21  9.72]
-5.616557 [ 0.062 -2.937 -7.562] [-0.51  1.29  9.7 ]
-5.72172 [ 7.875 -3.937 -8.25 ] [-0.68  1.39  9.68]
-5.82396 [ 7.813 -4.187 -8.875] [-0.72  1.51  9.66]
-5.925054 [ 7.688 -5.375 -9.375] [-0.92  1.59  9.63]
-6.025993 [ 7.563 -6.312 -9.625] [-1.08  1.62  9.6 ]
-6.127142 [ 7.563 -6.937 -9.625] [-1.19  1.63  9.59]
-6.230506 [ 0.5   -7.25  -9.562] [-1.24  1.62  9.59]
-6.333549 [ 7.5   -7.312 -9.5  ] [-1.25  1.61  9.59]
-6.435324 [ 7.5   -7.125 -9.187] [-1.22  1.55  9.6 ]
-6.536656 [ 7.625 -5.812 -8.875] [-1.    1.5   9.63]
-6.637999 [ 7.813 -3.75  -8.5  ] [-0.65  1.44  9.67]
-6.738903 [ 8.    -1.937 -8.125] [-0.33  1.39  9.7 ]
-6.840476 [ 8.063 -0.5   -7.75 ] [-0.09  1.32  9.71]
-6.941913 [ 8.188  0.625 -7.625] [ 1.39  1.31  9.71]
-7.043233 [ 8.25   2.125 -7.937] [ 1.65  1.35  9.7 ]
-7.146273 [ 8.375  3.625 -8.5  ] [ 1.9   1.44  9.67]
-7.247952 [ 8.375  3.563 -9.125] [ 1.89  1.55  9.66]
-7.349536 [ 8.375  3.625 -9.687] [ 1.9   1.64  9.64]
-7.451115 [  8.5     3.438 -10.312] [ 1.86  1.75  9.62]
-7.552581 [  8.5     3.25  -11.062] [ 1.84  1.88  9.6 ]
-7.654828 [  8.625   2.563 -11.5  ] [ 1.74  1.94  9.6 ]
-7.757381 [  8.625   2.    -12.5  ] [ 1.62  2.12  9.56]
-7.858687 [  8.625   1.688 -12.5  ] [ 1.57  2.12  9.56]
-7.960171 [  0.563   1.25  -12.5  ] [ 1.49  2.13  9.56]
-8.062291 [  0.563   0.813 -12.5  ] [ 0.14  2.12  9.57]
-8.165272 [  8.563  -0.187 -11.187] [-0.01  1.92  9.61]
-8.267152 [  8.563  -1.437 -10.125] [-0.25  1.72  9.65]
-8.368255 [ 8.5   -2.437 -8.625] [-0.42  1.47  9.68]
-8.469684 [ 8.438 -2.875 -6.875] [-0.5   1.18  9.72]
-8.571464 [ 0.375 -3.    -5.75 ] [-0.52  0.98  9.74]
-8.677515 [ 8.375 -3.062 -4.062] [-0.52  0.7   9.76]
-8.779012 [ 8.375 -3.062 -3.187] [-0.53  0.54  9.77]
-8.881083 [ 8.313 -3.    -2.812] [-0.52  0.48  9.78]
-8.983569 [ 8.375 -2.875 -2.625] [-0.49  0.45  9.78]
-9.086545 [ 8.438 -2.562 -3.812] [-0.45  0.64  9.77]
-9.188585 [ 8.438 -2.437 -4.187] [-0.42  0.71  9.77]
-9.289831 [ 8.438 -2.312 -4.687] [-0.39  0.8   9.76]
-9.391102 [ 8.5   -2.125 -5.312] [-0.36  0.91  9.75]
-9.492514 [ 8.5   -2.062 -6.125] [-0.35  1.04  9.74]
-9.593928 [ 8.5   -2.25  -6.875] [-0.38  1.17  9.72]
-9.695495 [ 8.438 -2.687 -7.312] [-0.46  1.25  9.71]
-9.797102 [ 8.313 -3.875 -7.875] [-0.66  1.35  9.69]
-9.898558 [ 8.188 -5.062 -8.875] [-0.86  1.51  9.65]
-10.000142 [ 8.125 -5.812 -9.562] [-0.99  1.62  9.61]
-10.101646 [ 8.063 -6.375 -9.687] [-1.09  1.64  9.6 ]
-10.205038 [ 8.    -7.    -9.625] [-1.2   1.63  9.59]
-10.306176 [ 8.    -7.187 -9.625] [-1.23  1.62  9.59]
-10.407729 [ 8.  -7.5 -9.5] [-1.28  1.6   9.58]
-10.510023 [ 7.938 -7.437 -9.25 ] [-1.27  1.57  9.59]
-10.611522 [ 8.063 -6.25  -8.937] [-1.06  1.52  9.62]
-10.713333 [ 8.25  -4.187 -8.562] [-0.71  1.45  9.67]
-10.816206 [ 8.375 -2.312 -8.125] [-0.39  1.38  9.69]
-10.919033 [ 8.563 -0.875 -7.75 ] [-0.17  1.33  9.71]
-11.020863 [ 8.625  0.313 -7.625] [ 1.34  1.3   9.71]
-11.122066 [ 8.75   1.75  -7.812] [ 1.58  1.33  9.71]
-11.223901 [ 8.813  3.313 -8.375] [ 1.85  1.43  9.68]
-11.326436 [ 8.813  3.5   -8.937] [ 1.88  1.52  9.66]
-11.429368 [ 8.875  3.125 -9.625] [ 1.82  1.63  9.65]
-11.531336 [  8.875   3.125 -10.187] [ 1.81  1.73  9.63]
-11.632599 [  8.938   2.938 -10.75 ] [ 1.79  1.82  9.62]
-11.736633 [  9.188   2.5   -11.25 ] [ 0.42  1.91  9.6 ]
-11.840165 [  9.188   1.875 -13.   ] [ 1.61  2.19  9.55]
-11.942223 [  9.188   1.563 -13.062] [ 1.55  2.22  9.54]
-12.043507 [  9.18800000e+00   1.12500000e+00   2.03487500e+03] [ 1.47  2.22  9.54]
-12.144473 [  9.125   0.563 -12.812] [ 1.37  2.17  9.56]
-12.245676 [  9.125  -0.375 -11.25 ] [-0.07  1.91  9.61]
-12.346747 [ 9.063 -1.812 -9.875] [-0.31  1.68  9.65]
-12.447853 [ 9.063 -2.5   -8.625] [-0.43  1.47  9.68]
-12.549274 [ 9.    -2.75  -6.937] [-0.47  1.18  9.72]
-12.650743 [ 8.938 -3.    -5.75 ] [-0.51  0.98  9.74]
-12.752262 [ 8.938 -3.    -4.062] [-0.51  0.7   9.76]
-12.854208 [ 8.875 -3.062 -2.687] [-0.53  0.46  9.78]
-12.955662 [ 8.875 -3.187 -2.375] [-0.55  0.4   9.78]
-13.056924 [ 8.938 -3.125 -3.   ] [-0.54  0.52  9.77]
-13.160632 [ 8.938 -2.75  -3.187] [-0.47  0.54  9.77]
-13.262986 [ 9.    -2.375 -4.062] [-0.41  0.7   9.77]
-13.364368 [ 9.    -2.    -4.625] [-0.34  0.79  9.76]
-13.4659 [ 9.063 -1.687 -5.437] [-0.29  0.93  9.75]
-13.568269 [ 9.063 -1.562 -6.25 ] [-0.27  1.07  9.74]
-13.671292 [ 9.063 -1.625 -7.   ] [-0.27  1.19  9.72]
-13.773628 [ 9.063 -2.    -7.375] [-0.34  1.26  9.71]
-13.875306 [ 8.875 -3.75  -7.937] [-0.65  1.35  9.69]
-13.977054 [ 0.75  -4.812 -8.812] [-0.82  1.5   9.65]
-14.079912 [ 0.688 -5.75  -9.562] [-0.98  1.62  9.62]
-14.182663 [ 8.625 -6.312 -9.75 ] [-1.07  1.65  9.6 ]
-14.284341 [ 8.563 -6.875 -9.625] [-1.17  1.62  9.59]
-14.3856 [ 8.563 -7.25  -9.5  ] [-1.24  1.6   9.59]
-14.487544 [ 8.5   -7.625 -9.312] [-0.02  1.58  9.58]
-14.590386 [ 0.5   -7.375 -9.125] [-1.26  1.54  9.6 ]
-14.695606 [ 8.688 -5.687 -8.75 ] [-0.97  1.48  9.64]
-14.797752 [ 8.813 -3.687 -8.375] [-0.63  1.42  9.68]
-14.899392 [ 8.938 -2.125 -8.   ] [-0.37  1.37  9.7 ]
-15.000958 [ 9.063 -0.687 -7.625] [-0.12  1.3   9.71]
-15.102559 [ 9.125  0.438 -7.5  ] [ 1.36  1.28  9.72]
-15.204245 [ 9.25   2.063 -7.812] [ 1.6   1.32  9.71]
-15.306211 [ 9.313  2.875 -8.312] [ 1.77  1.41  9.69]
-15.407704 [ 9.313  3.    -8.875] [ 1.79  1.51  9.67]
-15.509403 [ 9.375  3.125 -9.5  ] [ 1.82  1.62  9.65]
-15.611131 [  9.438   3.125 -10.062] [ 1.82  1.71  9.63]
-15.712528 [  9.5   3.  -10.5] [ 1.79  1.78  9.62]
-15.814476 [  9.5     2.438 -12.125] [ 1.72  2.01  9.58]
-15.916282 [  9.438   2.125 -12.937] [ 1.64  2.19  9.55]
-16.017803 [  9.5     1.75  -13.062] [ 1.58  2.21  9.54]
-16.12002 [  9.438   1.188 -13.062] [ 0.2   2.22  9.54]
-16.223618 [  9.438   0.438 -12.312] [ 0.09  2.12  9.57]
-16.326284 [  9.438  -0.75  -10.875] [-0.13  1.85  9.62]
-16.428148 [ 9.375 -1.75  -9.75 ] [-0.3   1.66  9.65]
-16.53025 [ 9.313 -2.5   -8.375] [-0.43  1.42  9.69]
-16.633397 [ 9.313 -2.812 -6.562] [-0.48  1.12  9.73]
-16.736877 [ 9.25  -3.062 -5.   ] [-0.52  0.85  9.75]
-16.838581 [ 9.188 -3.125 -3.687] [-0.54  0.63  9.77]
-16.940512 [ 9.188 -3.187 -2.437] [-0.55  0.42  9.78]
-17.043385 [ 1.188 -3.375 -2.937] [-0.58  0.5   9.77]
-17.146863 [ 9.25  -3.    -3.062] [-0.52  0.52  9.77]
-17.248812 [ 9.25  -2.812 -3.25 ] [-0.48  0.55  9.77]
-17.350475 [ 9.313 -2.437 -4.187] [-0.42  0.71  9.77]
-17.451995 [ 9.313 -1.937 -4.625] [-0.34  0.79  9.76]
-17.553631 [ 9.375 -1.562 -5.25 ] [-0.27  0.9   9.76]
-17.655035 [ 1.375 -1.562 -6.   ] [-0.26  1.02  9.74]
-17.757675 [ 9.375 -1.687 -6.937] [-0.28  1.18  9.73]
-17.859761 [ 9.313 -2.125 -7.437] [-0.37  1.27  9.71]
-17.961293 [ 9.188 -3.812 -8.   ] [-0.65  1.37  9.68]
-18.06281 [ 9.063 -4.687 -8.875] [-0.8   1.51  9.65]
-18.164298 [ 9.    -5.437 -9.562] [-0.93  1.62  9.62]
-18.265779 [ 8.938 -6.187 -9.687] [-1.06  1.65  9.6 ]
-18.367943 [ 8.938 -6.812 -9.562] [-1.15  1.62  9.6 ]
-18.470031 [ 8.875 -7.25  -9.5  ] [-1.24  1.6   9.59]
-18.571628 [ 8.813 -7.562 -9.312] [-0.01  1.58  9.59]
-18.674491 [ 8.875 -7.312 -9.125] [-1.25  1.54  9.6 ]
-18.777702 [ 9.    -5.625 -8.687] [-0.99  1.48  9.64]
-18.879965 [ 9.188 -3.625 -8.375] [-0.62  1.43  9.68]
-18.981338 [ 9.313 -2.062 -8.   ] [-0.35  1.36  9.7 ]
-19.083084 [ 1.375 -0.75  -7.625] [-0.13  1.3   9.71]
-19.186807 [ 1.5   0.25 -7.5 ] [ 1.33  1.28  9.72]
-19.289222 [ 9.563  1.875 -7.812] [ 1.58  1.33  9.71]
-19.390708 [ 9.625  2.5   -8.312] [ 1.71  1.42  9.69]
-19.492093 [ 9.688  2.5   -8.875] [ 1.71  1.51  9.67]
-19.594157 [ 1.75   2.5   -9.437] [ 0.43  1.61  9.66]
-19.697325 [  1.75    2.563 -10.125] [ 1.72  1.72  9.64]
-19.800158 [  9.813   2.563 -10.625] [ 1.72  1.81  9.62]
-19.902066 [  9.938   2.375 -11.125] [ 1.69  1.89  9.61]
-20.003533 [  9.875   1.813 -13.   ] [ 1.59  2.21  9.54]
-20.104738 [  9.875   1.5   -13.062] [ 1.54  2.21  9.54]
-20.205842 [  9.875   1.    -13.125] [ 1.45  2.22  9.54]
-20.306903 [  9.875   0.438 -12.937] [ 1.36  2.2   9.55]
-20.40829 [  9.875  -0.375 -11.312] [-0.07  1.92  9.61]
-20.509947 [ 9.875 -1.687 -9.812] [-0.27  1.7   9.65]
-20.611378 [ 9.813 -2.687 -8.312] [-0.46  1.42  9.69]
-20.715111 [ 9.75  -3.    -6.625] [-0.51  1.13  9.72]
-20.816816 [ 9.688 -3.125 -5.437] [-0.53  0.92  9.74]
-20.91812 [ 9.625 -3.25  -3.937] [-0.56  0.67  9.76]
-21.019397 [ 1.625 -3.375 -2.937] [-0.58  0.5   9.77]
-21.12113 [ 9.688 -3.25  -3.   ] [-0.56  0.51  9.77]
-21.223056 [ 9.75  -2.937 -3.25 ] [-0.5   0.56  9.77]
-21.324296 [ 9.75  -2.812 -3.187] [-0.48  0.55  9.77]
-21.426049 [ 9.75  -2.625 -3.625] [-0.45  0.62  9.77]
-21.529792 [ 9.75  -2.437 -4.75 ] [-0.42  0.81  9.76]
-21.632331 [ 9.813 -2.312 -5.312] [-0.4   0.91  9.75]
-21.733919 [    9.813    -2.187  2041.875] [-0.37  1.05  9.74]
-21.835379 [ 9.813 -2.312 -6.937] [-0.39  1.18  9.72]
-21.937922 [ 1.813 -2.875 -7.375] [-0.49  1.26  9.71]
-22.04107 [ 9.625 -3.937 -8.   ] [-0.68  1.35  9.68]
-22.143335 [ 9.563 -4.5   -8.75 ] [-0.77  1.49  9.66]
-22.245706 [ 9.438 -5.625 -9.562] [-0.96  1.62  9.62]
-22.348237 [ 9.375 -6.375 -9.875] [-1.09  1.67  9.6 ]
-22.453277 [ 9.313 -6.875 -9.687] [-1.17  1.64  9.59]
-22.555108 [ 9.313 -7.375 -9.562] [ 326.42    1.61    9.58]
-22.656404 [ 9.25  -7.625 -9.375] [-0.02  1.59  9.58]
-22.758015 [ 9.313 -7.    -9.25 ] [-1.19  1.56  9.6 ]
-22.859367 [ 9.438 -5.812 -8.937] [-0.99  1.51  9.63]
-22.96074 [ 9.563 -4.    -8.625] [-0.68  1.47  9.67]
-23.062284 [ 9.75  -2.187 -8.187] [-0.4   1.4   9.69]
-23.163951 [ 9.813 -1.    -7.875] [-0.2   1.35  9.71]
-23.265439 [ 9.875  0.125 -7.562] [ 1.3   1.29  9.72]
-23.366778 [ 9.938  1.438 -7.875] [ 1.52  1.34  9.71]
-23.468306 [ 10.063   2.813  -8.5  ] [ 1.76  1.44  9.68]
-23.569937 [ 10.063   2.938  -9.   ] [ 1.78  1.54  9.67]
-23.672025 [ 10.125   3.     -9.625] [ 1.79  1.64  9.65]
-23.773746 [ 10.188   2.938 -10.25 ] [   1.79    1.74 -318.05]
-23.875327 [  2.188   2.875 -11.062] [ 1.78  1.88  9.61]
-23.976768 [ 10.125   2.375 -12.25 ] [ 1.69  2.08  9.57]
-24.07868 [ 10.188   1.938 -12.5  ] [ 1.61  2.12  9.56]
-24.182024 [  2.188   1.563 -12.562] [ 1.54  2.14  9.56]
-24.284369 [ 10.125   1.    -12.625] [ 0.18  2.14  9.56]
-24.38617 [ 10.188   0.438 -12.562] [ 1.35  2.13  9.57]
-24.487675 [ 10.188  -0.5   -11.312] [-0.09  1.93  9.61]
-24.589843 [ 10.188  -1.75  -10.25 ] [-0.3   1.75  9.64]
-24.69298 [ 10.125  -2.687  -8.812] [-0.45  1.52  9.67]
-24.795466 [ 10.063  -3.187  -7.25 ] [-0.54  1.23  9.71]
-24.89721 [ 10.     -3.312  -6.125] [-0.57  1.04  9.73]
-24.998694 [ 2.    -3.375 -4.625] [-0.58  0.78  9.75]
-25.101197 [ 9.938 -3.375 -3.   ] [-0.57  0.52  9.77]
-25.207944 [ 9.938 -3.312 -2.375] [-0.57  0.41  9.78]
-25.309217 [ 10.     -3.062  -3.   ] [-0.52  0.52  9.77]
-25.410543 [ 10.063  -2.937  -3.25 ] [-0.5   0.56  9.77]
-25.512066 [ 10.125  -2.687  -4.375] [-0.46  0.75  9.76]
-25.613443 [ 10.125  -2.625  -4.875] [-0.45  0.83  9.76]
-25.715044 [ 10.125  -2.437  -5.687] [-0.42  0.96  9.74]
-25.816275 [ 10.125  -2.312  -6.312] [-0.4   1.08  9.73]
-25.917755 [ 10.125  -2.437  -7.062] [-0.42  1.2   9.72]
-26.019115 [ 10.125  -2.937  -7.437] [-0.5   1.27  9.71]
-26.120367 [ 10.    -4.25  -8.  ] [-0.73  1.36  9.68]
-26.221702 [  9.875 -13.187  -8.875] [-0.89  1.51  9.64]
-26.323008 [ 9.813 -5.875 -9.562] [-1.    1.62  9.61]
-26.42431 [ 9.75  -6.562 -9.812] [-1.13  1.66  9.59]
-26.526053 [ 9.688 -7.125 -9.687] [-1.21  1.64  9.59]
-26.627769 [ 9.625 -7.687 -9.5  ] [-1.31  1.61  9.58]
-26.731362 [ 1.625 -7.75  -9.375] [-0.05  1.59  9.58]
-26.83447 [ 1.625 -7.5   -9.187] [-1.28  1.55  9.59]
-26.937201 [ 9.75  -6.375 -8.875] [-1.11  1.51  9.62]
-27.039062 [ 9.938 -4.562 -8.5  ] [-0.78  1.44  9.66]
-27.140536 [ 10.063  -2.812  -8.062] [-0.48  1.37  9.69]
-27.242796 [ 10.188  -1.187  -7.687] [-0.21  1.31  9.71]
-27.345821 [ 10.313   0.063  -7.562] [ 1.28  1.3   9.72]
-27.447916 [ 10.375   1.563  -7.812] [ 1.55  1.33  9.71]
-27.549416 [ 10.5     3.     -8.312] [ 1.79  1.42  9.68]
-27.650742 [ 2.5    3.    -9.125] [ 1.8   1.55  9.66]
-27.753562 [ 10.563   3.     -9.687] [ 1.8   1.65  9.65]
-27.856811 [ 10.625   3.    -10.25 ] [ 1.79  1.73  9.63]
-27.959263 [ 10.688   2.75  -10.937] [ 1.75  1.86  9.61]
-28.060569 [ 10.813   2.25  -11.187] [ 1.67  1.9   9.61]
-28.161997 [ 10.875   1.688 -11.562] [ 1.57  1.97  9.6 ]
-28.266022 [ 10.875   1.125 -13.062] [ 1.48  2.22  9.54]
-28.367335 [ 10.813   0.75  -13.   ] [ 1.41  2.21  9.55]
-28.468541 [ 10.75    0.125 -12.937] [ 1.32  2.2   9.55]
-28.570013 [ 10.75   -0.687 -11.5  ] [-0.12  1.95  9.6 ]
-28.671254 [ 10.75   -1.75  -10.187] [-0.3   1.73  9.64]
-28.772438 [ 10.688  -2.687  -8.625] [-0.46  1.47  9.68]
-28.873752 [ 10.625  -3.125  -6.812] [-0.53  1.17  9.72]
-28.985305 [ 10.563  -3.312  -5.5  ] [-0.57  0.94  9.74]
-29.088295 [ 10.5    -3.312  -4.   ] [-0.57  0.71  9.76]
-29.190528 [ 10.5    -3.375  -2.75 ] [-0.58  0.47  9.77]
-29.291864 [ 10.5    -3.437  -2.375] [-0.59  0.41  9.77]
-29.393562 [ 10.563  -3.125  -3.062] [-0.54  0.53  9.77]
-29.49591 [ 10.563  -2.875  -3.687] [-0.5   0.63  9.77]
-29.599042 [ 10.625  -2.687  -4.437] [-0.47  0.73  9.76]
-29.70221 [ 10.625  -2.562  -5.062] [-0.43  0.86  9.75]
-29.803914 [ 2.688 -2.375 -5.812] [-0.41  0.99  9.74]
-29.907931 [ 2.688 -2.312 -6.437] [-0.39  1.1   9.73]
-30.011186 [ 10.688  -2.437  -7.25 ] [-0.42  1.23  9.71]
-30.113204 [ 10.688  -2.875  -7.625] [-0.49  1.3   9.7 ]
-30.215273 [   10.438  2043.563    -8.312] [-0.76  1.41  9.67]
-30.31756 [ 10.313  -5.25   -9.187] [-0.9   1.56  9.63]
-30.419364 [ 10.25   -5.875  -9.812] [-1.01  1.66  9.61]
-30.521152 [ 10.25   -6.437 -10.   ] [-1.09  1.69  9.59]
-30.623073 [ 10.125  -7.187  -9.812] [-1.22  1.65  9.58]
-30.724541 [ 10.125  -7.625  -9.687] [-0.03  1.63  9.57]
-30.825961 [ 2.125 -7.75  -9.562] [-1.32  1.61  9.58]
-30.929442 [ 10.125  -7.75   -9.25 ] [-0.04  1.56  9.58]
-31.031378 [ 10.313  -6.25   -8.937] [-1.09  1.52  9.62]
-31.133421 [ 10.438  -4.312  -8.562] [-0.74  1.46  9.66]
-31.235358 [ 10.563  -2.5    -8.187] [-0.43  1.39  9.69]
-31.337998 [ 10.688  -1.062  -7.812] [-0.19  1.34  9.71]
-31.441685 [ 10.813   0.063  -7.75 ] [ 1.28  1.33  9.71]
-31.543908 [ 10.875   1.563  -8.   ] [ 1.55  1.36  9.7 ]
-31.645431 [ 10.938   2.125  -8.437] [ 1.65  1.44  9.69]
-31.747547 [ 11.      2.125  -9.   ] [ 1.65  1.54  9.67]
-31.850824 [ 11.      2.25   -9.625] [ 1.66  1.63  9.66]
-31.954001 [ 11.      2.313 -10.312] [ 1.68  1.75  9.63]
-32.055419 [ 11.      2.375 -10.687] [ 1.69  1.82  9.62]
-32.157646 [ 11.      2.313 -11.75 ] [ 1.67  2.    9.59]
-32.261099 [ 10.938   1.938 -12.937] [ 1.61  2.2   9.55]
-32.36392 [ 10.938   1.563 -13.062] [ 1.55  2.21  9.54]
-32.465737 [ 10.875   1.063 -13.   ] [ 1.46  2.21  9.55]
-32.567136 [ 10.813   0.563 -12.937] [ 1.38  2.2   9.55]
-32.668701 [ 10.813  -0.375 -11.375] [-0.06  1.93  9.61]
-32.770524 [ 10.75  -1.75 -10.  ] [-0.3   1.7   9.65]
-32.872163 [ 10.688  -2.75   -8.562] [-0.47  1.46  9.68]
-32.973883 [ 10.688  -3.062  -6.75 ] [-0.52  1.17  9.72]
-33.075575 [ 10.625  -3.187  -5.625] [  -0.55    0.96 -317.94]
-33.177122 [ 10.563  -3.25   -4.187] [-0.56  0.72  9.76]
-33.278482 [ 10.563  -3.25   -2.687] [-0.55  0.46  9.77]
-33.380197 [ 10.563  -3.375  -2.75 ] [-0.57  0.47  9.77]
-33.481907 [ 10.563  -3.125  -3.062] [-0.53  0.52  9.77]
-33.583472 [ 10.563  -2.875  -3.25 ] [-0.5   0.54  9.77]
-33.686079 [ 10.625  -2.687  -4.437] [-0.46  0.75  9.76]
-33.787494 [ 10.625  -2.562  -4.875] [-0.43  0.83  9.76]
-33.889067 [ 10.688  -2.375  -5.437] [-0.4   0.93  9.75]
-33.992102 [ 10.688  -2.312  -6.187] [-0.39  1.06  9.74]
-34.095095 [ 10.688  -2.437  -7.062] [-0.41  1.2   9.72]
-34.197959 [ 10.688  -2.875  -7.5  ] [-0.49  1.28  9.71]
-34.299968 [ 10.5    -4.125  -8.062] [-0.71  1.37  9.68]
-34.403183 [ 2.375 -5.062 -9.   ] [-0.86  1.52  9.64]
-34.505919 [ 10.375  -5.437  -9.625] [-0.93  1.63  9.62]
-34.607411 [ 10.313  -6.     -9.875] [-1.03  1.67  9.6 ]
-34.708646 [ 10.25   -6.75   -9.687] [-1.16  1.64  9.59]
-34.810635 [ 2.188 -7.375 -9.562] [-1.26  1.62  9.58]
-34.913928 [ 2.188 -7.562 -9.5  ] [-0.01  1.6   9.58]
-35.016785 [ 10.188  -7.312  -9.187] [-1.25  1.56  9.59]
-35.118304 [ 10.313  -6.375  -8.937] [-1.08  1.52  9.62]
-35.219769 [   10.5    2043.5      -8.625] [-0.77  1.46  9.66]
-35.321259 [ 10.625  -2.562  -8.125] [-0.44  1.38  9.69]
-35.422832 [ 10.75   -1.125  -7.75 ] [-0.19  1.33  9.71]
-35.524109 [ 10.813   0.     -7.625] [ 1.28  1.3   9.71]
-35.625179 [ 10.875   1.25   -7.937] [ 1.5   1.35  9.7 ]
-35.729082 [ 11.    3.   -8.5] [ 1.79  1.45  9.68]
-35.830755 [ 11.063   3.563  -9.25 ] [ 1.89  1.57  9.65]
-35.932508 [ 11.125   2.75   -9.937] [ 1.75  1.69  9.64]
-36.033952 [ 11.063   2.813 -10.437] [ 1.77  1.78  9.63]
