-0.075097 [  9.688  -4.     17.125] [-0.68 -2.88  9.34]
-0.177098 [  9.25   -8.     11.813] [-0.08 -1.99  9.5 ]
-0.279797 [ 7.313 -9.375  2.813] [-0.32 -0.48  9.66]
-0.382845 [  3.75  -10.375 -10.687] [-0.49  1.58  9.51]
-0.485382 [  1.563  -9.937 -10.875] [-0.42  1.82  9.48]
-0.586928 [ 2.938 -9.687 -6.   ] [-0.37  1.01  9.61]
-0.688459 [ 4.813 -9.375 -4.937] [-0.32  0.83  9.63]
-0.789937 [ 5.313 -8.625 -5.687] [-0.19  0.96  9.64]
-0.891318 [ 5.875 -7.625 -3.687] [-0.02  0.62  9.69]
-0.992803 [ 6.625 -6.937 -2.187] [-1.19  0.37  9.72]
-1.094563 [ 7.688 -5.625 -0.062] [-0.99  0.04  9.75]
-1.196276 [ 8.813 -3.625  1.563] [-0.62 -0.27  9.78]
-1.297667 [ 9.563 -2.312  2.875] [-0.39 -0.49  9.78]
-1.398777 [ 10.188  -1.5     4.125] [-0.26 -0.7   9.77]
-1.499996 [ 10.563  -0.687   4.875] [-0.12 -0.83  9.76]
-1.601152 [ 10.438   0.813   4.563] [ 1.42 -0.78  9.77]
-1.702546 [ 10.125   2.25    3.938] [ 1.66 -0.67  9.77]
-1.804003 [ 9.875  3.688  4.   ] [ 1.88 -0.68  9.76]
-1.906024 [ 9.75  4.75  4.25] [ 2.09 -0.72  9.74]
-2.007948 [ 9.625  6.     4.063] [ 2.31 -0.69  9.72]
-2.109402 [ 9.563  7.     4.125] [ 2.47 -0.7   9.7 ]
-2.211672 [ 1.375  7.438  4.5  ] [ 1.27 -0.76  9.69]
-2.314882 [ 9.188  7.875  5.   ] [ 1.34 -0.84  9.67]
-2.417145 [ 9.188  8.188  4.813] [ 1.4  -0.82  9.67]
-2.518462 [ 9.188  8.375  4.5  ] [ 1.42 -0.76  9.67]
-2.619795 [ 9.188  7.938  4.063] [ 1.35 -0.69  9.68]
-2.721669 [ 9.188  7.5    3.75 ] [ 1.28 -0.63  9.7 ]
-2.824483 [ 1.063  6.813  3.   ] [ 1.16 -0.51  9.72]
-2.927364 [ 8.875  6.125  1.813] [ 1.06 -0.32  9.74]
-3.0292 [ 8.75   5.125  1.625] [ 2.16 -0.27  9.76]
-3.131129 [ 8.625  3.438  1.5  ] [ 1.87 -0.26  9.78]
-3.233492 [ 8.563  1.5    1.   ] [ 1.53 -0.17  9.8 ]
-3.336725 [ 8.188 -0.25  -0.562] [-0.01  0.06  9.8 ]
-3.439108 [ 7.688 -1.437 -2.125] [-0.24  0.36  9.79]
-3.540554 [-4.375 -0.062 -0.062] [-0.51  0.59  9.77]
-3.641737 [ 6.75 -4.25 -5.  ] [-0.73  0.85  9.74]
-3.743211 [ 6.438 -5.625 -6.437] [-0.97  1.09  9.69]
-3.844697 [    6.125  2041.188    -7.5  ] [-1.16  1.27  9.65]
-3.946159 [ 5.875 -7.312 -8.562] [-1.25  1.45  9.61]
-4.047451 [ 5.75  -9.312 -9.625] [-0.31  1.62  9.53]
-4.149044 [ 5.438 -9.5   -9.75 ] [-1.62  1.63  9.53]
-4.250551 [  5.313  -9.75  -10.5  ] [-0.38  1.76  9.5 ]
-4.351873 [  5.188 -11.812  -9.562] [-0.72  1.6   9.46]
-4.453203 [  5.25  -12.062  -8.625] [-0.77  1.44  9.47]
-4.554702 [  5.375 -12.     -8.062] [-0.76  1.34  9.49]
-4.656209 [  5.75  -11.625  -5.187] [-0.7   0.87  9.56]
-4.757797 [  6.125 -11.312  -2.5  ] [-0.65  0.42  9.6 ]
-4.859485 [  7.    -10.687   0.   ] [-0.55  0.04  9.63]
-4.961425 [  7.813 -10.062   2.25 ] [-0.44 -0.38  9.64]
-5.062936 [ 8.5   -9.562  4.063] [-0.35 -0.68  9.64]
-5.16443 [ 9.25  -8.5    5.875] [-0.17 -0.99  9.64]
-5.26684 [ 9.563 -6.625  7.563] [-1.13 -1.28  9.65]
-5.369984 [ 9.563 -4.312  8.688] [-0.77 -1.46  9.66]
-5.471849 [ 9.563 -2.812  9.5  ] [-0.48 -1.62  9.65]
-5.573216 [ 9.438 -1.187  9.813] [-0.21 -1.67  9.66]
-5.675172 [ 1.313  0.188  9.438] [ 1.31 -1.61  9.67]
-5.778278 [ 9.188  1.688  9.625] [ 1.57 -1.64  9.66]
-5.881114 [ 9.063  2.75   9.688] [ 0.47 -1.65  9.65]
-5.983132 [  8.875   4.875  10.375] [ 2.12 -1.76  9.6 ]
-6.084697 [  0.875   6.375  14.563] [ 2.36 -2.45  9.43]
-6.186811 [  9.75    5.813  19.188] [ 2.28 -3.2   9.21]
-6.289744 [ 10.938   5.938  20.813] [ 2.29 -3.46  9.11]
-6.392278 [ 11.      6.313  19.438] [ 1.08 -3.26  9.18]
-6.494761 [ 11.      6.625  18.25 ] [ 2.42 -3.05  9.24]
-6.596205 [ 11.063   6.75   17.188] [ 2.43 -2.87  9.3 ]
-6.697781 [ 11.188   6.5    15.938] [ 2.39 -2.68  9.36]
-6.799203 [ 11.5     6.125  14.125] [ 2.32 -2.38  9.45]
-6.900833 [ 12.      5.563  11.313] [ 2.23 -1.91  9.56]
-7.002549 [ 12.375   5.      9.   ] [ 2.15 -1.55  9.64]
-7.10417 [ 12.313   4.375   8.313] [ 2.03 -1.43  9.67]
-7.205453 [ 12.313   3.75    7.25 ] [ 1.92 -1.24  9.7 ]
-7.306807 [ 12.438   1.5     6.063] [ 1.54 -1.03  9.74]
-7.408113 [ 12.563  -0.125   4.75 ] [-0.02 -0.81  9.77]
-7.509416 [ 12.625  -1.437   3.625] [-0.24 -0.62  9.78]
-7.610905 [ 12.563  -2.187   1.813] [-0.38 -0.32  9.79]
-7.713358 [ 12.438  -3.312  -0.812] [-0.55  0.1   9.79]
-7.816213 [ 12.375  -4.312  -2.812] [-0.74  0.48  9.76]
-7.91793 [ 12.313  -5.062  -4.125] [-0.87  0.7   9.74]
-8.019442 [ 4.313 -6.062 -5.125] [-1.03  0.87  9.71]
-8.122587 [ 4.25  -6.375 -4.687] [-1.09  0.8   9.71]
-8.225044 [ 12.313  -6.312  -3.625] [-1.07  0.63  9.72]
-8.326766 [ 12.375  -6.687  -2.812] [-1.14  0.48  9.72]
-8.428067 [ 4.438 -6.75  -1.375] [-1.16  0.23  9.73]
-8.529976 [ 12.5    -7.625   0.125] [-0.02 -0.02  9.71]
-8.63338 [ 4.563 -7.812  1.75 ] [-1.34 -0.3   9.7 ]
-8.73711 [ 12.688  -8.187   3.688] [-0.11 -0.62  9.68]
-8.838808 [ 12.813  -8.687   5.563] [-0.2  -0.94  9.64]
-8.941115 [ 12.938  -8.875   7.125] [-0.23 -1.2   9.61]
-9.044526 [ 13.063  -8.75    8.875] [-1.51 -1.47  9.57]
-9.147105 [ 13.063  -8.187  10.188] [-0.12 -1.72  9.55]
-9.248735 [ 13.063  -7.25   11.688] [-1.24 -1.97  9.52]
-9.350003 [ 13.063  -6.062  13.5  ] [-1.03 -2.28  9.48]
-9.451446 [ 13.     -4.937  15.   ] [-0.85 -2.53  9.43]
-9.552864 [ 12.875  -4.25   16.188] [-0.73 -2.73  9.39]
-9.654448 [ 12.813  -3.562  17.188] [-0.61 -2.89  9.34]
-9.75619 [ 12.5    -1.5    17.875] [-0.3  -3.    9.32]
-9.857887 [ 12.188   0.375  17.688] [ 1.32 -2.98  9.34]
-9.959419 [ 12.      1.438  17.438] [ 1.52 -2.93  9.35]
-10.060752 [ 11.813   2.5    17.5  ] [ 1.71 -2.95  9.34]
-10.162166 [ 11.813   2.813  18.25 ] [ 1.77 -3.07  9.29]
-10.263556 [ 11.625   4.313  18.25 ] [ 2.02 -3.06  9.28]
-10.365012 [ 12.      5.688  19.25 ] [ 2.26 -3.21  9.21]
-10.466392 [ 13.5     6.563  21.   ] [ 2.4  -3.49  9.09]
-10.568134 [ 15.875   6.625  18.5  ] [ 1.13 -3.13  9.22]
-10.669944 [  9.688   6.625  17.438] [ 2.41 -2.92  9.29]
-10.771716 [ 10.875   6.375  15.313] [ 2.37 -2.57  9.39]
-10.874141 [ 11.688   5.813  13.375] [ 0.99 -2.26  9.48]
-10.977719 [ 12.125   5.188  11.188] [ 0.9  -1.93  9.57]
-11.080167 [   12.438 -2043.437     8.938] [ 2.07 -1.52  9.65]
-11.181484 [ 12.813   3.813   6.125] [ 1.93 -1.05  9.72]
-11.283172 [ 13.      2.625   4.25 ] [ 1.73 -0.72  9.76]
-11.385272 [ 13.25    1.438   2.125] [ 1.53 -0.37  9.79]
-11.488398 [ 13.375   0.438  -0.187] [ 1.38  0.    9.8 ]
-11.590729 [ 13.5    -0.312  -2.437] [-0.05  0.41  9.79]
-11.692312 [ 13.438  -1.25   -3.687] [-0.21  1.91  9.78]
-11.794255 [ 13.438  -2.     -4.937] [-0.34  0.84  9.76]
-11.897196 [ 13.438  -2.625  -5.437] [-0.45  0.93  9.75]
-12.000189 [ 13.375  -3.5    -6.   ] [-0.6   1.03  9.73]
-12.102224 [ 13.438  -3.187  -5.562] [-0.54  0.95  9.74]
-12.203642 [ 13.438  -3.937  -5.25 ] [-0.67  0.89  9.74]
-12.305093 [ 13.438  -4.437  -4.25 ] [-0.76  0.72  9.74]
-12.40637 [ 13.375  -5.75   -3.25 ] [-0.99  0.55  9.74]
-12.508075 [ 13.313  -7.125  -2.   ] [-1.22  0.34  9.72]
-12.609424 [ 13.313  -7.937  -0.562] [-0.07  0.09  9.71]
-12.711106 [ 13.313  -9.      0.938] [-0.24 -0.14  9.68]
-12.812781 [ 13.438  -8.5     3.25 ] [-0.17 -0.55  9.68]
-12.914277 [ 13.5    -8.625   4.875] [-0.19 -0.82  9.65]
-13.015699 [ 13.563  -8.812   6.5  ] [-0.22 -1.1   9.62]
-13.117433 [ 13.625  -9.187   8.125] [-0.29 -1.37  9.58]
-13.218867 [ 13.625  -8.437  10.125] [-0.16 -1.7   9.54]
-13.320457 [ 13.563  -7.25   11.438] [-1.24 -1.93  9.53]
-13.422235 [ 13.438  -5.875  13.063] [-1.03 -2.18  9.5 ]
-13.524022 [ 13.438  -5.625  14.063] [-0.97 -2.37  9.46]
-13.625453 [ 13.375  -5.375  14.438] [-0.91 -2.44  9.45]
-13.727684 [ 13.313  -5.125  14.938] [-0.88 -2.52  9.43]
-13.830225 [ 13.188  -4.125  15.   ] [-0.7  -2.53  9.44]
-13.933153 [ 12.938  -2.062  14.688] [-0.38 -2.49  9.47]
-14.035414 [ 12.813  -0.5    13.938] [-0.09 -2.36  9.51]
-14.137069 [ 12.75    0.     13.188] [ 1.28 -2.24  9.54]
-14.239702 [ 12.688   0.438  12.25 ] [ 1.35 -2.08  9.58]
-14.342771 [ 12.75    0.875  10.625] [ 0.15 -1.83  9.63]
-14.444922 [ 12.75   1.25   9.5 ] [ 1.5  -1.62  9.66]
-14.54641 [ 12.813   1.813   7.625] [ 1.59 -1.31  9.71]
-14.6482 [ 12.875   1.938   5.688] [ 1.62 -0.97  9.75]
-14.751069 [ 12.938   1.938   4.25 ] [ 1.62 -0.72  9.77]
-14.854226 [ 12.938   1.813   3.25 ] [ 0.32 -0.57  9.78]
-14.956205 [ 13.125   1.438   1.625] [ 1.52 -0.28  9.79]
-15.0669 [ 13.25    0.688  -0.875] [ 1.4   0.15  9.8 ]
-15.168389 [ 13.25    0.063  -2.25 ] [ 1.3   0.38  9.79]
-15.269915 [ 13.188  -0.312  -3.5  ] [-0.05  0.6   9.78]
-15.371272 [ 13.188  -0.625  -4.437] [-0.11  0.76  9.77]
-15.474489 [ 13.125  -1.5    -5.125] [-0.26  0.86  9.76]
-15.576431 [ 13.125  -1.812  -5.5  ] [-0.31  0.94  9.75]
-15.677779 [ 13.125  -1.812  -5.875] [-0.31  1.    9.74]
-15.779439 [ 13.125  -1.937  -6.062] [-0.33  1.04  9.74]
-15.882069 [ 13.125  -1.75   -6.   ] [-0.3   1.02  9.74]
-15.985262 [ 13.125  -1.812  -5.812] [-0.32  0.99  9.75]
-16.087255 [ 13.125  -2.437  -5.937] [-0.42  1.01  9.74]
-16.188614 [ 13.188  -2.5    -5.687] [-0.42  0.97  9.74]
-16.290517 [ 13.125  -3.25   -5.562] [-0.56  0.95  9.74]
-16.393416 [ 13.125  -4.187  -4.75 ] [-0.72  0.81  9.74]
-16.496179 [ 13.     -5.375  -3.5  ] [-0.9   0.62  9.74]
-16.598131 [ 12.938  -6.75   -2.125] [-1.16  0.36  9.73]
-16.69935 [ 12.875  -7.937  -0.687] [-0.08  0.11  9.71]
-16.80132 [ 13.     -8.      0.875] [-1.37 -0.15  9.7 ]
-16.904489 [ 13.063  -8.5     2.625] [-0.17 -0.45  9.68]
-17.010226 [ 13.125  -8.437   4.688] [-0.16 -0.79  9.66]
-17.111443 [ 13.125  -8.75    6.188] [-0.21 -1.04  9.63]
-17.212781 [ 13.063  -8.875   7.813] [-0.24 -1.31  9.59]
-17.314128 [ 13.125  -9.062   9.313] [-0.26 -1.57  9.55]
-17.415575 [ 13.188  -8.625  10.75 ] [-0.19 -1.81  9.52]
-17.517164 [ 13.125  -7.125  12.563] [-1.23 -2.1   9.49]
-17.61845 [ 13.063  -6.375  13.938] [-1.09 -2.35  9.45]
-17.719947 [ 13.     -5.937  14.625] [-1.02 -2.46  9.43]
-17.821164 [ 12.938  -5.062  15.188] [-0.87 -2.56  9.42]
-17.922354 [ 12.625  -3.     15.375] [-0.51 -2.59  9.44]
-18.023913 [ 12.438  -1.312  15.   ] [-0.23 -2.54  9.46]
-18.125096 [ 12.25    0.     14.375] [ 1.28 -2.43  9.49]
-18.226346 [ 12.188   0.688  13.625] [ 1.4  -2.31  9.52]
-18.328101 [ 12.188   1.     13.125] [ 0.17 -2.24  9.54]
-18.432806 [ 12.188   1.125  11.688] [ 1.47 -1.98  9.6 ]
-18.535264 [ 12.188   1.688  10.5  ] [ 0.29 -1.79  9.63]
-18.638518 [ 12.25    2.313   8.438] [ 1.67 -1.48  9.68]
-18.740353 [ 12.313   2.688   6.438] [ 1.74 -1.1   9.73]
-18.841666 [ 12.375   2.625   4.875] [ 1.73 -0.83  9.76]
-18.942838 [ 12.438   2.5     3.5  ] [ 1.71 -0.6   9.77]
-19.045049 [ 12.625   2.063   1.5  ] [ 0.36 -0.26  9.79]
-19.147959 [-1.687 -0.062 -0.062] [ 1.51  0.07  9.8 ]
-19.250494 [ 12.688   0.938  -1.875] [ 0.17  0.29  9.8 ]
-19.352211 [ 12.688   0.375  -3.187] [ 1.34  0.55  8.51]
-19.453567 [ 12.688  -0.25   -3.937] [-0.04  0.67  9.78]
-19.555835 [ 12.688  -0.875  -4.812] [-0.15  0.82  9.77]
-19.659115 [ 12.688  -1.312  -5.562] [-0.21  0.94  9.75]
-19.76163 [ 12.625  -1.562  -5.875] [-0.27  1.    9.75]
-19.863359 [ 12.625  -1.5    -6.   ] [-0.26  1.03  9.74]
-19.965067 [ 12.625  -1.5    -6.25 ] [-0.26  1.07  9.74]
-20.066738 [ 12.625  -1.75   -6.062] [-0.3   1.03  9.74]
-20.16826 [ 12.625  -2.062  -5.875] [-0.35  1.01  9.74]
-20.269562 [   12.688    -2.125  2042.313] [-0.36  0.97  9.75]
-20.370948 [ 12.625  -2.812  -5.625] [-0.46  0.97  9.74]
-20.47252 [ 12.75   -3.25   -4.625] [-0.56  0.79  9.75]
-20.573985 [ 12.688  -4.312  -3.5  ] [-0.74  0.6   9.75]
-20.675427 [ 12.625  -5.5    -2.25 ] [-0.94  0.38  9.75]
-20.776891 [ 12.563  -6.687  -0.812] [-1.14  0.14  9.73]
-20.878487 [ 12.563  -7.437   0.688] [-1.27 -0.11  9.72]
-20.97974 [ 12.563  -7.875   1.875] [-0.06 -0.32  9.7 ]
-21.08115 [ 12.5    -8.562   0.75 ] [-0.18 -0.12  9.69]
-21.183685 [ 12.563  -8.625   0.813] [-0.19 -0.13  9.69]
-21.285125 [ 12.688  -9.312   2.25 ] [-0.31 -0.38  9.66]
-21.386742 [ 12.625 -11.25    2.938] [-0.63 -0.49  9.6 ]
-21.489391 [ 12.75   -9.125   1.688] [-1.55 -0.29  9.67]
-21.592558 [ 12.875  -7.125   0.813] [-1.23 -0.14  9.72]
-21.694828 [ 12.875  -5.937   1.25 ] [-1.02 -0.21  9.75]
-21.796425 [ 13.     -3.937   1.938] [-0.68 -0.33  9.77]
-21.898809 [ 13.25  -2.25   2.25] [-0.38 -0.38  9.79]
-22.002003 [ 13.313  -0.625   2.063] [-0.14 -0.35  9.79]
-22.104554 [ 13.5     0.813   1.5  ] [ 1.42 -0.25  9.8 ]
-22.206087 [ 13.5     2.063   1.125] [ 1.63 -0.2   9.79]
-22.30771 [ 13.5     4.      0.625] [ 1.96 -0.11  9.78]
-22.410134 [ 13.563   5.875   0.125] [ 2.29 -0.03  9.75]
-22.51323 [ 13.5     7.063  -1.   ] [ 1.2   0.15  9.73]
-22.616206 [ 13.625   6.938  -2.5  ] [ 2.46  0.42  9.72]
-22.71774 [ 13.75    7.375  -4.312] [ 2.54  0.73  9.69]
-22.819205 [ 13.875   7.688  -5.875] [ 1.32  0.99  9.66]
-22.920615 [ 13.938   7.625  -7.5  ] [ 1.31  1.27  9.63]
-23.022362 [ 13.875   7.5    -9.25 ] [ 1.28  1.56  9.59]
-23.123735 [ 13.688   7.125 -10.562] [ 2.49  1.78  9.56]
-23.22545 [ 13.375   6.75  -14.25 ] [ 2.44  2.35  9.44]
-23.327155 [ 13.25    6.063 -14.937] [ 2.32  2.52  9.41]
-23.428553 [ 13.188   5.313 -15.375] [ 2.19  2.58  9.41]
-23.529905 [ 13.125   4.75  -16.187] [ 2.09  2.72  9.38]
-23.631418 [ 12.75   1.75 -18.25] [ 1.58  3.07  9.3 ]
-23.732773 [ 12.5     0.188 -18.5  ] [ 1.32  3.11  9.29]
-23.834155 [ 12.375  -0.625 -18.937] [-0.11  3.18  9.27]
-23.936325 [ 12.125  -2.062 -19.375] [-0.33  3.25  9.24]
-24.038357 [ 12.     -3.25  -19.437] [-0.56  3.26  9.23]
-24.139811 [ 11.625  -5.25  -19.125] [-0.9   3.2   9.22]
-24.242118 [ 11.375  -6.687 -18.812] [-1.15  3.14  9.21]
-24.345395 [ 11.125  -8.375 -18.437] [-1.43  3.08  9.19]
-24.447888 [ 11.063  -9.437 -17.687] [-0.33  2.94  9.21]
-24.549575 [ 11.063  -9.937 -16.25 ] [-0.41  2.71  9.27]
-24.651616 [ 11.    -11.312 -14.687] [-0.64  2.43  9.3 ]
-24.754829 [ 11.    -12.    -12.812] [-0.75  2.13  9.35]
-24.857709 [ 11.125 -12.875 -10.875] [-2.18  1.84  9.38]
-24.959357 [ 11.313 -13.125  -9.062] [-0.94  1.5   9.43]
-25.060852 [ 11.5   -13.     -7.187] [-0.93  1.19  9.47]
-25.162929 [ 11.438 -12.687  -5.5  ] [-2.15  0.92  9.52]
-25.266152 [ 11.375 -12.125  -4.062] [-0.79  0.71  9.55]
-25.368846 [ 11.313 -11.437  -2.687] [-0.67  0.45  9.59]
-25.470568 [ 11.313 -10.625  -0.75 ] [-0.53  0.13  9.63]
-25.571735 [ 11.438  -8.25    1.313] [-0.13 -0.22  9.7 ]
-25.673018 [ 11.563  -7.375   2.375] [-1.26 -0.4   9.71]
-25.774444 [ 11.688  -6.      2.688] [-1.03 -0.46  9.74]
-25.875804 [ 11.875  -3.5     3.063] [-0.6  -0.52  9.77]
-25.977273 [ 12.188  -1.437   3.375] [-0.25 -0.57  9.78]
-26.07884 [ 12.188   0.      3.125] [-0.03 -0.54  9.79]
-26.180132 [ 12.25    1.125   2.438] [ 1.47 -0.42  9.79]
-26.281406 [ 12.375   2.438   1.75 ] [ 1.69 -0.29  9.79]
-26.382867 [ 12.375   4.375   1.125] [ 2.03 -0.19  9.77]
-26.484538 [ 12.375   6.75    0.25 ] [ 2.43 -0.04  9.73]
-26.586044 [ 12.375   7.938  -0.812] [ 1.36  0.14  9.71]
-26.687659 [ 12.438   7.375  -2.125] [ 2.53  0.36  9.71]
-26.789347 [ 12.563   7.813  -4.125] [ 1.33  0.66  9.69]
-26.891186 [ 12.625   8.375  -6.187] [ 1.43  1.05  9.64]
-26.992792 [ 12.75    8.438  -7.812] [ 1.44  1.32  9.6 ]
-27.094771 [ 12.688   8.063  -9.625] [ 1.37  1.62  9.57]
-27.197863 [ 12.5     7.563 -11.125] [ 1.29  1.88  9.53]
-27.300781 [ 12.375   6.875 -12.312] [ 1.19  2.06  9.51]
-27.402608 [ 12.25    6.438 -14.75 ] [ 2.38  2.49  9.42]
-27.504148 [ 12.063   5.625 -16.437] [ 2.25  2.76  9.35]
-27.606505 [ 11.938   4.313 -16.625] [ 2.02  2.8   9.36]
-27.709859 [ 11.5     2.    -18.187] [ 1.67  3.02  9.31]
-27.812211 [ 11.313   0.25  -18.5  ] [ 1.32  3.11  9.29]
-27.913993 [ 11.25   -0.437 -19.   ] [-0.08  4.47  9.27]
-28.015588 [ 11.188  -1.75  -19.375] [-0.29  3.25  9.24]
-28.11822 [ 11.188  -2.937 -19.187] [-0.51  3.22  9.24]
-28.22197 [ 10.688  -5.562 -18.937] [-0.89  3.17  9.23]
-28.324119 [ 10.438  -7.125 -18.75 ] [-1.22  3.13  9.21]
-28.425444 [ 10.313  -8.25  -17.937] [-0.13  2.99  9.23]
-28.52684 [ 10.25   -9.187 -17.312] [-0.29  2.88  9.24]
-28.62834 [ 10.25  -10.375 -16.187] [-0.48  2.68  9.26]
-28.729735 [ 10.188 -11.187 -14.687] [-0.62  2.44  9.3 ]
-28.831092 [ 10.125 -12.562 -12.937] [ 326.82    2.14    9.32]
-28.932813 [ 10.313 -13.187 -10.812] [-0.97  1.82  9.36]
-29.034787 [ 10.625 -12.687  -8.687] [-0.88  1.44  9.45]
-29.136254 [ 10.813 -12.625  -6.75 ] [-0.86  1.13  9.5 ]
-29.23755 [ 10.813 -12.312  -5.187] [-0.81  0.87  9.54]
-29.339028 [ 10.75  -11.812  -3.937] [-0.73  0.66  9.57]
-29.440475 [ 10.75  -11.125  -2.687] [-0.62  0.45  9.6 ]
-29.541701 [ 10.813 -10.562  -2.   ] [-0.52  0.34  9.63]
-29.643674 [ 10.75   -8.562   0.688] [-1.5  -0.09  9.68]
-29.745672 [ 10.938  -6.      3.125] [-1.02 -0.53  9.73]
-29.847351 [ 11.063  -4.562   3.313] [-0.78 -0.56  9.75]
-29.949946 [ 11.25  -2.75   3.25] [-0.47 -0.55  9.77]
-30.053096 [ 11.563  -0.687   3.688] [-0.14 -0.63  9.78]
-30.155631 [ 11.625   0.563   3.375] [ 1.38 -0.58  9.78]
-30.257121 [ 11.688   1.875   2.875] [ 1.6  -0.49  9.78]
-30.358557 [ 11.688   2.813   2.25 ] [ 1.76 -0.39  9.78]
-30.460672 [ 11.688   5.125   1.5  ] [ 0.88 -0.25  9.76]
-30.563982 [ 11.625   6.75    0.5  ] [ 2.45 -0.1   9.73]
-30.666371 [ 11.625   7.063  -0.562] [ 2.49  0.1   9.73]
-30.767846 [ 11.5     7.625  -2.25 ] [ 1.3   0.38  9.71]
-30.869494 [ 11.5     7.563  -3.937] [ 1.3   0.67  9.69]
-30.972068 [ 11.438   8.063  -5.687] [ 1.38  0.97  9.65]
-31.075625 [ 11.563   9.438  -7.687] [ 1.59  1.26  9.59]
-31.177961 [ 11.688   9.813  -9.75 ] [ 1.67  1.64  9.52]
-31.279357 [ 11.625   9.313 -11.375] [ 1.58  1.9   9.48]
-31.380593 [ 11.5    8.25 -12.75] [ 1.41  2.14  9.46]
-31.481814 [ 11.438   7.563 -13.875] [ 1.29  2.33  9.43]
-31.583005 [ 11.313   6.688 -14.625] [ 2.43  2.46  9.42]
-31.684568 [ 11.188   5.625 -17.312] [ 2.24  2.91  9.31]
-31.785961 [ 11.063   3.5   -18.437] [ 1.92  3.09  9.28]
-31.887673 [ 10.75    1.063 -18.687] [ 1.46  3.14  9.28]
-31.989638 [ 10.688   0.    -18.812] [ 1.28  3.16  9.28]
-32.091203 [ 10.563  -1.687 -19.062] [-0.29  3.2   9.26]
-32.192795 [ 10.438  -3.    -18.937] [-0.52  3.17  9.26]
-32.29425 [  9.938  -5.75  -18.75 ] [-0.98  3.14  9.23]
-32.395679 [  9.75   -7.062 -18.5  ] [ 326.48    3.09    9.22]
-32.497399 [  9.75   -7.687 -17.75 ] [-0.02  2.97  9.25]
-32.599191 [  9.688  -8.687 -16.937] [-0.21  2.82  9.27]
-32.70047 [  9.5   -10.125 -15.812] [-0.44  2.64  9.28]
-32.802021 [  9.438 -10.687 -14.562] [-0.54  2.43  9.32]
-32.904535 [  9.313 -12.187 -12.625] [-2.07  2.1   9.35]
-33.007846 [  9.5   -12.5   -10.437] [-0.84  1.76  9.41]
-33.109833 [  9.688 -12.812  -8.687] [-0.9   1.45  9.45]
-33.211077 [  9.938 -12.562  -6.812] [-0.86  1.13  9.5 ]
-33.312568 [ 10.    -12.25   -5.187] [-0.8   0.87  9.54]
-33.414892 [ 10.    -11.812  -4.   ] [-2.009  0.67   9.57 ]
-33.518273 [  9.938 -11.125  -2.562] [-0.62  0.45  9.6 ]
-33.620678 [  9.938 -10.375  -0.5  ] [-0.48  0.08  9.64]
-33.722043 [ 9.875 -9.375  1.313] [-0.32 -0.22  9.67]
-33.824032 [ 9.938 -7.75   2.563] [-0.05 -0.44  9.7 ]
-33.927045 [ 10.125  -5.625   3.438] [-0.96 -0.58  9.74]
-34.030193 [ 10.563  -2.937   3.438] [-0.54 -0.6   9.77]
-34.132256 [ 10.813  -0.937   3.688] [-0.16 -0.63  9.78]
-34.233575 [ 10.938   0.438   3.5  ] [ 1.35 -0.6   9.78]
-34.335084 [ 11.063   1.938   2.5  ] [ 1.61 -0.43  9.79]
-34.436405 [ 11.188   3.375   1.75 ] [ 1.85 -0.29  9.78]
-34.537857 [ 11.25    4.313   1.188] [ 2.02 -0.21  9.77]
-34.639227 [ 11.188   6.688   0.563] [ 2.42 -0.1   9.73]
-34.740756 [ 11.188   8.063  -0.5  ] [  1.35000000e+00   6.00000000e-02  -3.17970000e+02]
-34.842169 [ 11.125   9.063  -2.187] [ 1.55  0.37  9.67]
-34.943715 [ 11.25   9.    -4.  ] [ 1.54  0.68  9.66]
-35.045357 [ 11.375   9.375  -5.75 ] [ 1.59  0.97  9.62]
-35.146858 [ 11.438   9.25   -7.5  ] [ 1.58  1.27  9.59]
-35.248878 [ 11.313   8.875  -9.062] [ 1.51  1.52  9.56]
-35.350508 [ 11.188   7.75  -10.437] [ 1.32  1.76  8.27]
-35.452405 [ 11.063   7.25  -12.25 ] [ 1.26  2.04  9.5 ]
-35.554134 [ 10.938   6.625 -13.375] [ 2.41  2.25  9.47]
-35.655847 [ 10.813   6.    -15.   ] [-325.37    2.52    9.41]
-35.758446 [ 10.563   4.938 -17.125] [ 0.84  2.88  9.33]
-35.861684 [ 10.313   2.875 -18.375] [ 1.81  3.09  9.29]
-35.964091 [ 10.25    0.938 -18.812] [ 1.44  3.17  9.27]
-36.065663 [ 10.188  -0.125 -19.062] [-0.02  3.2   9.26]
-36.167828 [ 10.25   -1.625 -19.25 ] [-0.28  3.23  9.25]
-36.270941 [ 10.188  -2.937 -19.187] [-0.5   3.22  9.24]
-36.373754 [  9.625  -6.312 -18.625] [-1.08  3.11  9.23]
-36.475495 [  9.5    -7.062 -18.437] [-1.21  3.08  9.22]
-36.576983 [  9.5    -7.687 -17.75 ] [-0.03  2.96  9.25]
-36.679432 [  9.375  -8.875 -17.   ] [-1.51  2.84  9.26]
