-0.074378 [ 8.063 -1.312 -9.   ] [-0.23  1.54  9.68]
-0.176337 [ 8.563  1.063 -8.625] [ 1.46  1.48  9.69]
-0.278181 [ 8.625  1.188 -8.437] [ 1.48  1.44  9.69]
-0.380356 [ 8.625  1.    -8.562] [ 1.46  1.46  9.69]
-0.481515 [ 8.688  1.    -8.75 ] [ 1.45  1.49  9.69]
-0.583801 [ 8.625  0.938 -9.062] [ 1.44  1.54  9.68]
-0.684821 [ 8.625  0.813 -9.5  ] [-1.21 -0.01 -0.01]
-0.786088 [ 8.563  0.688 -9.812] [ 1.4   1.67  9.66]
-0.887045 [  8.563   0.5   -10.187] [ 1.36  1.73  9.65]
-0.989141 [  8.5     0.125 -10.562] [ 1.3   1.8   9.63]
-1.092271 [  8.5    -0.437 -10.937] [-0.06  1.86  9.62]
-1.194896 [  8.375  -1.187 -11.312] [-0.2   1.93  9.61]
-1.298601 [  8.375  -1.687 -11.687] [-0.29  1.99  9.59]
-1.401194 [  0.313  -2.062 -11.812] [-0.36  2.01  9.59]
-1.503737 [  8.25   -2.687 -11.875] [-0.45  2.02  9.58]
-1.605896 [  8.188  -3.187 -11.875] [-0.54  2.02  9.58]
-1.706882 [  8.125  -3.562 -11.875] [-0.61  2.02  9.57]
-1.808711 [  8.125  -3.937 -11.875] [-0.68  2.02  9.57]
-1.911124 [  8.063  -4.312 -11.812] [-0.74  2.    9.57]
-2.015034 [  8.     -4.562 -11.625] [-0.78  1.97  9.57]
-2.128732 [  7.938  -4.875 -11.062] [-0.84  1.88  9.58]
-2.230499 [  7.938  -5.125 -10.75 ] [-0.87  1.82  9.59]
-2.332202 [  7.938  -5.187 -10.25 ] [-0.88  1.74  9.6 ]
-2.433774 [ 7.938 -5.187 -9.812] [-0.88  1.66  9.62]
-2.535498 [ 7.938 -5.187 -9.312] [-0.88  1.59  9.63]
-2.637114 [ 7.875 -5.187 -8.75 ] [-0.88  1.49  9.65]
-2.738923 [ 7.875 -5.187 -8.375] [-0.88  1.42  9.66]
-2.840674 [ 7.875 -5.187 -8.125] [-0.88  1.38  9.66]
-2.943831 [ 0.125 -5.187 -7.625] [-0.88  1.29  9.67]
-3.046724 [ 7.875 -5.125 -6.875] [-0.88  1.17  9.69]
-3.149199 [ 7.875 -4.75  -6.5  ] [-0.82  1.1   9.7 ]
-3.251828 [ 7.875 -4.    -6.125] [-0.69  1.04  9.72]
-3.355318 [ 7.938 -3.25  -5.812] [-0.56  1.    9.73]
-3.457773 [ 7.938 -2.812 -5.812] [-0.48  0.99  9.74]
-3.559612 [ 8.    -2.375 -5.812] [-0.4   0.99  9.74]
-3.661362 [ 8.    -1.812 -5.812] [-0.31  0.99  9.75]
-3.763927 [ 0.063 -1.25  -5.812] [-0.22  0.99  9.75]
-3.867079 [ 8.063 -0.875 -5.75 ] [-0.16  0.99  9.75]
-3.969253 [ 0.063 -0.437 -5.812] [-0.08  0.99  9.75]
-4.070842 [ 8.125 -0.125 -6.   ] [-0.02  1.03  9.75]
-4.172141 [ 8.063  0.    -6.375] [ 1.28  1.09  9.74]
-4.273715 [ 8.125  0.188 -6.875] [ 1.31  1.17  9.73]
-4.375732 [ 8.125  0.375 -7.312] [ 1.35  1.25  9.72]
-4.477466 [ 8.125  0.5   -7.937] [ 1.36  1.34  9.71]
-4.579053 [ 8.125  0.625 -8.5  ] [ 1.38  1.45  9.69]
-4.680635 [ 8.125  0.688 -8.937] [ 1.4   1.52  9.68]
-4.782067 [ 8.125  0.688 -9.437] [ 1.4   1.61  9.67]
-4.88321 [ 8.125  0.688 -9.812] [ 1.4   1.67  9.66]
-4.984233 [  8.125   0.688 -10.25 ] [ 1.4   1.75  9.64]
-5.085675 [  8.125   0.5   -10.562] [ 1.36  1.8   9.63]
-5.187252 [  8.063   0.    -10.875] [ 1.28  1.85  9.62]
-5.289106 [  8.     -0.687 -11.25 ] [-0.11  1.91  9.61]
-5.391151 [  7.938  -1.312 -11.5  ] [-0.23  1.96  9.6 ]
-5.493456 [  0.062  -1.75  -11.625] [-0.3   1.97  9.6 ]
-5.59701 [  7.875  -2.312 -11.687] [-0.39  1.98  9.59]
-5.699615 [  7.813  -2.812 -11.687] [-0.49  1.98  9.59]
-5.801333 [  7.75   -3.25  -11.687] [-0.56  1.98  9.58]
-5.902774 [  7.688  -3.687 -11.687] [-0.63  1.98  9.58]
-6.004789 [  7.688  -4.062 -11.625] [-0.7   1.97  9.58]
-6.108234 [  7.625  -4.5   -11.375] [-0.76  1.93  9.58]
-6.210533 [  7.563  -4.812 -10.875] [-0.82  1.84  9.59]
-6.312369 [  0.437  -5.125 -10.437] [-0.87  1.77  9.6 ]
-6.414723 [  0.437  -5.437 -10.062] [-0.92  1.7   9.61]
-6.517966 [ 7.563 -5.375 -9.5  ] [-0.92  1.62  9.62]
-6.620448 [ 7.563 -5.375 -9.062] [-0.92  1.54  9.64]
-6.722441 [ 7.563 -5.375 -8.562] [-0.92  1.46  9.65]
-6.823758 [ 7.5   -5.375 -8.187] [-0.91  1.39  9.66]
-6.925476 [ 7.5   -5.375 -7.875] [-0.92  1.34  9.67]
-7.027218 [ 7.5   -5.375 -7.437] [-0.92  1.26  8.4 ]
-7.128671 [ 7.5   -5.187 -6.812] [-0.89  1.16  9.69]
-7.230531 [ 7.563 -4.5   -6.5  ] [-0.78  1.11  9.71]
-7.332721 [    7.563    -3.812  2041.688] [-0.65  1.08  9.72]
-7.434977 [ 7.625 -3.187 -6.187] [-0.55  1.06  9.73]
-7.536422 [ 7.625 -2.875 -6.125] [-0.49  1.04  9.73]
-7.638131 [ 7.688 -2.437 -6.062] [-0.41  1.04  9.74]
-7.739872 [ 7.688 -1.812 -6.062] [-0.31  1.03  9.74]
-7.842016 [ 7.75  -1.312 -6.062] [-0.23  1.03  9.74]
-7.943753 [ 7.75  -0.875 -6.062] [-0.15  1.03  9.75]
-8.045918 [ 7.75  -0.437 -6.062] [-0.07  1.03  9.75]
-8.148926 [ 0.187 -0.125 -6.062] [-0.03  1.04  9.75]
-8.252089 [ 7.75   0.    -6.375] [ 1.28  1.09  9.74]
-8.353954 [ 7.813  0.313 -6.75 ] [ 1.33  1.15  9.73]
-8.456109 [ 7.813  0.438 -7.187] [ 1.36  1.22  9.72]
-8.55885 [ 7.75   0.5   -7.562] [ 1.37  1.29  9.72]
-8.661975 [ 7.75  0.5  -8.25] [ 0.09  1.4   9.7 ]
-8.764905 [ 7.75  0.5  -8.75] [ 1.37  1.49  9.69]
-8.867016 [ 7.75  0.5  -9.25] [ 0.09  1.58  9.67]
-8.970318 [ 7.75   0.5   -9.625] [ 1.37  1.63  9.66]
-9.073041 [  7.75    0.5   -10.062] [ 1.37  1.71  9.65]
-9.174766 [  7.75    0.375 -10.562] [ 1.35  1.79  9.63]
-9.276434 [  7.688  -0.062 -10.875] [-0.01  1.86  9.62]
-9.378347 [  7.625  -0.812 -11.25 ] [-0.14  1.91  9.61]
-9.479952 [  7.625  -1.312 -11.562] [-0.22  1.96  9.6 ]
-9.581533 [  7.5    -1.875 -11.687] [-0.32  1.99  9.59]
-9.683391 [  7.438  -2.437 -11.75 ] [-0.41  2.    9.59]
-9.785147 [  7.438  -2.937 -11.75 ] [-0.5   2.    9.58]
-9.886977 [  7.375  -3.375 -11.75 ] [-0.58  2.    9.58]
-9.988943 [  7.313  -3.812 -11.75 ] [-0.65  1.99  9.57]
-10.090457 [  7.25   -4.187 -11.687] [-0.71  1.99  9.57]
-10.192036 [  0.75   -4.437 -11.375] [-0.76  1.92  9.58]
-10.296213 [  7.188  -4.75  -10.937] [-0.82  1.85  9.59]
-10.399343 [  7.125  -5.062 -10.562] [-0.86  1.79  9.6 ]
-10.502654 [  7.125  -5.187 -10.   ] [-0.89  1.71  9.61]
-10.604966 [    7.125  2042.75     -9.562] [-0.89  1.62  9.62]
-10.706513 [ 7.125 -5.25  -9.125] [-0.9   1.55  9.64]
-10.808827 [ 7.125 -5.312 -8.625] [-0.9   1.47  9.65]
-10.91228 [ 7.063 -5.312 -8.312] [-0.91  1.41  9.66]
-11.01493 [ 7.063 -5.312 -7.937] [-0.9   1.35  9.67]
-11.116697 [ 7.063 -5.312 -7.25 ] [-0.91  1.23  9.68]
-11.21856 [ 1.   -5.25 -6.75] [-0.9   1.15  9.69]
-11.321475 [ 0.937 -4.812 -6.5  ] [-0.83  1.11  9.7 ]
-11.425207 [ 0.937 -4.062 -6.312] [-0.69  1.08  9.72]
-11.527231 [ 7.125 -3.375 -6.187] [-0.57  1.05  9.73]
-11.628631 [ 7.125 -2.875 -6.125] [-0.49  1.04  9.73]
-11.730075 [ 7.188 -2.437 -6.062] [-0.41  1.04  9.74]
-11.831523 [ 7.188 -1.875 -6.062] [-0.32  1.04  9.74]
-11.932962 [ 7.188 -1.437 -6.062] [-0.25  1.04  9.74]
-12.034267 [ 7.25  -1.    -6.062] [-0.18  1.04  9.74]
-12.135844 [ 7.25  -0.437 -6.062] [-0.09  1.04  9.75]
-12.237573 [ 7.25  -0.187 -6.125] [-0.03  1.05  9.75]
-12.339295 [ 7.313  0.063 -6.437] [ 1.29  1.1   9.74]
-12.44088 [ 7.313  0.375 -6.875] [ 1.35  1.17  9.73]
-12.542044 [ 7.313  0.563 -7.187] [ 1.38  1.23  9.72]
-12.643499 [ 7.313  0.625 -7.75 ] [ 1.38  1.33  9.71]
-12.744926 [ 7.313  0.625 -8.437] [ 1.39  1.44  9.69]
-12.84875 [ 7.313  0.625 -8.875] [ 1.39  1.52  9.68]
-12.950409 [ 7.313  0.625 -9.312] [ 1.39  1.59  9.67]
-13.052123 [ 0.687  0.625 -9.687] [ 1.39  1.66  9.66]
-13.155439 [  7.313   0.563 -10.062] [ 1.38  1.71  9.65]
-13.258138 [  7.25    0.188 -10.5  ] [ 1.31  1.79  9.64]
-13.360025 [  7.188  -0.312 -10.812] [-0.05  1.84  9.63]
-13.46258 [-4.437 -0.062 -0.062] [-0.17  1.9   9.61]
-13.565057 [  7.125  -1.625 -11.812] [-0.27  2.    9.59]
-13.66777 [  7.063  -2.    -11.937] [-0.35  2.02  9.58]
-13.769335 [  7.     -2.562 -11.937] [-0.44  2.03  9.58]
-13.870652 [  7.     -2.937 -12.   ] [-0.51  2.03  9.57]
-13.972818 [  6.938  -3.437 -12.   ] [-0.59  2.03  9.57]
-14.075934 [  6.875  -3.875 -12.   ] [-0.66  2.03  9.57]
-14.179141 [  6.813  -4.25  -11.937] [-0.73  2.02  9.56]
-14.28063 [  6.813  -4.562 -11.875] [-0.78  2.01  9.56]
-14.384894 [  6.75   -4.875 -11.25 ] [-0.83  1.91  9.58]
-14.486425 [  6.75  -5.   -10.75] [-0.86  1.83  9.59]
-14.58816 [  6.688  -5.062 -10.312] [-0.86  1.76  9.6 ]
-14.690043 [ 6.688 -5.062 -9.812] [-0.86  1.66  9.62]
-14.791622 [ 6.688 -5.062 -9.375] [-0.87  1.59  9.63]
-14.89318 [ 6.625 -5.062 -8.812] [-0.87  1.5   9.65]
-14.994495 [ 6.625 -5.062 -8.375] [-0.87  1.42  9.66]
-15.096085 [ 1.375 -5.062 -8.125] [-0.87  1.38  9.66]
-15.198521 [ 6.625 -5.062 -7.562] [-0.87  1.29  9.68]
-15.300393 [ 6.563 -5.125 -6.875] [-0.87  1.17  9.69]
-15.401973 [ 6.625 -4.812 -6.437] [-0.82  1.09  9.7 ]
-15.504559 [ 6.625 -4.062 -6.062] [-0.69  1.04  9.72]
-15.607748 [ 6.688 -3.312 -5.937] [-0.57  1.02  9.73]
-15.710299 [ 6.688 -2.812 -5.937] [-0.48  1.02  9.74]
-15.811747 [ 6.75  -2.375 -5.937] [-0.41  1.02  9.74]
-15.915362 [ 1.25  -1.812 -5.937] [-0.31  1.02  9.74]
-16.018794 [ 6.813 -1.25  -5.937] [-0.22  1.02  9.75]
-16.121351 [ 6.813 -0.875 -5.937] [-0.16  1.01  9.75]
-16.222824 [ 6.813 -0.562 -5.937] [-0.09  1.02  9.75]
-16.324544 [ 6.875 -0.125 -6.125] [-0.03  1.05  9.75]
-16.428141 [ 6.813  0.    -6.5  ] [ 1.28  1.11  9.74]
-16.530848 [ 6.875  0.188 -7.   ] [ 1.31  1.19  9.73]
-16.632847 [ 6.875  0.375 -7.437] [ 1.35  1.27  9.72]
-16.734281 [ 6.875  0.5   -8.   ] [ 1.37  1.36  9.71]
-16.835729 [ 6.875  0.625 -8.562] [ 1.38  1.46  9.69]
-16.937486 [ 6.875  0.625 -9.   ] [ 1.39  1.53  9.68]
-17.039104 [ 6.875  0.625 -9.437] [ 1.39  1.61  9.67]
-17.140927 [ 6.875  0.625 -9.812] [ 1.39  1.67  9.66]
-17.242778 [  6.875   0.625 -10.25 ] [ 1.39  1.74  9.64]
-17.344392 [  6.813   0.5   -10.625] [ 1.37  1.8   9.63]
-17.446095 [  6.813   0.    -10.875] [ 1.28  1.85  9.62]
-17.547543 [ 6.75  -0.625 -3.187] [-0.1   1.9   9.61]
-17.649127 [  6.688  -1.25  -11.437] [-0.22  1.94  9.6 ]
-17.751141 [  6.625  -1.75  -11.562] [-0.29  1.96  9.6 ]
-17.853143 [  6.563  -2.25  -11.562] [-0.38  1.96  9.59]
-17.956302 [  6.5    -2.75  -11.562] [-0.47  1.96  9.59]
-18.059873 [  6.438  -3.25  -11.562] [-0.55  1.96  9.59]
-18.162087 [  6.438  -3.625 -11.562] [-0.62  1.96  9.58]
-18.264114 [  6.375  -4.062 -11.562] [-0.7   1.96  9.58]
-18.365818 [  6.313  -4.375 -11.312] [-0.75  1.92  9.58]
-18.468612 [  6.25   -4.687 -10.812] [-0.8   1.83  9.59]
-18.57138 [  6.25   -5.062 -10.437] [-0.86  1.77  9.6 ]
-18.673138 [  6.25   -5.125 -10.   ] [-0.88  1.69  9.61]
-18.774713 [ 6.25  -5.187 -9.562] [-0.88  1.63  9.62]
-18.875924 [ 6.188 -5.187 -9.125] [-0.88  1.55  9.64]
-18.978107 [ 6.188 -5.187 -8.562] [-0.88  1.45  9.65]
-19.080931 [ 1.812 -5.187 -8.125] [-0.89  1.39  9.66]
-19.183778 [ 6.188 -5.187 -7.812] [-0.89  1.33  9.67]
-19.286852 [ 6.188 -5.187 -7.312] [-0.88  1.25  9.68]
-19.388987 [ 6.188 -4.937 -6.75 ] [-0.85  1.15  9.7 ]
-19.489882 [ 6.25  -4.25  -6.437] [-0.73  1.1   9.71]
-19.591821 [ 6.313 -3.5   -6.312] [-0.6   1.08  9.72]
-19.693028 [ 6.313 -3.    -6.125] [-0.51  1.05  9.73]
-19.794923 [ 6.313 -2.687 -6.062] [-0.46  1.03  9.74]
-19.895892 [ 6.375 -2.187 -6.062] [-0.37  1.03  9.74]
-19.997761 [ 6.375 -1.625 -6.   ] [-0.28  1.03  9.74]
-20.098948 [ 6.375 -1.187 -6.   ] [-0.2   1.03  9.74]
-20.200406 [ 6.438 -0.812 -6.   ] [-0.14  1.03  9.75]
-20.302539 [ 6.438 -0.312 -6.   ] [-0.05  1.03  9.75]
-20.404569 [ 6.438 -0.062 -6.062] [-0.01  2.32  9.75]
-20.50579 [ 6.438  0.063 -6.375] [ 1.29  1.09  9.74]
-20.607462 [ 6.5    0.313 -6.812] [ 1.33  1.17  9.73]
-20.709464 [ 6.5    0.438 -7.25 ] [ 1.36  1.24  9.72]
-20.812752 [ 1.5    0.438 -7.812] [ 1.36  1.33  9.71]
-20.914802 [ 6.5    0.5   -8.437] [ 0.08  1.43  9.7 ]
-21.016772 [ 6.5    0.5   -8.875] [ 1.37  1.51  9.68]
-21.117978 [ 6.5    0.5   -9.375] [ 1.37  1.6   9.67]
-21.219579 [ 6.5   0.5  -9.75] [ 1.37  1.66  9.66]
-21.322988 [  1.5     0.5   -10.125] [ 1.37  1.72  9.65]
-21.425891 [  6.438   0.375 -10.625] [ 1.34  1.81  9.63]
-21.527028 [  6.375  -0.125 -11.   ] [-0.02  1.87  9.62]
-21.628729 [  6.375  -0.875 -11.375] [-0.15  1.93  9.61]
-21.729937 [  6.313  -1.437 -11.687] [-0.25  1.99  9.59]
-21.832867 [  1.75   -1.875 -11.75 ] [-0.32  2.    9.59]
-21.935571 [  6.188  -2.375 -11.812] [-0.4   2.    9.59]
-22.038087 [  6.125  -2.937 -11.812] [-0.5   2.    9.58]
-22.139277 [  6.063  -3.375 -11.812] [-0.57  2.    9.58]
-22.2424 [  6.063  -3.75  -11.812] [-0.64  2.    9.57]
-22.344774 [  6.     -4.125 -11.687] [-0.7   1.98  9.57]
-22.446483 [  5.938  -4.437 -11.312] [-0.75  1.92  9.58]
-22.547731 [  5.938  -4.687 -10.812] [-0.8   1.84  9.59]
-22.6495 [  5.875  -5.    -10.437] [-0.85  1.77  9.6 ]
-22.750345 [ 5.875 -5.125 -9.937] [-0.87  1.69  9.61]
-22.851555 [ 5.938 -5.125 -9.5  ] [-0.88  1.62  9.63]
-22.952556 [ 5.875 -5.187 -9.062] [-0.88  1.53  9.64]
-23.055203 [ 5.875 -5.125 -8.5  ] [-0.88  1.45  9.65]
-23.156441 [ 5.875 -5.187 -8.187] [-0.88  1.39  9.66]
-23.258983 [ 5.875 -5.187 -7.812] [-0.88  1.33  9.67]
-23.361568 [ 5.813 -5.187 -7.187] [-0.88  1.22  9.68]
-23.463788 [ 5.813 -5.187 -6.687] [-0.88  1.14  9.69]
-23.566635 [ 2.125 -4.75  -6.437] [-0.82  1.1   9.7 ]
-23.66977 [ 5.938 -3.875 -6.312] [-0.67  1.07  9.72]
-23.771138 [ 5.938 -3.25  -6.125] [-0.56  1.05  9.73]
-23.872917 [ 5.938 -2.875 -6.062] [-0.49  1.04  9.73]
-23.97641 [ 6.    -2.312 -6.062] [-0.41  1.04  9.74]
-24.078405 [ 6.    -1.812 -6.062] [-0.32  1.04  9.74]
-24.180308 [ 6.063 -1.375 -6.062] [-0.23  1.03  9.74]
-24.281886 [ 6.063 -0.937 -6.062] [-0.16  1.03  9.75]
-24.383478 [ 6.125 -0.5   -6.062] [-0.08  1.03  9.75]
-24.486141 [ 1.875 -0.125 -6.062] [-0.02  1.04  9.75]
-24.589142 [ 6.125  0.125 -6.437] [ 0.02  1.11  9.74]
-24.690736 [ 6.125  0.438 -6.875] [ 1.35  1.18  9.73]
-24.792553 [ 6.188  0.563 -7.25 ] [ 1.38  1.24  9.72]
-24.893579 [ 6.188  0.625 -7.875] [ 1.39  1.34  9.71]
-24.995534 [ 6.125  0.625 -8.5  ] [ 1.39  1.45  9.69]
-25.096818 [ 6.125  0.625 -8.937] [ 1.39  1.52  9.68]
-25.198442 [ 6.125  0.625 -9.437] [ 1.39  1.6   9.67]
-25.301195 [ 1.875  0.625 -9.812] [ 1.39  1.67  9.66]
-25.403063 [  6.125   0.563 -10.125] [ 1.38  1.72  9.65]
-25.50403 [  6.063   0.188 -10.437] [ 1.31  1.78  9.64]
-25.605312 [  6.063  -0.25  -10.812] [-0.04  1.84  9.63]
-25.706305 [  5.938  -1.    -11.062] [-0.17  1.88  9.62]
-25.808117 [  5.75   -1.937 -11.5  ] [-0.33  1.96  9.6 ]
-25.909752 [  5.813  -2.25  -11.75 ] [-0.38  2.    9.59]
-26.012901 [  5.75   -2.75  -11.812] [-0.47  2.    9.58]
-26.114166 [  5.688  -3.187 -11.812] [-0.55  2.    9.58]
-26.216294 [  5.625  -3.625 -11.812] [-0.62  2.    9.57]
-26.319584 [  5.563  -4.062 -11.812] [-0.68  2.    9.57]
-26.421747 [  5.563  -4.375 -11.75 ] [-0.75  1.99  9.57]
-26.522726 [  5.5   -12.687 -11.562] [-0.8   1.95  9.57]
-26.62462 [  5.5    -4.937 -11.   ] [-0.84  1.87  9.58]
-26.72669 [  5.438  -5.125 -10.625] [-0.88  1.8   9.59]
-26.830318 [  5.438  -5.187 -10.125] [-0.88  1.72  9.61]
-26.932028 [ 5.438 -5.187 -9.625] [-0.89  1.63  9.62]
-27.033421 [ 5.438 -5.187 -9.187] [-0.89  1.56  9.63]
-27.134659 [ 5.438 -5.187 -8.562] [-0.88  1.46  9.65]
-27.236832 [ 5.438 -5.187 -8.187] [-0.88  1.39  9.66]
-27.340302 [ 5.438 -5.187 -7.875] [-0.88  1.35  9.67]
-27.44301 [ 5.375 -5.187 -7.375] [-0.88  1.25  9.68]
-27.543863 [ 5.375 -5.187 -6.75 ] [-0.88  1.15  9.69]
-27.645356 [ 5.375 -4.75  -6.5  ] [-0.81  1.11  9.7 ]
-27.7464 [ 5.438 -4.062 -6.125] [-0.69  1.05  9.72]
-27.848155 [ 5.5   -3.312 -6.062] [-0.57  1.03  9.73]
-27.949467 [ 5.5   -2.875 -6.   ] [-0.5   1.03  9.73]
-28.051239 [ 5.563 -2.5   -6.   ] [-0.43  1.02  9.74]
-28.152652 [ 5.563 -1.875 -6.   ] [-0.33  1.02  9.74]
-28.255319 [ 5.625 -1.375 -6.   ] [-0.23  1.02  9.74]
-28.35581 [ 5.625 -1.    -6.   ] [-0.17  1.02  9.75]
-28.456408 [ 5.625 -0.562 -6.   ] [-0.1   1.02  9.75]
-28.556923 [ 5.688 -0.25  -6.187] [-0.04  1.06  9.74]
-28.657442 [ 5.688 -0.062 -6.437] [-0.01  1.1   9.74]
-28.75798 [ 5.688  0.063 -6.875] [ 1.3   1.18  9.73]
-28.8586 [ 5.688  0.313 -7.375] [ 1.33  1.26  9.72]
-28.959312 [ 5.688  0.375 -7.937] [ 1.34  1.35  9.71]
-29.060104 [ 5.688  0.438 -8.5  ] [ 1.36  1.45  9.69]
-29.160778 [ 5.688  0.5   -8.937] [ 1.37  1.53  9.68]
-29.261373 [ 5.688  0.563 -9.437] [ 1.37  1.6   9.67]
-29.361993 [ 5.688  0.563 -9.75 ] [ 1.37  1.67  9.66]
-29.462737 [  5.688   0.563 -10.25 ] [ 1.37  1.74  9.64]
-29.563314 [  5.688   0.375 -10.625] [ 1.35  1.8   9.63]
-29.664214 [  5.625  -0.062 -10.937] [ 1.28  1.85  9.62]
-29.764949 [  5.563  -0.75  -11.25 ] [-0.13  1.91  9.61]
-29.865347 [  5.5    -1.375 -11.5  ] [-0.23  1.95  9.6 ]
-29.965814 [  5.438  -1.812 -11.625] [-0.31  1.97  9.6 ]
-30.066104 [  5.375  -2.375 -11.625] [-0.4   1.98  9.59]
-30.166658 [  5.313  -2.875 -11.625] [-0.49  1.98  9.59]
-30.26696 [  5.313  -3.312 -11.625] [-0.56  1.98  9.58]
-30.367803 [  5.25   -3.687 -11.625] [-0.63  1.98  9.58]
-30.469326 [  2.812  -4.125 -11.625] [-0.7   1.97  9.57]
-30.572762 [  2.812  -4.5   -11.437] [-0.77  1.94  9.58]
-30.675906 [  5.125  -4.812 -10.937] [-0.83  1.85  9.59]
-30.777653 [  5.063  -5.125 -10.562] [-0.87  1.79  9.6 ]
-30.879136 [  2.937  -5.187 -10.187] [-0.89  1.73  9.61]
-30.981824 [ 5.063 -5.187 -9.687] [-0.89  1.64  9.62]
-31.086291 [ 5.063 -5.187 -9.187] [-0.89  1.56  9.63]
-31.188579 [ 5.    -5.187 -8.625] [-0.89  1.47  9.65]
-31.291533 [ 3.    -5.187 -8.312] [-0.89  1.41  9.66]
-31.395327 [ 5.    -5.187 -7.937] [-0.89  1.35  9.67]
-31.49834 [ 5.    -5.187 -7.437] [-0.89  1.27  9.68]
-31.600416 [ 4.938 -5.125 -6.875] [-0.87  1.17  9.69]
-31.702178 [ 5.    -4.562 -6.562] [-0.78  1.12  9.71]
-31.804158 [ 5.063 -3.75  -6.375] [-0.64  1.08  9.72]
-31.908466 [ 5.125 -3.125 -6.187] [-0.53  1.05  9.73]
-32.010512 [ 5.125 -2.812 -6.062] [-0.49  1.04  9.73]
-32.112238 [ 5.125 -2.375 -6.062] [-0.41  1.03  9.74]
-32.213818 [ 5.188 -1.75  -6.062] [-0.3   1.03  9.74]
-32.315546 [ 5.188 -1.312 -6.062] [-0.22  1.03  9.74]
-32.417564 [ 5.25  -0.812 -6.   ] [-0.15  1.03  9.75]
-32.519582 [ 5.25  -0.437 -6.   ] [-0.07  1.03  9.75]
-32.621024 [ 2.75  -0.125 -6.062] [-0.02  1.04  9.75]
-32.723491 [ 5.25   0.    -6.312] [ 1.28  1.08  9.74]
-32.826904 [ 5.25   0.375 -6.812] [ 1.34  1.15  9.73]
-32.929297 [ 5.25   0.5   -7.187] [ 1.37  1.23  9.72]
-33.030938 [ 5.25   0.563 -7.812] [ 1.38  1.33  9.71]
-33.133205 [ 5.25   0.563 -8.375] [ 1.38  1.43  9.7 ]
-33.2361 [ 2.75   0.563 -8.812] [ 0.1   1.51  9.68]
-33.339128 [ 5.25   0.563 -9.375] [ 1.38  1.59  9.67]
-33.441 [ 5.25   0.563 -9.687] [ 1.38  1.65  9.66]
-33.542521 [  5.25    0.563 -10.125] [ 1.37  1.73  9.65]
-33.644188 [  2.75    0.438 -10.625] [ 0.08  1.8   9.63]
-33.746709 [  5.188   0.    -10.937] [ 1.28  1.86  9.62]
-33.848583 [  5.125  -0.812 -11.312] [-0.13  1.91  9.61]
-33.950062 [  4.938  -2.    -11.75 ] [-0.34  1.99  9.59]
-34.050665 [ 4.875 -2.625 -4.   ] [-0.45  2.04  9.58]
-34.151253 [  4.875  -2.75  -12.   ] [-0.47  2.04  9.58]
-34.251796 [  4.875  -3.125 -12.   ] [-0.53  2.03  9.57]
-34.352348 [  4.813  -3.5   -12.   ] [-0.6   2.03  9.57]
-34.452982 [  3.25   -3.875 -11.875] [-0.66  2.02  9.57]
-34.553401 [  4.75   -4.125 -11.75 ] [-0.71  2.    9.57]
-34.653875 [  4.688  -4.5   -11.562] [-0.77  1.96  9.57]
-34.754243 [  4.625  -4.625 -11.   ] [-0.8   1.87  9.59]
-34.854725 [  4.625  -4.937 -10.625] [-0.84  1.81  9.6 ]
-34.955212 [  4.625  -5.062 -10.125] [-0.87  1.72  9.61]
-35.055716 [ 4.563 -5.062 -9.687] [-0.87  1.65  9.62]
-35.156327 [ 4.563 -5.125 -9.25 ] [-0.88  1.57  9.63]
-35.256845 [ 4.563 -5.125 -8.687] [-0.88  1.48  9.65]
-35.357525 [ 4.563 -5.125 -8.312] [-0.88  1.41  9.66]
-35.458392 [ 4.563 -5.125 -8.   ] [-0.88  1.36  9.67]
-35.559071 [ 4.5   -5.187 -7.375] [-0.88  1.26  9.68]
-35.659813 [ 4.5   -5.125 -6.812] [-0.87  1.16  9.69]
-35.760493 [ 4.563 -4.625 -6.562] [-0.8   1.12  9.7 ]
-35.861392 [ 4.625 -3.937 -6.375] [-0.68  1.09  9.72]
-35.962055 [ 4.625 -3.312 -6.312] [-0.57  1.07  9.72]
-36.06247 [ 4.688 -2.812 -6.25 ] [-0.48  1.07  9.73]
-36.162986 [ 3.312 -2.312 -6.25 ] [-0.4   1.06  9.73]
-36.263452 [ 4.75  -1.687 -6.25 ] [-0.29  1.06  9.74]
-36.363877 [ 4.75 -1.25 -6.25] [-0.21  1.06  9.74]
-36.464256 [ 4.75  -0.812 -6.187] [-0.14  1.06  9.74]
-36.564744 [ 4.813 -0.375 -6.187] [-0.07  1.06  9.74]
-36.665233 [ 4.813 -0.062 -6.25 ] [-0.01  1.06  9.74]
