-0.074266 [ 0.313 -1.75  -8.937] [-0.3   1.53  9.68]
-0.176456 [ 8.875  1.    -8.875] [ 1.41  1.53  9.68]
-0.277268 [ 9.     1.375 -8.625] [ 1.51  1.47  9.69]
-0.377827 [ 9.     1.188 -8.625] [ 1.48  1.47  9.69]
-0.478575 [ 9.     1.125 -8.812] [ 1.47  1.5   9.68]
-0.580002 [ 9.     1.    -9.062] [ 1.45  1.54  9.68]
-0.681451 [ 8.938  0.875 -9.5  ] [ 1.43  1.61  9.67]
-0.784179 [ 0.938  0.75  -9.75 ] [ 0.13  1.66  9.66]
-0.887171 [  8.875   0.563 -10.   ] [ 1.38  1.7   9.65]
-0.988892 [  8.875   0.313 -10.375] [ 1.33  1.77  9.64]
-1.090466 [  0.813  -0.125 -10.812] [-0.02  1.83  9.63]
-1.192788 [  8.75   -0.625 -11.   ] [-0.1   1.87  9.62]
-1.296079 [  8.75   -1.125 -11.25 ] [-0.19  1.91  9.61]
-1.398814 [  8.688  -1.562 -11.375] [-0.27  1.94  9.6 ]
-1.500591 [  8.438  -3.062 -11.937] [-0.53  2.02  9.57]
-1.602285 [  8.5    -3.312 -11.937] [-0.56  2.02  9.57]
-1.70359 [  8.563  -3.5   -11.937] [-0.6   2.02  9.57]
-1.80517 [  8.5    -3.812 -11.937] [-0.65  2.02  9.57]
-1.906589 [  8.5    -4.125 -11.812] [-0.71  2.    9.57]
-2.008322 [  8.5  -4.5 -11.5] [-0.76  1.95  9.57]
-2.110028 [  8.5    -4.75  -11.125] [-0.81  1.88  9.58]
-2.211499 [  8.5    -5.187 -10.75 ] [-0.89  1.82  9.59]
-2.313079 [  8.5    -5.312 -10.25 ] [-0.91  1.74  9.6 ]
-2.414668 [ 8.563 -5.312 -9.75 ] [-0.91  1.66  9.62]
-2.516242 [ 8.563 -5.312 -9.312] [-0.9   1.58  9.63]
-2.617853 [ 8.563 -5.312 -8.812] [-0.91  1.5   9.64]
-2.719544 [ 8.563 -5.312 -8.375] [-0.91  1.43  9.65]
-2.820981 [ 8.563 -5.312 -8.125] [-0.91  1.38  9.66]
-2.922271 [ 8.5   -5.312 -7.687] [-0.91  1.31  9.67]
-3.024299 [ 8.5   -5.25  -7.062] [-0.9   1.21  9.68]
-3.126296 [ 0.5   -4.937 -6.687] [-0.85  1.14  9.7 ]
-3.229472 [ 8.563 -4.125 -6.437] [-0.72  1.1   9.71]
-3.331485 [ 8.625 -3.5   -6.25 ] [-0.59  1.06  9.72]
-3.43293 [ 8.625 -3.    -6.187] [-0.52  1.05  9.73]
-3.535385 [ 8.625 -2.562 -6.125] [-0.44  1.05  9.73]
-3.638668 [ 8.688 -1.937 -6.125] [-0.34  1.04  9.74]
-3.741218 [ 8.688 -1.437 -6.125] [-0.25  1.04  9.74]
-3.842813 [ 8.688 -1.062 -6.125] [-0.19  1.04  9.74]
-3.944125 [ 8.75  -0.75  -6.125] [-0.13  1.04  9.74]
-4.046418 [ 8.75  -0.375 -6.187] [-0.06  1.06  9.74]
-4.149721 [ 8.75  -0.187 -6.5  ] [-0.04  1.1   9.74]
-4.252303 [ 8.75   0.    -6.875] [ 1.28  1.18  9.73]
-4.353739 [ 8.75   0.25  -7.312] [ 1.33  1.25  9.72]
-4.45562 [ 8.813  0.375 -7.875] [ 1.34  1.34  9.71]
-4.556943 [ 8.813  0.5   -8.437] [ 1.36  1.43  9.7 ]
-4.658509 [ 8.813  0.5   -8.937] [ 1.36  1.52  9.68]
-4.7601 [ 0.813  0.5   -9.375] [ 1.37  1.59  9.67]
-4.861806 [ 8.813  0.5   -9.75 ] [ 1.37  1.65  9.66]
-4.963517 [  8.813   0.5   -10.187] [ 1.37  1.73  9.65]
-5.065005 [  8.75    0.375 -10.5  ] [ 1.35  1.79  9.64]
-5.166375 [  8.75    0.188 -10.812] [ 1.31  1.84  9.63]
-5.268003 [  8.688  -0.375 -11.125] [-0.06  1.89  9.62]
-5.369435 [  8.625  -0.875 -11.25 ] [-0.15  1.91  9.61]
-5.471632 [  8.563  -1.5   -11.375] [-0.26  1.94  9.6 ]
-5.574062 [  8.5    -2.    -11.375] [-0.34  1.94  9.6 ]
-5.676001 [  8.438  -2.687 -11.437] [-0.46  1.95  9.59]
-5.778633 [  8.375  -3.125 -11.5  ] [-0.54  1.95  9.59]
-5.881808 [  8.313  -3.625 -11.5  ] [-0.61  1.95  9.58]
-5.98411 [  8.313  -3.937 -11.5  ] [-0.68  1.95  9.58]
-6.085261 [  8.25   -4.375 -11.312] [-0.75  1.92  9.58]
-6.186694 [  0.25   -4.687 -10.875] [-0.8   1.84  9.59]
-6.289156 [  8.25   -5.    -10.562] [-0.86  1.79  9.6 ]
-6.392448 [  8.188  -5.187 -10.062] [-0.88  1.72  9.61]
-6.495037 [ 8.188 -5.187 -9.625] [-0.88  1.63  9.62]
-6.596745 [    8.188  2042.813    -9.187] [-0.88  1.56  9.63]
-6.698604 [ 0.188 -5.187 -8.687] [-0.89  1.47  9.65]
-6.801366 [ 8.125 -5.187 -8.312] [-0.89  1.41  9.66]
-6.904243 [ 8.125 -5.187 -8.062] [-0.89  1.38  9.66]
-7.00624 [ 8.125 -5.187 -7.562] [-0.89  1.28  9.68]
-7.107778 [ 8.125 -5.062 -6.875] [-0.87  1.17  9.69]
-7.209098 [ 8.125 -4.562 -6.625] [-0.78  1.13  9.7 ]
-7.310421 [ 8.188 -3.687 -6.437] [-0.64  1.09  9.72]
-7.412013 [ 8.188 -3.187 -6.187] [-0.54  1.06  9.73]
-7.513578 [ 8.188 -2.75  -6.125] [-0.48  1.05  9.73]
-7.615452 [ 8.25  -2.25  -6.062] [-0.38  1.04  9.74]
-7.717028 [ 8.25  -1.687 -6.062] [-0.29  1.04  9.74]
-7.819065 [ 8.313 -1.25  -6.062] [-0.21  1.03  9.74]
-7.920488 [ 8.313 -0.812 -6.062] [-0.14  1.03  9.75]
-8.02178 [ 8.313 -0.375 -6.062] [-0.07  1.03  9.75]
-8.123224 [ 8.375 -0.125 -6.062] [-0.02  1.04  9.75]
-8.224824 [ 8.375  0.063 -6.312] [ 1.28  1.08  9.74]
-8.326399 [ 8.375  0.375 -6.687] [ 1.34  1.15  9.73]
-8.427827 [ 8.375  0.5   -7.062] [ 1.36  1.2   9.73]
-8.529264 [ 8.375  0.563 -7.625] [ 1.38  1.3   9.71]
-8.631454 [ 8.375  0.563 -8.25 ] [ 1.38  1.41  9.7 ]
-8.735007 [ 8.375  0.563 -8.75 ] [ 0.1   1.48  9.69]
-8.83815 [ 8.375  0.563 -9.25 ] [ 1.38  1.57  9.67]
-8.938802 [ 8.313  0.563 -9.562] [ 1.38  1.63  9.66]
-9.039328 [  8.313   0.563 -10.   ] [ 1.38  1.71  9.65]
-9.13996 [  8.313   0.5   -10.437] [ 1.36  1.78  9.64]
-9.241207 [  8.25   0.   -10.75] [ 1.28  1.83  9.63]
-9.343336 [  8.188  -0.562 -11.062] [-0.1   1.88  9.62]
-9.446057 [  8.188  -1.062 -11.312] [-0.17  1.92  9.61]
-9.548413 [  8.125  -1.562 -11.375] [-0.26  1.93  9.6 ]
-9.649716 [  8.063  -2.187 -11.5  ] [-0.37  1.95  9.6 ]
-9.751425 [  8.    -2.75 -11.5 ] [-0.47  1.95  9.59]
-9.854583 [  0.     -3.187 -11.5  ] [-0.55  1.96  9.59]
-9.95744 [  7.938  -3.625 -11.562] [-0.61  1.96  9.58]
-10.059602 [  7.938  -3.937 -11.437] [-0.67  1.94  9.58]
-10.16147 [  7.813  -4.562 -11.125] [-0.78  1.89  9.59]
-10.263469 [  7.875  -4.687 -10.812] [-0.8   1.84  9.59]
-10.3648 [  7.813  -4.875 -10.437] [-0.83  1.77  9.6 ]
-10.466546 [  7.875  -5.    -10.   ] [-0.85  1.69  9.62]
-10.568092 [ 7.813 -5.    -9.437] [-0.85  1.61  9.63]
-10.669715 [ 7.813 -5.062 -9.   ] [-0.86  1.53  9.64]
-10.771245 [ 7.813 -5.062 -8.5  ] [-0.87  1.45  9.65]
-10.872855 [ 7.813 -5.062 -8.125] [-0.87  1.39  9.66]
-10.974312 [ 7.813 -5.062 -7.875] [-0.87  1.34  9.67]
-11.075883 [ 7.75  -5.062 -7.312] [-0.87  1.24  9.68]
-11.177603 [    7.75     -5.062  2041.313] [-0.87  1.14  9.7 ]
-11.279341 [ 7.813 -4.687 -6.437] [-0.8   1.1   9.71]
-11.380809 [ 7.813 -3.937 -6.25 ] [-0.67  1.06  9.72]
-11.482535 [ 7.875 -3.187 -6.125] [-0.54  1.05  9.73]
-11.585083 [ 0.125 -2.75  -6.062] [-0.47  1.04  9.73]
-11.688389 [ 7.938 -2.25  -6.062] [-0.4   1.03  9.74]
-11.790835 [ 7.938 -1.687 -6.   ] [-0.29  1.03  9.74]
-11.892379 [ 7.938 -1.312 -6.   ] [-0.22  1.03  9.74]
-11.993698 [ 8.    -0.875 -6.   ] [-0.15  1.03  9.75]
-12.096009 [ 8.    -0.437 -6.   ] [-0.07  1.03  9.75]
-12.199156 [ 8.    -0.125 -6.062] [-0.02  1.03  9.75]
-12.3013 [ 8.     0.063 -6.312] [ 1.29  1.08  9.74]
-12.402904 [ 8.063  0.438 -6.75 ] [ 1.36  1.15  9.73]
-12.5052 [ 8.063  0.688 -7.062] [ 1.4   1.2   9.73]
-12.608476 [ 8.063  0.75  -7.687] [ 1.4   1.3   9.71]
-12.711504 [ 8.063  0.75  -8.312] [ 1.41  1.42  9.7 ]
-12.813393 [ 8.063  0.75  -8.687] [ 1.41  1.48  9.69]
-12.91497 [ 8.063  0.75  -9.187] [ 1.41  1.57  8.39]
-13.016549 [ 8.063  0.75  -9.562] [ 1.41  1.63  9.66]
-13.118136 [ 8.063  0.75  -9.937] [ 1.4   1.69  9.65]
-13.219579 [  8.      0.438 -10.312] [ 1.36  1.75  9.64]
-13.321302 [  8.      0.    -10.625] [ 0.    1.8   9.63]
-13.42332 [  7.938  -0.625 -10.875] [-0.11  1.85  9.62]
-13.525054 [  7.688  -2.125 -11.437] [-0.36  1.94  9.6 ]
-13.626652 [  7.75   -2.25  -11.687] [-0.38  1.99  9.59]
-13.728225 [  7.75   -2.625 -11.687] [-0.45  1.99  9.59]
-13.829797 [  7.688  -3.062 -11.687] [-0.52  1.99  9.58]
-13.931254 [  7.688  -3.437 -11.687] [-0.59  1.99  9.58]
-14.033111 [  7.688  -3.812 -11.75 ] [-0.65  1.99  9.57]
-14.134542 [  7.625  -4.125 -11.625] [-0.71  1.97  9.57]
-14.235984 [  0.375  -4.375 -11.312] [-0.75  1.92  9.58]
-14.338297 [  0.437  -4.687 -10.937] [-0.8   1.85  9.59]
-14.441459 [  7.563  -4.937 -10.562] [-0.84  1.8   9.6 ]
-14.54376 [  7.5    -5.    -10.062] [-0.85  1.71  9.61]
-14.645501 [ 7.5   -5.    -9.625] [-0.86  1.63  9.63]
-14.748181 [ 7.5   -5.    -9.125] [-0.86  1.55  9.64]
-14.85162 [ 7.5   -5.062 -8.625] [-0.86  1.48  9.65]
-14.954072 [ 7.5   -5.062 -8.25 ] [-0.86  1.41  9.66]
-15.055657 [ 7.5   -5.062 -8.062] [-0.86  1.37  9.67]
-15.15796 [ 0.562 -5.    -7.562] [-0.86  1.29  9.68]
-15.260684 [ 0.562 -5.    -6.937] [-0.86  1.18  9.69]
-15.363687 [ 7.438 -4.625 -6.5  ] [-0.79  1.11  9.71]
-15.466439 [ 7.438 -3.937 -6.25 ] [-0.67  1.07  9.72]
-15.568029 [ 7.5   -3.187 -6.062] [-0.54  1.03  9.73]
-15.669462 [ 7.5   -2.875 -6.   ] [-0.49  1.02  9.74]
-15.771065 [ 7.5   -2.437 -5.937] [-0.42  1.02  9.74]
-15.872516 [ 7.563 -1.812 -5.875] [-0.31  1.01  9.74]
-15.974347 [ 7.563 -1.25  -5.875] [-0.21  1.01  9.75]
-16.076229 [ 7.625 -0.812 -5.875] [-0.14  1.01  9.75]
-16.178075 [ 7.625 -0.437 -5.937] [-0.08  1.01  9.75]
-16.279819 [ 7.625 -0.125 -6.   ] [-0.02  1.03  9.75]
-16.381265 [ 7.625  0.    -6.312] [ 1.28  1.08  9.74]
-16.484275 [ 7.688  0.313 -6.75 ] [ 1.33  1.15  9.73]
-16.586283 [ 7.688  0.563 -7.25 ] [ 1.37  1.24  9.72]
-16.688007 [ 7.688  0.625 -7.562] [ 1.39  1.29  9.71]
-16.790464 [ 7.688  0.688 -8.25 ] [ 1.39  1.41  9.7 ]
-16.89363 [ 7.688  0.688 -8.812] [ 1.4   1.49  9.69]
-16.996327 [ 7.688  0.688 -9.312] [ 1.4   1.58  9.67]
-17.098065 [ 7.688  0.688 -9.625] [ 1.4   1.64  9.66]
-17.199925 [  7.688   0.688 -10.062] [ 1.4   1.72  9.65]
-17.302664 [  7.625   0.563 -10.375] [ 1.37  1.77  9.64]
-17.405674 [  7.625   0.25  -10.687] [ 0.05  1.81  9.63]
-17.507544 [  7.563  -0.312 -10.937] [-0.05  1.87  9.62]
-17.609095 [  7.5    -0.875 -11.187] [-0.15  1.9   9.61]
-17.711566 [  7.375  -1.562 -11.312] [-0.27  1.92  9.61]
-17.814856 [  7.313  -2.125 -11.375] [-0.35  1.93  9.6 ]
-17.917163 [  7.25   -2.687 -11.437] [-0.46  1.94  9.6 ]
-18.018747 [  7.25   -3.125 -11.437] [-0.53  1.94  9.59]
-18.120224 [  7.188  -3.437 -11.437] [-0.59  1.94  9.59]
-18.221958 [  7.188  -3.812 -11.437] [-0.65  1.94  9.58]
-18.323675 [  7.125  -4.187 -11.312] [-0.72  1.91  9.58]
-18.425244 [  7.125  -4.437 -10.875] [-0.76  1.84  9.6 ]
-18.527266 [  7.063  -4.812 -10.437] [-0.82  1.78  9.6 ]
-18.629111 [  7.125  -4.937 -10.   ] [-0.84  1.7   9.62]
-18.730721 [ 7.063 -4.937 -9.562] [-0.85  1.62  9.63]
-18.832256 [ 7.063 -4.937 -9.125] [-0.85  1.55  9.64]
-18.933724 [ 7.063 -4.937 -8.625] [-0.85  1.47  9.65]
-19.035341 [ 7.063 -4.937 -8.25 ] [-0.85  1.41  9.66]
-19.136892 [ 7.063 -5.    -8.   ] [-0.85  1.37  9.67]
-19.238601 [ 7.  -5.  -7.5] [-0.85  1.28  9.68]
-19.340018 [ 7.    -4.875 -6.875] [-0.84  1.17  9.69]
-19.441502 [ 7.063 -4.437 -6.625] [-0.76  1.13  9.71]
-19.544348 [ 0.875 -3.625 -6.5  ] [-0.62  1.1   9.72]
-19.647802 [ 7.125 -3.125 -6.25 ] [-0.54  1.07  9.73]
-19.749697 [ 7.125 -2.75  -6.25 ] [-0.47  1.06  9.73]
-19.850854 [ 7.188 -2.25  -6.125] [-0.38  1.05  9.74]
-19.952573 [ 0.812 -1.687 -6.062] [-0.29  1.04  9.74]
-20.055139 [ 7.25  -1.312 -6.062] [-0.22  1.04  9.74]
-20.158014 [ 7.25  -0.812 -6.062] [-0.15  1.04  9.74]
-20.260041 [ 7.25  -0.375 -6.062] [-0.07  1.04  9.75]
-20.361598 [ 7.313 -0.125 -6.125] [-0.02  1.04  9.75]
-20.463472 [ 7.313  0.063 -6.312] [ 1.29  1.08  9.74]
-20.56695 [ 0.687  0.375 -6.687] [ 1.34  1.14  9.73]
-20.670088 [ 7.313  0.5   -7.062] [ 1.37  1.21  9.73]
-20.7721 [ 7.313  0.5   -7.562] [ 1.37  1.29  9.71]
-20.873673 [ 7.313  0.5   -8.187] [ 1.37  1.4   9.7 ]
-20.975134 [ 7.313  0.563 -8.687] [   1.37    1.48 -317.99]
-21.076713 [ 7.313  0.563 -9.125] [ 1.37  1.56  9.68]
-21.178143 [ 7.313  0.563 -9.5  ] [ 1.37  1.62  9.67]
-21.279599 [ 7.313  0.563 -9.937] [ 1.37  1.69  9.65]
-21.381175 [  7.313   0.5   -10.375] [ 1.36  1.76  9.64]
-21.482776 [  7.313   0.    -10.687] [ 1.28  1.82  9.63]
-21.5845 [  7.25   -0.625 -11.   ] [-0.1   1.87  9.62]
-21.686067 [  7.188  -1.062 -11.25 ] [-0.18  1.91  9.61]
-21.78793 [  7.188  -1.5   -11.312] [ -2.50000000e-01   1.92000000e+00  -3.18070000e+02]
-21.889379 [  7.188  -1.812 -11.312] [-0.31  1.92  9.6 ]
-21.990821 [  7.063  -2.5   -11.312] [-0.42  1.92  9.6 ]
-22.092658 [  7.     -3.062 -11.375] [-0.52  1.93  9.59]
-22.194277 [  7.     -3.5   -11.375] [-0.6   1.93  9.59]
-22.296859 [  6.938  -3.75  -11.312] [-0.65  1.92  9.59]
-22.400158 [  6.938  -4.    -11.   ] [-0.68  1.88  9.6 ]
-22.502883 [  6.875  -4.187 -10.812] [-0.72  1.83  9.6 ]
-22.604595 [  6.813  -4.687 -10.375] [-0.8   1.76  9.61]
-22.70722 [ 6.813 -4.937 -9.875] [-0.85  1.67  9.62]
-22.810808 [ 6.813 -5.    -9.437] [-0.86  1.61  9.63]
-22.912803 [ 6.813 -5.062 -9.   ] [-0.86  1.53  9.64]
-23.014946 [ 6.813 -5.062 -8.5  ] [-0.86  1.45  9.65]
-23.116818 [ 6.75  -5.062 -8.187] [-0.86  1.39  9.66]
-23.219977 [ 6.75  -5.062 -7.875] [-0.86  1.34  9.67]
-23.322855 [ 6.75  -5.062 -7.187] [-0.86  1.23  9.69]
-23.4247 [ 6.688 -5.    -6.687] [-0.86  1.13  9.7 ]
-23.5263 [ 6.75  -4.75  -6.437] [-0.81  1.09  9.71]
-23.627886 [ 6.75  -4.062 -6.187] [-0.7   1.06  9.72]
-23.729473 [ 6.813 -3.312 -6.062] [  -0.57    1.03 -317.95]
-23.831186 [ 6.813 -2.812 -6.   ] [-0.48  1.02  9.74]
-23.932918 [ 6.813 -2.375 -5.937] [-0.41  1.02  9.74]
-24.035201 [ 6.875 -1.75  -5.875] [ -3.00000000e-01   1.00000000e+00  -3.17940000e+02]
-24.136537 [ 6.875 -1.312 -5.812] [-0.23  1.    9.75]
-24.238098 [ 6.938 -0.937 -5.812] [-0.16  1.    9.75]
-24.339767 [ 6.938 -0.437 -5.812] [-0.08  1.    9.75]
-24.441418 [ 6.938 -0.187 -5.875] [-0.03  1.    9.75]
-24.543574 [ 6.938  0.063 -6.187] [ 1.28  1.05  9.75]
-24.646015 [ 7.     0.438 -6.562] [ 1.35  1.12  9.74]
-24.748454 [ 7.     0.563 -6.875] [ 1.38  1.18  9.73]
-24.852067 [ 7.     0.625 -7.562] [ 1.38  1.28  9.72]
-24.955086 [ 7.     0.625 -8.187] [ 1.39  1.4   9.7 ]
-25.056905 [ 7.     0.625 -8.562] [ 1.39  1.46  9.69]
-25.159725 [ 1.     0.625 -9.   ] [ 0.11  1.54  9.68]
-25.26353 [ 7.     0.625 -9.437] [ 1.39  1.6   9.67]
-25.367263 [ 6.938  0.625 -9.75 ] [ 1.38  1.66  9.66]
-25.459043 [  1.062   0.375 -10.062] [ 0.06  1.72  9.65]
-25.521734 [  1.062   0.188 -10.25 ] [ 0.03  1.75  9.64]
-25.584601 [-1689.125    -8.25     -2.562] [ -2.00000000e-02   1.79000000e+00  -3.18040000e+02]
-25.645364 [-1689.187    -8.812    -2.812] [ -1.40000000e-01   1.84000000e+00  -3.19330000e+02]
-25.70621 [-1689.187    -9.187    -3.   ] [ -2.10000000e-01   1.87000000e+00  -3.19340000e+02]
-25.766767 [-1689.187    -9.687    -3.062] [ -2.90000000e-01   1.88000000e+00  -3.19350000e+02]
-25.827277 [-1689.25    -10.312    -3.187] [  -0.39    1.9  -319.35]
-25.887857 [-1689.312   -10.687    -3.187] [  -0.46    1.9  -319.36]
-25.948428 [-1689.312    -3.125    -3.187] [  -0.53    1.9  -319.36]
-26.009071 [  1.312  -3.562 -11.25 ] [-0.61  1.91  8.31]
-26.070923 [  1.375  -3.875 -11.25 ] [-0.66  1.9   9.59]
-26.133595 [-1689.375  2035.938    -2.937] [ 326.99    1.86 -319.36]
-26.194152 [-1689.375  2035.688    -2.75 ] [ 326.94    1.82    8.32]
-26.255572 [-1689.375  2035.313    -2.312] [ 326.88    1.76 -319.35]
-26.316574 [ -1.68937500e+03   2.03518800e+03  -1.87500000e+00] [ 326.86    1.68 -319.34]
-26.377069 [ -1.68937500e+03   2.03512500e+03  -1.43700000e+00] [ 326.84    1.6  -319.33]
-26.437703 [ -1.68937500e+03   2.03506300e+03  -1.00000000e+00] [ 326.84    1.53 -319.32]
-26.498195 [ -1.68937500e+03   2.03506300e+03  -5.00000000e-01] [ 326.84    1.45 -319.3 ]
-26.558726 [ -1.68937500e+03   2.03506300e+03  -1.87000000e-01] [ 326.84    1.39 -319.29]
-26.619326 [-1689.437  2035.063  2040.188] [ 326.84    1.33 -319.29]
-26.680132 [-1689.375  2035.     2040.625] [ 326.83    2.53 -319.28]
-26.74088 [-1689.312  2035.     2041.25 ] [ 326.83 -325.25 -319.26]
-26.801516 [ 1.312 -4.625 -6.375] [-0.79  1.09  9.71]
-26.864311 [-1689.25   2035.938  2041.938] [-0.71  1.04  9.72]
-26.92638 [-1689.25    -11.312  2042.063] [  -0.59 -325.38 -319.23]
-26.987599 [-1689.187   -10.75   2042.125] [  -0.47 -325.4  -319.22]
-27.048189 [-1689.187   -10.187  2042.188] [  -0.38 -325.4  -319.22]
-27.108711 [-1689.125    -9.687  2042.188] [ -2.90000000e-01  -3.25410000e+02  -3.19210000e+02]
-27.169208 [-1689.125    -9.187  2042.188] [ -2.10000000e-01  -3.25410000e+02  -3.19210000e+02]
-27.229663 [-1689.062    -8.812  2042.188] [ -1.30000000e-01  -3.25410000e+02  -3.19210000e+02]
-27.290083 [-1689.062    -8.375  2042.188] [ -7.00000000e-02  -3.25400000e+02  -3.19210000e+02]
-27.350488 [-1689.062    -8.062  2042.   ] [ -2.00000000e-02  -3.25380000e+02  -3.19210000e+02]
-27.411109 [ 1.062  0.    -6.375] [   0.   -326.59 -319.22]
-27.472796 [ 1.062  0.25  -6.75 ] [ 0.04  1.16  9.73]
-27.535702 [ -1.68906200e+03   3.75000000e-01   2.03281300e+03] [  6.00000000e-02  -3.26460000e+02  -3.19240000e+02]
-27.59632 [ -1.68906200e+03   3.75000000e-01   2.03218800e+03] [  7.00000000e-02   1.32000000e+00  -3.19250000e+02]
-27.657705 [ -1.68906200e+03   4.38000000e-01  -8.31200000e+00] [  7.00000000e-02   1.40000000e-01  -3.19260000e+02]
-27.718132 [ -1.68906200e+03   4.38000000e-01  -8.75000000e+00] [  7.00000000e-02   2.10000000e-01  -3.19270000e+02]
-27.778379 [ -1.68906200e+03   4.38000000e-01  -9.18700000e+00] [  7.00000000e-02   2.80000000e-01  -3.19290000e+02]
-27.838686 [ -1.68906200e+03   4.38000000e-01  -9.56200000e+00] [  7.00000000e-02   3.50000000e-01  -3.19300000e+02]
-27.899065 [ -1.68906200e+03   4.38000000e-01  -1.00000000e+01] [  7.00000000e-02   4.20000000e-01  -3.19310000e+02]
-27.959319 [ -1.68906200e+03   3.13000000e-01  -1.03120000e+01] [  5.00000000e-02   4.70000000e-01  -3.19320000e+02]
-28.019566 [-1689.125    -8.062    -2.625] [ -1.00000000e-02   1.81000000e+00  -3.19330000e+02]
-28.080037 [-1689.187    -8.625    -2.875] [ -1.00000000e-01   1.85000000e+00  -3.19340000e+02]
-28.140437 [-1689.187    -9.125    -3.   ] [ -1.90000000e-01   1.88000000e+00  -3.19340000e+02]
-28.200943 [-1689.25     -9.5      -3.062] [ -2.60000000e-01   1.88000000e+00  -3.19340000e+02]
-28.261479 [  1.312  -2.    -11.125] [-0.34  1.89  9.61]
-28.323709 [  1.5   -3.25 -11.25] [-0.55  1.91  9.6 ]
-28.386622 [-1689.5      -3.875    -3.437] [ 327.02 -325.73    8.3 ]
-28.447727 [-1689.437  2035.938    -3.437] [ 327.   -325.74    8.3 ]
-28.509066 [-1689.437  2035.688    -3.312] [ 326.94 -325.76    8.3 ]
-28.569738 [-1689.437  2035.438    -3.062] [ 326.9     1.87    8.31]
-28.630404 [-1689.5    2035.125    -2.687] [ 326.85    1.81 -319.36]
-28.691164 [-1689.437  2034.938    -2.312] [ 326.81    1.75 -319.36]
-28.751751 [ 1.437 -5.125 -9.812] [ 326.81    1.67 -319.34]
-28.813287 [ 1.375 -5.125 -9.375] [-0.87  1.59  9.63]
-28.899684 [ 6.625 -5.125 -8.75 ] [-0.87  1.49  9.65]
-29.001137 [ 6.625 -5.125 -8.125] [-0.87  1.39  9.66]
-29.102704 [ 6.625 -5.125 -8.   ] [-0.87  1.36  9.67]
-29.206006 [ 1.375 -5.125 -7.625] [-0.87  1.3   9.68]
-29.308435 [ 6.563 -5.    -6.875] [-0.86  1.18  9.69]
-29.410303 [ 6.625 -4.625 -6.562] [-0.79  1.11  9.7 ]
-29.51194 [ 6.625 -3.75  -6.375] [-0.65  1.09  9.72]
-29.614613 [ 6.688 -3.187 -6.187] [-0.54  1.05  9.73]
-29.718234 [ 6.688 -2.812 -6.125] [-0.49  1.04  9.73]
-29.820514 [ 6.75  -2.312 -6.062] [-0.39  1.03  9.74]
-29.921819 [ 6.75 -1.75 -6.  ] [-0.3   1.03  9.74]
-30.023679 [ 6.75  -1.375 -6.   ] [-0.23  1.03  9.74]
-30.126121 [ 1.187 -0.875 -6.   ] [-0.15  1.03  9.75]
-30.229137 [ 6.813 -0.437 -6.   ] [-0.08  1.03  9.75]
-30.331161 [ 6.813 -0.187 -6.062] [-0.03  1.03  9.75]
-30.432737 [ 6.813  0.    -6.312] [ 1.28  1.08  9.74]
-30.534335 [ 6.813  0.313 -6.687] [ 1.33  1.14  9.73]
-30.636001 [ 6.813  0.5   -7.   ] [ 1.36  1.2   9.73]
-30.737776 [ 6.813  0.5   -7.562] [ 1.37  1.29  9.72]
-30.839311 [ 6.813  0.563 -8.187] [ 1.37  1.39  9.7 ]
-30.941081 [ 6.813  0.563 -8.625] [ 1.38  1.48  9.69]
-31.042617 [ 6.813  0.563 -9.125] [ 1.38  1.55  9.68]
-31.144096 [ 6.813  0.563 -9.437] [ 1.38  1.61  9.67]
-31.245832 [ 6.813  0.563 -9.875] [ 1.38  1.68  9.66]
-31.347412 [  6.813   0.5   -10.312] [ 1.37  1.76  9.64]
-31.44914 [  6.75    0.    -10.687] [ 1.28  1.82  9.63]
-31.550885 [  6.688  -0.625 -11.   ] [-0.1   1.87  9.62]
-31.652911 [  6.688  -1.125 -11.187] [-0.2   1.91  9.61]
-31.754889 [  6.625  -1.562 -11.25 ] [-0.27  1.92  9.61]
-31.857626 [  6.563  -2.125 -11.312] [-0.36  1.93  9.6 ]
-31.960636 [  6.5    -2.75  -11.375] [-0.46  1.93  9.6 ]
-32.062614 [  6.438  -3.187 -11.375] [-0.55  1.93  9.59]
-32.16436 [  6.438  -3.562 -11.375] [-0.61  1.93  9.59]
-32.266657 [  6.375  -3.875 -11.25 ] [-0.67  1.91  9.59]
-32.369822 [  6.375  -4.062 -10.937] [-0.69  1.86  9.6 ]
-32.472271 [  6.375  -4.25  -10.687] [-0.72  1.82  9.6 ]
-32.574002 [  6.25   -4.875 -10.312] [-0.83  1.75  9.61]
-32.676011 [ 6.25 -5.   -9.75] [-0.85  1.66  9.62]
-32.778598 [ 1.75  -5.    -9.375] [-0.85  1.59  9.63]
-32.881625 [ 6.188 -5.    -8.875] [-0.85  1.52  9.64]
-32.983739 [ 6.188 -5.    -8.437] [-0.86  1.43  9.66]
-33.08536 [ 6.188 -5.    -8.062] [-0.86  1.37  9.67]
-33.187503 [ 6.188 -5.    -7.812] [-0.86  1.32  9.67]
-33.288935 [ 6.188 -5.    -7.187] [-0.86  1.22  9.69]
-33.390259 [ 6.188 -5.    -6.625] [-0.85  1.13  9.7 ]
-33.492068 [ 6.188 -4.687 -6.437] [-0.81  1.09  9.71]
-33.593713 [ 6.25  -4.062 -6.25 ] [-0.69  1.06  9.72]
-33.695288 [ 6.25  -3.375 -6.125] [-0.58  1.04  9.73]
-33.79711 [ 6.313 -3.    -6.062] [-0.52  1.04  9.73]
-33.898586 [ 6.313 -2.562 -6.062] [-0.44  1.04  9.74]
-34.000034 [ 6.375 -1.937 -6.062] [-0.34  1.03  9.74]
-34.101929 [ 1.625 -1.437 -6.062] [-0.25  1.03  9.74]
-34.204246 [ 6.375 -1.    -6.062] [-0.18  1.03  9.74]
-34.305976 [ 1.562 -0.562 -6.062] [-0.1   1.03  9.75]
-34.408369 [ 6.438 -0.25  -6.062] [-0.05  1.04  9.75]
