-0.075282 [ 0.    -1.062 -6.437] [-0.19  1.1   9.74]
-0.179288 [ 8.    -1.062 -6.437] [-0.19  1.1   9.74]
-0.282496 [ 8.    -1.062 -6.437] [-0.19  1.1   9.74]
-0.384398 [ 8.    -1.062 -6.437] [-0.19  1.1   9.74]
-0.487215 [ 0.    -1.062 -6.437] [-0.19  1.1   9.74]
-0.590756 [ 8.    -1.062 -6.437] [-0.19  1.1   9.74]
-0.693329 [ 8.    -1.062 -6.437] [-0.19  1.1   9.74]
-0.796347 [ 8.    -1.062 -6.437] [-0.19  1.1   9.74]
-0.899918 [ 8.    -1.062 -6.437] [-0.19  1.1   9.74]
-1.002974 [ 8.    -1.062 -6.437] [-0.19  1.1   8.46]
-1.104976 [ 8.    -1.062 -6.437] [-0.19  1.1   9.74]
-1.207682 [ 8.    -1.062 -6.437] [-0.19  1.1   9.74]
-1.311467 [ 8.    -1.062 -6.437] [-0.19  1.1   9.74]
-1.414366 [ 8.    -1.062 -6.437] [-0.19  1.1   9.74]
-1.516335 [ 8.    -1.062 -6.437] [-0.19  1.1   9.74]
-1.618336 [ 8.    -1.062 -6.437] [-0.19  1.1   9.74]
-1.720904 [ 8.    -1.062 -6.437] [-0.19  1.1   9.74]
-1.824061 [ 8.    -1.062 -6.437] [-0.19  1.1   9.74]
-1.925863 [ 8.    -1.062 -6.437] [-0.19  1.1   9.74]
-2.028422 [ 8.    -1.062 -6.437] [-0.19  1.1   9.74]
-2.132071 [ 8.    -1.062 -6.437] [-0.19  1.1   9.74]
-2.23498 [ 8.    -1.062 -6.437] [-0.19  1.1   9.74]
-2.336987 [ 8.    -1.062 -6.437] [-0.19  1.1   9.74]
-2.440023 [ 0.    -1.062 -6.437] [-0.19  1.1   9.74]
-2.543568 [ 8.    -1.062 -6.437] [-0.19  1.1   9.74]
-2.646025 [ 8.    -1.062 -6.437] [-0.19  1.1   9.74]
-2.748361 [ 8.    -1.062 -6.437] [-0.19  1.1   9.74]
-2.852096 [ 8.    -1.062 -6.437] [-0.19  1.1   9.74]
-2.955056 [ 8.    -1.062 -6.437] [-0.19  1.1   9.74]
-3.056991 [ 8.    -1.062 -6.437] [-0.19  1.1   9.74]
-3.15955 [ 8.    -1.062 -6.437] [-0.19  1.1   9.74]
-3.263234 [ 8.    -1.062 -6.437] [-0.19  1.1   9.74]
-3.366361 [ 8.    -1.062 -6.437] [-0.19  1.1   9.74]
-3.468313 [ 8.    -1.062 -6.437] [-0.18  1.1   9.74]
-3.570345 [ 8.    -1.062 -6.437] [-0.18  1.1   9.74]
-3.672146 [ 8.    -1.062 -6.437] [-0.18  1.1   9.74]
-3.775172 [ 8.    -1.062 -6.437] [-0.18  1.1   9.74]
-3.877425 [ 8.    -1.062 -6.437] [-0.18  1.1   9.74]
-3.979568 [ 8.    -1.062 -6.437] [-0.18  1.1   9.74]
-4.082699 [ 0.    -1.062 -6.437] [-0.18  1.1   9.74]
-4.186084 [ 8.    -1.062 -6.437] [-0.18  1.1   9.74]
-4.288579 [ 8.    -1.062 -6.437] [-0.18  1.1   9.74]
-4.39099 [ 0.    -1.062 -6.437] [-0.18  1.1   9.74]
-4.494921 [ 8.    -1.062 -6.437] [-0.18  1.1   9.74]
-4.597605 [ 8.    -1.062 -6.437] [-0.18  1.1   9.74]
-4.699686 [ 8.    -1.062 -6.437] [-0.18  1.1   9.74]
-4.802727 [ 8.    -1.062 -6.437] [-0.18  1.1   9.74]
-4.906679 [ 8.    -1.062 -6.437] [-0.18  1.1   9.74]
-5.008935 [ 8.    -1.062 -6.437] [-0.18  1.1   9.74]
-5.111322 [ 8.    -1.062 -6.437] [-0.18  1.1   9.74]
-5.21499 [ 8.    -1.062 -6.437] [-0.18  1.1   9.74]
-5.318367 [ 8.    -1.062 -6.437] [-0.18  1.1   9.74]
-5.420234 [ 8.    -1.062 -6.437] [-0.18  1.1   9.74]
-5.522445 [ 0.    -1.062 -6.437] [-0.18  1.1   9.74]
-5.625214 [ 8.    -1.062 -6.437] [-0.18  1.1   9.74]
-5.728447 [ 8.    -1.062 -6.437] [-0.18  1.1   9.74]
-5.830388 [ 0.    -1.062 -6.437] [-0.18  1.1   9.74]
-5.933372 [ 0.    -1.062 -6.437] [-0.18  1.1   9.74]
-6.037528 [ 8.    -1.062 -6.437] [-0.18  1.1   9.74]
-6.139838 [ 8.    -1.062 -6.437] [-0.18  1.1   9.74]
-6.242368 [ 8.    -1.062 -6.437] [-0.18  1.1   9.74]
-6.346136 [ 8.    -1.062 -6.437] [-0.18  1.1   9.74]
-6.448978 [ 8.    -1.062 -6.437] [-0.18  1.1   9.74]
-6.550729 [ 8.    -1.062 -6.437] [-0.18  1.1   9.74]
-6.653197 [ 0.    -1.062 -6.437] [-0.18  1.1   9.74]
-6.756877 [ 8.    -1.062 -6.437] [-0.18  1.1   9.74]
-6.860018 [ 8.    -1.062 -6.437] [-0.18  1.1   9.74]
-6.962062 [ 8.    -1.062 -6.437] [-0.18  1.1   9.74]
-7.065041 [ 8.    -1.062 -6.437] [-0.18  1.1   9.74]
-7.168961 [ 8.    -1.062 -6.437] [-0.18  1.1   9.74]
-7.271615 [ 8.    -1.062 -6.437] [-0.18  1.1   9.74]
-7.373497 [ 8.    -1.062 -6.437] [-0.18  1.1   9.74]
-7.475587 [ 8.    -1.062 -6.437] [-0.18  1.1   9.74]
-7.578452 [ 8.    -1.062 -6.437] [-0.18  1.1   9.74]
-7.680721 [ 8.    -1.062 -6.437] [-0.18  1.1   9.74]
-7.782975 [ 8.    -1.062 -6.437] [-0.18  1.1   9.74]
-7.887004 [ 0.    -1.062 -6.437] [-0.18  1.1   9.74]
-7.991004 [ 8.    -1.062 -6.437] [-0.18  1.1   9.74]
-8.09385 [ 8.    -1.062 -6.437] [-0.18  1.1   9.74]
-8.19803 [ 8.    -1.062 -6.437] [-0.18  1.1   9.74]
-8.301347 [ 8.    -1.062 -6.437] [-0.18  1.1   9.74]
-8.40407 [ 8.    -1.062 -6.437] [-0.18  1.1   9.74]
-8.508352 [ 8.    -1.062 -6.437] [-0.18  1.1   9.74]
-8.611801 [ 8.    -1.062 -6.437] [-0.18  1.1   9.74]
-8.71434 [ 8.    -1.062 -6.437] [-0.18  1.1   9.74]
-8.818671 [ 8.    -1.062 -6.437] [-0.18  1.1   9.74]
-8.922301 [ 8.    -1.062 -6.437] [-0.18  1.1   9.74]
-9.025149 [ 8.    -1.062 -6.437] [-0.18  2.38  9.74]
-9.128009 [ 0.    -1.062 -6.437] [-0.18  1.1   9.74]
-9.231885 [ 8.    -1.062 -6.437] [-0.18  1.1   9.74]
-9.334455 [ 8.    -1.062 -6.437] [-0.18  1.1   9.74]
-9.438184 [ 8.    -1.062 -6.437] [-0.18  1.1   9.74]
-9.541921 [ 8.    -1.062 -6.437] [-0.18  1.1   9.74]
-9.644367 [ 8.    -1.062 -6.437] [-0.18  1.1   9.74]
-9.747811 [ 8.    -1.062 -6.437] [-0.18  1.1   9.74]
-9.851959 [ 8.    -1.062 -6.437] [-0.18  1.1   9.74]
-9.954691 [ 8.    -1.062 -6.437] [-0.18  1.1   9.74]
-10.058118 [ 8.    -1.062 -6.437] [-0.18  1.1   9.74]
-10.162154 [ 8.    -1.062 -6.437] [-0.18  1.1   9.74]
-10.265019 [ 0.    -1.062 -6.437] [-0.18  1.1   9.74]
-10.368872 [ 8.    -1.062 -6.437] [-0.18  1.1   9.74]
-10.473178 [ 8.    -1.062 -6.437] [-0.18  1.1   9.74]
-10.575906 [ 8.    -1.062 -6.437] [-0.18  1.1   9.74]
-10.678635 [ 8.    -1.062 -6.437] [-0.18  1.1   9.74]
-10.782075 [ 8.    -1.062 -6.437] [-0.18  1.1   9.74]
-10.885244 [ 8.    -1.062 -6.437] [-0.18  1.1   9.74]
-10.988664 [ 8.    -1.062 -6.437] [-0.18  1.1   9.74]
-11.093122 [ 8.    -1.062 -6.437] [-0.18  1.1   9.74]
-11.195967 [ 8.    -1.062 -6.437] [-0.18  1.1   9.74]
-11.299703 [ 8.    -1.062 -6.437] [-0.18  1.1   9.74]
-11.403873 [ 8.    -1.062 -6.437] [-0.18  1.1   9.74]
-11.506779 [ 8.    -1.062 -6.437] [-0.18  1.1   9.74]
-11.610732 [ 8.    -1.062 -6.437] [-0.18  1.1   9.74]
-11.714692 [ 8.    -1.062 -6.437] [-0.18  1.1   9.74]
-11.817627 [ 0.    -1.062 -6.437] [-0.18  1.1   9.74]
-11.921782 [ 8.    -1.062 -6.437] [-0.18  1.1   9.74]
-12.025517 [ 8.    -1.062 -6.437] [-0.18  1.1   9.74]
-12.128373 [ 8.    -1.062 -6.437] [-0.18  1.1   9.74]
-12.230996 [ 8.    -1.062 -6.437] [-0.18  1.1   9.74]
-12.335008 [ 8.    -1.062 -6.437] [-0.18  1.1   9.74]
-12.437845 [ 0.    -1.062 -6.437] [-0.18  1.1   9.74]
-12.541884 [ 8.    -1.062 -6.437] [-0.18  1.1   9.74]
-12.645745 [ 8.    -1.062 -6.437] [-0.18  1.1   9.74]
-12.748449 [ 0.    -1.062 -6.437] [-0.18  1.1   9.74]
-12.852458 [ 8.    -1.062 -6.437] [-0.18  1.1   9.74]
-12.955905 [ 8.    -1.062 -6.437] [-0.18  1.1   9.74]
-13.058493 [ 0.    -1.062 -6.437] [-0.18  1.1   9.74]
-13.162367 [ 0.    -1.062 -6.437] [-0.18  1.1   9.74]
-13.266645 [ 8.    -1.062 -6.437] [-0.18  1.1   9.74]
-13.369528 [ 8.    -1.062 -6.437] [-0.18  1.1   9.74]
-13.473841 [ 8.    -1.062 -6.437] [-0.18  1.1   9.74]
-13.577563 [ 8.    -1.062 -6.437] [-0.18  1.1   9.74]
-13.680297 [ 8.    -1.062 -6.437] [-0.18  1.1   9.74]
-13.782953 [ 0.    -1.062 -6.437] [-0.18  1.1   9.74]
-13.886588 [ 8.    -1.062 -6.437] [-0.18  1.1   9.74]
-13.989203 [ 0.    -1.062 -6.437] [-0.18  1.1   9.74]
-14.093212 [ 8.    -1.062 -6.437] [-0.18  1.1   9.74]
-14.197052 [ 8.    -1.062 -6.437] [-0.18  1.1   9.74]
-14.299807 [ 0.    -1.062 -6.437] [-0.18  1.1   9.74]
-14.404006 [ 8.    -1.062 -6.437] [-0.18  1.1   9.74]
-14.50753 [ 8.    -1.062 -6.437] [-0.18  1.1   9.74]
-14.609982 [ 8.    -1.062 -6.437] [-0.18  1.1   9.74]
-14.714155 [ 8.    -1.062 -6.437] [-0.18  1.1   9.74]
-14.818719 [ 8.    -1.062 -6.437] [-0.18  1.1   9.74]
-14.922161 [ 8.    -1.062 -6.437] [-0.18  1.1   9.74]
-15.026736 [ 8.    -1.062 -6.437] [-0.18  1.1   9.74]
-15.129752 [ 8.    -1.062 -6.437] [-0.18  1.1   9.74]
-15.232493 [ 8.    -1.062 -6.437] [-0.18  1.1   9.74]
-15.335774 [ 8.    -1.062 -6.437] [-0.18  1.1   9.74]
-15.438792 [ 8.    -1.062 -6.437] [-0.18  1.1   9.74]
-15.541709 [ 8.    -1.062 -6.437] [-0.18  1.1   9.74]
-15.645977 [ 8.    -1.062 -6.437] [-0.18  1.1   9.74]
-15.749558 [ 8.    -1.062 -6.437] [-0.18  1.1   9.74]
-15.852444 [ 8.    -1.062 -6.437] [-0.18  1.1   9.74]
-15.957163 [ 8.    -1.062 -6.437] [-0.18  1.1   9.74]
-16.060296 [ 8.    -1.062 -6.437] [-0.18  1.1   9.74]
-16.163755 [ 8.    -1.062 -6.437] [-0.18  1.1   9.74]
-16.268985 [ 8.    -1.062 -6.437] [-0.18  1.1   9.74]
-16.371644 [ 0.    -1.062 -6.437] [-0.18  1.1   9.74]
-16.479787 [ 8.    -1.062 -6.437] [-0.18  1.1   9.74]
-16.58837 [ 8.    -1.062 -6.437] [-0.18  1.1   9.74]
-16.694955 [ 0.    -1.062 -6.437] [-0.18  1.1   9.74]
-16.803262 [ 8.    -1.062 -6.437] [-0.18  1.1   9.74]
-16.912171 [ 8.    -1.062 -6.437] [-0.18  1.1   9.74]
-17.020819 [ 8.    -1.062 -6.437] [-0.18  1.1   9.74]
-17.129363 [ 8.    -1.062 -6.437] [-0.18  1.1   9.74]
-17.235309 [ 8.    -1.062 -6.437] [-0.18  1.1   9.74]
-17.340839 [ 8.    -1.062 -6.437] [-0.18  1.1   9.74]
-17.447843 [ 8.    -1.062 -6.437] [-0.18  1.1   9.74]
-17.553517 [ 8.    -1.062 -6.437] [-0.18  1.1   9.74]
-17.657414 [ 8.    -1.062 -6.437] [-0.18  1.1   9.74]
-17.760367 [ 8.    -1.062 -6.437] [-0.18  1.1   9.74]
-17.862432 [ 8.    -1.062 -6.437] [-0.18  1.1   9.74]
-17.966375 [ 0.    -1.062 -6.437] [-0.18  1.1   9.74]
-18.071791 [ 8.    -1.062 -6.437] [-0.18  1.1   9.74]
-18.175293 [ 8.    -1.062 -6.437] [-0.18  1.1   9.74]
-18.282776 [ 8.    -1.062 -6.437] [-0.18  1.1   9.74]
-18.386213 [ 8.    -1.062 -6.437] [-0.18  1.1   9.74]
-18.490981 [ 8.    -1.062 -6.437] [-0.18  1.1   9.74]
-18.594611 [ 0.    -1.062 -6.437] [-0.18  1.1   9.74]
-18.700055 [ 8.    -1.062 -6.437] [-0.18  1.1   9.74]
-18.803503 [ 8.    -1.062 -6.437] [-0.18  1.1   9.74]
-18.906914 [ 8.    -1.062 -6.437] [-0.18  1.1   9.74]
-19.010408 [ 8.    -1.062 -6.437] [-0.18  1.1   9.74]
-19.112374 [ 8.    -1.062 -6.437] [-0.18  1.1   9.74]
-19.214948 [ 8.    -1.062 -6.437] [-0.18  1.1   9.74]
-19.319812 [ 8.    -1.062 -6.437] [-0.18  1.1   9.74]
-19.422538 [ 8.    -1.062 -6.437] [-0.18  1.1   9.74]
-19.524568 [ 8.    -1.062 -6.437] [-0.18  1.1   9.74]
-19.627758 [ 8.    -1.062 -6.437] [-0.18  1.1   9.74]
-19.731545 [ 8.    -1.062 -6.437] [-0.18  1.1   9.74]
-19.833816 [ 8.    -1.062 -6.437] [-0.18  1.1   9.74]
-19.935757 [ 8.    -1.062 -6.437] [-0.18  1.1   9.74]
-20.037778 [ 0.    -1.062 -6.437] [-0.18  1.1   9.74]
-20.140655 [ 8.    -1.062 -6.437] [-0.18  1.1   9.74]
-20.243257 [ 8.    -1.062 -6.437] [-0.18  1.1   9.74]
-20.345282 [ 0.    -1.062 -6.437] [-0.18  1.1   9.74]
-20.448318 [ 0.    -1.062 -6.437] [-0.18  1.1   9.74]
-20.551861 [ 8.    -1.062 -6.437] [-0.18  1.1   9.74]
-20.654408 [ 8.    -1.062 -6.437] [-0.18  1.1   9.74]
-20.757145 [ 0.    -1.062 -6.437] [-0.18  1.1   9.74]
-20.860894 [ 8.    -1.062 -6.437] [-0.18  1.1   9.74]
-20.964475 [ 8.    -1.062 -6.437] [-0.18  1.1   9.74]
-21.066925 [ 0.    -1.062 -6.437] [-0.18  1.1   9.74]
-21.170403 [ 8.    -1.062 -6.437] [-0.18  1.1   9.74]
-21.273457 [ 8.    -1.062 -6.437] [-0.18  1.1   9.74]
-21.375515 [ 8.    -1.062 -6.437] [-0.18  1.1   9.74]
-21.47815 [ 0.    -1.062 -6.437] [-0.18  1.1   9.74]
-21.581904 [ 8.    -1.062 -6.437] [-0.18  1.1   9.74]
-21.684877 [ 8.    -1.062 -6.437] [-0.18  1.1   9.74]
-21.787019 [ 8.    -1.062 -6.437] [-0.18  1.1   9.74]
-21.888941 [ 8.    -1.062 -6.437] [-0.18  1.1   9.74]
-21.990972 [ 0.    -1.062 -6.437] [-0.18  1.1   9.74]
-22.093767 [ 8.    -1.062 -6.437] [-0.18  1.1   9.74]
-22.196625 [ 8.    -1.062 -6.437] [-0.18  1.1   9.74]
-22.300519 [ 8.    -1.062 -6.437] [-0.18  1.1   9.74]
-22.404842 [ 8.    -1.062 -6.437] [-0.18  1.1   9.74]
-22.507535 [ 8.    -1.062 -6.437] [-0.18  1.1   9.74]
-22.610994 [ 0.    -1.062 -6.437] [-0.18  1.1   9.74]
-22.715239 [ 8.    -1.062 -6.437] [-0.18  1.1   9.74]
-22.817871 [ 0.    -1.062 -6.437] [-0.18  1.1   9.74]
-22.921033 [ 8.    -1.062 -6.437] [-0.18  1.1   9.74]
-23.02532 [ 8.    -1.062 -6.437] [-0.18  1.1   9.74]
-23.128051 [ 8.    -1.062 -6.437] [-0.18  1.1   9.74]
-23.231508 [ 8.    -1.062 -6.437] [-0.18  1.1   9.74]
-23.335939 [ 8.    -1.062 -6.437] [-0.18  1.1   9.74]
-23.438668 [ 8.    -1.062 -6.437] [-0.18  1.1   9.74]
-23.541406 [ 0.    -1.062 -6.437] [-0.18  1.1   9.74]
-23.645405 [ 8.    -1.062 -6.437] [-0.18  1.1   9.74]
-23.74863 [ 8.    -1.062 -6.437] [-0.18  1.1   9.74]
-23.852145 [ 8.    -1.062 -6.437] [-0.18  1.1   9.74]
-23.956425 [ 8.    -1.062 -6.437] [-0.18  1.1   9.74]
-24.059039 [ 8.    -1.062 -6.437] [-0.18  1.1   9.74]
-24.162634 [ 8.    -1.062 -6.437] [-0.18  1.1   9.74]
-24.266909 [ 8.    -1.062 -6.437] [-0.18  1.1   9.74]
-24.369771 [ 8.    -1.062 -6.437] [-0.18  1.1   9.74]
-24.47366 [ 0.    -1.062 -6.437] [-0.18  1.1   9.74]
-24.577804 [ 8.    -1.062 -6.437] [-0.18  1.1   9.74]
-24.680384 [ 8.    -1.062 -6.437] [-0.18  1.1   9.74]
-24.784668 [ 8.    -1.062 -6.437] [-0.18  1.1   9.74]
-24.888411 [ 8.    -1.062 -6.437] [-0.18  1.1   9.74]
-24.990991 [ 8.    -1.062 -6.437] [-0.18  1.1   9.74]
-25.093591 [ 8.    -1.062 -6.437] [-0.18  1.1   9.74]
-25.197314 [ 8.    -1.062 -6.437] [-0.18  1.1   9.74]
-25.300055 [ 8.    -1.062 -6.437] [-0.18  1.1   9.74]
-25.40358 [ 0.    -1.062 -6.437] [-0.18  1.1   9.74]
-25.508076 [ 8.    -1.062 -6.437] [-0.18  1.1   9.74]
-25.610646 [ 8.    -1.062 -6.437] [-0.18  1.1   9.74]
-25.714082 [ 8.    -1.062 -6.437] [-0.18  1.1   9.74]
-25.818408 [ 8.    -1.062 -6.437] [-0.18  1.1   9.74]
-25.920964 [ 0.    -1.062 -6.437] [-0.18  1.1   9.74]
-26.024629 [ 8.    -1.062 -6.437] [-0.18  1.1   9.74]
-26.128722 [ 8.    -1.062 -6.437] [-0.18  1.1   9.74]
-26.231453 [ 0.    -1.062 -6.437] [-0.18  1.1   9.74]
-26.335314 [ 8.    -1.062 -6.437] [-0.18  1.1   9.74]
-26.439479 [ 8.    -1.062 -6.437] [-0.18  1.1   9.74]
-26.542175 [ 8.    -1.062 -6.437] [-0.18  1.1   9.74]
-26.64483 [ 8.    -1.062 -6.437] [-0.18  1.1   9.74]
-26.748623 [ 8.    -1.062 -6.437] [-0.18  1.1   9.74]
-26.851533 [ 8.    -1.062 -6.437] [-0.18  1.1   9.74]
-26.954814 [ 8.    -1.062 -6.437] [-0.18  1.1   9.74]
-27.059247 [ 8.    -1.062 -6.437] [-0.18  1.1   9.74]
-27.162304 [ 0.    -1.062 -6.437] [-0.18  1.1   9.74]
-27.266007 [ 8.    -1.062 -6.437] [-0.18  1.1   9.74]
-27.370153 [ 8.    -1.062 -6.437] [-0.18  1.1   9.74]
-27.472612 [ 8.    -1.062 -6.437] [-0.18  1.1   9.74]
-27.576472 [ 8.    -1.062 -6.437] [-0.18  1.1   9.74]
-27.680477 [ 8.    -1.062 -6.437] [-0.18  1.1   9.74]
-27.782937 [ 8.    -1.062 -6.437] [-0.18  1.1   9.74]
-27.886598 [ 8.    -1.062 -6.437] [-0.18  1.1   9.74]
-27.990801 [ 8.    -1.062 -6.437] [-0.18  1.1   9.74]
-28.093438 [ 8.    -1.062 -6.437] [-0.18  1.1   9.74]
-28.196136 [ 0.    -1.062 -6.437] [-0.18  1.1   9.74]
-28.299892 [ 8.    -1.062 -6.437] [-0.18  1.1   9.74]
-28.403154 [ 8.    -1.062 -6.437] [-0.18  1.1   9.74]
-28.506746 [ 8.    -1.062 -6.437] [-0.18  1.1   9.74]
-28.610975 [ 8.    -1.062 -6.437] [-0.18  1.1   9.74]
-28.713629 [ 8.    -1.062 -6.437] [-0.18  1.1   9.74]
-28.817065 [ 8.    -1.062 -6.437] [-0.18  1.1   9.74]
-28.921351 [ 8.    -1.062 -6.437] [-0.18  1.1   9.74]
-29.024091 [ 8.    -1.062 -6.437] [-0.18  1.1   9.74]
-29.127811 [ 0.    -1.062 -6.437] [-0.18  1.1   9.74]
-29.232539 [ 8.    -1.062 -6.437] [-0.18  1.1   9.74]
-29.335402 [ 8.    -1.062 -6.437] [-0.18  1.1   9.74]
-29.439743 [ 8.    -1.062 -6.437] [-0.18  1.1   9.74]
-29.543291 [ 8.    -1.062 -6.437] [-0.18  1.1   9.74]
-29.64601 [ 8.    -1.062 -6.437] [-0.18  1.1   9.74]
-29.749198 [ 0.    -1.062 -6.437] [-0.18  1.1   9.74]
-29.853043 [ 8.    -1.062 -6.437] [-0.18  1.1   9.74]
-29.955908 [ 8.    -1.062 -6.437] [-0.18  1.1   9.74]
-30.059923 [ 8.    -1.062 -6.437] [-0.18  1.1   9.74]
-30.163346 [ 8.    -1.062 -6.437] [-0.18  1.1   9.74]
-30.266288 [ 8.    -1.062 -6.437] [-0.18  1.1   9.74]
-30.370535 [ 8.    -1.062 -6.437] [-0.18  1.1   9.74]
-30.474113 [ 8.    -1.062 -6.437] [-0.18  1.1   9.74]
-30.577111 [ 8.    -1.062 -6.437] [-0.18  1.1   9.74]
-30.681568 [ 8.    -1.062 -6.437] [-0.18  1.1   9.74]
-30.785117 [ 8.    -1.062 -6.437] [-0.18  1.1   9.74]
-30.888247 [ 0.    -1.062 -6.437] [-0.18  1.1   9.74]
-30.992757 [ 8.    -1.062 -6.437] [-0.18  1.1   9.74]
-31.096051 [ 8.    -1.062 -6.437] [-0.18  1.1   9.74]
-31.198773 [ 8.    -1.062 -6.437] [-0.18  1.1   9.74]
-31.301964 [ 8.    -1.062 -6.437] [-0.18  1.1   9.74]
-31.405718 [ 8.    -1.062 -6.437] [-0.18  1.1   9.74]
-31.508962 [ 8.    -1.062 -6.437] [-0.18  1.1   9.74]
-31.613259 [ 8.    -1.062 -6.437] [-0.18  1.1   9.74]
-31.716868 [ 0.    -1.062 -6.437] [-0.18  1.1   9.74]
-31.820578 [ 8.    -1.062 -6.437] [-0.18  1.1   9.74]
-31.92473 [ 8.    -1.062 -6.437] [-0.18  1.1   9.74]
-32.027501 [ 8.    -1.062 -6.437] [-0.18  1.1   9.74]
-32.131022 [ 8.    -1.062 -6.437] [-0.18  1.1   9.74]
-32.234914 [ 8.    -1.062 -6.437] [-0.18  1.1   9.74]
-32.337639 [ 8.    -1.062 -6.437] [-0.18  1.1   9.74]
-32.441085 [ 8.    -1.062 -6.437] [-0.18  1.1   9.74]
-32.545551 [ 8.    -1.062 -6.437] [-0.18  1.1   9.74]
-32.648255 [ 8.    -1.062 -6.437] [-0.18  1.1   9.74]
-32.750918 [ 0.    -1.062 -6.437] [-0.18  1.1   9.74]
-32.854584 [ 8.    -1.062 -6.437] [-0.18  1.1   9.74]
-32.957696 [ 8.    -1.062 -6.437] [-0.18  1.1   9.74]
-33.061205 [ 8.    -1.062 -6.437] [-0.18  1.1   9.74]
-33.165309 [ 8.    -1.062 -6.437] [-0.18  1.1   9.74]
-33.268546 [ 8.    -1.062 -6.437] [-0.18  1.1   9.74]
-33.372211 [ 8.    -1.062 -6.437] [-0.18  1.1   9.74]
-33.477225 [ 8.    -1.062 -6.437] [-0.18  1.1   9.74]
-33.580989 [ 8.    -1.062 -6.437] [-0.18  1.1   9.74]
-33.686965 [ 8.    -1.062 -6.437] [-0.18  1.1   9.74]
-33.790423 [ 8.    -1.062 -6.437] [-0.18  1.1   9.74]
-33.895151 [ 8.    -1.062 -6.437] [-0.18  1.1   9.74]
-33.998704 [ 8.    -1.062 -6.437] [-0.18  1.1   9.74]
-34.101226 [ 8.    -1.062 -6.437] [-0.18  1.1   9.74]
-34.203885 [ 0.    -1.062 -6.437] [-0.18  1.1   9.74]
-34.307894 [ 8.    -1.062 -6.437] [-0.18  1.1   9.74]
-34.410594 [ 8.    -1.062 -6.437] [-0.18  1.1   9.74]
-34.514929 [ 8.    -1.062 -6.437] [-0.18  1.1   9.74]
-34.6185 [ 8.    -1.062 -6.437] [-0.18  1.1   9.74]
-34.720913 [ 0.    -1.062 -6.437] [-0.18  1.1   9.74]
-34.824957 [ 8.    -1.062 -6.437] [-0.18  1.1   9.74]
-34.928544 [ 8.    -1.062 -6.437] [-0.18  1.1   9.74]
-35.031116 [ 8.    -1.062 -6.437] [-0.18  1.1   9.74]
-35.135566 [ 8.    -1.062 -6.437] [-0.18  1.1   9.74]
-35.239015 [ 8.    -1.062 -6.437] [-0.18  1.1   9.74]
-35.34177 [ 8.    -1.062 -6.437] [-0.18  1.1   9.74]
-35.445908 [ 8.    -1.062 -6.437] [-0.18  1.1   9.74]
-35.549613 [ 8.    -1.062 -6.437] [-0.18  1.1   9.74]
-35.652347 [ 8.    -1.062 -6.437] [-0.18  1.1   9.74]
-35.75519 [ 0.    -1.062 -6.437] [-0.18  1.1   9.74]
-35.859573 [ 8.    -1.062 -6.437] [-0.18  1.1   9.74]
-35.962277 [ 8.    -1.062 -6.437] [-0.18  1.1   9.74]
-36.066685 [ 8.    -1.062 -6.437] [-0.18  1.1   9.74]
-36.170406 [ 8.    -1.062 -6.437] [-0.18  1.1   9.74]
-36.273275 [ 0.    -1.062 -6.437] [-0.18  1.1   9.74]
-36.377854 [ 8.    -1.062 -6.437] [-0.18  1.1   9.74]
-36.481017 [ 8.    -1.062 -6.437] [-0.18  1.1   9.74]
-36.584176 [ 0.    -1.062 -6.437] [-0.18  1.1   9.74]
-36.688467 [ 8.    -1.062 -6.437] [-0.18  1.1   9.74]
-36.791343 [ 8.    -1.062 -6.437] [-0.18  1.1   9.74]
-36.89407 [ 0.    -1.062 -6.437] [-0.18  1.1   9.74]
-36.998669 [ 8.    -1.062 -6.437] [-0.18  1.1   9.74]
-37.102414 [ 8.    -1.062 -6.437] [-0.18  1.1   9.74]
-37.204985 [ 8.    -1.062 -6.437] [-0.18  1.1   9.74]
