-0.07504 [ 8.5   -1.5   -9.312] [-0.26  1.58  9.67]
-0.178928 [ 8.875  1.    -8.875] [ 0.13  1.52  9.68]
-0.280802 [ 9.     1.25  -8.812] [ 1.5   1.5   9.68]
-0.38211 [ 8.938  1.188 -8.812] [ 1.48  1.5   9.68]
-0.484519 [ 8.938  1.125 -9.   ] [ 1.47  1.53  9.68]
-0.587693 [ 8.938  1.063 -9.312] [ 1.46  1.58  9.67]
-0.692171 [ 8.938  0.938 -9.75 ] [ 1.44  1.66  9.66]
-0.793711 [  8.875   0.75  -10.   ] [ 1.41  1.71  9.65]
-0.895295 [  8.875   0.563 -10.312] [ 1.38  1.75  9.64]
-0.997023 [  8.875   0.375 -10.687] [ 1.34  1.82  9.63]
-1.098476 [  8.813  -0.125 -11.062] [-0.02  1.88  9.62]
-1.200395 [  8.75   -0.75  -11.375] [-0.12  1.93  9.61]
-1.302188 [  8.688  -1.312 -11.687] [-0.23  1.98  9.6 ]
-1.403642 [  8.625  -1.75  -11.875] [-0.3   2.02  9.59]
-1.505223 [  8.563  -2.312 -11.937] [-0.4   2.03  9.58]
-1.606804 [  8.5    -2.812 -11.937] [-0.48  2.03  9.58]
-1.708251 [  8.5    -3.25  -11.937] [-0.56  2.03  9.57]
-1.809688 [  8.438  -3.687 -11.937] [-0.62  2.03  9.57]
-1.911709 [  8.375  -4.062 -11.937] [-0.69  2.02  9.56]
-2.013278 [  8.375  -4.312 -11.687] [-0.74  1.98  9.57]
-2.115006 [  8.375  -4.625 -11.312] [-0.8   1.92  9.58]
-2.219908 [  8.313  -4.875 -10.937] [-0.83  1.86  9.59]
-2.32247 [  8.313  -4.937 -10.375] [-0.85  1.76  9.6 ]
-2.424059 [ 8.25  -4.937 -9.937] [-0.85  1.69  9.62]
-2.526203 [ 0.25  -4.937 -9.5  ] [-0.85  1.62  9.63]
-2.629315 [ 0.25  -4.937 -9.   ] [-0.85  1.53  9.64]
-2.731967 [ 8.25  -5.    -8.562] [-0.85  1.46  9.65]
-2.83368 [ 8.188 -5.    -8.312] [-0.85  1.42  9.66]
-2.93499 [ 8.188 -5.    -7.812] [-0.85  1.33  9.67]
-3.037022 [ 0.188 -4.875 -7.125] [-0.84  1.21  9.69]
-3.140424 [ 8.188 -4.5   -6.75 ] [-0.78  1.16  9.7 ]
-3.243759 [ 8.188 -3.937 -6.5  ] [-0.67  1.11  9.72]
-3.345048 [ 8.25  -3.187 -6.312] [-0.55  1.08  9.73]
-3.446456 [ 8.25  -2.75  -6.312] [-0.47  1.07  9.73]
-3.547763 [ 8.313 -2.312 -6.25 ] [-0.39  1.07  9.73]
-3.649072 [ 8.313 -1.687 -6.25 ] [-0.29  1.07  9.74]
-3.750379 [ 8.375 -1.187 -6.25 ] [-0.21  1.07  9.74]
-3.851806 [ 0.375 -0.875 -6.25 ] [-0.15  1.07  9.74]
-3.953126 [ 8.375 -0.437 -6.25 ] [-0.08  1.07  9.74]
-4.054697 [ 8.438 -0.125 -6.375] [-0.02  1.09  9.74]
-4.156153 [ 8.375  0.063 -6.75 ] [ 1.29  1.15  8.45]
-4.257559 [ 8.375  0.313 -7.125] [ 1.33  1.22  9.72]
-4.358978 [ 8.375  0.563 -7.562] [ 1.37  1.29  9.72]
-4.460575 [ 8.375  0.563 -8.125] [ 1.38  1.39  9.7 ]
-4.562064 [ 0.375  0.625 -8.687] [ 1.38  1.48  9.69]
-4.664196 [ 8.375  0.625 -9.187] [ 1.39  1.55  9.68]
-4.765785 [ 8.375  0.625 -9.625] [ 1.39  1.64  9.66]
-4.867493 [ 8.375  0.625 -9.937] [ 1.39  1.7   9.65]
-4.968945 [  0.375   0.625 -10.5  ] [ 1.39  1.78  9.64]
-5.070971 [  8.375   0.5   -10.75 ] [ 1.36  1.83  9.63]
-5.173972 [  8.313   0.063 -11.062] [ 1.3   1.88  9.62]
-5.276414 [  8.25   -0.5   -11.375] [-0.08  1.93  9.61]
-5.37755 [  0.188  -1.187 -11.562] [-0.2   1.97  9.6 ]
-5.479698 [  8.125  -1.687 -11.75 ] [-0.29  2.    9.59]
-5.582861 [  8.063  -2.187 -11.75 ] [-0.37  2.    9.59]
-5.685478 [  8.    -2.75 -11.75] [-0.47  2.    9.58]
-5.787329 [  8.     -3.187 -11.75 ] [-0.55  2.    9.58]
-5.888987 [  7.938  -3.562 -11.75 ] [-0.61  2.    9.58]
-5.991365 [  7.938  -3.875 -11.75 ] [-0.66  1.99  9.57]
-6.094958 [  7.875  -4.312 -11.5  ] [-0.73  1.96  9.57]
-6.197233 [  7.813  -4.625 -11.125] [-0.79  1.89  9.58]
-6.298516 [  7.75   -4.937 -10.812] [-0.85  1.83  9.59]
-6.399954 [  7.813  -5.062 -10.375] [-0.87  1.76  9.6 ]
-6.501135 [ 7.75  -5.062 -9.875] [-0.87  1.67  9.62]
-6.6027 [ 7.75  -5.062 -9.437] [-0.87  1.61  9.63]
-6.704159 [ 7.75  -5.062 -9.   ] [-0.87  1.52  9.64]
-6.80588 [ 7.75  -5.062 -8.562] [-0.87  1.46  9.65]
-6.907617 [ 7.75  -5.062 -8.312] [-0.87  1.42  9.66]
-7.009188 [ 7.688 -5.062 -7.812] [-0.87  1.33  9.67]
-7.110788 [ 7.688 -4.937 -7.125] [-0.84  1.21  9.69]
-7.212232 [ 7.75  -4.5   -6.812] [-0.77  1.16  9.7 ]
-7.313672 [ 7.75  -3.687 -6.625] [-0.63  1.13  9.72]
-7.415687 [ 7.813 -3.125 -6.437] [-0.54  1.1   9.72]
-7.517401 [ 7.813 -2.75  -6.312] [-0.47  1.08  9.73]
-7.618717 [ 7.875 -2.25  -6.312] [-0.38  1.08  9.73]
-7.720128 [ 7.875 -1.687 -6.312] [-0.29  1.07  9.74]
-7.822317 [ 0.125 -1.25  -6.25 ] [-0.22  1.07  9.74]
-7.925881 [ 7.938 -0.812 -6.25 ] [-0.15  1.07  9.74]
-8.028336 [ 7.938 -0.375 -6.25 ] [-0.04 -0.01 -0.01]
-8.12982 [ 7.938 -8.187 -6.312] [-0.03  1.07  9.74]
-8.232198 [ 0.     0.063 -6.562] [ 1.29  1.12  9.74]
-8.335235 [ 0.     0.313 -6.937] [ 1.33  1.18  9.73]
-8.437695 [ 8.     0.438 -7.375] [ 0.08  1.25  9.72]
-8.539679 [ 8.     0.563 -7.937] [ 1.37  1.35  9.71]
-8.6407 [ 8.     0.563 -8.5  ] [ 1.38  1.45  9.69]
-8.742167 [ 0.     0.563 -8.937] [ 1.38  1.53  9.68]
-8.844868 [ 8.     0.625 -9.437] [ 1.38  1.61  9.67]
-8.948449 [ 8.     0.625 -9.812] [ 0.1   1.66  9.66]
-9.050681 [  8.      0.563 -10.25 ] [ 1.38  1.74  9.64]
-9.152334 [  8.      0.438 -10.687] [ 1.35  1.82  9.63]
-9.25405 [  7.938  -0.125 -11.062] [-0.02  1.88  9.62]
-9.35558 [  7.875  -0.687 -11.375] [-0.12  1.94  9.61]
-9.456939 [  7.813  -1.375 -11.687] [-0.23  1.99  9.59]
-9.558526 [  7.75   -1.875 -11.812] [-0.32  2.01  9.59]
-9.660395 [  7.75   -2.375 -11.875] [-0.41  2.01  9.58]
-9.761859 [  7.688  -2.875 -11.875] [-0.49  2.01  9.58]
-9.863255 [  7.625  -3.312 -11.812] [-0.57  2.01  9.58]
-9.964897 [  7.563  -3.687 -11.812] [-0.63  2.01  9.57]
-10.066465 [  7.563  -4.062 -11.75 ] [-0.7   1.99  9.57]
-10.168029 [  7.5    -4.375 -11.625] [-0.75  1.97  9.57]
-10.269612 [  7.5    -4.625 -11.125] [-0.78  1.89  9.58]
-10.371497 [  7.438  -4.937 -10.687] [-0.84  1.81  9.59]
-10.473026 [  7.438  -5.062 -10.25 ] [-0.86  1.73  9.61]
-10.574525 [ 7.438 -5.062 -9.812] [-0.87  1.66  9.62]
-10.677229 [ 0.562 -5.125 -9.375] [-0.88  1.59  9.63]
-10.780109 [ 7.438 -5.125 -8.812] [-0.88  1.51  9.64]
-10.882001 [    7.438  2042.875    -8.437] [-0.88  1.44  9.65]
-10.98372 [ 7.438 -5.125 -8.187] [-0.88  1.39  9.66]
-11.085845 [ 7.375 -5.125 -7.625] [-0.88  1.29  9.67]
-11.189192 [ 7.375 -5.125 -7.062] [-0.88  1.2   9.69]
-11.291859 [-1680.625    -4.75     -6.875] [-0.82  1.17  9.7 ]
-11.393597 [ 7.438 -4.125 -6.625] [-0.71  1.13  9.71]
-11.495325 [ 0.562 -3.375 -6.437] [-0.58  1.1   9.72]
-11.597777 [ 7.5   -2.937 -6.375] [-0.5   1.09  9.73]
-11.701013 [ 7.5   -2.437 -6.312] [-0.42  1.08  9.73]
-11.803086 [ 7.563 -1.875 -6.312] [-0.32  1.07  9.74]
-11.904672 [ 7.563 -1.375 -6.312] [-0.24  1.07  9.74]
-12.006259 [ 7.563 -1.062 -6.312] [-0.18  1.07  9.74]
-12.107538 [ 7.625 -0.562 -6.25 ] [-0.09  1.07  9.74]
-12.208851 [ 7.625 -0.25  -6.312] [-0.04  1.08  9.74]
-12.310162 [ 7.625  0.    -6.562] [ 1.28  1.12  9.74]
-12.411694 [ 7.625  0.375 -6.937] [ 1.34  1.18  9.73]
-12.513415 [ 7.688  0.563 -7.25 ] [ 1.37  1.24  9.72]
-12.615036 [ 7.688  0.563 -7.812] [ 1.38  1.33  9.71]
-12.716481 [ 7.688  0.625 -8.437] [ 1.39  1.44  9.69]
-12.817928 [ 7.625  0.625 -8.875] [ 1.39  1.51  9.68]
-12.919544 [ 7.625  0.625 -9.312] [ 1.39  1.59  9.67]
-13.021258 [ 7.625  0.625 -9.75 ] [ 1.39  1.66  9.66]
-13.122684 [  7.625   0.625 -10.125] [ 1.39  1.71  9.65]
-13.224414 [  7.563   0.313 -10.5  ] [ 1.34  1.79  9.64]
-13.325969 [  7.563  -0.125 -10.812] [-0.02  1.84  9.63]
-13.428296 [  7.5    -0.812 -11.125] [-0.14  1.89  9.62]
-13.531571 [  7.438  -1.5   -11.562] [-0.25  1.95  9.6 ]
-13.63403 [  7.375  -1.875 -11.75 ] [-0.32  1.99  9.59]
-13.735488 [  7.313  -2.437 -11.875] [-0.42  2.01  9.58]
-13.837053 [  7.313  -2.937 -11.875] [-0.5   2.02  9.58]
-13.939516 [  0.75   -3.375 -11.937] [-0.58  2.02  9.57]
-14.042964 [  7.188  -3.75  -11.937] [-0.64  2.02  9.57]
-14.145057 [  7.188  -4.125 -11.875] [-0.7   2.02  9.57]
-14.246688 [  7.125  -4.375 -11.562] [-0.75  1.96  9.57]
-14.34882 [  7.063  -4.687 -11.187] [-0.8   1.9   9.58]
-14.45198 [  7.125  -4.875 -10.812] [-0.84  1.84  9.59]
-14.554678 [  7.125  -4.937 -10.312] [-0.84  1.75  9.61]
-14.65642 [ 7.063 -4.937 -9.875] [-0.85  1.68  9.62]
-14.758004 [ 7.063 -4.937 -9.437] [-0.85  1.6   9.63]
-14.859423 [ 7.063 -4.937 -9.   ] [ 326.83    1.53    9.64]
-14.961625 [ 7.    -5.    -8.625] [-0.85  1.46  9.65]
-15.063635 [ 7.    -5.    -8.375] [-0.85  1.42  9.66]
-15.165535 [ 7.    -5.    -7.812] [-0.85  1.33  9.67]
-15.267244 [ 6.938 -4.937 -7.187] [-0.84  1.22  9.69]
-15.369082 [ 7.    -4.625 -6.875] [-0.79  1.17  9.7 ]
-15.471548 [ 7.    -4.062 -6.562] [-0.69  1.12  9.71]
-15.573426 [ 0.937 -3.25  -6.375] [-0.56  1.08  9.72]
-15.676125 [ 7.063 -2.75  -6.312] [-0.48  1.08  9.73]
-15.778218 [ 7.063 -2.312 -6.312] [-0.4   1.07  9.73]
-15.883312 [ 7.125 -1.687 -6.312] [-0.3   1.07  9.74]
-15.951993 [ 0.875 -1.375 -6.25 ] [-0.23  1.07  9.74]
-16.014932 [-1688.875    -9.062  2041.75 ] [ -1.80000000e-01  -3.25330000e+02  -3.19220000e+02]
-16.075735 [-1688.812    -8.687  2041.75 ] [ -1.30000000e-01  -3.25330000e+02  -3.19220000e+02]
-16.136721 [-1688.812    -8.25   2041.625] [ -4.00000000e-02  -3.25310000e+02  -3.19220000e+02]
-16.197252 [-1688.812     0.     2033.438] [   0.   -326.56 -319.22]
-16.2579 [ -1.68881200e+03   1.25000000e-01   2.03312500e+03] [  2.00000000e-02  -3.26510000e+02  -3.19230000e+02]
-16.318178 [ -1.68875000e+03   4.38000000e-01   2.03275000e+03] [  7.00000000e-02  -3.26440000e+02  -3.19240000e+02]
-16.378552 [ -1.68868700e+03   7.50000000e-01   2.03231300e+03] [  1.30000000e-01   3.00000000e-02  -3.19250000e+02]
-16.438947 [ -1.68868700e+03   7.50000000e-01  -8.18700000e+00] [  1.30000000e-01   1.20000000e-01  -3.19260000e+02]
-16.499299 [ -1.68875000e+03   7.50000000e-01  -8.68700000e+00] [  1.30000000e-01   2.10000000e-01  -3.19270000e+02]
-16.559575 [ -1.68875000e+03   7.50000000e-01  -9.18700000e+00] [  1.20000000e-01   2.90000000e-01  -3.19290000e+02]
-16.619833 [ -1.68875000e+03   7.50000000e-01  -9.68700000e+00] [  1.20000000e-01   3.70000000e-01  -3.19300000e+02]
-16.680063 [  0.75    0.75  -10.062] [  1.20000000e-01   4.30000000e-01  -3.19310000e+02]
-16.741631 [  0.75    0.688 -10.5  ] [ 0.12  1.78  9.64]
-16.80429 [  0.75   0.5  -10.75] [ 0.09  1.83  9.63]
-16.866882 [ -1.68881200e+03   1.25000000e-01  -1.11250000e+01] [  3.00000000e-02   6.00000000e-01  -3.19340000e+02]
-16.927533 [-1688.875    -8.437    -3.375] [ -7.00000000e-02  -3.25750000e+02  -3.19350000e+02]
-16.988029 [-1688.937    -8.937    -3.5  ] [ -1.60000000e-01  -3.25730000e+02  -3.19360000e+02]
-17.048592 [-1688.937    -9.375    -3.562] [ -2.30000000e-01  -3.25720000e+02  -3.19360000e+02]
-17.109083 [-1689.       -9.937    -3.562] [  -0.33 -325.71 -319.36]
-17.169731 [-1689.125   -10.5      -3.687] [  -0.43 -325.7     8.31]
-17.230446 [  1.187  -3.062 -11.687] [  -0.53 -325.69    8.3 ]
-17.29189 [  1.187  -3.437 -11.687] [-0.59  1.98  9.58]
-17.354578 [ 1.25  -3.875 -3.625] [-0.66  1.98  9.58]
-17.41722 [-1689.312  2035.688    -3.375] [ 326.95    1.94    8.3 ]
-17.47802 [-1689.375  2035.125    -3.062] [ 326.84    1.88    8.3 ]
-17.538612 [-1689.312  2035.       -2.687] [ 326.83    1.81    8.31]
-17.599151 [-1689.312  2035.       -2.25 ] [ 326.83    1.74 -319.35]
-17.65973 [ -1.68925000e+03   2.03500000e+03  -1.81200000e+00] [ 326.82    1.66 -319.34]
-17.720163 [ -1.68925000e+03   2.03500000e+03  -1.37500000e+00] [ 326.82    1.59 -319.33]
-17.780611 [ -1.68925000e+03   2.03500000e+03  -9.37000000e-01] [ 326.82    1.51 -319.32]
-17.841037 [ 1.25  -5.062 -8.5  ] [ 326.82    1.44 -319.3 ]
-17.902748 [ 1.25  -5.    -8.125] [-0.86  1.38  9.66]
-17.9656 [-1689.25   2035.     2040.313] [ 326.83    1.31 -319.29]
-18.02632 [-1689.25   2035.25   2040.813] [ 326.86 -325.17 -319.27]
-18.086995 [-1689.25   2035.813  2041.125] [-0.74  1.17  9.7 ]
-18.148657 [-1689.187   -11.5    2041.375] [  -0.6  -325.27 -319.24]
-18.209474 [-1689.187   -10.937  2041.5  ] [  -0.51 -325.29 -319.24]
-18.270017 [-1689.125   -10.562  2041.563] [  -0.44 -325.3  -319.23]
-18.330554 [-1689.125   -10.     2041.625] [  -0.35 -325.31 -319.23]
-18.391122 [-1689.062    -9.5    2041.625] [ -2.60000000e-01  -3.25310000e+02  -3.19220000e+02]
-18.451581 [-1689.062    -9.062    -6.375] [ -1.80000000e-01  -3.25310000e+02  -3.19220000e+02]
-18.512463 [-1689.       -8.562  2041.625] [ -1.00000000e-01  -3.25310000e+02  -3.19220000e+02]
-18.572905 [-1689.       -8.187  2041.625] [ -3.00000000e-02  -3.25310000e+02  -3.19220000e+02]
-18.633371 [-1689.        0.       -6.437] [   0.   -326.58 -319.22]
-18.694477 [ 1.     0.188 -6.687] [ 0.03  1.14  9.73]
-18.75774 [ -1.68900000e+03   5.00000000e-01   2.03287500e+03] [ 0.08  1.21  9.73]
-18.819563 [ -1.68900000e+03   6.25000000e-01   2.03243800e+03] [  1.10000000e-01   1.00000000e-02  -3.19240000e+02]
-18.879916 [ -1.68900000e+03   6.25000000e-01  -8.06200000e+00] [  1.10000000e-01   1.00000000e-01  -3.19260000e+02]
-18.94035 [ -1.68900000e+03   6.88000000e-01  -8.62500000e+00] [  1.20000000e-01   1.90000000e-01  -3.19270000e+02]
-19.000675 [ -1.68900000e+03   6.88000000e-01  -9.06200000e+00] [  1.20000000e-01   2.70000000e-01  -3.19280000e+02]
-19.060965 [ -1.68900000e+03   6.88000000e-01  -9.56200000e+00] [  1.20000000e-01   3.40000000e-01  -3.19300000e+02]
-19.121214 [ -1.68900000e+03   6.88000000e-01  -9.87500000e+00] [  1.20000000e-01   4.10000000e-01  -3.19310000e+02]
-19.181446 [ -1.68900000e+03   6.88000000e-01  -1.03120000e+01] [  1.20000000e-01   4.80000000e-01  -3.19320000e+02]
-19.241727 [ -1.68900000e+03   5.00000000e-01  -1.06250000e+01] [  9.00000000e-02   5.30000000e-01  -3.19330000e+02]
-19.303305 [  1.125   0.    -10.937] [ 1.28  1.86  9.62]
-19.406181 [  6.625  -1.937 -11.687] [-0.34  1.99  9.59]
-19.509241 [  6.688  -2.187 -11.937] [-0.37  2.03  9.58]
-19.611089 [  6.625  -2.437 -11.937] [-0.42  2.03  9.58]
-19.712461 [  6.563  -2.875 -11.937] [-0.5   2.03  9.58]
-19.814086 [  6.563  -3.312 -11.937] [-0.57  2.03  9.57]
-19.9153 [  6.5    -3.687 -11.937] [-0.64  2.02  9.57]
-20.016846 [  6.5    -4.    -11.812] [-0.69  2.    9.57]
-20.118136 [  6.438  -4.312 -11.687] [-0.74  1.98  9.57]
-20.219808 [  6.438  -4.562 -11.125] [-0.77  1.89  9.59]
-20.321862 [  6.375  -4.812 -10.687] [-0.83  1.81  9.6 ]
-20.423555 [  6.375  -4.937 -10.187] [-0.85  1.73  9.61]
-20.525036 [ 6.375 -4.937 -9.812] [-0.85  1.66  9.62]
-20.626468 [ 6.375 -4.937 -9.375] [-0.85  1.59  9.63]
-20.727791 [ 6.375 -5.    -8.875] [-0.85  1.51  9.65]
-20.82929 [ 6.375 -5.    -8.5  ] [-0.85  1.44  9.66]
-20.930991 [ 6.313 -5.    -8.187] [-0.86  1.4   9.66]
-21.032679 [ 6.313 -5.    -7.562] [-0.86  1.29  9.68]
-21.134405 [ 6.313 -4.937 -7.062] [-0.85  1.2   9.69]
-21.236077 [ 6.313 -4.625 -6.812] [-0.79  1.16  9.7 ]
-21.339431 [ 6.375 -3.875 -6.562] [-0.67  1.12  9.71]
-21.442006 [ 6.375 -3.125 -6.437] [  -0.54    1.1  -317.96]
-21.543581 [ 6.438 -2.75  -6.375] [-0.47  1.09  8.45]
-21.645022 [ 1.562 -2.25  -6.312] [-0.39  1.08  9.73]
-21.747585 [ 1.562 -1.75  -6.312] [-0.29  1.08  9.74]
-21.850778 [ 6.5   -1.25  -6.312] [-0.22  1.08  9.74]
-21.95351 [ 6.5   -0.875 -6.312] [-0.15  1.08  9.74]
-22.054958 [ 6.563 -0.375 -6.312] [-0.07  1.08  9.74]
-22.156393 [ 6.563 -0.062 -6.312] [-0.01  1.08  9.74]
-22.258985 [ 6.563  0.125 -6.625] [ 1.3   1.13  9.74]
-22.361879 [ 6.625  0.563 -7.   ] [ 1.37  1.19  9.73]
-22.463335 [ 6.625  0.75  -7.312] [ 1.41  1.25  9.72]
-22.564077 [ 6.625  0.813 -7.875] [ 1.42  1.34  9.71]
-22.664662 [ 6.625  0.813 -8.5  ] [ 1.42  1.45  9.69]
-22.765259 [ 6.625  0.813 -8.937] [ 1.42  1.52  9.68]
-22.865815 [ 6.625  0.813 -9.375] [ 1.42  1.59  9.67]
-22.966325 [ 6.625  0.813 -9.687] [ 1.42  1.65  9.66]
-23.066677 [  6.563   0.688 -10.062] [ 1.4   1.71  9.65]
-23.167178 [  6.563   0.375 -10.437] [ 1.35  1.78  9.64]
-23.270272 [  6.5    0.   -10.75] [ 1.28  1.83  9.63]
-23.370791 [  6.438  -0.687 -11.062] [-0.12  1.88  9.62]
-23.471331 [  6.375  -1.312 -11.437] [-0.22  1.94  9.6 ]
-23.571824 [  6.313  -1.75  -11.562] [-0.3   1.97  9.6 ]
-23.672554 [  6.313  -2.312 -11.687] [-0.39  1.99  9.59]
-23.773358 [  6.25   -2.812 -11.75 ] [-0.47  1.99  9.58]
-23.874294 [  6.188  -3.25  -11.75 ] [-0.55  1.99  9.58]
-23.976206 [  6.125  -3.625 -11.75 ] [-0.63  1.99  9.58]
-24.077786 [  6.125  -4.    -11.687] [-0.69  1.99  9.57]
-24.179348 [  6.063  -4.312 -11.437] [-0.74  1.94  9.58]
-24.280819 [  6.     -4.625 -11.187] [-0.8   1.89  9.58]
-24.382392 [  6.     -4.937 -10.812] [-0.84  1.83  9.59]
-24.484261 [  6.     -5.    -10.312] [  -0.86    1.76 -318.08]
-24.586109 [ 6.    -5.062 -9.875] [-0.86  1.67  9.62]
-24.687546 [ 2.    -5.062 -9.437] [-0.86  1.6   9.63]
-24.789864 [ 6.    -5.062 -8.937] [-0.86  1.52  9.64]
-24.893573 [ 5.938 -5.062 -8.562] [-0.86  1.46  9.65]
-24.996752 [ 5.938 -5.062 -8.312] [-0.87  1.41  9.66]
-25.098328 [ 5.938 -5.062 -7.875] [-0.87  1.34  9.67]
-25.20078 [ 5.938 -5.062 -7.375] [-0.86  1.25  9.68]
-25.304072 [ 5.938 -4.687 -6.875] [-0.81  1.17  9.7 ]
-25.406355 [ 5.938 -4.062 -6.562] [-0.7   1.11  9.71]
-25.507822 [ 6.    -3.375 -6.375] [-0.58  1.09  9.72]
-25.609671 [ 2.    -2.937 -6.312] [-0.5   1.08  9.73]
-25.71185 [ 6.    -2.437 -6.312] [-0.42  1.08  9.73]
-25.815121 [ 6.063 -1.812 -6.312] [-0.32  1.08  9.74]
-25.917674 [ 6.063 -1.375 -6.312] [-0.23  1.08  9.74]
-26.019008 [ 6.125 -1.    -6.312] [-0.17  1.07  9.74]
-26.12042 [ 6.125 -0.625 -6.312] [-0.11  1.07  9.74]
-26.222021 [ 6.125 -0.25  -6.375] [-0.05  1.09  9.74]
-26.323585 [ 6.188 -0.062 -6.687] [-0.01  1.14  9.73]
-26.425055 [ 6.188  0.125 -7.125] [ 1.3   1.21  9.73]
-26.526491 [ 6.188  0.375 -7.625] [ 1.34  1.3   9.71]
-26.627957 [ 6.188  0.438 -8.187] [ 1.35  1.4   9.7 ]
-26.729338 [ 6.188  0.5   -8.75 ] [ 1.37  1.49  9.69]
-26.830517 [ 6.188  0.563 -9.25 ] [ 1.37  1.58  9.67]
-26.932445 [ 6.188  0.563 -9.687] [ 1.37  1.65  9.66]
-27.034146 [  6.188   0.563 -10.   ] [ 1.37  1.7   9.65]
-27.13583 [  6.188   0.563 -10.437] [ 1.37  1.78  9.64]
-27.237791 [  6.188   0.375 -10.75 ] [ 1.35  1.82  9.63]
-27.339168 [  6.125   0.063 -11.   ] [ 1.29  1.87  9.62]
-27.440935 [  1.875  -0.437 -11.312] [-0.07  1.92  9.61]
-27.543212 [  6.063  -1.062 -11.5  ] [-0.18  1.96  9.6 ]
-27.646629 [  6.     -1.687 -11.687] [-0.28  1.98  9.59]
-27.74895 [  5.938  -2.187 -11.687] [-0.38  1.98  9.59]
-27.850238 [  5.875  -2.687 -11.687] [-0.46  1.98  9.59]
-27.951677 [  5.813  -3.187 -11.687] [-0.54  1.98  9.58]
-28.054126 [  5.75   -3.562 -11.687] [-0.61  1.98  9.58]
-28.157144 [  5.75   -4.    -11.687] [-0.68  1.98  9.57]
-28.259428 [  5.688  -4.312 -11.5  ] [-0.74  1.94  9.58]
-28.360736 [  5.688  -4.687 -11.062] [-0.8   1.88  9.59]
-28.462743 [  5.625  -5.    -10.75 ] [-0.85  1.82  9.59]
-28.566185 [  5.625  -5.062 -10.25 ] [-0.87  1.75  9.6 ]
-28.669043 [ 5.625 -5.062 -9.812] [-0.87  1.67  9.62]
-28.770776 [ 5.625 -5.062 -9.375] [-0.87  1.6   9.63]
-28.872175 [ 5.625 -5.062 -8.875] [-0.87  1.51  9.64]
-28.973893 [ 5.563 -5.125 -8.5  ] [-0.87  1.45  9.65]
-29.075122 [ 5.563 -5.125 -8.25 ] [-0.87  1.4   9.66]
-29.176413 [ 5.563 -5.125 -7.812] [-0.87  1.33  9.67]
-29.277863 [ 5.563 -5.    -7.125] [-0.86  1.22  9.69]
-29.379295 [ 5.563 -4.5   -6.812] [-0.77  1.16  9.7 ]
-29.480714 [ 5.625 -3.625 -6.625] [-0.62  1.13  9.72]
-29.58231 [ 5.688 -3.062 -6.437] [-0.52  1.1   9.72]
-29.683763 [ 5.688 -2.687 -6.375] [-0.46  1.09  9.73]
-29.785336 [ 5.688 -2.187 -6.312] [-0.37  1.08  9.73]
-29.88692 [ 5.75  -1.625 -6.312] [-0.28  1.08  9.74]
-29.988518 [ 5.75  -1.187 -6.312] [-0.21  1.08  9.74]
-30.090453 [ 5.813 -0.687 -6.312] [-0.12  1.08  9.74]
-30.19197 [ 5.813 -0.312 -6.312] [-0.06  1.08  9.74]
-30.294233 [ 5.813 -0.125 -6.375] [-0.02  1.09  9.74]
-30.396694 [ 5.813  0.063 -6.562] [ 0.01  1.12  9.74]
-30.499572 [ 5.813  0.375 -6.937] [ 1.34  1.18  9.73]
-30.601521 [ 5.875  0.5   -7.312] [ 1.36  1.24  9.72]
-30.702982 [ 5.875  0.563 -7.875] [ 1.38  1.34  9.71]
-30.805277 [ 5.875  0.563 -8.437] [ 1.38  1.44  9.69]
-30.908636 [ 5.875  0.563 -8.937] [ 0.1   1.51  9.68]
-31.011611 [ 5.813  0.563 -9.375] [ 1.38  1.6   9.67]
-31.113099 [ 5.813  0.563 -9.75 ] [ 1.38  1.66  9.66]
-31.214673 [  5.813   0.563 -10.125] [ 1.38  1.72  9.65]
-31.317103 [  5.813   0.5   -10.562] [ 1.37  1.8   9.63]
-31.420259 [  5.813   0.    -10.875] [ 1.29  1.84  9.63]
-31.52241 [  5.688  -0.625 -11.25 ] [-0.1   1.91  9.61]
-31.623841 [  5.625  -1.25  -11.5  ] [-0.22  1.96  9.6 ]
-31.725297 [  5.563  -1.812 -11.687] [-0.31  1.99  9.59]
-31.826733 [  5.5    -2.312 -11.75 ] [-0.39  2.    9.59]
-31.92833 [  5.5   -2.75 -11.75] [-0.47  2.    9.58]
-32.03008 [  5.438  -3.187 -11.75 ] [-0.55  2.    9.58]
-32.131788 [  5.375  -3.687 -11.75 ] [-0.62  2.    9.57]
-32.233813 [  5.313  -4.062 -11.687] [-0.7   1.99  9.57]
-32.335509 [  5.313  -4.375 -11.437] [-0.74  1.94  9.58]
-32.436497 [  5.25   -4.625 -11.062] [-0.79  1.87  9.59]
-32.53776 [  5.25   -4.937 -10.687] [-0.84  1.81  9.59]
-32.638923 [  5.188  -5.062 -10.187] [-0.87  1.73  9.61]
-32.739963 [ 5.188 -5.125 -9.812] [-0.87  1.66  9.62]
-32.840791 [ 2.812 -5.125 -9.312] [-0.87  1.58  9.63]
-32.94288 [ 5.188 -5.125 -8.687] [-0.87  1.48  9.65]
-33.044754 [ 5.125 -5.25  -7.   ] [-0.89  1.19  9.69]
-33.146757 [ 5.125 -5.25  -6.875] [-0.9   1.17  9.69]
-33.24996 [ 2.875 -5.25  -6.625] [-0.9   1.12  9.69]
-33.352807 [ 5.125 -5.062 -6.375] [-0.87  1.09  9.7 ]
-33.454942 [ 5.188 -4.312 -6.375] [-0.74  1.08  9.71]
-33.556663 [ 5.188 -3.687 -6.312] [-0.63  1.07  9.72]
-33.659374 [ 2.75  -3.187 -6.187] [-0.55  1.05  9.73]
-33.762692 [ 5.25  -2.812 -6.125] [-0.49  1.05  9.73]
-33.864854 [ 5.25  -2.437 -6.125] [-0.41  1.05  9.74]
-33.966449 [ 5.313 -1.875 -6.125] [-0.32  1.05  9.74]
-34.068996 [ 5.313 -1.375 -6.125] [-0.24  1.05  9.74]
-34.172467 [ 5.375 -1.    -6.125] [-0.18  1.05  9.74]
-34.275046 [ 5.375 -0.562 -6.125] [-0.1   1.04  9.74]
-34.376591 [ 5.375 -0.312 -6.187] [-0.05  1.06  9.74]
