-0.075036 [ 0.     0.063 -6.437] [ 1.29  1.1   9.74]
-0.178602 [ 8.     0.063 -6.437] [ 0.01  1.1   9.74]
-0.28145 [ 8.     0.063 -6.437] [ 0.01  1.1   9.74]
-0.383288 [ 8.     0.063 -6.437] [ 1.29  1.1   9.74]
-0.484768 [ 0.     0.063 -6.437] [ 1.29  1.1   9.74]
-0.58707 [ 0.     0.063 -6.437] [ 1.29  1.1   9.74]
-0.690193 [ 8.     0.063 -6.437] [ 0.01  1.1   9.74]
-0.79305 [ 8.     0.063 -6.437] [ 1.29  1.1   9.74]
-0.894586 [ 8.     0.063 -6.437] [ 1.29  1.1   9.74]
-0.99652 [ 0.     0.063 -6.437] [ 1.29  1.1   9.74]
-1.099318 [ 8.     0.063 -6.437] [ 1.29  1.1   9.74]
-1.202487 [ 8.     0.063 -6.437] [ 1.29  1.1   9.74]
-1.304534 [ 8.     0.063 -6.437] [ 1.29  1.1   9.74]
-1.405914 [ 8.     0.063 -6.437] [ 1.29  1.1   9.74]
-1.507297 [ 8.     0.063 -6.437] [ 1.29  1.1   9.74]
-1.608784 [ 8.     0.063 -6.437] [ 1.29  1.1   9.74]
-1.710631 [ 0.     0.063 -6.437] [ 1.29  1.1   9.74]
-1.813316 [ 8.     0.063 -6.437] [ 1.29  1.1   9.74]
-1.915301 [ 8.     0.063 -6.437] [ 1.29  1.1   9.74]
-2.017093 [ 8.     0.063 -6.437] [ 1.29  1.1   9.74]
-2.119684 [ 8.     0.063 -6.437] [ 0.01  1.1   9.74]
-2.22305 [ 0.     0.063 -6.437] [ 1.29  1.1   9.74]
-2.325326 [ 8.     0.063 -6.437] [ 1.29  1.1   9.74]
-2.426668 [ 8.     0.063 -6.437] [ 1.29  1.1   9.74]
-2.52817 [ 0.     0.063 -6.437] [ 1.29  1.1   9.74]
-2.630238 [ 8.     0.063 -6.437] [ 0.01  1.1   9.74]
-2.733308 [ 8.     0.063 -6.437] [ 1.29  1.1   9.74]
-2.835934 [ 8.     0.063 -6.437] [ 1.29  1.1   9.74]
-2.937607 [ 8.     0.063 -6.437] [ 1.29  1.1   9.74]
-3.039314 [ 8.     0.063 -6.437] [ 1.29  1.1   8.46]
-3.141934 [ 8.     0.063 -6.437] [ 1.29  1.1   9.74]
-3.245517 [ 8.     0.063 -6.437] [ 0.01  1.1   9.74]
-3.347351 [ 8.     0.063 -6.437] [ 1.29  1.1   8.46]
-3.448742 [ 8.     0.063 -6.437] [ 1.29  1.1   9.74]
-3.550395 [ 8.     0.063 -6.437] [ 1.29  1.1   9.74]
-3.653146 [ 8.     0.063 -6.437] [ 1.29  1.1   9.74]
-3.756438 [ 8.     0.063 -6.437] [ 1.29  1.1   9.74]
-3.858463 [ 8.     0.063 -6.437] [ 1.29  1.1   9.74]
-3.959871 [ 8.     0.063 -6.437] [ 1.29  1.1   9.74]
-4.061301 [ 8.     0.063 -6.437] [ 1.29  1.1   9.74]
-4.162775 [ 8.     0.063 -6.437] [ 1.29  1.1   9.74]
-4.264715 [ 8.     0.063 -6.437] [ 1.29  1.1   9.74]
-4.367134 [ 8.     0.063 -6.437] [ 1.29  1.1   9.74]
-4.468819 [ 8.     0.063 -6.437] [ 1.29  1.1   9.74]
-4.570105 [ 8.     0.063 -6.437] [ 1.29  1.1   9.74]
-4.671913 [ 8.     0.063 -6.437] [ 1.29  1.1   9.74]
-4.774999 [ 8.     0.063 -6.437] [ 1.29  1.1   9.74]
-4.877801 [ 8.     0.063 -6.437] [ 1.29  1.1   9.74]
-4.979695 [ 8.     0.063 -6.437] [ 1.29  1.1   9.74]
-5.081034 [ 8.     0.063 -6.437] [ 1.29  1.1   9.74]
-5.182726 [ 8.     0.063 -6.437] [ 1.29  1.1   9.74]
-5.285502 [ 8.     0.063 -6.437] [ 1.29  1.1   9.74]
-5.388418 [ 8.     0.063 -6.437] [ 1.29  1.1   9.74]
-5.490463 [ 8.     0.063 -6.437] [ 1.29  1.1   9.74]
-5.591978 [ 8.     0.063 -6.437] [ 1.29  1.1   9.74]
-5.694194 [ 8.     0.063 -6.437] [ 0.01  1.1   9.74]
-5.797564 [ 8.     0.063 -6.437] [ 1.29  1.1   9.74]
-5.900043 [ 8.     0.063 -6.437] [ 1.29  1.1   9.74]
-6.001681 [ 8.     0.063 -6.437] [ 1.29  1.1   9.74]
-6.103113 [ 8.     0.063 -6.437] [ 1.29  1.1   9.74]
-6.205438 [ 0.     0.063 -6.437] [ 0.01  1.1   9.74]
-6.308793 [ 8.     0.063 -6.437] [ 1.29  1.1   9.74]
-6.411366 [ 8.     0.063 -6.437] [ 1.29  1.1   9.74]
-6.512776 [ 8.     0.063 -6.437] [ 1.29  1.1   9.74]
-6.614261 [ 8.     0.063 -6.437] [ 1.29  1.1   9.74]
-6.715762 [ 8.     0.063 -6.437] [ 1.29  1.1   9.74]
-6.81731 [ 8.     0.063 -6.437] [ 1.29  1.1   9.74]
-6.919714 [ 8.     0.063 -6.437] [ 0.01  1.1   9.74]
-7.021946 [ 8.     0.063 -6.437] [ 1.29  1.1   9.74]
-7.123644 [ 8.     0.063 -6.437] [ 1.29  1.1   9.74]
-7.225376 [ 0.     0.063 -6.437] [ 1.29  1.1   8.46]
-7.327712 [ 8.     0.063 -6.437] [ 1.29  1.1   9.74]
-7.430907 [ 8.     0.063 -6.437] [ 1.29  1.1   9.74]
-7.533038 [ 8.     0.063 -6.437] [ 1.29  1.1   9.74]
-7.634339 [ 8.     0.063 -6.437] [ 1.29  1.1   9.74]
-7.736039 [ 8.     0.063 -6.437] [ 1.29  1.1   9.74]
-7.838535 [ 8.     0.063 -6.437] [ 1.29  1.1   9.74]
-7.941698 [ 8.     0.063 -6.437] [ 1.29  1.1   9.74]
-8.044384 [ 8.     0.063 -6.437] [ 1.29  1.1   9.74]
-8.145949 [ 8.     0.063 -6.437] [ 1.29  1.1   9.74]
-8.248295 [ 0.     0.063 -6.437] [ 1.29  1.1   9.74]
-8.351257 [ 0.     0.063 -6.437] [ 1.29  1.1   9.74]
-8.45371 [ 8.     0.063 -6.437] [ 0.01  1.1   9.74]
-8.555447 [ 8.     0.063 -6.437] [ 1.29  1.1   9.74]
-8.657011 [ 0.     0.063 -6.437] [ 1.29  1.1   9.74]
-8.759383 [ 8.     0.063 -6.437] [ 1.29  1.1   9.74]
-8.862602 [ 8.     0.063 -6.437] [ 0.01  1.1   9.74]
-8.965934 [ 8.     0.063 -6.437] [ 1.29  1.1   9.74]
-9.067633 [ 8.     0.063 -6.437] [ 1.29  1.1   9.74]
-9.16912 [ 8.     0.063 -6.437] [ 1.29  1.1   9.74]
-9.270762 [ 8.     0.063 -6.437] [ 1.29  1.1   9.74]
-9.372782 [ 0.     0.063 -6.437] [ 1.29  1.1   9.74]
-9.475328 [ 8.     0.063 -6.437] [ 0.01  1.1   9.74]
-9.577136 [ 8.     0.063 -6.437] [ 1.29  1.1   9.74]
-9.678555 [ 8.     0.063 -6.437] [ 1.29  1.1   9.74]
-9.780751 [ 8.     0.063 -6.437] [ 0.01  1.1   9.74]
-9.88421 [ 0.     0.063 -6.437] [ 0.01  1.1   9.74]
-9.986529 [ 8.     0.063 -6.437] [ 1.29  1.1   9.74]
-10.088419 [ 8.     0.063 -6.437] [ 1.29  1.1   9.74]
-10.189941 [ 0.     0.063 -6.437] [ 1.29  1.1   9.74]
-10.292398 [ 8.     0.063 -6.437] [ 1.29  1.1   9.74]
-10.395549 [ 8.     0.063 -6.437] [ 1.29  1.1   9.74]
-10.497873 [ 8.     0.063 -6.437] [ 1.29  1.1   9.74]
-10.599393 [ 8.     0.063 -6.437] [ 1.29  1.1   9.74]
-10.701474 [ 8.     0.063 -6.437] [ 1.29  1.1   9.74]
-10.805228 [ 8.     0.063 -6.437] [ 1.29  1.1   9.74]
-10.908028 [ 8.     0.063 -6.437] [ 1.29  1.1   9.74]
-11.009992 [ 8.     0.063 -6.437] [ 1.29  1.1   9.74]
-11.111586 [ 8.     0.063 -6.437] [ 1.29  1.1   9.74]
-11.21435 [ 8.     0.063 -6.437] [ 1.29  1.1   9.74]
-11.317613 [ 8.     0.063 -6.437] [ 0.01  1.1   9.74]
-11.419837 [ 8.     0.063 -6.437] [ 1.29  1.1   9.74]
-11.521113 [ 8.     0.063 -6.437] [ 1.29  1.1   9.74]
-11.622264 [ 8.     0.063 -6.437] [ 1.29  1.1   9.74]
-11.723735 [ 8.     0.063 -6.437] [ 1.29  1.1   9.74]
-11.82523 [ 8.     0.063 -6.437] [ 0.01  1.1   9.74]
-11.927659 [ 8.     0.063 -6.437] [ 1.29  1.1   9.74]
-12.029885 [ 8.     0.063 -6.437] [ 1.29  1.1   9.74]
-12.131387 [ 8.     0.063 -6.437] [ 1.29  1.1   9.74]
-12.232827 [ 8.     0.063 -6.437] [ 1.29  1.1   9.74]
-12.335129 [ 8.     0.063 -6.437] [ 1.29  1.1   9.74]
-12.438375 [ 8.     0.063 -6.437] [ 0.01  1.1   9.74]
-12.540816 [ 8.     0.063 -6.437] [ 1.29  1.1   9.74]
-12.642492 [ 8.     0.063 -6.437] [ 1.29  1.1   9.74]
-12.744025 [ 8.     0.063 -6.437] [ 1.29  1.1   9.74]
-12.846494 [ 8.     0.063 -6.437] [ 1.29  1.1   9.74]
-12.949681 [ 8.     0.063 -6.437] [ 1.29  1.1   9.74]
-13.052016 [ 8.     0.063 -6.437] [ 1.29  1.1   9.74]
-13.153642 [ 8.     0.063 -6.437] [ 1.29  1.1   9.74]
-13.255653 [ 8.     0.063 -6.437] [ 0.01  1.1   9.74]
-13.358508 [ 8.     0.063 -6.437] [ 1.29  1.1   9.74]
-13.461593 [ 8.     0.063 -6.437] [ 0.01  1.1   9.74]
-13.563521 [ 8.     0.063 -6.437] [ 1.29  1.1   9.74]
-13.66499 [ 0.     0.063 -6.437] [ 1.29  1.1   9.74]
-13.76749 [ 8.     0.063 -6.437] [ 1.29  1.1   9.74]
-13.870743 [ 8.     0.063 -6.437] [ 1.29  1.1   9.74]
-13.973099 [ 8.     0.063 -6.437] [ 1.29  1.1   9.74]
-14.075036 [ 8.     0.063 -6.437] [ 1.29  1.1   9.74]
-14.176723 [ 8.     0.063 -6.437] [ 1.29  1.1   9.74]
-14.278208 [ 8.     0.063 -6.437] [ 1.29  1.1   9.74]
-14.379881 [ 8.     0.063 -6.437] [ 1.29  1.1   9.74]
-14.482187 [ 8.     0.063 -6.437] [ 0.01  1.1   9.74]
-14.584453 [ 8.     0.063 -6.437] [ 1.29  1.1   9.74]
-14.685962 [ 8.     0.063 -6.437] [ 1.29  1.1   9.74]
-14.787863 [ 8.     0.063 -6.437] [ 1.29  1.1   9.74]
-14.89079 [ 8.     0.063 -6.437] [ 1.29  1.1   9.74]
-14.993874 [ 8.     0.063 -6.437] [ 0.01  1.1   9.74]
-15.095998 [ 8.     0.063 -6.437] [ 1.29  1.1   9.74]
-15.1975 [ 8.     0.063 -6.437] [ 1.29  1.1   9.74]
-15.299884 [ 0.     0.063 -6.437] [ 1.29  1.1   9.74]
-15.403115 [ 8.     0.063 -6.437] [ 0.01  1.1   9.74]
-15.505641 [ 8.     0.063 -6.437] [ 1.29  1.1   9.74]
-15.607203 [ 8.     0.063 -6.437] [ 1.29  1.1   9.74]
-15.708625 [ 8.     0.063 -6.437] [ 1.29  1.1   9.74]
-15.811157 [ 8.     0.063 -6.437] [ 1.29  1.1   9.74]
-15.914517 [ 8.     0.063 -6.437] [ 1.29  1.1   9.74]
-16.016938 [ 8.     0.063 -6.437] [ 1.29  1.1   9.74]
-16.118521 [ 8.     0.063 -6.437] [ 1.29  1.1   9.74]
-16.220133 [ 0.     0.063 -6.437] [ 1.29  1.1   9.74]
-16.322574 [ 0.     0.063 -6.437] [ 1.29  1.1   9.74]
-16.42586 [ 8.     0.063 -6.437] [ 1.29  1.1   9.74]
-16.528181 [ 8.     0.063 -6.437] [ 1.29  1.1   9.74]
-16.629432 [ 8.     0.063 -6.437] [ 1.29  1.1   9.74]
-16.731456 [ 8.     0.063 -6.437] [ 1.29  1.1   9.74]
-16.833307 [ 8.     0.063 -6.437] [ 1.29  1.1   9.74]
-16.935674 [ 8.     0.063 -6.437] [ 1.29  1.1   9.74]
-17.038216 [ 8.     0.063 -6.437] [ 1.29  1.1   9.74]
-17.139917 [ 8.     0.063 -6.437] [ 1.29  1.1   9.74]
-17.241292 [ 8.     0.063 -6.437] [ 1.29  1.1   9.74]
-17.343586 [ 8.     0.063 -6.437] [ 1.29  1.1   9.74]
-17.446803 [ 8.     0.063 -6.437] [ 1.29  1.1   9.74]
-17.549008 [ 8.     0.063 -6.437] [ 1.29  1.1   9.74]
-17.65056 [ 8.     0.063 -6.437] [ 1.29  1.1   9.74]
-17.751941 [ 0.     0.063 -6.437] [ 1.29  1.1   9.74]
-17.854196 [ 8.     0.063 -6.437] [ 1.29  1.1   9.74]
-17.957638 [ 8.     0.063 -6.437] [ 0.01  1.1   9.74]
-18.060009 [ 8.     0.063 -6.437] [ 1.29  1.1   9.74]
-18.161574 [ 8.     0.063 -6.437] [ 1.29  1.1   9.74]
-18.263107 [ 8.     0.063 -6.437] [ 1.29  1.1   9.74]
-18.365439 [ 0.     0.063 -6.437] [ 0.01  1.1   9.74]
-18.468723 [ 8.     0.063 -6.437] [ 1.29  1.1   9.74]
-18.571075 [ 8.     0.063 -6.437] [ 1.29  1.1   9.74]
-18.672389 [ 8.     0.063 -6.437] [ 1.29  1.1   9.74]
-18.774229 [ 8.     0.063 -6.437] [ 1.29  1.1   9.74]
-18.87704 [ 0.     0.063 -6.437] [ 1.29  1.1   9.74]
-18.98047 [ 8.     0.063 -6.437] [ 1.29  1.1   9.74]
-19.082565 [ 8.     0.063 -6.437] [ 1.29  1.1   9.74]
-19.184247 [ 8.     0.063 -6.437] [ 1.29  1.1   9.74]
-19.285562 [ 8.     0.063 -6.437] [ 1.29  1.1   9.74]
-19.386932 [ 8.     0.063 -6.437] [ 1.29  1.1   9.74]
-19.488417 [ 0.     0.063 -6.437] [ 1.29  1.1   9.74]
-19.590523 [ 8.     0.063 -6.437] [ 1.29  1.1   9.74]
-19.692711 [ 8.     0.063 -6.437] [ 1.29  1.1   9.74]
-19.794285 [ 8.     0.063 -6.437] [ 1.29  1.1   9.74]
-19.896525 [ 0.     0.063 -6.437] [ 1.29  1.1   9.74]
-19.999694 [ 8.     0.063 -6.437] [ 1.29  1.1   9.74]
-20.102504 [ 8.     0.063 -6.437] [ 0.01  1.1   9.74]
-20.204538 [ 8.     0.063 -6.437] [ 1.29  1.1   9.74]
-20.305856 [ 8.     0.063 -6.437] [ 1.29  1.1   9.74]
-20.407924 [ 0.     0.063 -6.437] [ 1.29  1.1   9.74]
-20.51091 [ 0.     0.063 -6.437] [ 0.01  1.1   9.74]
-20.613391 [ 8.     0.063 -6.437] [ 0.01  1.1   9.74]
-20.715438 [ 8.     0.063 -6.437] [ 1.29  1.1   9.74]
-20.817005 [ 8.     0.063 -6.437] [ 1.29  1.1   9.74]
-20.919264 [ 8.     0.063 -6.437] [ 0.01  1.1   9.74]
-21.022562 [ 8.     0.063 -6.437] [ 1.29  1.1   9.74]
-21.125058 [ 8.     0.063 -6.437] [ 1.29  1.1   9.74]
-21.226581 [ 8.     0.063 -6.437] [ 1.29  1.1   9.74]
-21.328313 [ 8.     0.063 -6.437] [ 1.29  1.1   9.74]
-21.430902 [ 0.     0.063 -6.437] [ 0.01  1.1   9.74]
-21.53419 [ 8.     0.063 -6.437] [ 1.29  1.1   9.74]
-21.636428 [ 8.     0.063 -6.437] [ 1.29  1.1   9.74]
-21.737899 [  8.00000000e+00   6.30000000e-02   2.04156300e+03] [ 1.29  1.1   9.74]
-21.838993 [ 8.     0.063 -6.437] [ 1.29  1.1   9.74]
-21.941141 [ 0.     0.063 -6.437] [ 1.29  1.1   9.74]
-22.043325 [ 0.     0.063 -6.437] [ 1.29  1.1   9.74]
-22.1459 [ 8.     0.063 -6.437] [ 0.01  1.1   9.74]
-22.247613 [ 8.     0.063 -6.437] [ 1.29  1.1   9.74]
-22.348957 [ 0.     0.063 -6.437] [ 1.29  1.1   9.74]
-22.450873 [ 8.     0.063 -6.437] [ 1.29  1.1   9.74]
-22.554055 [ 0.     0.063 -6.437] [ 1.29  1.1   9.74]
-22.656679 [ 8.     0.063 -6.437] [ 0.01  1.1   9.74]
-22.758578 [ 8.     0.063 -6.437] [ 1.29  1.1   9.74]
-22.860178 [ 8.     0.063 -6.437] [ 1.29  1.1   9.74]
-22.962538 [ 8.     0.063 -6.437] [ 0.01  1.1   9.74]
-23.065905 [ 8.     0.063 -6.437] [ 1.29  1.1   9.74]
-23.16826 [ 8.     0.063 -6.437] [ 1.29  1.1   9.74]
-23.269774 [ 8.     0.063 -6.437] [ 1.29  1.1   9.74]
-23.371563 [ 0.     0.063 -6.437] [ 1.29  1.1   9.74]
-23.47451 [ 8.     0.063 -6.437] [ 1.29  1.1   9.74]
-23.57788 [ 8.     0.063 -6.437] [ 0.01  1.1   9.74]
-23.679809 [ 8.     0.063 -6.437] [ 1.29  1.1   9.74]
-23.781136 [ 8.     0.063 -6.437] [ 1.29  1.1   9.74]
-23.883362 [ 8.     0.063 -6.437] [ 1.29  1.1   9.74]
-23.986749 [ 8.     0.063 -6.437] [ 1.29  1.1   9.74]
-24.089312 [ 8.     0.063 -6.437] [ 1.29  1.1   9.74]
-24.191039 [ 8.     0.063 -6.437] [ 1.29  1.1   9.74]
-24.292611 [ 8.     0.063 -6.437] [ 1.29  1.1   9.74]
-24.394096 [ 8.     0.063 -6.437] [ 1.29  1.1   9.74]
-24.495456 [ 0.     0.063 -6.437] [ 1.29  1.1   9.74]
-24.598191 [ 8.     0.063 -6.437] [ 0.01  1.1   9.74]
-24.70041 [ 8.     0.063 -6.437] [ 1.29  1.1   9.74]
-24.801949 [ 8.     0.063 -6.437] [ 1.29  1.1   9.74]
-24.903698 [ 0.     0.063 -6.437] [ 1.29  1.1   9.74]
-25.006547 [ 8.     0.063 -6.437] [ 1.29  1.1   9.74]
-25.109716 [ 8.     0.063 -6.437] [ 1.29  1.1   9.74]
-25.211584 [ 8.     0.063 -6.437] [ 1.29  1.1   9.74]
-25.313052 [ 8.     0.063 -6.437] [ 1.29  1.1   9.74]
-25.415273 [ 0.     0.063 -6.437] [ 0.01  1.1   9.74]
-25.518447 [ 0.     0.063 -6.437] [ 1.29  1.1   9.74]
-25.620872 [ 8.     0.063 -6.437] [ 0.01  1.1   9.74]
-25.722617 [ 8.     0.063 -6.437] [ 1.29  1.1   9.74]
-25.824226 [ 8.     0.063 -6.437] [ 1.29  1.1   9.74]
-25.926508 [ 8.     0.063 -6.437] [ 1.29  1.1   9.74]
-26.029846 [ 8.     0.063 -6.437] [ 1.29  1.1   9.74]
-26.132213 [ 8.     0.063 -6.437] [ 1.29  1.1   9.74]
-26.233641 [ 8.     0.063 -6.437] [ 1.29  1.1   9.74]
-26.335046 [ 8.     0.063 -6.437] [ 1.29  1.1   9.74]
-26.437362 [ 0.     0.063 -6.437] [ 1.29  1.1   9.74]
-26.540438 [ 8.     0.063 -6.437] [ 0.01  1.1   9.74]
-26.64282 [ 8.     0.063 -6.437] [ 1.29  1.1   9.74]
-26.744664 [ 8.     0.063 -6.437] [ 1.29  1.1   9.74]
-26.846139 [ 8.     0.063 -6.437] [ 1.29  1.1   9.74]
-26.94756 [ 0.     0.063 -6.437] [ 1.29  1.1   9.74]
-27.048798 [ 8.     0.063 -6.437] [ 1.29  1.1   9.74]
-27.151046 [ 8.     0.063 -6.437] [ 0.01  1.1   9.74]
-27.255931 [ 8.     0.063 -6.437] [ 1.29  1.1   9.74]
-27.358154 [ 8.     0.063 -6.437] [ 1.29  1.1   9.74]
-27.461262 [ 8.     0.063 -6.437] [ 1.29  1.1   9.74]
-27.563676 [ 8.     0.063 -6.437] [ 1.29  1.1   9.74]
-27.665355 [ 8.     0.063 -6.437] [ 1.29  1.1   9.74]
-27.766778 [ 8.     0.063 -6.437] [ 1.29  1.1   9.74]
-27.868869 [ 8.     0.063 -6.437] [ 1.29  1.1   9.74]
-27.971807 [ 0.     0.063 -6.437] [ 0.01  1.1   9.74]
-28.074286 [ 8.     0.063 -6.437] [ 1.29  1.1   9.74]
-28.17623 [ 8.     0.063 -6.437] [ 1.29  1.1   9.74]
-28.27751 [ 0.     0.063 -6.437] [ 1.29  1.1   9.74]
-28.379633 [ 8.     0.063 -6.437] [ 0.01  1.1   9.74]
-28.482719 [ 8.     0.063 -6.437] [ 1.29  1.1   9.74]
-28.58518 [ 8.     0.063 -6.437] [ 0.01  1.1   9.74]
-28.686893 [ 8.     0.063 -6.437] [ 1.29  1.1   9.74]
-28.791257 [ 8.     0.063 -6.437] [ 1.29  1.1   9.74]
-28.894504 [ 8.     0.063 -6.437] [ 0.01  1.1   9.74]
-28.997139 [ 8.     0.063 -6.437] [ 1.29  1.1   9.74]
-29.098515 [ 8.     0.063 -6.437] [ 1.29  1.1   9.74]
-29.199939 [ 8.     0.063 -6.437] [ 1.29  1.1   9.74]
-29.301154 [ 8.     0.063 -6.437] [ 1.29  1.1   9.74]
-29.402938 [ 8.     0.063 -6.437] [ 1.29  1.1   9.74]
-29.505334 [ 8.     0.063 -6.437] [ 1.29  1.1   9.74]
-29.607511 [ 8.     0.063 -6.437] [ 1.29  1.1   9.74]
-29.709061 [ 8.     0.063 -6.437] [ 1.29  1.1   9.74]
-29.81146 [ 8.     0.063 -6.437] [ 1.29  1.1   9.74]
-29.914837 [ 8.     0.063 -6.437] [ 1.29  1.1   9.74]
-30.017653 [ 8.     0.063 -6.437] [ 1.29  1.1   9.74]
-30.119604 [ 8.     0.063 -6.437] [ 1.29  1.1   9.74]
-30.222177 [ 0.     0.063 -6.437] [ 0.01  1.1   9.74]
-30.325587 [ 8.     0.063 -6.437] [ 1.29  1.1   9.74]
-30.428562 [ 8.     0.063 -6.437] [ 1.29  1.1   9.74]
-30.530285 [ 8.     0.063 -6.437] [ 1.29  1.1   9.74]
-30.650581 [ 8.     0.063 -6.437] [ 1.29  1.1   9.74]
-30.724984 [ 0.     0.063 -6.437] [ 0.01  1.1   9.74]
-30.788231 [  0.00000000e+00   6.30000000e-02   2.03356300e+03] [  1.00000000e-02  -3.26580000e+02  -3.19220000e+02]
-30.84943 [  0.00000000e+00   6.30000000e-02   2.03356300e+03] [  1.00000000e-02  -3.26580000e+02  -3.19220000e+02]
-30.910036 [  0.00000000e+00   6.30000000e-02   2.03356300e+03] [  1.00000000e-02  -3.26580000e+02  -3.19220000e+02]
-30.970791 [  0.00000000e+00   6.30000000e-02   2.03356300e+03] [  1.00000000e-02  -3.26580000e+02  -3.19220000e+02]
-31.03136 [  0.00000000e+00   6.30000000e-02   2.03356300e+03] [  1.00000000e-02  -3.26580000e+02  -3.19220000e+02]
-31.091845 [  0.      0.063 -14.437] [  1.00000000e-02  -3.26580000e+02  -3.19220000e+02]
-31.152758 [  0.00000000e+00   6.30000000e-02   2.03356300e+03] [  1.00000000e-02  -3.26580000e+02  -3.19220000e+02]
-31.213419 [ 0.     0.063 -6.437] [ 0.01  1.1   9.74]
-31.276221 [  0.00000000e+00   6.30000000e-02   2.04156300e+03] [ 0.01  1.1   9.74]
-31.338898 [  0.00000000e+00   6.30000000e-02   2.03356300e+03] [  1.00000000e-02  -3.26580000e+02  -3.19220000e+02]
-31.40008 [  0.00000000e+00   6.30000000e-02   2.03356300e+03] [  1.00000000e-02  -3.26580000e+02  -3.19220000e+02]
-31.460643 [  0.00000000e+00   6.30000000e-02   2.03356300e+03] [  1.00000000e-02  -3.26580000e+02  -3.19220000e+02]
-31.521237 [  0.00000000e+00   6.30000000e-02   2.03356300e+03] [  1.00000000e-02  -3.26580000e+02  -3.19220000e+02]
-31.58183 [  0.00000000e+00   6.30000000e-02   2.03356300e+03] [  1.00000000e-02  -3.26580000e+02  -3.19220000e+02]
-31.642377 [  0.00000000e+00   6.30000000e-02   2.03356300e+03] [  1.00000000e-02  -3.26580000e+02  -3.19220000e+02]
-31.702967 [  0.00000000e+00   6.30000000e-02   2.03356300e+03] [  1.00000000e-02  -3.26580000e+02  -3.19220000e+02]
-31.763545 [ 0.     0.063 -6.437] [  1.00000000e-02  -3.26580000e+02  -3.19220000e+02]
-31.825235 [ 0.     0.063 -6.437] [ 0.01  1.1   9.74]
-31.888153 [  0.00000000e+00   6.30000000e-02   2.03356300e+03] [ 0.01  1.1   9.74]
-31.950672 [  0.00000000e+00   6.30000000e-02   2.03356300e+03] [  1.00000000e-02  -3.26580000e+02  -3.19220000e+02]
-32.011631 [  0.00000000e+00   6.30000000e-02   2.03356300e+03] [  1.00000000e-02  -3.26580000e+02  -3.19220000e+02]
-32.072127 [  0.00000000e+00   6.30000000e-02   2.03356300e+03] [  1.00000000e-02  -3.26580000e+02  -3.19220000e+02]
-32.13273 [  0.00000000e+00   6.30000000e-02   2.03356300e+03] [  1.00000000e-02  -3.26580000e+02  -3.19220000e+02]
-32.193199 [  0.00000000e+00   6.30000000e-02   2.03356300e+03] [  1.00000000e-02  -3.26580000e+02  -3.19220000e+02]
-32.253723 [  0.00000000e+00   6.30000000e-02   2.03356300e+03] [  1.00000000e-02  -3.26580000e+02  -3.19220000e+02]
-32.314082 [ 0.     0.063 -6.437] [  1.00000000e-02  -3.26580000e+02  -3.19220000e+02]
-32.375591 [ 0.     0.063 -6.437] [ 0.01  1.1   9.74]
-32.438551 [  0.00000000e+00   6.30000000e-02   2.03356300e+03] [ 0.01  1.1   9.74]
-32.500736 [  0.00000000e+00   6.30000000e-02   2.03356300e+03] [  1.00000000e-02  -3.26580000e+02  -3.19220000e+02]
-32.561921 [  0.00000000e+00   6.30000000e-02   2.03356300e+03] [  1.00000000e-02  -3.26580000e+02  -3.19220000e+02]
-32.622434 [  0.00000000e+00   6.30000000e-02   2.03356300e+03] [  1.00000000e-02  -3.26580000e+02  -3.19220000e+02]
-32.682853 [  0.00000000e+00   6.30000000e-02   2.03356300e+03] [  1.00000000e-02  -3.26580000e+02  -3.19220000e+02]
-32.743381 [  0.00000000e+00   6.30000000e-02   2.03356300e+03] [  1.00000000e-02  -3.26580000e+02  -3.19220000e+02]
-32.803885 [  0.00000000e+00   6.30000000e-02   2.03356300e+03] [  1.00000000e-02  -3.26580000e+02  -3.19220000e+02]
-32.864382 [  0.00000000e+00   6.30000000e-02   2.03356300e+03] [  1.00000000e-02  -3.26580000e+02  -3.19220000e+02]
-32.925102 [ 0.     0.063 -6.437] [  1.00000000e-02  -3.26580000e+02  -3.19220000e+02]
-32.986581 [ 0.     0.063 -6.437] [ 0.01  1.1   9.74]
-33.049573 [  0.00000000e+00   6.30000000e-02   2.03356300e+03] [ 0.01  1.1   9.74]
-33.11205 [  0.00000000e+00   6.30000000e-02   2.03356300e+03] [  1.00000000e-02  -3.26580000e+02  -3.19220000e+02]
-33.17297 [  0.00000000e+00   6.30000000e-02   2.03356300e+03] [  1.00000000e-02  -3.26580000e+02  -3.19220000e+02]
-33.233667 [  0.00000000e+00   6.30000000e-02   2.03356300e+03] [  1.00000000e-02  -3.26580000e+02  -3.19220000e+02]
-33.294175 [  0.00000000e+00   6.30000000e-02   2.03356300e+03] [  1.00000000e-02  -3.26580000e+02  -3.19220000e+02]
-33.354842 [  0.00000000e+00   6.30000000e-02   2.03356300e+03] [  1.00000000e-02  -3.26580000e+02  -3.19220000e+02]
-33.415317 [  0.00000000e+00   6.30000000e-02   2.03356300e+03] [  1.00000000e-02  -3.26580000e+02  -3.19220000e+02]
-33.475844 [ 0.     0.063 -6.437] [  1.00000000e-02  -3.26580000e+02  -3.19220000e+02]
-33.536972 [ 0.     0.063 -6.437] [ 0.01  1.1   9.74]
-33.599628 [ 0.     0.063 -6.437] [ 0.01  1.1   9.74]
-33.662658 [  0.00000000e+00   6.30000000e-02   2.03356300e+03] [  1.00000000e-02  -3.26580000e+02  -3.19220000e+02]
-33.723766 [  0.00000000e+00   6.30000000e-02   2.03356300e+03] [  1.00000000e-02  -3.26580000e+02  -3.19220000e+02]
-33.784246 [  0.00000000e+00   6.30000000e-02   2.03356300e+03] [  1.00000000e-02  -3.26580000e+02  -3.19220000e+02]
-33.844693 [  0.00000000e+00   6.30000000e-02   2.03356300e+03] [  1.00000000e-02  -3.26580000e+02  -3.19220000e+02]
-33.90512 [  0.00000000e+00   6.30000000e-02   2.03356300e+03] [  1.00000000e-02  -3.26580000e+02  -3.19220000e+02]
-33.965831 [  0.00000000e+00   6.30000000e-02   2.03356300e+03] [  1.00000000e-02  -3.26580000e+02  -3.19220000e+02]
-34.026378 [  0.      0.063 -14.437] [  1.00000000e-02  -3.26580000e+02  -3.19220000e+02]
-34.08734 [ 0.     0.063 -6.437] [  1.00000000e-02  -3.26580000e+02   8.46000000e+00]
-34.14944 [ 0.     0.063 -6.437] [ 0.01  1.1   9.74]
-34.212374 [  0.00000000e+00   6.30000000e-02   2.03356300e+03] [ 0.01  1.1   9.74]
-34.274064 [  0.00000000e+00   6.30000000e-02   2.03356300e+03] [  1.00000000e-02  -3.26580000e+02  -3.19220000e+02]
-34.33511 [  0.00000000e+00   6.30000000e-02   2.03356300e+03] [  1.00000000e-02  -3.26580000e+02  -3.19220000e+02]
