-0.074879 [ 7.563 -1.437 -9.062] [-0.23  1.53  8.4 ]
-0.17681 [  6.938  -4.312 -10.062] [-0.74  1.71  9.62]
-0.278628 [ 6.875 -5.75  -9.625] [-0.98  1.64  9.61]
-0.380331 [ 6.813 -6.625 -9.687] [-1.13  1.64  9.59]
-0.481776 [ 6.813 -7.062 -9.062] [-1.21  1.53  9.61]
-0.583192 [ 6.813 -7.312 -8.062] [-1.25  1.37  9.62]
-0.684532 [ 6.875 -7.375 -7.187] [-1.25  1.21  9.64]
-0.786232 [  6.875 -15.312  -6.   ] [-1.25  1.03  9.67]
-0.888248 [ 6.938 -7.125 -5.25 ] [-1.22  0.89  9.68]
-0.989824 [ 7.    -5.937 -4.375] [-1.01  0.74  9.72]
-1.092335 [ 7.    -4.062 -3.875] [-0.69  0.66  9.75]
-1.195784 [ 7.    -2.312 -3.937] [-0.42  0.67  9.77]
-1.29796 [ 6.875 -1.    -4.375] [-0.17  0.75  9.77]
-1.399433 [ 6.75   0.063 -6.125] [ 1.29  1.04  9.75]
-1.501288 [ 6.875  1.438 -8.   ] [ 1.52  1.37  9.7 ]
-1.604387 [ 6.875  1.625 -9.312] [ 1.56  1.58  9.67]
-1.707324 [  6.938   2.188 -10.437] [ 1.64  1.75  9.64]
-1.812002 [  0.937   2.625 -12.312] [ 0.45  2.09  9.57]
-1.915273 [  0.812   2.938 -13.437] [ 1.78  2.27  9.52]
-2.018642 [  7.125   2.438 -14.125] [ 1.69  2.39  9.5 ]
-2.120403 [  6.813   0.375 -14.437] [ 1.35  2.45  9.49]
-2.222047 [  6.813   0.    -14.312] [ 1.28  2.43  9.5 ]
-2.323434 [  6.813   0.063 -14.062] [ 1.29  2.38  9.51]
-2.424967 [  6.813  -0.125 -13.562] [-0.03  2.3   9.53]
-2.526364 [  6.875  -0.812 -12.812] [-0.13  2.18  9.55]
-2.627926 [  7.     -1.687 -10.812] [-0.27  1.84  9.62]
-2.729467 [  7.    -2.25 -10.5 ] [-0.38  1.79  9.63]
-2.830921 [  7.     -2.5   -10.125] [-0.43  1.73  9.64]
-2.932251 [ 7.    -2.562 -8.375] [-0.44  1.43  9.69]
-3.03345 [ 7.    -1.937 -6.312] [-0.34  1.07  9.74]
-3.134774 [ 7.125 -0.187 -5.625] [-0.03  0.96  9.75]
-3.238831 [ 7.25   1.5   -5.187] [ 0.24  0.89  9.76]
-3.341172 [ 7.313  2.125 -4.937] [ 1.65  0.85  9.76]
-3.442489 [ 7.375  2.375 -4.687] [ 0.41  0.8   9.76]
-3.544533 [ 7.375  2.438 -5.062] [ 1.7   0.86  9.75]
-3.647584 [ 0.687  2.688 -6.312] [ 1.74  1.08  9.73]
-3.750051 [ 7.375  2.313 -6.375] [ 0.4   1.1   9.73]
-3.851905 [ 7.25   1.563 -6.25 ] [ 1.54  1.07  9.74]
-3.953286 [ 7.125  0.188 -7.375] [ 1.31  1.26  9.72]
-4.055737 [ 7.063 -1.437 -8.875] [-0.25  1.51  9.68]
-4.159095 [ 7.    -2.937 -9.125] [-0.47  1.55  9.67]
-4.261472 [ 7.063 -4.375 -9.5  ] [-0.75  1.61  9.64]
-4.362918 [ 7.063 -5.5   -9.812] [-0.94  1.67  9.61]
-4.464354 [ 6.938 -6.375 -9.687] [-1.09  1.64  9.6 ]
-4.56621 [ 6.938 -6.875 -8.875] [-1.18  1.5   9.61]
-4.669308 [ 7.    -7.375 -7.687] [-1.25  1.32  9.63]
-4.774654 [ 7.    -7.437 -6.875] [-1.27  1.17  9.65]
-4.876243 [ 7.063 -7.437 -6.   ] [-1.27  1.02  9.66]
-4.977832 [ 7.063 -7.312 -5.25 ] [-1.25  0.89  9.68]
-5.079411 [ 7.188 -5.875 -4.312] [-1.    0.73  9.72]
-5.181122 [ 7.125 -3.312 -3.687] [-0.6   0.64  9.76]
-5.282806 [ 7.063 -1.812 -3.687] [-0.31  0.63  9.78]
-5.384316 [ 6.938 -0.687 -4.25 ] [-0.11  0.73  9.77]
-5.485671 [ 6.75   0.438 -6.   ] [ 1.36  1.03  9.75]
-5.58712 [ 6.813  1.063 -7.687] [ 1.46  1.31  9.71]
-5.688732 [ 6.813  1.438 -9.125] [ 1.53  1.55  9.67]
-5.790296 [  6.875   2.125 -11.062] [ 1.64  1.88  9.61]
-5.891974 [  7.      2.625 -12.375] [ 1.72  2.09  9.56]
-5.993555 [  7.063   2.813 -13.   ] [ 1.76  2.2   9.54]
-6.094939 [  6.938   2.375 -13.687] [ 1.69  2.32  9.51]
-6.196418 [  6.688   0.25  -14.125] [ 1.32  2.39  9.5 ]
-6.301147 [  6.563  -0.312 -14.062] [-0.06  2.39  9.5 ]
-6.403782 [  6.563  -0.187 -13.937] [-0.03  2.36  9.51]
-6.505337 [  6.625  -0.312 -13.187] [-0.05  2.24  9.54]
-6.606994 [  6.688  -0.875 -12.5  ] [-0.15  2.12  9.57]
-6.709479 [  6.688  -1.437 -11.5  ] [-0.25  1.95  9.6 ]
-6.812665 [ 6.813 -2.5   -8.937] [-0.42  1.55  9.67]
-6.91465 [ 6.813 -2.687 -8.625] [-0.46  1.47  9.68]
-7.016395 [ 6.813 -2.687 -8.187] [-0.47  1.39  9.69]
-7.118284 [ 6.938 -1.312 -7.312] [-0.23  1.25  9.72]
-7.221533 [ 0.937  0.063 -6.562] [ 0.01  1.13  9.74]
-7.324555 [ 7.125  1.188 -5.812] [ 1.48  0.99  9.75]
-7.42636 [ 7.25   1.875 -5.312] [ 1.6   0.91  9.75]
-7.528013 [ 7.313  2.375 -4.937] [ 1.69  0.84  9.76]
-7.629416 [ 7.25   2.375 -4.687] [ 1.68  0.8   9.76]
-7.733669 [ 7.25   2.563 -6.062] [ 1.72  1.01  9.74]
-7.835251 [ 7.25   2.375 -6.562] [ 1.69  1.12  9.73]
-7.937541 [ 7.125  1.75  -6.375] [ 1.58  1.09  9.74]
-8.039081 [ 6.938  0.063 -6.375] [ 1.29  1.09  9.74]
-8.140563 [ 6.875 -1.375 -6.687] [-0.23  1.14  9.73]
-8.242088 [ 6.875 -2.625 -8.75 ] [-0.45  1.49  9.68]
-8.34381 [-1689.062    -4.187    -9.187] [-0.72  1.56  9.65]
-8.445838 [ 7.063 -5.437 -9.687] [-0.91  1.64  9.62]
-8.547827 [ 7.    -6.437 -9.5  ] [-1.09  1.61  9.6 ]
-8.649755 [ 1.    -7.    -8.687] [-1.19  1.47  9.62]
-8.75263 [ 7.    -7.437 -7.625] [-1.27  1.29  9.63]
-8.855865 [ 7.    -7.562 -6.75 ] [-1.29  1.15  9.65]
-8.958004 [ 7.063 -7.437 -5.75 ] [-1.27  0.97  9.67]
-9.059413 [ 7.125 -7.125 -4.937] [-1.22  0.84  9.69]
-9.161609 [ 7.188 -5.562 -4.125] [-0.96  0.71  9.73]
-9.267459 [ 7.25  -3.437 -3.625] [-0.59  0.62  9.76]
-9.369193 [ 7.188 -2.187 -3.687] [-0.38  0.63  9.77]
-9.471291 [ 0.875 -0.75  -4.25 ] [-0.13  0.73  9.77]
-9.574496 [ 1.125  0.563 -5.562] [ 1.38  0.95  9.75]
-9.677344 [ 7.     1.438 -7.687] [ 1.52  1.31  9.71]
-9.779154 [ 7.     1.688 -8.937] [ 1.57  1.52  9.68]
-9.880559 [  7.125   2.25  -10.75 ] [ 1.67  1.83  9.62]
-9.981999 [  7.25    2.625 -12.187] [ 1.73  2.07  9.57]
-10.083431 [  7.313   2.813 -13.   ] [ 1.77  2.2   9.54]
-10.185339 [  7.375   2.75  -13.75 ] [ 1.75  2.33  9.51]
-10.287172 [  7.      0.5   -14.187] [ 1.4  2.4  9.5]
-10.388952 [  6.875  -0.5   -14.062] [-0.08  2.38  9.51]
-10.490513 [  6.938  -0.312 -13.875] [-0.05  2.35  9.51]
-10.591794 [  6.938  -0.437 -13.312] [-0.08  2.26  9.54]
-10.693147 [  6.938  -0.937 -12.625] [-0.16  2.15  9.56]
-10.797312 [  7.     -1.625 -10.75 ] [-0.26  1.88  9.62]
-10.899291 [ 7.063 -2.5   -8.687] [-0.43  1.48  9.68]
-11.000908 [  7.063 -10.625  -8.062] [-0.45  1.37  9.69]
-11.10282 [ 7.    -2.812 -7.625] [-0.48  1.3   9.7 ]
-11.206011 [ 7.063 -2.187 -6.875] [-0.37  1.17  9.72]
-11.308838 [ 7.188 -0.875 -6.062] [-0.17  1.06  9.74]
-11.410573 [ 7.375  0.875 -5.437] [ 1.43  0.93  9.76]
-11.512032 [ 7.5    1.813 -4.875] [ 1.59  0.83  9.76]
-11.614664 [ 0.437  2.375 -4.5  ] [ 0.4   0.77  9.76]
-11.718187 [ 7.563  2.313 -4.25 ] [ 1.68  0.72  9.77]
-11.820595 [ 7.5    2.438 -5.687] [ 1.7   0.97  9.74]
-11.922061 [ 7.5    2.313 -6.312] [ 1.67  1.08  9.73]
-12.02407 [ 7.5    1.688 -6.187] [ 1.57  1.06  9.74]
-12.127122 [ 0.625  0.063 -7.562] [ 0.01  1.29  9.72]
-12.230306 [ 7.313 -2.    -8.5  ] [-0.34  1.44  9.69]
-12.334147 [ 7.25  -3.062 -8.687] [-0.52  1.48  9.67]
-12.435801 [ 7.313 -4.562 -9.125] [-0.78  1.55  9.65]
-12.5375 [ 7.313 -5.562 -9.562] [-0.96  1.62  9.62]
-12.639227 [ 7.188 -6.562 -9.562] [-1.11  1.62  9.6 ]
-12.741212 [ 7.188 -7.062 -8.75 ] [-1.21  1.48  9.61]
-12.842679 [ 7.188 -7.5   -7.812] [-1.28  1.32  9.63]
-12.944378 [ 7.188 -7.562 -7.312] [-0.02  1.23  9.64]
-13.046043 [ 7.188 -7.625 -6.187] [-0.02  1.05  9.66]
-13.147712 [ 7.25  -7.5   -5.062] [-1.28  0.86  9.68]
-13.24949 [ 7.313 -6.187 -4.062] [  -1.08 -326.97    9.72]
-13.351482 [ 7.313 -4.312 -3.625] [-0.73  0.62  9.75]
-13.453167 [ 7.313 -2.687 -3.687] [-0.46  0.63  9.77]
-13.554953 [ 7.125 -1.437 -4.125] [-0.25  0.71  9.77]
-13.657763 [ 6.938 -0.25  -5.687] [-0.05  0.98  9.75]
-13.761472 [ 7.063  1.25  -7.687] [ 0.19  1.3   9.71]
-13.863805 [ 7.     1.438 -8.937] [ 1.52  1.53  9.68]
-13.965562 [  7.125   2.    -10.812] [ 1.63  1.84  9.62]
-14.068635 [  7.313   2.563 -12.312] [ 1.72  2.09  9.57]
-14.172035 [  7.313   2.813 -12.875] [ 0.48  2.17  9.55]
-14.273851 [  7.313   2.688 -13.562] [ 1.74  2.3   9.52]
-14.375279 [  7.      0.5   -14.125] [ 1.37  2.39  9.5 ]
-14.477824 [  1.125  -0.437 -14.125] [-0.08  2.39  9.5 ]
-14.581276 [  6.938  -0.25  -13.937] [-0.04  2.37  9.51]
-14.683975 [  7.    -0.5  -13.25] [-0.09  2.25  9.54]
-14.7856 [  7.063  -1.062 -12.75 ] [-0.18  2.16  9.56]
-14.887278 [  7.063  -1.625 -11.062] [-0.28  1.89  9.61]
-14.989106 [ 7.125 -2.5   -8.75 ] [-0.43  1.49  9.68]
-15.090907 [ 7.125 -2.812 -7.437] [-0.48  1.27  9.71]
-15.192701 [ 7.063 -2.812 -6.75 ] [-0.49  1.15  9.72]
-15.295468 [ 7.125 -2.25  -6.125] [-0.39  1.05  9.74]
-15.39701 [ 7.188 -1.    -5.625] [-0.17  0.97  9.75]
-15.498278 [ 7.375  0.688 -5.125] [ 1.4   0.88  9.76]
-15.600029 [ 7.5    1.813 -4.687] [ 1.59  0.8   9.76]
-15.701527 [    7.563     2.188  2043.625] [ 1.66  0.75  9.77]
-15.803207 [ 7.563  2.25  -4.625] [ 1.66  0.77  9.76]
-15.904763 [ 7.5    2.5   -5.937] [ 1.7   1.01  9.74]
-16.006085 [ 7.5    2.313 -6.625] [ 1.67  1.13  9.73]
-16.107561 [ 7.5    1.688 -6.437] [ 1.56  1.1   9.73]
-16.209745 [ 0.625  0.063 -6.562] [ 0.01  1.12  9.74]
-16.312802 [ 7.375 -1.437 -6.875] [-0.23  1.16  9.73]
-16.41507 [ 7.313 -2.75  -7.187] [-0.48  1.22  9.71]
-16.516646 [ 7.313 -4.125 -7.625] [-0.71  1.3   9.69]
-16.618341 [ 7.375 -5.125 -8.187] [-0.88  1.39  9.66]
-16.720757 [ 7.125 -7.375 -8.687] [-1.26  1.47  9.61]
-16.824343 [ 7.063 -7.937 -8.312] [-0.07  1.41  9.6 ]
-16.926429 [ 7.    -8.062 -7.437] [-0.1   1.26  9.62]
-17.028051 [ 7.    -8.    -6.562] [-0.09  1.11  9.64]
-17.130393 [ 7.125 -7.875 -5.687] [-0.06  0.96  9.66]
-17.233292 [ 7.188 -7.312 -4.875] [-1.25  0.83  9.68]
-17.336239 [ 7.375 -5.25  -3.937] [-0.9   0.67  9.74]
-17.438185 [ 7.25  -3.562 -3.562] [-0.61  0.61  9.76]
-17.539539 [ 7.25  -2.125 -3.625] [-0.37  0.62  9.77]
-17.641218 [ 7.125 -1.062 -4.062] [-0.19  0.69  9.78]
-17.742613 [ 7.063 -0.062 -5.625] [-0.02  0.96  9.75]
-17.844044 [ 7.188  1.    -7.375] [ 1.45  1.26  9.72]
-17.94545 [ 7.188  1.375 -8.687] [ 1.51  1.45  9.69]
-18.046999 [  7.313   2.063 -10.812] [ 1.64  1.84  9.62]
-18.148649 [  7.438   2.563 -12.062] [ 1.72  2.04  9.57]
-18.252869 [  7.5     2.75  -12.687] [ 1.75  2.15  9.55]
-18.354457 [  0.562   2.188 -13.5  ] [ 1.65  2.29  9.52]
-18.456688 [  7.188   0.063 -14.   ] [ 1.32  2.37  9.51]
-18.558483 [  7.125  -0.187 -13.812] [-0.04  2.34  9.52]
-18.660066 [  7.125  -0.187 -13.687] [-0.03  2.32  9.52]
-18.762316 [  7.188  -0.25  -13.   ] [-0.04  2.2   9.55]
-18.865433 [  7.313  -1.562 -12.   ] [-0.25  2.05  9.58]
-18.968011 [  7.313  -2.    -10.625] [-0.34  1.8   9.63]
-19.069626 [ 7.375 -2.687 -8.437] [-0.46  1.44  9.68]
-19.171802 [ 7.375 -2.812 -7.125] [-0.48  1.21  9.71]
-19.274915 [ 7.375 -2.875 -6.875] [-0.49  1.18  9.72]
-19.378009 [ 7.375 -2.562 -6.312] [-0.45  1.08  9.73]
-19.480059 [ 7.438 -1.5   -5.625] [-0.25  0.96  9.75]
-19.58151 [ 7.625  0.375 -4.937] [ 1.35  0.85  9.76]
-19.683604 [ 7.875  1.938 -4.562] [ 1.61  0.78  9.76]
-19.789418 [ 8.125  2.375 -4.25 ] [ 1.68  0.73  9.77]
-19.890991 [ 8.188  2.188 -4.312] [ 1.65  0.74  9.77]
-19.992242 [ 8.125  2.313 -5.75 ] [ 1.68  0.99  9.74]
-20.093592 [ 8.188  2.125 -5.875] [ 0.37  1.    9.74]
-20.194876 [ 8.063  1.25  -5.625] [ 1.5   0.96  9.75]
-20.296386 [ 8.     0.063 -6.625] [ 1.29  1.14  9.74]
-20.406984 [ 7.875 -1.625 -7.375] [-0.28  1.26  9.72]
-20.509049 [ 7.875 -2.937 -7.812] [-0.48  1.32  9.7 ]
-20.610914 [ 7.875 -4.375 -8.25 ] [-0.74  1.4   9.67]
-20.712216 [ 7.875 -5.5   -8.625] [-0.94  1.47  9.64]
-20.813762 [ 0.187 -6.437 -8.937] [-1.1   1.51  9.62]
-20.916939 [ 7.75  -7.    -8.437] [-1.19  1.43  9.62]
-21.019854 [ 7.75  -7.437 -7.437] [-1.27  1.27  9.63]
-21.121805 [ 7.75  -7.437 -6.625] [-1.27  1.13  9.65]
-21.223251 [ 7.813 -7.437 -5.687] [-1.27  0.97  9.67]
-21.326972 [ 7.875 -7.562 -4.875] [-0.01  0.82  9.68]
-21.430398 [ 7.875 -6.687 -3.812] [-1.16  0.66  9.71]
-21.532379 [ 7.875 -4.75  -3.375] [-0.81  0.58  9.75]
-21.6338 [ 7.813 -3.187 -3.437] [-0.54  0.58  9.77]
-21.736081 [ 7.75  -1.812 -3.812] [-0.31  0.65  9.77]
-21.839769 [ 7.688 -0.25  -5.562] [-0.07  0.91  9.76]
-21.942307 [ 7.875  0.875 -7.437] [ 1.43  1.27  9.72]
-22.043698 [ 7.813  1.25  -8.562] [ 1.49  1.46  9.69]
-22.145234 [  7.938   1.813 -10.687] [ 1.59  1.81  9.63]
-22.246907 [  8.      2.375 -11.875] [ 1.68  2.01  9.58]
-22.348355 [  8.125   2.688 -12.562] [ 1.74  2.13  9.56]
-22.449754 [  8.313   2.813 -13.25 ] [ 1.76  2.25  9.53]
-22.551251 [  8.      0.688 -13.687] [ 1.4   2.32  9.52]
-22.652638 [  7.813  -0.875 -13.687] [-0.15  2.32  9.52]
-22.756499 [  7.875  -0.687 -13.5  ] [-0.12  2.29  9.53]
-22.858114 [  7.875  -0.75  -12.937] [-0.13  2.2   9.55]
-22.959517 [  7.938  -1.187 -12.187] [-0.21  2.07  9.58]
-23.061062 [  0.062  -1.75  -10.687] [-0.3   1.82  9.63]
-23.163136 [ 8.063 -2.75  -8.437] [-0.47  1.43  9.68]
-23.264877 [ 8.063 -2.875 -8.187] [-0.49  1.39  9.69]
-23.366583 [ 8.063 -3.062 -7.687] [-0.52  1.32  9.7 ]
-23.46863 [ 8.125 -2.    -5.812] [-0.34  0.99  9.74]
-23.571706 [ 8.375 -0.062 -5.062] [-0.03  0.88  9.76]
-23.673877 [ 8.563  0.938 -4.75 ] [ 1.44  0.82  9.77]
-23.775485 [ 8.813  1.5   -4.375] [ 1.54  0.75  9.77]
-23.876891 [ 0.938  1.75  -4.25 ] [ 1.58  0.73  9.77]
-23.979148 [ 9.     2.313 -5.25 ] [ 1.67  0.9   9.75]
-24.082444 [ 9.     2.625 -5.812] [ 1.74  1.    9.74]
-24.184831 [ 9.063  2.063 -5.625] [ 1.63  0.96  9.75]
-24.288906 [ 8.938  1.125 -5.687] [ 1.48  0.97  9.75]
-24.392338 [ 8.813 -0.187 -6.937] [-0.01  1.18  9.73]
-24.495044 [ 8.75  -1.812 -7.187] [-0.31  1.22  9.72]
-24.596771 [ 8.75 -3.   -7.5 ] [-0.52  1.28  9.7 ]
-24.698239 [ 8.688 -4.375 -7.937] [-0.75  1.35  9.68]
-24.799769 [ 8.625 -5.75  -8.375] [-0.98  1.42  9.65]
-24.901481 [ 8.563 -6.687 -8.75 ] [-1.14  1.49  9.62]
-25.002866 [ 8.375 -8.125 -8.375] [-0.11  1.41  9.6 ]
-25.104531 [ 8.313 -8.375 -7.25 ] [-0.15  1.24  9.62]
-25.206247 [ 8.313 -8.375 -6.375] [-0.14  1.09  9.64]
-25.307686 [ 8.438 -8.125 -5.5  ] [-0.11  0.93  9.66]
-25.409197 [ 8.5   -7.437 -4.625] [-1.27  0.79  9.69]
-25.510739 [ 8.625 -5.875 -3.687] [-1.    0.63  9.73]
-25.612013 [ 8.625 -4.375 -3.125] [-0.75  0.54  9.76]
-25.7133 [ 8.563 -3.062 -3.187] [-0.53  0.54  9.77]
-25.817378 [ 8.438 -1.562 -3.625] [-0.27  0.62  9.78]
-25.918998 [ 8.25  -0.375 -5.187] [-0.06  0.89  9.76]
-26.021254 [ 8.375  0.688 -7.125] [ 1.4   1.22  9.72]
-26.124406 [ 8.375  1.313 -8.5  ] [ 0.21  1.42  9.7 ]
-26.227032 [  8.5     2.063 -10.375] [ 1.63  1.76  9.63]
-26.328859 [  8.625   2.313 -11.687] [ 1.68  1.98  9.59]
-26.430638 [  0.75    2.5   -12.375] [ 1.71  2.1   9.56]
-26.533253 [  8.75    2.5   -13.187] [ 1.71  2.23  9.53]
-26.63639 [  8.5     0.375 -13.687] [ 1.38  2.32  9.52]
-26.738358 [  8.25   -1.062 -13.625] [-0.19  2.31  9.52]
-26.839804 [  8.313  -1.    -13.375] [-0.17  2.27  9.53]
-26.942092 [  8.313  -0.937 -12.875] [-0.16  2.19  9.55]
-27.044965 [  0.375  -1.437 -12.25 ] [-0.25  2.08  9.58]
-27.147801 [  8.438  -2.062 -10.25 ] [-0.34  1.78  9.63]
-27.249705 [ 8.563 -2.875 -8.062] [-0.49  1.38  9.69]
-27.353773 [ 8.5   -2.937 -7.5  ] [-0.5   1.28  9.7 ]
-27.455204 [ 8.5   -3.125 -7.125] [-0.54  1.22  9.71]
-27.55663 [ 0.625 -2.187 -6.312] [-0.38  1.07  9.73]
-27.658285 [ 8.75  -0.687 -5.375] [-0.14  0.93  9.76]
-27.759794 [ 8.813  0.313 -4.75 ] [ 1.34  0.81  9.77]
-27.861056 [ 8.875  1.25  -4.312] [ 1.5   0.73  9.77]
-27.962252 [ 8.938  1.813 -4.   ] [ 1.59  0.69  9.77]
-28.063426 [ 8.938  2.    -3.687] [ 1.62  0.63  9.78]
-28.164765 [ 8.938  2.125 -5.125] [ 1.64  0.88  9.76]
-28.266088 [ 8.938  1.625 -5.312] [ 1.56  0.91  9.76]
-28.367775 [ 8.875  0.875 -5.937] [ 1.45  0.98  9.75]
-28.469627 [ 8.688 -0.687 -7.5  ] [-0.12  1.28  9.72]
-28.571111 [ 8.625 -2.125 -7.625] [-0.37  1.3   9.71]
-28.672482 [ 0.563 -3.312 -7.875] [-0.56  1.35  9.69]
-28.774725 [ 8.5   -4.75  -8.312] [-0.81  1.41  9.66]
-28.877951 [ 8.438 -6.    -8.75 ] [-1.01  1.48  9.63]
-28.980317 [ 8.375 -6.75  -9.   ] [-1.16  1.53  9.61]
-29.081723 [ 8.313 -7.312 -8.375] [-1.25  1.42  9.62]
-29.183013 [ 8.313 -7.687 -7.312] [-0.03  1.23  9.63]
-29.284842 [ 0.375 -7.687 -6.437] [-0.03  1.09  9.65]
-29.387491 [ 0.438 -7.812 -5.25 ] [-1.33  0.89  9.67]
-29.490137 [ 8.5  -7.25 -4.25] [-1.25  0.74  9.69]
-29.59203 [ 8.563 -6.125 -3.562] [-1.05  0.6   9.73]
-29.693435 [ 8.563 -4.375 -3.25 ] [-0.75  0.55  9.76]
-29.795557 [ 8.563 -2.75  -3.187] [-0.48  0.55  9.77]
-29.898853 [ 8.438 -1.375 -3.687] [-0.27  0.62  9.78]
-30.00156 [ 8.063 -0.062 -5.437] [-0.01  0.93  9.76]
-30.103207 [ 8.125  0.625 -7.187] [ 1.39  1.23  9.72]
-30.204373 [ 8.125  1.125 -8.562] [ 1.47  1.46  9.69]
-30.308137 [  8.25    1.688 -10.437] [ 1.57  1.77  9.63]
-30.409816 [  8.375   2.188 -11.687] [ 1.65  1.98  9.59]
-30.5113 [  8.5     2.375 -12.5  ] [ 1.69  2.11  9.56]
-30.612794 [  8.25    0.813 -13.5  ] [ 1.42  2.29  9.53]
-30.714153 [  8.25    0.25  -13.687] [ 1.32  2.32  9.52]
-30.815639 [  8.25    0.25  -13.687] [ 1.33  2.32  9.52]
-30.91734 [  8.     -1.375 -13.5  ] [-0.24  2.29  9.53]
-31.019135 [  8.063  -1.375 -12.875] [-0.24  2.19  9.55]
-31.120704 [  0.063  -1.562 -11.937] [-0.26  2.03  9.58]
-31.222483 [  8.063  -1.875 -11.375] [-0.32  1.96  9.6 ]
-31.324321 [ 8.125 -2.687 -8.875] [-0.46  1.51  9.67]
-31.425839 [ 0.125 -2.875 -7.187] [-0.5   1.22  9.71]
-31.528378 [ 8.063 -3.187 -6.687] [-0.54  1.14  9.72]
-31.631471 [ 8.188 -2.437 -5.937] [-0.44  1.03  9.74]
-31.733562 [ 8.313 -0.875 -5.312] [-0.15  0.91  9.76]
-31.837783 [ 8.375  0.688 -4.75 ] [ 1.4   0.81  9.77]
-31.941143 [ 8.375  1.5   -4.312] [ 1.53  0.75  9.77]
-32.043604 [ 8.375  1.688 -4.062] [ 1.57  0.69  9.77]
-32.14521 [ 8.375  1.75  -3.875] [ 1.58  0.67  9.77]
-32.246636 [ 0.313  2.    -5.312] [ 1.62  0.9   9.75]
-32.348891 [ 8.25   1.875 -6.   ] [ 0.32  1.03  9.74]
-32.452142 [ 8.063  1.188 -5.687] [ 1.5   0.98  9.75]
-32.5544 [ 7.875 -0.375 -7.   ] [-0.06  1.2   9.73]
-32.656245 [ 7.813 -1.812 -8.25 ] [-0.31  1.4   9.69]
-32.757507 [ 7.75  -3.187 -8.375] [-0.54  1.43  9.68]
-32.858902 [ 7.75 -4.75 -8.75] [-0.81  1.49  9.65]
-32.960341 [ 7.688 -5.812 -9.   ] [-1.    1.52  9.63]
-33.061689 [ 7.625 -6.75  -8.875] [-1.15  1.5   9.62]
-33.16278 [ 7.563 -7.312 -8.125] [-1.25  1.37  9.62]
-33.266792 [    7.625  2040.25     -7.125] [-0.04  1.2   9.64]
-33.368527 [ 7.625 -7.812 -6.25 ] [-0.05  1.06  9.65]
-33.469988 [ 7.75  -7.75  -5.312] [-0.04  0.9   9.67]
-33.571177 [ 7.813 -7.187 -4.312] [-1.22  0.73  9.7 ]
-33.672562 [ 7.813 -6.062 -3.5  ] [-1.04  0.59  9.73]
-33.773917 [ 7.875 -4.312 -3.187] [-0.76  0.55  9.76]
-33.875851 [ 7.875 -3.062 -3.375] [-0.53  0.57  9.77]
-33.977686 [ 7.875 -1.812 -3.875] [-0.31  0.66  9.77]
-34.079432 [ 0.312 -0.562 -5.312] [-0.09  0.9   9.76]
-34.182261 [ 7.813  0.438 -7.187] [ 1.36  1.22  9.72]
-34.285418 [ 7.813  1.063 -8.687] [ 1.45  1.46  9.69]
-34.387482 [  7.938   1.625 -10.375] [ 1.56  1.76  9.64]
-34.489038 [  8.063   2.188 -12.062] [ 1.65  2.04  9.58]
-34.591439 [  0.125   2.375 -12.687] [ 0.4   2.15  9.55]
-34.694749 [  8.125   2.25  -13.375] [ 1.68  2.26  9.53]
-34.79955 [  7.938   0.313 -13.75 ] [ 1.33  2.33  9.52]
-34.901776 [  7.75   -0.937 -13.687] [-0.16  2.32  9.52]
-35.005109 [  7.75   -0.875 -13.5  ] [-0.15  2.29  9.53]
-35.107741 [  7.75   -0.812 -13.062] [-0.14  2.21  9.55]
-35.209421 [  7.813  -1.312 -12.25 ] [-0.23  2.08  9.57]
-35.310923 [ 7.875 -2.062 -9.75 ] [-0.36  1.66  9.65]
-35.41231 [ 8.    -2.937 -8.062] [-0.51  1.37  9.69]
-35.513723 [ 8.    -3.125 -7.937] [-0.54  1.36  9.69]
-35.615054 [ 8.    -3.125 -7.5  ] [-0.54  1.28  9.7 ]
-35.71642 [  8.06300000e+00  -2.00000000e+00   2.04118800e+03] [-0.34  1.17  9.73]
-35.817927 [ 8.188 -0.312 -5.937] [-0.08  1.03  9.75]
-35.919595 [ 8.25   0.625 -5.25 ] [   1.38    0.9  -317.92]
-36.021177 [ 8.313  1.25  -4.687] [ 1.49  0.8   9.77]
-36.122444 [ 8.375  1.688 -4.312] [ 1.57  0.73  9.77]
-36.223821 [ 0.375  1.875 -3.875] [ 1.61  0.67  9.77]
-36.329745 [ 8.313  2.063 -5.187] [ 1.63  0.89  9.75]
-36.431404 [ 0.313  1.938 -6.   ] [ 1.61  1.03  9.74]
-36.533371 [ 8.25   1.375 -5.812] [ 1.52  1.    9.75]
-36.636674 [ 0.125 -0.125 -5.875] [-0.03  1.01  9.75]
-36.739289 [ 8.063 -1.812 -6.125] [-0.31  2.33  9.74]
