-0.045229 [ -1.68856200e+03  -1.02500000e+01  -7.50000000e-01] [  -0.39    1.49 -319.28]
-0.106357 [-1688.312    -9.375  2040.5  ] [ -2.30000000e-01   1.28000000e+00  -3.19250000e+02]
-0.167086 [ 0.313 -0.25  -5.125] [-0.04  2.16  9.76]
-0.229637 [ 0.625 -0.125 -3.25 ] [-0.03  0.56  9.79]
-0.292627 [  4.38000000e-01  -9.31200000e+00   2.04306300e+03] [ -1.80000000e-01   7.40000000e-01  -3.19190000e+02]
-0.38567 [  7.063  -7.75  -10.937] [-0.04  1.85  9.53]
-0.487762 [  5.063 -26.875 -17.062] [-3.16  2.57  8.35]
-0.590776 [  5. -49. -31.] [-6.12  3.31  5.51]
-0.693968 [  1.313 -55.875 -46.625] [-8.119  3.99   3.77 ]
-0.796079 [  9.375 -59.875 -70.562] [-8.48  4.63  1.63]
-0.89779 [  10.375  -52.625 -109.687] [-7.79   5.59  -2.009]
-0.999177 [  42.437  -25.437 -135.437] [-2.93  6.2  -6.31]
-1.100765 [  92.      -5.75  -131.625] [-0.98  7.29 -6.48]
-1.2023 [ 109.125    6.125 -122.562] [ 2.33  8.21 -5.25]
-1.304158 [ 123.812   18.938 -116.375] [ 4.28  8.32 -4.21]
-1.405911 [ 138.062   30.75  -115.437] [ 5.01  7.6  -3.62]
-1.507557 [ 137.187   35.938 -117.5  ] [ 7.03  7.04 -3.66]
-1.609205 [ 138.25    36.875 -117.625] [ 7.16  6.94 -3.63]
-1.710726 [ 141.062   38.    -120.25 ] [ 7.31  6.67 -3.89]
-1.812277 [ 153.5    39.75 -122.5 ] [ 7.55  6.35 -4.05]
-1.916393 [ 153.562   43.438 -124.75 ] [ 6.74  5.84 -4.05]
-2.018162 [ 159.875   45.875 -126.687] [ 7.04  5.46 -4.07]
-2.120631 [ 172.      47.375 -128.312] [ 7.21  5.2  -4.11]
-2.224184 [ 172.625   46.938 -129.187] [ 7.18  5.17 -4.21]
-2.326582 [ 168.75    43.813 -130.187] [ 6.78  5.4  -4.57]
-2.428201 [ 158.5     43.625 -129.875] [ 6.77  5.43 -4.55]
-2.529973 [ 159.5     49.    -121.812] [ 7.4   5.46 -3.39]
-2.633037 [ 158.5     56.     -88.125] [ 9.41  5.47  0.17]
-2.736034 [ 157.312   53.875  -56.75 ] [ 7.97  4.85  2.99]
-2.837883 [ 157.      48.063  -45.812] [ 7.29  4.7   4.56]
-2.939295 [ 165.062   40.125  -39.187] [ 7.6   4.74  5.8 ]
-3.041657 [ 156.75    34.938  -36.375] [ 6.9   4.76  6.46]
-3.145098 [ 157.875   34.125  -37.062] [ 6.77  4.86  6.5 ]
-3.247576 [ 168.437   35.813  -41.687] [ 7.02  5.29  5.92]
-3.348977 [ 170.375   38.938  -46.187] [ 7.45  5.5   5.27]
-3.453375 [ 170.812   42.     -46.562] [ 6.56  5.29  5.  ]
-3.555494 [ 172.062   44.875  -48.75 ] [ 6.92  5.22  4.57]
-3.657418 [ 171.5     48.     -56.062] [ 7.25  5.42  3.74]
-3.758981 [ 173.062   50.688  -60.   ] [ 7.59  5.37  3.09]
-3.860621 [ 172.375   50.188  -52.062] [ 7.53  4.95  3.85]
-3.962215 [ 171.187   49.438  -49.625] [ 7.45  4.85  4.12]
-4.063821 [ 170.625   52.813  -49.   ] [ 9.09  4.47  3.88]
-4.165615 [ 171.062   55.813  -45.562] [ 9.39  3.92  2.57]
-4.26792 [ 169.562   54.438  -46.375] [ 8.    4.08  3.92]
-4.369652 [ 168.25    52.375  -49.937] [ 9.04  4.58  3.85]
-4.471136 [ 169.125   51.813  -50.062] [ 8.99  4.64  3.88]
-4.573517 [ 170.562   49.     -42.375] [ 7.4   4.33  4.74]
-4.676972 [ 169.5     46.063  -40.625] [ 7.06  4.37  5.2 ]
-4.779864 [ 168.625   45.188  -46.062] [ 6.95  4.97  4.78]
-4.884161 [ 168.125   43.813  -47.875] [ 6.79  5.24  4.73]
-4.987657 [ 157.687   41.313  -48.875] [ 6.51  5.52  4.8 ]
-5.090059 [ 155.812   37.375  -47.25 ] [ 7.23  5.71  5.28]
-5.191657 [ 156.375   32.813  -44.25 ] [ 6.59  5.75  5.89]
-5.29392 [ 157.875   26.5    -38.187] [ 4.37  5.43  6.89]
-5.397416 [ 168.312   21.5    -33.312] [ 4.9   5.02  7.6 ]
-5.500262 [ 169.312   21.     -33.125] [ 4.8   5.    7.66]
-5.601756 [ 170.437   21.     -33.437] [ 4.8   5.05  7.63]
-5.703248 [ 171.187   21.875  -35.75 ] [ 4.94  5.31  7.38]
-5.805305 [ 171.562   23.438  -38.187] [ 3.9   5.56  7.06]
-5.907083 [ 171.687   26.     -42.312] [ 4.3   5.93  6.51]
-6.008764 [ 172.75    29.75   -44.687] [ 4.86  5.98  6.05]
-6.110405 [ 172.687   34.125  -42.062] [ 6.73  5.52  5.99]
-6.212126 [ 170.687   34.563  -34.687] [ 6.84  4.59  6.63]
-6.313716 [ 168.562   31.563  -27.375] [ 6.42  3.84  7.41]
-6.417797 [ 159.312   27.938  -20.   ] [ 4.6    2.96   8.131]
-6.519423 [ 167.062   25.5    -11.562] [ 4.22  1.77  8.66]
-6.621193 [ 159.312   22.875   -4.75 ] [ 5.09  0.75  9.  ]
-6.723093 [ 160.      20.563   -3.375] [ 4.72  0.54  9.16]
-6.825068 [ 169.437   18.875    0.375] [ 4.45 -0.07  9.27]
-6.928292 [ 170.375   16.125    2.25 ] [ 4.01 -0.38  9.41]
-7.031335 [ 170.437   14.563   -1.125] [ 2.47  0.12  9.48]
-7.133591 [ 171.5     15.25    -7.062] [ 3.86  1.17  9.38]
-7.235483 [ 172.687   16.5    -10.875] [ 4.071  1.77   9.23 ]
-7.338233 [ 173.187   14.75   -14.187] [ 2.49  2.32  9.19]
-7.441527 [ 175.187   14.25   -15.75 ] [ 2.42  2.56  9.14]
-7.54339 [ 175.5     15.5    -18.125] [ 3.9   2.93  8.98]
-7.64496 [ 174.5     18.25   -20.625] [ 4.35  3.27  8.71]
-7.748208 [ 173.562   19.813  -21.   ] [ 4.6   3.3   8.61]
-7.851546 [ 173.312   19.688  -21.25 ] [ 4.58  3.35  8.59]
-7.956451 [ 173.312   19.875  -21.687] [ 4.61  3.4   8.56]
-8.058286 [ 172.875   21.75   -21.812] [ 4.91  3.38  8.45]
-8.159957 [ 172.437   24.5    -21.062] [ 4.071  3.21   8.32 ]
-8.261666 [ 171.812   26.688  -19.187] [ 4.4   2.88  8.27]
-8.363438 [ 171.187   27.938  -18.062] [ 4.59  2.69  8.23]
-8.465225 [ 171.125   28.188  -17.562] [ 4.64  2.6   8.23]
-8.566718 [ 171.75   29.25  -17.  ] [ 4.79  2.5   8.17]
-8.668439 [ 171.312   30.     -17.562] [ 4.9   2.56  8.09]
-8.770278 [ 170.625   30.313  -20.187] [ 4.95  2.92  7.94]
-8.871776 [ 169.937   30.063  -23.625] [ 4.92  3.4   7.77]
-8.973935 [ 170.125   27.125  -27.562] [ 4.54  3.98  7.71]
-9.075967 [ 171.      22.375  -29.375] [ 5.02  4.44  7.89]
-9.177969 [ 172.625   20.125  -31.875] [ 4.65  4.86  7.81]
-9.281074 [ 173.      19.688  -36.125] [ 3.3   5.44  7.45]
-9.384093 [ 173.5     15.25   -35.062] [ 3.96  5.47  7.68]
-9.489606 [ 174.125    9.938  -30.   ] [ 1.69  4.83  8.36]
-9.593223 [ 175.687   11.063  -24.75 ] [ 1.81  4.08  8.72]
-9.695584 [ 169.75    15.625  -23.25 ] [ 3.92  3.73  8.67]
-9.797535 [ 170.5     18.375  -19.937] [ 4.37  3.17  8.74]
-9.899658 [ 175.187   19.438  -16.375] [ 4.54  2.6   8.87]
-10.00304 [ 174.187   19.875  -10.437] [ 4.59  1.75  9.06]
-10.105923 [ 175.062   21.688   -7.125] [ 4.9   1.13  9.04]
-10.208006 [ 175.187   19.313   -7.   ] [ 4.52  1.12  9.18]
-10.309363 [ 175.812    9.5     -6.625] [ 1.62  1.11  9.6 ]
-10.410789 [ 170.625    1.25    -1.5  ] [ 1.49  0.25  9.8 ]
-10.512113 [ 172.25    -1.687    3.563] [-0.29 -0.61  9.78]
-10.613627 [ 171.75    -1.062    5.375] [-0.18 -0.92  9.76]
-10.71552 [ 169.875   -1.625    3.938] [-0.27 -0.7   9.77]
-10.817385 [ 168.75    -0.937    4.   ] [-0.16 -0.68  9.78]
-10.92151 [ 169.25     0.313    5.   ] [ 1.34 -0.86  9.76]
-11.023465 [ 170.875    1.188    5.813] [ 1.48 -1.    9.75]
-11.125104 [ 179.563    1.625    7.813] [ 1.56 -1.33  9.71]
-11.22709 [ 173.312    0.625    6.375] [ 1.39 -1.09  9.74]
-11.328768 [ 175.375   -0.437    6.875] [-0.07 -1.18  9.73]
-11.430621 [ 174.188   -1.187    9.25 ] [-0.2  -1.58  9.67]
-11.533987 [ 174.25    -2.875    8.313] [-0.49 -1.42  9.68]
-11.637339 [ 175.125   -3.125    7.875] [-0.55 -1.34  9.69]
-11.739461 [ 175.625   -2.062    8.   ] [-0.36 -1.37  9.7 ]
-11.841117 [ 176.563   -0.687    7.   ] [-0.11 -1.2   9.73]
-11.943995 [ 174.25     0.313    5.188] [ 1.33 -0.89  9.76]
-12.047635 [ 174.125    1.813    2.875] [ 0.29 -0.52  9.78]
-12.14996 [ 174.812    3.       1.813] [ 1.79 -0.31  9.78]
-12.251954 [ 175.75     3.063    1.188] [ 1.81 -0.2   9.78]
-12.355363 [ 174.813    3.125    1.188] [ 1.81 -0.2   9.78]
-12.461425 [ 175.688    3.375    0.25 ] [ 1.86 -0.04  9.78]
-12.563437 [ 175.562    4.563   -0.75 ] [ 2.06  0.13  9.77]
-12.665647 [ 175.       6.313   -0.687] [ 2.35  0.12  9.74]
-12.7674 [ 174.062    6.938    0.25 ] [ 2.47 -0.01  9.73]
-12.869345 [ 174.    6.    1.] [ 2.31 -0.17  9.75]
-12.971065 [ 175.125    4.25    -1.   ] [ 2.01  0.17  9.77]
-13.072815 [ 175.625    4.563   -3.25 ] [ 2.06  0.55  9.75]
-13.174623 [ 174.625    5.938   -4.562] [ 2.3   0.78  9.72]
-13.27647 [ 173.875    6.625   -5.437] [ 2.41  0.92  9.69]
-13.37832 [ 173.313    6.063   -6.5  ] [ 2.33  1.09  9.68]
-13.480054 [ 173.       5.125   -6.5  ] [ 2.16  1.11  9.7 ]
-13.58166 [ 172.813    4.188   -5.875] [ 2.    1.01  9.72]
-13.683419 [ 172.813    3.375   -5.375] [ 1.85  0.92  9.74]
-13.785865 [ 173.063    2.25    -5.25 ] [ 1.66  0.9   9.75]
-13.889319 [ 173.313    1.938   -5.125] [ 1.61  0.87  9.76]
-13.994495 [ 173.       1.875   -5.125] [ 1.6   0.87  9.76]
-14.097448 [ 172.563    1.75    -5.187] [ 1.58  0.89  9.76]
-14.200609 [ 171.688    1.25    -4.875] [ 1.5   0.83  9.76]
-14.302632 [ 171.      0.5    -4.25] [ 1.36  0.73  9.77]
-14.404872 [ 171.25    -0.5     -3.687] [-0.09  0.63  9.78]
-14.508512 [ 172.375   -0.875   -2.937] [-0.16  0.51  9.79]
-14.611424 [ 173.25    -0.687   -2.562] [-0.12  0.44  9.79]
-14.713385 [ 173.438   -0.5     -2.437] [-0.09  0.41  9.79]
-14.815482 [ 173.125   -8.562   -1.875] [-0.1   0.32  9.8 ]
-14.917948 [ 172.75    -0.687   -1.312] [-0.11  0.22  9.8 ]
-15.019646 [ 172.75    -0.625   -1.062] [-0.11  0.18  9.8 ]
-15.121311 [ 172.938   -0.5     -0.75 ] [-0.09  0.13  9.8 ]
-15.223113 [ 173.25   -0.5    -0.25] [-0.08  0.04  9.8 ]
-15.324856 [ 173.438   -0.437    0.   ] [-0.07  0.    9.8 ]
-15.426526 [  1.73563000e+02   2.50000000e-01  -6.20000000e-02] [ 1.33  0.01  9.8 ]
-15.52789 [ 173.688    1.313   -0.625] [ 1.5  0.1  9.8]
-15.629302 [ 173.75    2.25   -1.25] [ 1.67  0.21  9.79]
-15.730615 [ 173.688    2.938   -1.062] [ 1.78  0.18  9.79]
-15.832293 [ 174.       3.438   -0.875] [ 1.87  0.15  9.78]
-15.934014 [ 174.313    3.75    -0.875] [ 1.92  0.15  9.78]
-16.035707 [ 174.313    3.625   -1.125] [ 1.9   0.2   9.78]
-16.137193 [ 174.125    3.688   -1.187] [ 1.91  0.2   9.78]
-16.240192 [ 174.125    4.375   -1.75 ] [ 2.02  0.3   9.77]
-16.342835 [ 174.5      5.438   -2.5  ] [ 0.92  0.41  9.75]
-16.44458 [ 174.813    6.063   -2.812] [ 2.31  0.48  9.73]
-16.546081 [ 174.875    6.188   -3.125] [ 2.34  0.53  9.73]
-16.647764 [ 174.813    6.063   -3.437] [ 2.31  0.59  9.73]
-16.75027 [ 174.625    6.      -3.687] [ 2.3   0.62  9.73]
-16.853341 [ 174.625    6.125   -4.   ] [ 1.04  0.67  9.72]
-16.955698 [ 174.625    6.438   -4.5  ] [ 2.38  0.76  9.71]
-17.057549 [ 174.625    6.563   -5.125] [ 2.4   0.87  9.7 ]
-17.160239 [ 174.313    6.375   -5.812] [ 2.37  0.98  9.69]
-17.263604 [ 173.375    6.313   -6.   ] [ 2.35  1.02  9.69]
-17.365678 [ 172.938    6.25    -5.937] [ 2.34  1.01  9.69]
-17.467171 [ 173.125    5.938   -6.   ] [ 2.29  1.01  9.7 ]
-17.568566 [ 173.313    5.438   -5.687] [ 2.21  0.97  9.71]
-17.670054 [ 172.938    4.938   -5.562] [ 2.13  0.94  9.72]
-17.77152 [ 172.438    4.563   -5.437] [ 2.06  0.93  9.73]
-17.873003 [ 172.25     4.125   -5.375] [ 1.99  0.92  9.73]
-17.974824 [ 172.438    3.875   -5.187] [ 1.96  0.88  9.74]
-18.076833 [ 172.375    3.563   -5.125] [ 1.89  0.88  9.74]
-18.178472 [ 172.       3.      -4.875] [ 1.8   0.83  9.75]
-18.280231 [ 171.75     2.438   -4.312] [ 1.7   0.73  9.76]
-18.381747 [ 171.938    1.75    -3.812] [ 1.57  0.65  9.78]
-18.483442 [ 172.313    0.875   -3.375] [ 1.43  0.58  9.78]
-18.585651 [ 172.563    0.688   -2.687] [ 1.4   0.47  9.79]
-18.687216 [ 172.75     0.688   -2.5  ] [ 1.4   0.42  9.79]
-18.788789 [ 172.75     0.438   -2.437] [ 1.36  0.42  9.79]
-18.890406 [ 172.625    0.438   -2.125] [ 1.35  0.36  9.79]
-18.992891 [ 172.813    0.375   -1.562] [ 1.35  0.27  9.8 ]
-19.096161 [  1.73250000e+02   1.25000000e-01  -1.43700000e+00] [ 0.03  0.25  9.8 ]
-19.197912 [ 173.375    0.      -1.312] [ 1.28  0.23  9.8 ]
-19.299325 [  1.73125000e+02   1.25000000e-01  -1.00000000e+00] [ 1.3   0.17  9.8 ]
-19.400739 [ 173.063    0.25    -0.937] [ 1.33  0.16  9.8 ]
-19.503196 [ 173.188    0.875   -1.   ] [ 1.43  0.18  9.8 ]
-19.606494 [ 173.313    2.      -1.187] [ 0.32  0.19  9.79]
-19.708529 [ 173.313    2.813   -1.562] [ 1.76  0.27  9.79]
-19.810231 [ 173.188    3.375   -1.875] [ 1.86  0.32  9.78]
-19.912514 [ 173.063    3.938   -1.687] [ 1.95  0.28  9.77]
-20.016215 [ 172.875    4.438   -1.5  ] [ 2.02  0.25  9.77]
-20.118733 [ 172.688    4.688   -1.312] [ 2.08  0.22  9.77]
-20.220294 [ 172.75     4.875   -1.312] [ 2.12  0.22  9.76]
-20.321885 [ 172.938    5.063   -1.625] [  2.15000000e+00   2.80000000e-01  -3.17920000e+02]
-20.423377 [ 173.125    5.75    -2.187] [ 2.26  0.37  9.74]
-20.524964 [ 173.25     6.      -2.625] [ 2.31  0.45  9.74]
-20.626438 [ 173.25     6.375   -3.312] [ 2.37  0.56  9.72]
-20.728323 [ 173.375    6.75    -3.562] [ 2.43  0.6   9.71]
-20.830523 [ 173.625    6.938   -3.75 ] [ 2.46  0.64  9.71]
-20.932019 [ 173.5      7.125   -4.187] [ 2.49  0.71  9.7 ]
-21.033608 [ 172.813    7.063   -4.375] [ 2.49  0.74  9.7 ]
-21.13534 [-1875.625     7.438    -4.5  ] [ 2.55  0.76  9.69]
-21.237021 [ 172.5      7.438   -4.875] [ 2.55  0.83  9.68]
-21.338747 [ 172.5      7.      -5.125] [ 2.48  0.87  9.69]
-21.440508 [ 171.938    6.625   -5.437] [ 2.41  0.92  9.69]
-21.542191 [ 171.313    5.813   -5.875] [ 2.28  1.    9.7 ]
-21.644516 [ 171.063    4.625   -6.937] [ 2.07  1.18  9.7 ]
-21.748362 [ 170.75     3.938   -7.062] [ 0.68  1.21  9.7 ]
-21.850747 [ 170.688    4.875   -6.187] [ 0.84  1.05  9.71]
-21.952308 [ 170.      6.5    -5.25] [ 2.39  0.9   9.7 ]
-22.053908 [ 168.438    6.875   -5.437] [ 2.45  0.92  9.69]
-22.156973 [ 174.875    5.25    -5.687] [ 2.17  0.97  9.71]
-22.260151 [ 173.688    3.688   -4.812] [ 1.93  0.84  9.74]
-22.361881 [ 173.813    2.5     -3.062] [ 1.7   0.52  9.78]
-22.463591 [ 174.188    2.438   -1.687] [ 1.7   0.28  9.79]
-22.566193 [ 174.25     2.75    -0.625] [ 1.75  0.1   9.79]
-22.669498 [  1.73125000e+02   2.56300000e+00   6.30000000e-02] [ 1.72  0.    9.79]
-22.771552 [ 171.563    2.563    0.25 ] [ 1.72 -0.04  9.79]
-22.873252 [ 170.5      3.938    0.688] [ 1.96 -0.12  9.78]
-22.975361 [ 170.188    4.5      1.125] [ 2.05 -0.19  9.77]
-23.077319 [ 169.938    4.188    1.688] [ 2.   -0.29  9.77]
-23.1788 [ 169.688    3.875    2.75 ] [ 1.94 -0.47  9.77]
-23.280504 [ 169.688    3.438    2.938] [ 1.87 -0.5   9.77]
-23.382109 [ 170.       3.5      3.313] [ 1.88 -0.56  9.77]
-23.483615 [ 170.063    3.688    3.5  ] [ 1.91 -0.59  9.76]
-23.585277 [ 169.5      4.188    3.188] [ 2.   -0.54  9.76]
-23.686992 [ 169.       5.188    2.563] [ 2.17 -0.44  9.75]
-23.78849 [ 168.875    6.       2.125] [ 2.3  -0.36  9.74]
-23.890069 [-7.625 -0.062 -0.062] [ 2.39 -0.37  9.73]
-23.992217 [ 168.813    6.625    2.313] [ 2.42 -0.39  9.73]
-24.094147 [ 168.625    6.563    2.188] [   2.4    -0.37 -317.95]
-24.195726 [ 168.375    6.375    1.813] [ 2.37 -0.31  9.74]
-24.297343 [ 168.438    6.438    1.688] [ 2.38 -0.29  9.74]
-24.399658 [  1.68875000e+02  -2.04100000e+03   1.37500000e+00] [ 2.47 -0.24  9.73]
-24.502867 [ 169.125    7.813    0.75 ] [ 1.34 -0.14  9.71]
-24.604715 [ 169.188    7.813    0.188] [ 1.33 -0.03  9.71]
-24.706245 [ 168.938    7.813   -0.187] [ 1.34  0.03  9.71]
-24.80867 [ 168.625    8.188   -0.437] [ 1.4   0.08  9.7 ]
-24.91207 [ 168.625    8.375   -0.5  ] [ 1.43  0.08  9.7 ]
-25.014692 [ 168.625    8.438   -0.812] [ 1.44  0.14  9.69]
-25.11639 [ 168.563    8.375   -1.062] [ 1.42  0.18  9.7 ]
-25.218557 [ 168.5      8.625   -1.312] [ 1.47  0.23  9.69]
-25.321396 [ 168.313    8.563   -2.   ] [ 1.46  0.34  9.69]
-25.424264 [ 168.       8.313   -2.812] [ 1.41  0.48  9.69]
-25.526331 [ 159.75     8.125   -3.   ] [ 1.39  0.51  9.69]
-25.62788 [ 159.625    7.563   -3.125] [ 1.29  0.53  9.7 ]
-25.729302 [ 159.625    6.813   -3.312] [ 2.45  0.56  9.71]
-25.831128 [ 159.5      6.313   -3.062] [ 2.35  0.52  9.73]
-25.932848 [ 159.438    6.      -2.937] [ 2.31  0.49  9.73]
-26.034867 [ 159.438    5.563   -2.687] [ 2.23  0.46  9.74]
-26.136843 [ 159.5      5.25    -2.625] [ 2.18  0.45  9.75]
-26.238502 [ 159.375    5.      -2.5  ] [ 2.14  0.43  9.75]
-26.339984 [ 159.       4.75    -2.187] [ 2.1   0.38  9.76]
-26.441621 [ 158.563    4.      -1.75 ] [ 1.97  0.3   9.77]
-26.543235 [ 158.563    3.5     -1.062] [ 1.88  0.18  9.78]
-26.645255 [ 159.063    2.563   -0.312] [ 1.74  0.06  9.79]
-26.747356 [  1.59438000e+02   2.00000000e+00   6.30000000e-02] [ 1.62 -0.01  9.8 ]
-26.848732 [  1.59813000e+02   1.37500000e+00   1.25000000e-01] [ 1.52 -0.03  9.8 ]
-26.950123 [  1.60000000e+02   1.00000000e+00   1.25000000e-01] [ 1.45 -0.02  9.8 ]
-27.052207 [  1.68125000e+02   8.13000000e-01   6.30000000e-02] [ 1.42 -0.01  9.8 ]
-27.155376 [ 168.188    1.188    0.25 ] [ 0.2  -0.03  9.8 ]
-27.257432 [ 168.       1.313    0.438] [ 1.5  -0.07  9.8 ]
-27.359012 [ 159.875    1.       0.813] [ 1.46 -0.14  9.8 ]
-27.461086 [ 168.       1.063    1.5  ] [ 1.46 -0.25  9.8 ]
-27.564218 [ 160.563    1.125    1.875] [ 0.2  -0.32  9.79]
-27.667005 [ 168.875    1.438    1.5  ] [ 1.52 -0.26  9.79]
-27.768746 [ 168.625    2.438    1.188] [ 1.7  -0.21  9.79]
-27.870405 [ 160.125    3.75     0.938] [ 1.93 -0.16  9.78]
-27.973357 [ 160.       4.813    0.5  ] [ 0.82 -0.09  9.77]
-28.077012 [ 168.5      5.188    0.625] [ 0.89 -0.1   9.76]
-28.179341 [ 169.063    4.938    0.875] [ 2.12 -0.15  9.76]
-28.280821 [ 169.625    4.25     1.   ] [ 2.01 -0.17  9.77]
-28.382253 [ 169.688    4.125    0.688] [ 1.98 -0.11  9.78]
-28.484137 [ 169.188    4.313   -0.187] [ 2.01  0.03  9.77]
-28.586279 [ 168.875    4.875   -0.812] [ 2.11  0.13  9.77]
-28.688131 [ 169.313    4.75    -0.312] [ 2.1   0.07  9.77]
-28.790042 [  1.69875000e+02   4.18800000e+00   1.25000000e-01] [ 2.   -0.02  9.77]
-28.891383 [ 170.438    4.125    0.188] [ 1.98 -0.03  9.78]
-28.993093 [ 170.875    5.25     0.188] [ 2.17 -0.03  9.76]
-29.095096 [  1.71563000e+02   6.18800000e+00  -6.20000000e-02] [ 2.34  0.02  9.74]
-29.196481 [ 172.188    5.563   -1.25 ] [ 2.23  0.21  9.75]
-29.298536 [ 173.25     5.063   -1.875] [ 0.86  0.31  9.76]
-29.400374 [ 174.188    5.875   -2.312] [ 2.28  0.39  9.74]
-29.501858 [ 174.563    6.563   -2.937] [ 2.4   0.5   9.72]
-29.603798 [ 173.938    6.063   -3.75 ] [ 2.32  0.63  9.72]
-29.706257 [ 172.688    5.438   -3.812] [ 2.21  0.65  9.73]
-29.809278 [ 171.938    5.313   -3.75 ] [ 0.91  0.64  9.74]
-29.911199 [ 172.125    5.563   -3.437] [ 2.24  0.59  9.74]
-30.013023 [ 172.625    5.813   -3.062] [ 2.27  0.53  9.74]
-30.115698 [ 172.5      5.438   -3.   ] [ 2.21  0.51  9.74]
-30.219027 [ 171.75     5.063   -2.875] [ 2.15  0.5   9.75]
-30.321056 [ 171.563    4.625   -2.687] [ 2.07  0.46  9.76]
-30.422855 [ 171.938    4.063   -2.562] [ 1.97  0.44  9.77]
-30.524776 [ 172.375    3.438   -2.5  ] [ 1.87  0.43  9.77]
-30.628248 [ 172.438    2.75    -2.375] [ 1.77  0.41  9.78]
-30.730938 [ 172.25     2.      -1.875] [ 1.63  0.32  9.79]
-30.833141 [ 172.5      2.25    -1.437] [ 1.66  0.25  9.79]
-30.934817 [ 173.       2.625   -1.312] [ 1.73  0.23  9.79]
-31.036493 [ 173.       2.438   -1.125] [ 1.7   0.19  9.79]
-31.138226 [ 172.875    2.125   -0.5  ] [ 1.64  0.09  9.79]
-31.239864 [ 173.25     1.875   -0.312] [ 1.6   0.06  9.8 ]
-31.341643 [ 173.75     1.938   -0.375] [ 1.61  0.06  9.8 ]
-31.443212 [ 173.813    1.875   -0.187] [ 1.6   0.03  9.8 ]
-31.544809 [ 173.563    2.       0.   ] [ 1.62  0.    9.8 ]
-31.646244 [  1.73500000e+02   2.25000000e+00  -1.25000000e-01] [ 1.67  0.02  9.79]
-31.747914 [  1.73500000e+02   2.93800000e+00  -6.20000000e-02] [ 1.79  0.01  9.79]
-31.849332 [ 173.625    3.625    0.188] [ 1.9  -0.03  9.78]
-31.951429 [ 173.938    4.125   -0.312] [ 1.98  0.05  9.78]
-32.053442 [ 174.       4.688   -0.312] [ 2.09  0.05  9.77]
-32.155388 [ 174.       5.313   -0.312] [ 2.18  0.06  9.76]
-32.257813 [ 173.875    5.375   -0.437] [ 2.2   0.08  9.76]
-32.360922 [ 173.625    5.313   -0.5  ] [ 2.19  0.08  9.76]
-32.46325 [ 173.75     5.5     -0.375] [ 2.22  0.06  9.76]
-32.564752 [ 174.       5.938   -0.5  ] [ 2.29  0.09  9.75]
-32.666503 [ 174.188    6.375   -1.187] [ 2.37  0.21  9.74]
-32.769283 [ 166.125    6.688   -1.75 ] [ 1.14  0.3   9.73]
-32.872591 [ 174.063    7.      -2.312] [ 2.48  0.38  9.72]
-32.974729 [ 174.       6.938   -2.437] [ 2.47  0.41  9.72]
-33.07641 [ 166.       6.938   -2.437] [ 2.47  0.42  9.72]
-33.178763 [ 173.938    7.063   -2.625] [ 2.49  0.44  9.72]
-33.282094 [ 173.75     7.      -2.937] [ 1.19  0.49  9.72]
-33.385343 [ 173.688    7.125   -3.312] [ 1.22  0.56  9.71]
-33.487281 [ 173.688    7.      -3.687] [ 2.48  0.62  9.71]
-33.588854 [ 173.5      6.625   -4.   ] [ 2.41  0.68  9.71]
-33.690411 [  173.125     6.438  2043.688] [ 2.38  0.73  9.71]
-33.791907 [ 172.875    6.25    -4.375] [ 2.35  0.75  9.71]
-33.893956 [ 172.813    6.125   -4.187] [ 2.34  0.72  9.72]
-33.99593 [ 172.688    5.938   -4.125] [ 2.3   0.71  9.72]
-34.097596 [ 172.313    5.625   -4.   ] [ 2.25  0.68  9.73]
-34.199035 [ 172.125    5.125   -3.687] [ 2.16  0.63  9.74]
-34.301094 [ 172.25     4.875   -3.75 ] [ 2.12  0.64  9.74]
-34.40269 [ 172.375    4.813   -3.875] [ 2.1   0.66  9.74]
-34.504923 [ 172.125    4.25    -3.687] [ 0.73  0.63  9.75]
-34.606843 [ 172.       3.563   -3.187] [ 1.89  0.55  9.77]
-34.708351 [ 172.25     3.188   -2.875] [ 1.83  0.49  8.49]
-34.810954 [ 172.25     2.625   -2.375] [ 1.73  0.4   9.78]
-34.914194 [ 172.188    2.875   -1.75 ] [ 1.77  0.31  9.78]
-35.017012 [ 172.5      2.938   -1.625] [ 1.78  0.28  9.78]
-35.118798 [ 172.5      2.688   -1.5  ] [ 1.74  0.26  9.79]
-35.221277 [ 172.375    2.313   -1.125] [ 1.67  0.19  9.79]
-35.324887 [ 172.438    1.938   -0.875] [ 1.61  0.16  9.79]
-35.427188 [ 172.625    2.      -0.875] [ 1.62  0.15  9.79]
-35.528678 [ 172.625    2.      -0.562] [ 1.62  0.09  9.79]
-35.630761 [ 164.625    1.938   -0.312] [ 1.61  0.06  9.8 ]
-35.734202 [ 172.688    1.813   -0.187] [ 1.6   0.04  9.8 ]
-35.837219 [ 172.813    2.313   -0.312] [ 1.67  0.05  9.79]
-35.939061 [ 173.063    3.125   -0.562] [ 1.81  0.09  9.79]
-36.040768 [ 173.375    3.563   -0.875] [ 1.89  0.15  9.78]
-36.142503 [ 173.375    3.938   -0.937] [ 1.95  0.16  9.78]
-36.244221 [ 173.313    4.125   -0.937] [ 1.99  0.16  9.77]
-36.346938 [ 173.063    4.438   -0.937] [ 2.04  0.16  9.77]
-36.448655 [ 173.063    4.563   -1.   ] [ 2.06  0.17  9.77]
-36.550267 [ 173.25     4.813   -1.   ] [ 2.1   0.17  9.76]
