-0.074292 [ 7.563 -1.125 -8.812] [-0.19  1.5   9.68]
-0.175548 [ 7.875  1.063 -8.812] [ 1.47  1.5   9.68]
-0.276471 [ 7.938  1.75  -8.5  ] [ 1.59  1.45  9.69]
-0.377984 [ 7.938  1.688 -8.562] [ 1.58  1.45  9.69]
-0.478757 [ 7.938  1.625 -8.875] [ 1.56  1.51  9.68]
-0.579507 [ 7.938  1.625 -9.125] [ 1.55  1.55  9.67]
-0.680055 [ 7.938  1.563 -9.562] [ 1.54  1.63  9.66]
-0.78038 [  7.938   1.375 -10.   ] [ 1.52  1.7   9.65]
-0.880864 [  7.875   1.063 -10.312] [ 1.47  1.76  9.64]
-0.982044 [  7.813   0.625 -10.75 ] [ 1.39  1.83  9.63]
-1.08348 [  7.75    0.125 -11.125] [ 1.3   1.89  9.62]
-1.185026 [  7.75   -0.25  -11.375] [-0.05  1.93  9.61]
-1.2868 [  0.375  -1.    -11.687] [-0.17  1.99  9.6 ]
-1.388546 [  7.563  -1.437 -11.875] [-0.24  2.02  9.59]
-1.489827 [  7.563  -1.937 -11.937] [-0.34  2.03  9.58]
-1.59089 [  7.5    -2.375 -11.937] [-0.41  2.03  9.58]
-1.691476 [  7.438  -2.875 -11.937] [-0.49  2.03  9.58]
-1.791802 [  7.375  -3.25  -11.937] [-0.56  2.03  9.57]
-1.892341 [  7.375  -3.625 -11.937] [-0.62  2.02  9.57]
-1.993287 [  7.313  -4.    -11.875] [-0.69  2.01  9.57]
-2.095395 [  0.75   -4.312 -11.312] [-0.74  1.92  9.58]
-2.197773 [  7.25  -4.5  -10.75] [-0.77  1.82  9.6 ]
-2.299516 [  7.313  -4.625 -10.25 ] [-0.79  1.75  9.61]
-2.400666 [ 7.25  -4.687 -9.75 ] [-0.8   1.66  9.63]
-2.501652 [ 7.313 -4.687 -9.312] [-0.8   1.58  9.64]
-2.602039 [ 7.313 -4.687 -8.687] [-0.81  1.47  9.66]
-2.702436 [ 7.313 -4.687 -8.312] [-0.81  1.41  9.66]
-2.802829 [ 7.313 -4.75  -8.   ] [-0.81  1.36  9.67]
-2.903299 [ 7.25  -4.75  -7.437] [-0.81  1.26  9.69]
-3.003845 [ 7.313 -4.687 -6.687] [-0.8   1.14  9.7 ]
-3.104832 [ 7.375 -4.25  -6.25 ] [-0.73  1.07  9.71]
-3.206009 [ 0.562 -3.5   -5.937] [-0.6   1.01  9.73]
-3.308209 [ 7.5   -2.75  -5.625] [-0.47  0.96  9.74]
-3.410471 [ 7.5   -2.312 -5.562] [-0.4   0.95  9.75]
-3.511995 [ 7.5   -1.875 -5.562] [-0.33  0.95  9.75]
-3.613205 [ 7.563 -1.312 -5.5  ] [-0.22  0.94  9.75]
-3.713906 [ 7.563 -0.812 -5.5  ] [-0.13  0.94  9.75]
-3.814342 [ 7.563 -0.375 -5.5  ] [-0.07  0.95  9.76]
-3.914527 [ 7.563  0.    -5.687] [ 1.28  0.97  9.75]
-4.014657 [ 7.5    0.125 -5.937] [ 1.31  1.02  9.75]
-4.115058 [ 7.5    0.313 -6.375] [ 1.33  1.09  9.74]
-4.215592 [ 7.5    0.5   -6.937] [ 1.37  1.19  9.73]
-4.31599 [ 7.5    0.75  -7.375] [ 1.41  1.26  9.72]
-4.416205 [ 7.5    0.813 -7.875] [ 1.42  1.35  9.71]
-4.51693 [ 7.563  0.938 -8.5  ] [ 1.44  1.45  9.69]
-4.61733 [ 7.5    0.938 -9.   ] [ 1.44  1.53  9.68]
-4.717895 [ 7.5    0.938 -9.437] [ 1.44  1.61  9.67]
-4.81834 [ 7.5    0.938 -9.812] [ 1.45  1.67  9.66]
-4.918758 [  7.5     1.    -10.375] [ 1.45  1.77  9.64]
-5.019251 [  7.5     0.875 -10.812] [ 1.43  1.84  9.63]
-5.119748 [  7.5     0.438 -11.187] [ 1.35  1.9   9.61]
-5.220532 [  7.438  -0.187 -11.437] [ -4.00000000e-02  -3.25730000e+02   9.61000000e+00]
-5.320938 [  7.313  -0.875 -11.687] [-0.15  1.99  9.6 ]
-5.421743 [  7.313  -1.312 -11.812] [-0.22  2.    9.59]
-5.522065 [  7.25   -1.75  -11.812] [-0.3   2.01  9.59]
-5.622375 [  7.188  -2.312 -11.812] [-0.39  2.01  9.58]
-5.723301 [  7.125  -2.75  -11.812] [-0.47  2.01  9.58]
-5.823895 [  7.063  -3.125 -11.812] [-0.54  2.01  9.58]
-5.924509 [  7.     -3.562 -11.75 ] [-0.6   2.    9.58]
-6.025034 [  6.938  -4.    -11.5  ] [-0.68  1.95  9.58]
-6.125764 [  6.938  -4.375 -11.062] [-0.75  1.88  8.31]
-6.226513 [  6.938  -4.625 -10.562] [-0.8  1.8  9.6]
-6.326897 [  6.938  -4.75  -10.187] [-0.81  1.73  9.61]
-6.427274 [ 6.875 -4.812 -9.687] [-0.83  1.65  9.63]
-6.527769 [ 6.938 -4.875 -9.25 ] [-0.83  1.57  9.64]
-6.628114 [ 6.938 -4.875 -8.687] [-0.83  1.48  9.65]
-6.728397 [ 6.938 -4.875 -8.25 ] [-0.83  1.4   9.66]
-6.828611 [ 6.938 -4.875 -7.875] [-0.83  1.34  9.67]
-6.928715 [ 6.938 -4.875 -7.375] [-0.84  1.26  9.68]
-7.029021 [ 7.    -4.75  -6.812] [-0.81  1.16  9.7 ]
-7.12957 [ 7.    -4.187 -6.437] [-0.71  1.09  9.71]
-7.230114 [ 7.063 -3.375 -6.187] [-0.57  1.06  9.73]
-7.330542 [ 7.125 -2.75  -6.   ] [-0.47  1.02  9.74]
-7.431245 [ 7.125 -2.437 -5.875] [-0.41  1.    9.74]
-7.531751 [ 7.125 -1.875 -5.875] [-0.32  1.    9.74]
-7.632275 [ 7.188 -1.375 -5.812] [-0.23  1.    9.75]
-7.732805 [ 7.188 -0.875 -5.812] [-0.15  1.    9.75]
-7.833392 [ 7.188 -0.437 -5.812] [-0.08  0.99  9.75]
-7.93398 [ 7.25  -0.062 -5.812] [-0.01  0.99  9.75]
-8.034421 [ 7.25   0.188 -6.   ] [ 1.31  1.03  9.75]
-8.1358 [ 0.75   0.375 -6.375] [ 1.34  1.09  9.74]
-8.23674 [ 7.25   0.75  -6.812] [ 1.4   1.16  9.73]
-8.3382 [ 7.25   0.875 -7.25 ] [ 0.15  1.23  9.72]
-8.438869 [ 7.25   0.938 -7.812] [ 1.44  1.33  9.71]
-8.539482 [ 7.25   1.    -8.375] [ 1.45  1.43  9.69]
-8.639888 [ 7.25   1.    -8.812] [ 1.45  1.5   9.68]
-8.74032 [ 7.25   1.    -9.312] [ 1.45  1.59  9.67]
-8.840627 [ 7.25   1.    -9.687] [ 1.45  1.65  9.66]
-8.941272 [  7.25    1.    -10.187] [ 1.45  1.73  9.65]
-9.042571 [  0.812   0.938 -10.687] [ 1.44  1.82  9.63]
-9.14457 [  0.75    0.375 -11.062] [ 1.34  1.88  9.62]
-9.24673 [  0.812  -0.25  -11.437] [-0.05  1.94  9.61]
-9.348409 [  6.938  -1.5   -11.812] [-0.21  2.    9.59]
-9.44942 [  6.875  -2.125 -12.125] [-0.37  2.06  9.58]
-9.550426 [  6.875  -2.375 -12.125] [-0.4   2.06  9.57]
-9.650709 [  6.875  -2.75  -12.125] [-0.47  2.06  9.57]
-9.751144 [  6.813  -3.125 -12.125] [-0.53  2.05  9.57]
-9.851521 [  6.75   -3.437 -12.125] [-0.59  2.05  9.56]
-9.951809 [  6.75   -3.812 -12.   ] [-0.65  2.03  9.57]
-10.052497 [  6.688  -4.125 -11.625] [-0.71  1.97  9.57]
-10.152923 [  6.688  -4.437 -11.187] [-0.76  1.89  9.59]
-10.254141 [  1.375  -4.625 -10.625] [-0.79  1.81  9.6 ]
-10.355925 [  6.625  -4.75  -10.062] [-0.82  1.71  9.62]
-10.457887 [ 6.625 -4.812 -9.625] [-0.83  1.64  9.63]
-10.560265 [ 6.625 -4.875 -9.062] [-0.83  1.55  9.64]
-10.66126 [ 6.625 -4.875 -8.562] [-0.84  1.46  9.66]
-10.762055 [ 6.625 -4.875 -8.187] [-0.84  1.39  9.67]
-10.862505 [ 6.625 -4.875 -7.75 ] [-0.84  1.32  9.68]
-10.962796 [ 6.625 -4.937 -7.187] [-0.84  1.22  9.69]
-11.063171 [ 6.625 -4.937 -6.687] [-0.84  1.14  9.7 ]
-11.163736 [ 6.688 -4.437 -6.437] [-0.76  1.1   9.71]
-11.264531 [ 6.75  -3.625 -6.125] [-0.62  1.04  9.73]
-11.365663 [ 6.75  -2.937 -5.937] [-0.5   1.02  9.74]
-11.467302 [ 6.813 -2.437 -5.875] [-0.42  1.01  9.74]
-11.56958 [ 1.187 -2.    -5.812] [-0.34  1.    9.74]
-11.671645 [ 6.875 -1.25  -5.812] [-0.22  0.99  9.75]
-11.772972 [ 6.875 -0.875 -5.75 ] [-0.15  0.99  9.75]
-11.873972 [ 6.875 -0.5   -5.75 ] [-0.08  0.98  9.75]
-11.974473 [ 6.938  0.    -5.75 ] [ 1.28  0.98  9.75]
-12.074889 [ 6.938  0.25  -5.875] [ 1.33  1.    9.75]
-12.175448 [ 6.938  0.563 -6.25 ] [ 1.37  1.07  9.74]
-12.276476 [ 6.938  0.875 -6.687] [ 1.43  1.15  9.73]
-12.377126 [ 6.938  1.063 -7.187] [ 1.47  1.22  9.72]
-12.477425 [ 6.938  1.125 -7.75 ] [ 1.47  1.32  9.71]
-12.577657 [ 6.938  1.125 -8.437] [ 1.47  1.44  9.69]
-12.677822 [ 6.938  1.125 -8.875] [ 1.48  1.51  9.68]
-12.77789 [ 6.938  1.125 -9.437] [ 1.48  1.61  9.67]
-12.878354 [ 6.938  1.125 -9.812] [ 1.48  1.68  9.65]
-12.978464 [  6.938   1.125 -10.187] [ 1.47  1.73  9.64]
-13.078829 [  6.875   0.813 -10.625] [ 1.42  1.81  9.63]
-13.179331 [  6.875   0.25  -10.937] [ 1.33  1.86  9.62]
-13.279881 [  6.813  -0.437 -11.187] [-0.07  1.9   9.61]
-13.380234 [  6.625  -1.187 -11.625] [-0.2   1.98  9.6 ]
-13.480876 [  6.625  -1.5   -11.75 ] [-0.26  2.    9.59]
-13.581424 [  6.563  -2.062 -11.812] [-0.36  2.01  9.59]
-13.681798 [  6.5    -2.5   -11.875] [-0.43  2.01  9.58]
-13.782371 [  6.438  -2.937 -11.875] [-0.51  2.01  9.58]
-13.882795 [  6.375  -3.312 -11.875] [-0.57  2.01  9.57]
-13.983219 [ 6.313 -3.687 -3.687] [-0.63  1.99  9.58]
-14.083753 [  6.313  -4.    -11.625] [-0.68  1.97  9.58]
-14.184294 [  1.75   -4.312 -11.062] [-0.74  1.88  9.59]
-14.284867 [  6.188  -4.5   -10.5  ] [-0.77  1.79  9.6 ]
-14.385087 [  6.25   -4.625 -10.062] [-0.79  1.72  9.62]
-14.485673 [ 6.188 -4.687 -9.562] [-0.8   1.63  9.63]
-14.58605 [ 6.25  -4.75  -9.125] [-0.81  1.56  9.64]
-14.686614 [ 6.188 -4.75  -8.562] [-0.81  1.46  9.66]
-14.78706 [ 6.25 -4.75 -8.25] [-0.81  1.4   9.67]
-14.887266 [ 6.25  -4.75  -7.875] [-0.81  1.34  9.67]
-14.987791 [ 6.25  -4.75  -7.312] [-0.81  1.25  9.69]
-15.088288 [ 6.25  -4.75  -6.687] [-0.81  1.13  9.7 ]
-15.188613 [ 6.313 -4.312 -6.312] [-0.73  1.07  9.71]
-15.289211 [ 6.313 -3.437 -6.   ] [-0.58  1.02  9.73]
-15.389599 [ 6.375 -2.625 -5.75 ] [-0.45  0.98  9.74]
-15.490087 [ 6.375 -2.375 -5.687] [-0.4   0.97  9.74]
-15.590591 [ 6.375 -1.937 -5.625] [-0.33  0.96  9.75]
-15.691064 [ 6.438 -1.312 -5.625] [-0.22  0.96  9.75]
-15.791511 [ 6.438 -0.75  -5.625] [-0.13  0.96  9.75]
-15.892052 [ 6.438 -0.375 -5.625] [-0.06  0.96  9.75]
-15.992523 [ 6.5   0.   -5.75] [ 1.28  0.98  9.75]
-16.093081 [ 6.5   0.25 -6.  ] [ 1.32  1.03  9.75]
-16.19354 [ 6.438  0.438 -6.437] [ 1.35  1.1   9.74]
-16.294023 [ 6.5    0.688 -6.937] [ 1.39  1.18  8.45]
-16.394397 [ 6.5    0.938 -7.375] [ 1.44  1.26  9.72]
-16.495004 [ 6.5    1.    -7.937] [ 1.45  1.35  9.71]
-16.595435 [ 6.5  1.  -8.5] [ 1.46  1.45  9.69]
-16.695864 [ 6.5    1.063 -9.   ] [ 1.47  1.53  9.68]
-16.796097 [ 6.5    1.063 -9.5  ] [ 1.47  1.62  9.66]
-16.896584 [ 6.438  1.063 -9.875] [ 1.47  1.68  9.65]
-16.997273 [  6.5     1.063 -10.437] [ 1.47  1.77  9.64]
-17.098161 [  6.438   1.    -10.812] [ 1.46  1.84  9.62]
-17.199464 [  6.438   0.563 -11.062] [ 1.38  1.88  9.62]
-17.300499 [  6.375  -0.062 -11.312] [-0.01  1.92  9.61]
-17.401134 [  6.25   -0.75  -11.625] [-0.13  1.97  9.6 ]
-17.501663 [  6.25   -1.187 -11.687] [-0.2   1.99  9.6 ]
-17.602036 [  6.188  -1.625 -11.75 ] [-0.28  1.99  9.59]
-17.702824 [  6.125  -2.187 -11.75 ] [-0.38  2.    9.59]
-17.804129 [  6.063  -2.687 -11.75 ] [-0.46  2.    9.58]
-17.906038 [  6.     -3.    -11.812] [-0.52  2.    9.58]
-18.008317 [  5.938  -3.5   -11.75 ] [-0.59  1.99  9.58]
-18.109994 [  5.875  -3.937 -11.437] [-0.66  1.95  9.58]
-18.21168 [  5.875  -4.25  -11.   ] [-0.73  1.87  9.59]
-18.312072 [  5.813  -4.562 -10.625] [-0.78  1.8   9.6 ]
-18.412537 [  5.813  -4.687 -10.187] [-0.8   1.72  9.61]
-18.512922 [ 5.813 -4.75  -9.812] [-0.81  1.66  9.62]
-18.613387 [ 5.813 -4.75  -9.375] [-0.81  1.59  9.64]
-18.714106 [ 2.187 -4.75  -8.75 ] [-0.82  1.48  9.65]
-18.815378 [ 2.187 -4.812 -8.25 ] [-0.82  1.41  9.66]
-18.91664 [ 2.187 -4.812 -7.875] [-0.82  1.34  9.67]
-19.018656 [ 5.813 -4.812 -7.375] [-0.82  1.26  9.68]
-19.120502 [ 5.875 -4.625 -6.812] [-0.8   1.17  9.7 ]
-19.221727 [ 5.875 -4.    -6.437] [-0.7   1.1   9.71]
-19.322564 [ 5.938 -3.187 -6.25 ] [-0.54  1.06  9.73]
-19.422916 [ 6.    -2.562 -6.   ] [-0.44  1.03  9.74]
-19.525585 [ 1.937 -2.312 -5.937] [-0.39  1.02  9.74]
-19.626751 [ 6.063 -1.75  -5.875] [-0.3   1.01  9.74]
-19.728678 [ 1.937 -1.187 -5.875] [-0.21  1.01  9.75]
-19.831096 [ 6.125 -0.75  -5.875] [-0.14  1.    9.75]
-19.932589 [ 6.125 -0.312 -5.875] [-0.06  1.    9.75]
-20.033535 [ 6.188  0.063 -5.875] [ 1.29  1.    9.75]
-20.134065 [ 6.188  0.25  -6.062] [ 1.32  1.04  9.75]
-20.234191 [ 6.125  0.438 -6.437] [ 1.35  1.09  9.74]
-20.334478 [ 6.188  0.75  -6.812] [ 1.41  1.16  9.73]
-20.434865 [ 6.188  0.875 -7.25 ] [ 1.43  1.24  9.72]
-20.534992 [ 6.188  1.    -7.812] [ 1.45  1.33  9.71]
-20.635257 [ 6.188  1.    -8.437] [ 1.45  1.44  9.69]
-20.735645 [ 6.188  1.063 -8.875] [ 1.46  1.51  9.68]
-20.835835 [ 6.188  1.063 -9.437] [ 1.46  1.6   9.67]
-20.936069 [ 6.188  1.063 -9.75 ] [ 1.46  1.66  9.66]
-21.039358 [  6.188   1.063 -10.187] [ 1.46  1.74  9.64]
-21.139783 [  6.188   0.938 -10.687] [ 1.44  1.82  9.63]
-21.240074 [  6.125   0.375 -11.062] [   1.35    1.88 -318.06]
-21.340524 [  6.063  -0.312 -11.375] [-0.05  1.94  9.61]
-21.440892 [  6.     -0.937 -11.75 ] [-0.16  2.    9.59]
-21.541142 [  5.938  -1.375 -11.812] [-0.23  2.01  9.59]
-21.641518 [  5.875  -1.812 -11.875] [-0.32  2.02  9.59]
-21.741767 [  5.625  -3.25  -12.187] [-0.56  2.07  9.56]
-21.842322 [  5.625  -3.375 -12.062] [-0.57  2.05  9.57]
-21.942771 [  5.625  -3.5   -12.   ] [-0.6   2.04  9.57]
-22.04331 [  5.625  -3.812 -12.   ] [-0.66  2.03  9.57]
-22.143799 [  5.563  -4.125 -11.625] [-0.7   1.97  9.57]
-22.244201 [  5.563  -4.437 -11.187] [-0.75  1.9   9.58]
-22.344451 [  5.563  -4.625 -10.562] [-0.79  1.8   9.6 ]
-22.447351 [  5.563  -4.75  -10.062] [-0.81  1.7   9.62]
-22.548014 [ 5.563 -4.812 -9.687] [-0.82  1.64  9.63]
-22.648378 [  5.563 -12.875  -9.125] [-0.83  1.55  9.64]
-22.748748 [ 5.563 -4.875 -8.625] [-0.84  1.47  9.65]
-22.849042 [ 5.563 -4.875 -8.312] [-0.84  1.41  9.66]
-22.949447 [ 5.563 -4.937 -7.875] [-0.84  1.34  9.67]
-23.049799 [ 5.563 -4.937 -7.312] [-0.84  1.24  9.69]
-23.150181 [ 5.563 -4.937 -6.812] [-0.84  1.16  9.7 ]
-23.25031 [ 5.625 -4.437 -6.5  ] [-0.76  1.11  9.71]
-23.353949 [ 5.688 -3.625 -6.187] [-0.63  1.05  9.72]
-23.455136 [ 2.25  -2.937 -6.   ] [-0.5   1.03  9.73]
-23.555788 [ 5.813 -2.375 -5.937] [-0.41  1.01  9.74]
-23.656814 [ 5.813 -1.875 -5.875] [-0.33  1.01  9.74]
-23.757743 [ 5.813 -1.312 -5.875] [-0.23  1.    9.75]
-23.858242 [ 5.875 -0.875 -5.875] [-0.15  1.    9.75]
-23.959039 [ 5.875 -0.437 -5.812] [-0.07  1.    9.75]
-24.060068 [ 5.938  0.    -5.812] [ 1.28  1.    9.75]
-24.161515 [ 2.062  0.313 -6.   ] [ 1.33  1.03  9.75]
-24.263904 [ 2.062  0.5   -6.5  ] [ 1.36  1.11  9.74]
-24.366197 [ 5.938  0.813 -7.   ] [ 1.42  1.18  9.73]
-24.467767 [ 5.938  1.    -7.375] [ 0.17  1.25  9.72]
-24.568579 [ 5.938  1.125 -7.937] [ 1.47  1.36  9.7 ]
-24.669022 [ 5.938  1.125 -8.562] [ 1.48  1.46  9.69]
-24.769655 [ 5.938  1.188 -9.   ] [ 1.48  1.54  9.68]
-24.870674 [ 5.938  1.188 -9.562] [ 1.48  1.63  9.66]
-24.971411 [ 5.938  1.188 -9.937] [ 1.48  1.69  9.65]
-25.072518 [  2.062   1.125 -10.187] [ 1.47  1.74  9.64]
-25.174356 [  2.062   0.875 -10.625] [ 0.15  1.81  9.63]
-25.276738 [  5.875   0.375 -11.   ] [ 1.35  1.86  9.62]
-25.378379 [  5.813  -0.312 -11.187] [-0.04  1.9   9.61]
-25.479499 [  5.75   -0.937 -11.562] [-0.16  1.96  9.6 ]
-25.580343 [  5.688  -1.375 -11.75 ] [-0.23  2.    9.59]
-25.681054 [  5.625  -1.937 -11.812] [-0.33  2.01  9.59]
-25.781714 [  5.563  -2.437 -11.812] [-0.42  2.01  9.58]
-25.882872 [  5.5    -2.875 -11.812] [-0.49  2.01  9.58]
-25.984841 [  5.438  -3.25  -11.812] [-0.56  2.01  9.58]
-26.087318 [  5.375  -3.625 -11.812] [-0.62  2.    9.57]
-26.189575 [  5.375  -4.    -11.625] [-0.68  1.98  9.57]
-26.290979 [  5.313  -4.375 -11.25 ] [-0.75  1.9   9.58]
-26.391935 [  5.313  -4.625 -10.687] [-0.79  1.81  9.6 ]
-26.492652 [  5.313  -4.687 -10.187] [-0.8   1.73  9.61]
-26.593296 [ 5.313 -4.687 -9.75 ] [-0.81  1.65  9.63]
-26.693962 [ 5.313 -4.75  -9.25 ] [-0.82  1.57  9.64]
-26.794536 [ 5.25  -4.812 -8.687] [-0.82  1.47  9.65]
-26.895204 [ 5.313 -4.812 -8.312] [-0.82  1.41  9.66]
-26.995807 [ 5.313 -4.812 -8.   ] [-0.82  1.36  9.67]
-27.096957 [ 5.25  -4.812 -7.437] [-0.82  1.26  9.68]
-27.197481 [ 5.313 -4.812 -6.75 ] [-0.82  1.15  9.7 ]
-27.298188 [ 5.313 -4.375 -6.437] [  -0.75 -326.59    9.71]
-27.398642 [ 5.375 -3.562 -6.062] [-0.61  1.03  9.73]
-27.499338 [ 5.375 -2.875 -5.875] [-0.49  1.    9.74]
-27.600027 [ 5.438 -2.375 -5.812] [-0.4   0.99  9.74]
-27.700898 [ 5.438 -1.875 -5.812] [-0.33  2.27  9.75]
-27.801502 [ 5.5   -1.375 -5.75 ] [-0.24  0.99  9.75]
-27.902402 [ 5.5   -0.812 -5.75 ] [-0.14  0.99  9.75]
-28.003518 [ 5.5   -0.437 -5.75 ] [-0.07  0.98  9.75]
-28.104349 [ 5.563  0.    -5.875] [ 1.28  1.    9.75]
-28.205064 [ 5.563  0.25  -6.125] [ 1.32  1.05  9.74]
-28.305789 [ 5.563  0.375 -6.562] [ 1.35  1.12  9.74]
-28.406399 [ 5.563  0.625 -7.   ] [ 1.39  1.2   9.73]
-28.506887 [ 5.563  0.875 -7.437] [ 1.43  1.27  9.72]
-28.607664 [ 5.563  0.938 -8.   ] [ 1.44  1.36  9.7 ]
-28.708257 [ 5.563  1.063 -8.562] [ 1.46  1.46  9.69]
-28.808822 [ 5.563  1.125 -9.   ] [ 1.47  1.54  9.68]
-28.909598 [ 5.563  1.125 -9.562] [ 1.47  1.62  9.66]
-29.010366 [ 5.563  1.125 -9.875] [ 1.47  1.69  9.65]
-29.111171 [  5.563   1.125 -10.375] [ 1.47  1.77  9.64]
-29.212036 [  5.563   0.938 -10.812] [ 1.44  1.84  9.63]
-29.313164 [  5.5     0.5   -11.062] [ 1.37  1.88  9.62]
-29.414355 [  5.438  -0.125 -11.375] [-0.01  1.93  9.61]
-29.515263 [  5.375  -0.75  -11.562] [-0.13  1.97  9.6 ]
-29.615807 [  5.313  -1.187 -11.625] [-0.21  1.98  9.6 ]
-29.716254 [  5.25   -1.75  -11.687] [-0.3   1.98  9.59]
-29.81679 [  5.25   -2.25  -11.687] [-0.39  1.98  9.59]
-29.917365 [  5.188  -2.687 -11.687] [-0.46  1.98  9.59]
-30.018252 [  5.125  -3.125 -11.687] [-0.53  1.98  9.58]
-30.120332 [  5.063  -3.437 -11.625] [-0.59  1.97  9.58]
-30.222311 [-5.5   -0.062 -0.062] [-0.66  1.93  9.59]
-30.324292 [  5.     -4.25  -10.875] [-0.72  1.85  9.6 ]
-30.425849 [  5.     -4.562 -10.5  ] [-0.78  1.78  9.61]
-30.526646 [  5.     -4.687 -10.   ] [-0.8   1.7   9.62]
-30.627212 [ 5.    -4.75  -9.562] [-0.81  1.62  9.63]
-30.727756 [ 5.    -4.75  -9.062] [-0.81  1.54  9.64]
-30.82825 [ 5.    -4.75  -8.562] [-0.82  1.46  9.66]
-30.929005 [ 5.    -4.812 -8.187] [-0.82  1.39  9.67]
-31.030836 [ 3.    -4.812 -7.875] [-0.82  1.33  9.67]
-31.132984 [ 5.    -4.812 -7.375] [-0.82  1.25  9.69]
-31.235117 [ 5.063 -4.625 -6.812] [-0.8   1.17  9.7 ]
-31.336504 [ 5.063 -4.062 -6.5  ] [-0.71  1.11  9.71]
-31.437495 [ 5.125 -3.25  -6.25 ] [-0.55  1.06  9.73]
-31.538285 [ 5.125 -2.687 -6.   ] [-0.46  1.03  9.74]
-31.639011 [ 5.188 -2.312 -5.937] [-0.4   1.02  9.74]
-31.740098 [ 5.188 -1.75  -5.875] [-0.3   1.01  9.74]
-31.841194 [ 5.25  -1.187 -5.875] [-0.2   1.01  9.75]
-31.942957 [ 5.25  -0.812 -5.875] [-0.13  1.01  9.75]
-32.045218 [ 5.313 -0.312 -5.875] [-0.06  1.01  9.75]
-32.147178 [ 5.313  0.063 -5.875] [ 1.28  1.    9.75]
-32.24843 [ 5.313  0.313 -6.   ] [ 1.33  1.03  9.75]
-32.348994 [ 5.313  0.438 -6.312] [ 1.36  1.08  9.74]
-32.449499 [ 5.313  0.75  -6.75 ] [ 1.41  1.15  9.73]
-32.550161 [ 5.313  0.938 -7.062] [ 1.45  1.21  9.72]
-32.650667 [ 5.313  1.    -7.625] [ 1.45  1.31  9.71]
-32.751238 [ 5.313  1.    -8.312] [ 1.45  1.41  9.7 ]
-32.852007 [ 5.313  1.    -8.75 ] [ 1.45  1.49  9.68]
-32.952842 [ 5.313  1.    -9.312] [ 1.45  1.59  9.67]
-33.054165 [ 5.313  1.    -9.687] [ 1.45  1.65  9.66]
-33.154907 [  2.687   1.    -10.187] [ 1.45  1.73  9.65]
-33.255692 [  5.25    0.938 -10.625] [ 1.44  1.81  9.63]
-33.356148 [  5.25   0.5  -11.  ] [ 1.36  1.87  9.62]
-33.456716 [  5.125  -0.437 -11.437] [-0.07  1.94  9.61]
-33.557201 [  5.063  -1.    -11.687] [-0.17  1.99  9.6 ]
-33.657874 [  5.063  -1.375 -11.812] [-0.24  2.    9.59]
-33.758663 [  5.     -1.875 -11.812] [-0.32  2.01  9.59]
-33.8594 [  4.938  -2.437 -11.812] [-0.4   2.01  9.58]
-33.960265 [  4.875  -2.875 -11.812] [-0.48  2.01  9.58]
-34.061213 [  4.813  -3.25  -11.812] [-0.56  2.    9.58]
-34.161872 [  4.75   -3.625 -11.687] [-0.62  1.98  9.58]
-34.262742 [  4.688  -3.937 -11.437] [-0.68  1.94  9.58]
-34.363449 [  4.688  -4.312 -10.937] [-0.74  1.85  9.6 ]
-34.464169 [  4.688  -4.562 -10.5  ] [-0.78  1.78  9.61]
-34.564903 [ 4.688 -4.687 -9.937] [-0.8   1.69  9.62]
-34.665458 [ 4.688 -4.687 -9.562] [-0.8   1.62  9.63]
-34.766036 [ 4.688 -4.75  -9.   ] [-0.81  1.53  9.65]
-34.866653 [ 4.688 -4.812 -8.5  ] [-0.82  1.45  9.66]
-34.967317 [ 4.688 -4.812 -8.187] [-0.82  1.39  9.67]
-35.068072 [ 4.688 -4.812 -7.75 ] [-0.82  1.32  9.68]
-35.168825 [ 4.688 -4.812 -7.062] [-0.83  1.21  9.69]
-35.269534 [ 4.688 -4.812 -6.625] [-0.82  1.13  9.7 ]
-35.370385 [    4.75   2043.625    -6.375] [-0.75  1.09  9.71]
-35.47151 [ 4.813 -3.5   -6.062] [-0.62  1.04  9.73]
-35.572541 [ 4.813 -2.875 -5.875] [-0.49  1.01  9.74]
-35.673245 [ 4.875 -2.375 -5.812] [-0.41  0.99  9.74]
-35.77409 [ 4.875 -1.875 -5.75 ] [-0.33  0.99  9.75]
-35.874506 [ 4.938 -1.312 -5.75 ] [-0.23  0.98  9.75]
-35.974951 [ 4.938 -0.875 -5.75 ] [-0.15  0.98  9.75]
-36.076446 [ 3.    -0.437 -5.687] [-0.07  0.98  9.75]
-36.177873 [ 5.     0.    -5.687] [ 1.28  0.98  9.75]
-36.279885 [ 5.     0.25  -5.875] [ 1.33  1.    9.75]
