-0.074337 [ 0.  0.  0.] [ 0.  0.  0.]
-0.176289 [ 8.  0.  0.] [ 1.28  0.    0.  ]
-0.27823 [ 8.  0.  0.] [ 1.28  0.    0.  ]
-0.380144 [ 8.  0.  0.] [ 1.28  0.    0.  ]
-0.482001 [ 8.  0.  0.] [ 0.  0.  0.]
-0.583649 [ 8.  0.  0.] [ 0.  0.  0.]
-0.685202 [ 0.  0.  0.] [ 1.28  0.    0.  ]
-0.787043 [ 8.  0.  0.] [ 1.28  0.    0.  ]
-0.889149 [ 8.  0.  0.] [ 1.28  0.    0.  ]
-0.991027 [ 8.  0.  0.] [ 1.28  0.    0.  ]
-1.092943 [ 8.  0.  0.] [ 1.28  0.    0.  ]
-1.194737 [ 8.  0.  0.] [ 1.28  0.    0.  ]
-1.296656 [ 8.  0.  0.] [ 0.  0.  0.]
-1.398333 [ 8.  0.  0.] [ 1.28  0.    0.  ]
-1.500188 [ 8.  0.  0.] [ 0.  0.  0.]
-1.602339 [ 8.  0.  0.] [ 1.28  0.    0.  ]
-1.704465 [ 8.  0.  0.] [ 1.28  0.    0.  ]
-1.806282 [ 8.  0.  0.] [-1.28 -0.01 -0.01]
-1.907902 [ 8.  0.  0.] [ 1.28  0.    0.  ]
-2.00989 [ 8.  0.  0.] [ 1.28  0.    0.  ]
-2.111881 [ 8.  0.  0.] [ 1.28  0.    0.  ]
-2.213702 [ 8.  0.  0.] [ 1.28  0.    0.  ]
-2.315785 [ 0.  0.  0.] [ 1.28  0.    0.  ]
-2.417665 [ 8.  0.  0.] [ 0.  0.  0.]
-2.519582 [ 8.  0.  0.] [ 0.  0.  0.]
-2.62134 [ 8.  0.  0.] [ 1.28  0.    0.  ]
-2.723363 [ 8.  0.  0.] [ 1.28  0.    0.  ]
-2.825495 [ 8.  0.  0.] [ 1.28  0.    0.  ]
-2.92745 [ 8.  0.  0.] [ 1.28  0.    0.  ]
-3.029573 [ 8.  0.  0.] [ 1.28  0.    0.  ]
-3.131453 [ 8.  0.  0.] [ 1.28  0.    0.  ]
-3.233416 [ 8.  0.  0.] [ 1.28  0.    0.  ]
-3.335369 [ 8.  0.  0.] [ 1.28  0.    0.  ]
-3.437338 [ 8.  0.  0.] [ 1.28  0.    0.  ]
-3.539514 [ 8.  0.  0.] [ 0.  0.  0.]
-3.641336 [ 8.  0.  0.] [ 1.28  0.    0.  ]
-3.743136 [ 8.  0.  0.] [ 0.  0.  0.]
-3.84475 [ 8.  0.  0.] [-1.28 -0.01 -0.01]
-3.946317 [ 0.  0.  0.] [ 1.28  0.    0.  ]
-4.04813 [ 8.  0.  0.] [ 1.28  0.    0.  ]
-4.150166 [ 8.  0.  0.] [ 0.  0.  0.]
-4.251949 [ 8.  0.  0.] [ 1.28  0.    0.  ]
-4.353831 [ 8.  0.  0.] [ 1.28  0.    0.  ]
-4.455669 [ 8.  0.  0.] [-1.28 -0.01 -0.01]
-4.557379 [ 8.  0.  0.] [ 1.28  0.    0.  ]
-4.659445 [ 0.  0.  0.] [ 1.28  0.    0.  ]
-4.761221 [ 8.  0.  0.] [ 0.  0.  0.]
-4.862767 [ 8.  0.  0.] [ 1.28  0.    0.  ]
-4.964944 [ 8.  0.  0.] [ 0.  0.  0.]
-5.067278 [ 8.  0.  0.] [ 0.  0.  0.]
-5.169553 [ 8.  0.  0.] [ 1.28  0.    0.  ]
-5.271543 [ 8.  0.  0.] [ 1.28  0.    0.  ]
-5.373528 [ 0.  0.  0.] [ 0.  0.  0.]
-5.475121 [ 8.  0.  0.] [ 1.28  0.    0.  ]
-5.577075 [ 8.  0.  0.] [-1.28 -0.01 -0.01]
-5.678894 [ 8.  0.  0.] [-1.28 -0.01 -0.01]
-5.780423 [ 0.  0.  0.] [ 1.28  0.    0.  ]
-5.882009 [ 8.  0.  0.] [ 1.28  0.    0.  ]
-5.983953 [ 8.  0.  0.] [ 1.28  0.    0.  ]
-6.085719 [ 8.  0.  0.] [ 1.28  0.    0.  ]
-6.18788 [ 8.  0.  0.] [ 0.  0.  0.]
-6.289641 [ 8.  0.  0.] [ 0.  0.  0.]
-6.3913 [ 8.  0.  0.] [ 1.28  0.    0.  ]
-6.493268 [ 8.  0.  0.] [ 0.  0.  0.]
-6.594988 [ 8.  0.  0.] [ 0.  0.  0.]
-6.69673 [ 8.  0.  0.] [ 1.28  0.    0.  ]
-6.798696 [ 8.  0.  0.] [ 1.28  0.    0.  ]
-6.900675 [ 8.  0.  0.] [-1.28 -0.01 -0.01]
-7.002161 [ 8.  0.  0.] [ 0.  0.  0.]
-7.103981 [ 8.  0.  0.] [ 0.  0.  0.]
-7.205678 [ 8.  0.  0.] [ 1.28  0.    0.  ]
-7.307834 [ 8.  0.  0.] [ 1.28  0.    0.  ]
-7.409889 [ 8.  0.  0.] [ 0.  0.  0.]
-7.511595 [ 8.  0.  0.] [ 1.28  0.    0.  ]
-7.613358 [ 8.  0.  0.] [ 1.28  0.    0.  ]
-7.715523 [ 8.  0.  0.] [ 0.  0.  0.]
-7.817323 [ 8.  0.  0.] [-1.28 -0.01 -0.01]
-7.918858 [ 8.  0.  0.] [ 0.  0.  0.]
-8.020701 [ 8.  0.  0.] [-1.28 -0.01 -0.01]
-8.122163 [ 0.  0.  0.] [ 0.  0.  0.]
-8.223639 [ 8.  0.  0.] [ 0.  0.  0.]
-8.325376 [ 8.  0.  0.] [ 1.28  0.    0.  ]
-8.427328 [ 8.  0.  0.] [ 1.28  0.    0.  ]
-8.529344 [ 0.  0.  0.] [ 1.28  0.    0.  ]
-8.631 [ 8.  0.  0.] [ 1.28  0.    0.  ]
-8.732925 [ 0.  0.  0.] [ 1.28  0.    0.  ]
-8.834563 [ 8.  0.  0.] [ 1.28  0.    0.  ]
-8.937337 [ 8.  0.  0.] [-1.28 -0.01 -0.01]
-9.038943 [ 8.  0.  0.] [ 1.28  0.    0.  ]
-9.140698 [ 8.  0.  0.] [ 1.28  0.    0.  ]
-9.242729 [ 8.  0.  0.] [ 1.28  0.    0.  ]
-9.344771 [ 8.  0.  0.] [ 0.  0.  0.]
-9.446499 [ 8.  0.  0.] [-1.28 -0.01 -0.01]
-9.547902 [ 0.  0.  0.] [ 0.  0.  0.]
-9.649548 [ 8.  0.  0.] [ 1.28  0.    0.  ]
-9.751281 [ 8.  0.  0.] [ 1.28  0.    0.  ]
-9.853068 [ 8.  0.  0.] [ 1.28  0.    0.  ]
-9.955397 [ 8.  0.  0.] [ 1.28  0.    0.  ]
-10.057959 [ 8.  0.  0.] [ 1.28  0.    0.  ]
-10.159888 [ 8.  0.  0.] [ 0.  0.  0.]
-10.261577 [ 8.  0.  0.] [ 1.28  0.    0.  ]
-10.363392 [ 8.  0.  0.] [ 1.28  0.    0.  ]
-10.465185 [ 8.  0.  0.] [ 0.  0.  0.]
-10.567025 [ 8.  0.  0.] [ 0.  0.  0.]
-10.668991 [ 8.  0.  0.] [ 0.  0.  0.]
-10.770682 [ 8.  0.  0.] [ 1.28  0.    0.  ]
-10.87288 [ 8.  0.  0.] [ 0.  0.  0.]
-10.974612 [ 8.  0.  0.] [-1.28 -0.01 -0.01]
-11.076127 [ 8.  0.  0.] [ 1.28  0.    0.  ]
-11.178568 [ 8.  0.  0.] [ 0.  0.  0.]
-11.280483 [ 8.  0.  0.] [ 0.  0.  0.]
-11.382071 [ 8.  0.  0.] [ 1.28  0.    0.  ]
-11.483999 [ 8.  0.  0.] [ 1.28  0.    0.  ]
-11.58583 [ 8.  0.  0.] [ 1.28  0.    0.  ]
-11.687724 [ 8.  0.  0.] [ 0.  0.  0.]
-11.790863 [ 8.  0.  0.] [ 0.  0.  0.]
-11.892824 [ 8.  0.  0.] [ 1.28  0.    0.  ]
-11.994868 [ 0.  0.  0.] [ 0.  0.  0.]
-12.096481 [ 8.  0.  0.] [ 1.28  0.    0.  ]
-12.198698 [ 8.  0.  0.] [ 1.28  0.    0.  ]
-12.30093 [ 8.  0.  0.] [ 0.  0.  0.]
-12.402545 [ 8.  0.  0.] [ 1.28  0.    0.  ]
-12.504397 [ 0.  0.  0.] [ 0.  0.  0.]
-12.605908 [ 8.  0.  0.] [ 1.28  0.    0.  ]
-12.707871 [ 0.  0.  0.] [ 1.28  0.    0.  ]
-12.809489 [ 8.  0.  0.] [ 1.28  0.    0.  ]
-12.911943 [ 8.  0.  0.] [ 0.  0.  0.]
-13.013728 [ 8.  0.  0.] [ 1.28  0.    0.  ]
-13.115722 [ 8.  0.  0.] [ 1.28  0.    0.  ]
-13.217797 [ 8.  0.  0.] [ 0.  0.  0.]
-13.319796 [ 8.  0.  0.] [ 0.  0.  0.]
-13.421558 [ 8.  0.  0.] [ 1.28  0.    0.  ]
-13.523405 [ 8.  0.  0.] [ 1.28  0.    0.  ]
-13.625362 [ 8.  0.  0.] [ 0.  0.  0.]
-13.727083 [ 8.  0.  0.] [ 0.  0.  0.]
-13.828889 [ 8.  0.  0.] [-1.28 -0.01 -0.01]
-13.930511 [ 0.  0.  0.] [ 1.28  0.    0.  ]
-14.032241 [ 8.  0.  0.] [ 1.28  0.    0.  ]
-14.13423 [ 8.  0.  0.] [ 0.  0.  0.]
-14.236185 [ 8.  0.  0.] [ 1.28  0.    0.  ]
-14.338159 [ 8.  0.  0.] [ 1.28  0.    0.  ]
-14.440129 [ 0.  0.  0.] [ 1.28  0.    0.  ]
-14.541891 [ 8.  0.  0.] [-1.28 -0.01 -0.01]
-14.643337 [ 8.  0.  0.] [ 1.28  0.    0.  ]
-14.745097 [ 8.  0.  0.] [ 1.28  0.    0.  ]
-14.846876 [ 8.  0.  0.] [ 1.28  0.    0.  ]
-14.94891 [ 8.  0.  0.] [ 0.  0.  0.]
-15.050658 [ 8.  0.  0.] [-1.28 -0.01 -0.01]
-15.151854 [ 8.  0.  0.] [ 1.28  0.    0.  ]
-15.253836 [ 8.  0.  0.] [ 0.  0.  0.]
-15.355675 [ 8.  0.  0.] [ 0.  0.  0.]
-15.457449 [ 8.  0.  0.] [ 0.  0.  0.]
-15.559393 [ 8.  0.  0.] [ 0.  0.  0.]
-15.661156 [ 8.  0.  0.] [ 1.28  0.    0.  ]
-15.762819 [ 8.  0.  0.] [ 1.28  0.    0.  ]
-15.864605 [ 8.  0.  0.] [ 1.28  0.    0.  ]
-15.967167 [ 8.  0.  0.] [ 1.28  0.    0.  ]
-16.069653 [ 0.  0.  0.] [ 1.28  0.    0.  ]
-16.171432 [ 8.  0.  0.] [ 1.28  0.    0.  ]
-16.273232 [ 8.  0.  0.] [ 1.28  0.    0.  ]
-16.375117 [ 8.  0.  0.] [ 0.  0.  0.]
-16.477026 [ 8.  0.  0.] [ 0.  0.  0.]
-16.578772 [ 8.  0.  0.] [ 1.28  0.    0.  ]
-16.680637 [ 8.  0.  0.] [ 1.28  0.    0.  ]
-16.782374 [ 8.  0.  0.] [ 0.  0.  0.]
-16.884042 [ 8.  0.  0.] [-1.28 -0.01 -0.01]
-16.985826 [ 8.  0.  0.] [ 1.28  0.    0.  ]
-17.087944 [ 8.  0.  0.] [ 1.28  0.    0.  ]
-17.189846 [ 8.  0.  0.] [ 1.28  0.    0.  ]
-17.291797 [ 8.  0.  0.] [ 1.28  0.    0.  ]
-17.39366 [ 0.  0.  0.] [ 0.  0.  0.]
-17.49509 [ 8.  0.  0.] [ 0.  0.  0.]
-17.59688 [ 8.  0.  0.] [ 1.28  0.    0.  ]
-17.698899 [ 8.  0.  0.] [ 1.28  0.    0.  ]
-17.800741 [ 8.  0.  0.] [ 1.28  0.    0.  ]
-17.902588 [ 8.  0.  0.] [-1.28 -0.01 -0.01]
-18.004228 [ 8.  0.  0.] [-1.28 -0.01 -0.01]
-18.105652 [ 8.  0.  0.] [ 0.  0.  0.]
-18.207599 [ 8.  0.  0.] [-1.28 -0.01 -0.01]
-18.309381 [ 8.  0.  0.] [ 1.28  0.    0.  ]
-18.411372 [ 0.  0.  0.] [ 1.28  0.    0.  ]
-18.512899 [ 8.  0.  0.] [ 1.28  0.    0.  ]
-18.6148 [ 8.  0.  0.] [ 1.28  0.    0.  ]
-18.717269 [ 0.  0.  0.] [ 0.  0.  0.]
-18.818778 [ 8.  0.  0.] [ 1.28  0.    0.  ]
-18.92156 [ 8.  0.  0.] [ 1.28  0.    0.  ]
-19.023393 [ 8.  0.  0.] [ 1.28  0.    0.  ]
-19.126256 [ 8.  0.  0.] [-1.28 -0.01 -0.01]
-19.228 [ 8.  0.  0.] [ 1.28  0.    0.  ]
-19.329929 [ 8.  0.  0.] [-1.28 -0.01 -0.01]
-19.431211 [ 8.  0.  0.] [ 1.28  0.    0.  ]
-19.533697 [ 8.  0.  0.] [ 1.28  0.    0.  ]
-19.635598 [ 8.  0.  0.] [ 1.28  0.    0.  ]
-19.737684 [ 8.  0.  0.] [ 1.28  0.    0.  ]
-19.839496 [ 8.  0.  0.] [ 0.  0.  0.]
-19.941197 [ 8.  0.  0.] [ 1.28  0.    0.  ]
-20.043247 [ 0.  0.  0.] [ 0.  0.  0.]
-20.144885 [ 8.  0.  0.] [ 1.28  0.    0.  ]
-20.247046 [ 8.  0.  0.] [ 1.28  0.    0.  ]
-20.349055 [ 8.  0.  0.] [-1.28 -0.01 -0.01]
-20.450475 [ 8.  0.  0.] [ 0.  0.  0.]
-20.552186 [ 8.  0.  0.] [ 1.28  0.    0.  ]
-20.654051 [ 8.  0.  0.] [ 0.  0.  0.]
-20.756077 [ 8.  0.  0.] [-1.28 -0.01 -0.01]
-20.857543 [ 8.  0.  0.] [ 0.  0.  0.]
-20.959315 [ 8.  0.  0.] [ 0.  0.  0.]
-21.061039 [ 8.  0.  0.] [-1.28 -0.01 -0.01]
-21.164963 [ 8.  0.  0.] [-1.28 -0.01 -0.01]
-21.266639 [ 8.  0.  0.] [ 0.  0.  0.]
-21.368207 [ 8.  0.  0.] [ 1.28  0.    0.  ]
-21.470157 [ 0.  0.  0.] [ 0.  0.  0.]
-21.57156 [ 8.  0.  0.] [ 1.28  0.    0.  ]
-21.673435 [ 8.  0.  0.] [ 0.  0.  0.]
-21.775091 [ 0.  0.  0.] [ 0.  0.  0.]
-21.876488 [ 8.  0.  0.] [ 0.  0.  0.]
-21.97833 [ 8.  0.  0.] [ 1.28  0.    0.  ]
-22.080154 [ 8.  0.  0.] [ 1.28  0.    0.  ]
-22.181895 [ 8.  0.  0.] [ 1.28  0.    0.  ]
-22.283818 [ 8.  0.  0.] [ 1.28  0.    0.  ]
-22.385632 [ 8.  0.  0.] [ 0.  0.  0.]
-22.48729 [ 8.  0.  0.] [ 1.28  0.    0.  ]
-22.591558 [ 8.  0.  0.] [ 1.28  0.    0.  ]
-22.693631 [ 8.  0.  0.] [ 1.28  0.    0.  ]
-22.795521 [ 8.  0.  0.] [ 1.28  0.    0.  ]
-22.897563 [ 8.  0.  0.] [ 0.  0.  0.]
-22.999274 [ 8.  0.  0.] [ 0.  0.  0.]
-23.100746 [ 8.  0.  0.] [ 0.  0.  0.]
-23.202328 [ 0.  0.  0.] [ 1.28  0.    0.  ]
-23.304207 [ 8.  0.  0.] [-1.28 -0.01 -0.01]
-23.40572 [ 8.  0.  0.] [ 1.28  0.    0.  ]
-23.507629 [ 8.  0.  0.] [-1.28 -0.01 -0.01]
-23.609299 [ 8.  0.  0.] [ 1.28  0.    0.  ]
-23.711074 [ 8.  0.  0.] [ 1.28  0.    0.  ]
-23.813345 [ 8.  0.  0.] [ 1.28  0.    0.  ]
-23.915403 [ 8.  0.  0.] [ 0.  0.  0.]
-24.017241 [ 8.  0.  0.] [ 0.  0.  0.]
-24.119203 [ 0.  0.  0.] [ 1.28  0.    0.  ]
-24.221986 [ 8.  0.  0.] [ 0.  0.  0.]
-24.324223 [ 8.  0.  0.] [ 1.28  0.    0.  ]
-24.426237 [ 8.  0.  0.] [ 0.  0.  0.]
-24.528228 [ 0.  0.  0.] [ 1.28  0.    0.  ]
-24.62996 [ 8.  0.  0.] [ 1.28  0.    0.  ]
-24.73187 [ 0.  0.  0.] [ 0.  0.  0.]
-24.833533 [ 8.  0.  0.] [ 1.28  0.    0.  ]
-24.935708 [ 8.  0.  0.] [ 1.28  0.    0.  ]
-25.037859 [ 0.  0.  0.] [ 1.28  0.    0.  ]
-25.139916 [ 8.  0.  0.] [-1.28 -0.01 -0.01]
-25.241532 [ 8.  0.  0.] [ 1.28  0.    0.  ]
-25.343398 [ 8.  0.  0.] [-1.28 -0.01 -0.01]
-25.44485 [ 0.  0.  0.] [ 1.28  0.    0.  ]
-25.54665 [ 8.  0.  0.] [-1.28 -0.01 -0.01]
-25.648038 [ 0.  0.  0.] [ 1.28  0.    0.  ]
-25.749858 [ 0.  0.  0.] [-1.28 -0.01 -0.01]
-25.851254 [ 8.  0.  0.] [ 1.28  0.    0.  ]
-25.953297 [ 8.  0.  0.] [ 1.28  0.    0.  ]
-26.055413 [ 8.  0.  0.] [ 0.  0.  0.]
-26.157452 [ 8.  0.  0.] [ 1.28  0.    0.  ]
-26.259527 [ 8.  0.  0.] [ 1.28  0.    0.  ]
-26.361248 [ 8.  0.  0.] [ 0.  0.  0.]
-26.462894 [ 8.  0.  0.] [ 1.28  0.    0.  ]
-26.564736 [ 8.  0.  0.] [ 1.28  0.    0.  ]
-26.666711 [ 8.  0.  0.] [ 0.  0.  0.]
-26.76835 [ 0.  0.  0.] [ 1.28  0.    0.  ]
-26.870176 [ 8.  0.  0.] [-1.28 -0.01 -0.01]
-26.971796 [ 0.  0.  0.] [ 1.28  0.    0.  ]
-27.073468 [ 8.  0.  0.] [ 1.28  0.    0.  ]
-27.175428 [ 0.  0.  0.] [ 0.  0.  0.]
-27.277269 [ 8.  0.  0.] [ 1.28  0.    0.  ]
-27.379231 [ 8.  0.  0.] [ 1.28  0.    0.  ]
-27.481119 [ 8.  0.  0.] [ 1.28  0.    0.  ]
-27.582882 [ 8.  0.  0.] [ 1.28  0.    0.  ]
-27.684987 [ 8.  0.  0.] [ 0.  0.  0.]
-27.786846 [ 8.  0.  0.] [ 1.28  0.    0.  ]
-27.888728 [ 8.  0.  0.] [ 1.28  0.    0.  ]
-27.990718 [ 0.  0.  0.] [ 1.28  0.    0.  ]
-28.09331 [ 8.  0.  0.] [ 1.28  0.    0.  ]
-28.195192 [ 8.  0.  0.] [ 1.28  0.    0.  ]
-28.29706 [ 8.  0.  0.] [ 1.28  0.    0.  ]
-28.399058 [ 0.  0.  0.] [ 1.28  0.    0.  ]
-28.500713 [ 8.  0.  0.] [ 1.28  0.    0.  ]
-28.602739 [ 8.  0.  0.] [ 0.  0.  0.]
-28.704468 [ 8.  0.  0.] [-1.28 -0.01 -0.01]
-28.806051 [ 0.  0.  0.] [ 1.28  0.    0.  ]
-28.907842 [ 8.  0.  0.] [ 1.28  0.    0.  ]
-29.009869 [ 8.  0.  0.] [ 0.  0.  0.]
-29.111582 [ 8.  0.  0.] [ 0.  0.  0.]
-29.213376 [ 0.  0.  0.] [ 0.  0.  0.]
-29.315139 [ 8.  0.  0.] [ 1.28  0.    0.  ]
-29.417217 [ 8.  0.  0.] [ 1.28  0.    0.  ]
-29.519315 [ 0.  0.  0.] [ 0.  0.  0.]
-29.621097 [ 8.  0.  0.] [-1.28 -0.01 -0.01]
-29.722587 [ 8.  0.  0.] [ 1.28  0.    0.  ]
-29.8248 [ 8.  0.  0.] [ 0.  0.  0.]
-29.926721 [ 8.  0.  0.] [ 1.28  0.    0.  ]
-30.028809 [ 8.  0.  0.] [ 1.28  0.    0.  ]
-30.130602 [ 8.  0.  0.] [ 1.28  0.    0.  ]
-30.233132 [ 8.  0.  0.] [ 1.28  0.    0.  ]
-30.335541 [ 0.  0.  0.] [ 0.  0.  0.]
-30.437252 [ 8.  0.  0.] [ 1.28  0.    0.  ]
-30.539318 [ 0.  0.  0.] [ 1.28  0.    0.  ]
-30.641047 [ 8.  0.  0.] [ 0.  0.  0.]
-30.742852 [ 0.  0.  0.] [ 1.28  0.    0.  ]
-30.844697 [ 8.  0.  0.] [ 1.28  0.    0.  ]
-30.946698 [ 8.  0.  0.] [ 1.28  0.    0.  ]
-31.048685 [ 0.  0.  0.] [ 1.28  0.    0.  ]
-31.150546 [ 8.  0.  0.] [ 1.28  0.    0.  ]
-31.252402 [ 0.  0.  0.] [ 1.28  0.    0.  ]
-31.354146 [ 8.  0.  0.] [ 1.28  0.    0.  ]
-31.456589 [ 8.  0.  0.] [-1.28 -0.01 -0.01]
-31.558169 [ 0.  0.  0.] [ 0.  0.  0.]
-31.660227 [ 8.  0.  0.] [-1.28 -0.01 -0.01]
-31.761844 [ 8.  0.  0.] [ 0.  0.  0.]
-31.863663 [ 8.  0.  0.] [-1.28 -0.01 -0.01]
-31.965136 [ 8.  0.  0.] [ 0.  0.  0.]
-32.06711 [ 8.  0.  0.] [-1.28 -0.01 -0.01]
-32.168901 [ 8.  0.  0.] [ 0.  0.  0.]
-32.270616 [ 8.  0.  0.] [ 1.28  0.    0.  ]
-32.372317 [ 8.  0.  0.] [ 1.28  0.    0.  ]
-32.474039 [ 8.  0.  0.] [ 1.28  0.    0.  ]
-32.576059 [ 8.  0.  0.] [ 0.  0.  0.]
-32.677629 [ 8.  0.  0.] [ 1.28  0.    0.  ]
-32.779602 [ 0.  0.  0.] [ 0.  0.  0.]
-32.881081 [ 8.  0.  0.] [ 1.28  0.    0.  ]
-32.982967 [ 8.  0.  0.] [ 0.  0.  0.]
-33.084602 [ 8.  0.  0.] [ 0.  0.  0.]
-33.186211 [ 8.  0.  0.] [-1.28 -0.01 -0.01]
-33.288253 [ 8.  0.  0.] [ 1.28  0.    0.  ]
-33.391267 [ 0.  0.  0.] [ 0.  0.  0.]
-33.492899 [ 8.  0.  0.] [ 1.28  0.    0.  ]
-33.595491 [ 8.  0.  0.] [-1.28 -0.01 -0.01]
-33.697679 [ 8.  0.  0.] [ 1.28  0.    0.  ]
-33.799889 [ 8.  0.  0.] [ 0.  0.  0.]
-33.902256 [ 8.  0.  0.] [ 1.28  0.    0.  ]
-34.006191 [ 8.  0.  0.] [ 1.28  0.    0.  ]
-34.113721 [ 8.  0.  0.] [ 1.28  0.    0.  ]
-34.215598 [ 8.  0.  0.] [-1.28 -0.01 -0.01]
-34.317008 [ 8.  0.  0.] [ 0.  0.  0.]
-34.41876 [ 8.  0.  0.] [ 0.  0.  0.]
-34.520432 [ 0.  0.  0.] [ 0.  0.  0.]
-34.624364 [ 8.  0.  0.] [ 1.28  0.    0.  ]
-34.726242 [ 8.  0.  0.] [ 1.28  0.    0.  ]
-34.828323 [ 0.  0.  0.] [ 0.  0.  0.]
-34.930239 [ 8.  0.  0.] [ 1.28  0.    0.  ]
-35.032101 [ 8.  0.  0.] [ 1.28  0.    0.  ]
-35.133999 [ 8.  0.  0.] [ 1.28  0.    0.  ]
-35.236202 [ 8.  0.  0.] [ 1.28  0.    0.  ]
-35.338401 [ 8.  0.  0.] [-1.28 -0.01 -0.01]
-35.440238 [ 8.  0.  0.] [ 1.28  0.    0.  ]
-35.541989 [ 8.  0.  0.] [ 1.28  0.    0.  ]
-35.643835 [ 8.  0.  0.] [ 1.28  0.    0.  ]
-35.745723 [ 8.  0.  0.] [-1.28 -0.01 -0.01]
-35.847297 [ 8.  0.  0.] [ 1.28  0.    0.  ]
-35.94935 [ 0.  0.  0.] [ 1.28  0.    0.  ]
-36.051119 [ 8.  0.  0.] [ 1.28  0.    0.  ]
-36.155195 [ 8.  0.  0.] [ 1.28  0.    0.  ]
-36.257263 [ 0.  0.  0.] [ 0.  0.  0.]
-36.358747 [ 8.  0.  0.] [ 1.28  0.    0.  ]
-36.460639 [ 0.  0.  0.] [ 1.28  0.    0.  ]
-36.562174 [ 8.  0.  0.] [ 0.  0.  0.]
-36.66392 [ 8.  0.  0.] [ 0.  0.  0.]
