-0.074488 [ 7.75  -0.812 -8.625] [-0.14  1.48  9.69]
-0.175725 [ 7.938  1.5   -8.375] [ 1.54  1.43  9.69]
-0.277322 [ 8.063  1.875 -8.25 ] [ 1.6   1.4   9.69]
-0.379904 [ 8.063  1.813 -8.25 ] [ 1.59  1.41  9.69]
-0.482197 [ 8.063  1.813 -8.687] [ 1.59  1.47  9.69]
-0.583814 [ 8.063  1.75  -9.   ] [ 1.58  1.54  9.67]
-0.684686 [ 8.063  1.688 -9.5  ] [ 1.57  1.62  9.66]
-0.785383 [ 8.063  1.563 -9.875] [ 1.54  1.68  9.65]
-0.886155 [  8.      1.25  -10.187] [ 1.49  1.73  9.64]
-0.987316 [  7.938   0.875 -10.625] [ 1.43  1.81  9.63]
-1.088883 [  7.875   0.25  -11.062] [ 1.32  1.88  9.62]
-1.191416 [  7.813  -0.312 -11.312] [-0.06  1.93  9.61]
-1.295698 [  7.688  -0.937 -11.687] [-0.16  1.99  9.6 ]
-1.396637 [  7.688  -1.312 -11.812] [-0.22  2.01  9.59]
-1.497287 [  7.625  -1.75  -11.875] [-0.3   2.02  9.59]
-1.598094 [  7.563  -2.25  -11.937] [-0.39  2.02  9.58]
-1.698875 [  7.563  -2.75  -11.875] [-0.47  2.02  9.58]
-1.799729 [  7.5    -3.187 -11.875] [-0.54  2.02  9.58]
-1.90047 [  7.438  -3.562 -11.812] [-0.61  2.01  9.57]
-2.001352 [  7.375  -3.875 -11.687] [-0.67  1.98  9.57]
-2.102202 [  7.375  -4.25  -11.312] [-0.73  1.92  9.58]
-2.203122 [  7.313  -4.5   -10.75 ] [-0.76  1.83  9.6 ]
-2.303911 [  7.313  -4.562 -10.312] [-0.79  1.74  9.61]
-2.404876 [-1680.687    -4.625    -9.812] [-0.79  1.67  9.63]
-2.505953 [ 7.313 -4.625 -9.312] [-0.79  1.59  9.64]
-2.607031 [ 7.375 -4.75  -8.687] [-0.81  1.48  9.65]
-2.707742 [ 7.313 -4.75  -8.312] [-0.81  1.41  9.66]
-2.810634 [ 7.313 -4.75  -7.937] [-0.81  1.35  9.67]
-2.911588 [ 7.313 -4.75  -7.375] [-0.81  1.26  9.69]
-3.012289 [ 0.687 -4.75  -6.75 ] [-0.81  1.15  9.7 ]
-3.113093 [ 7.313 -4.375 -6.312] [-0.75  1.08  9.71]
-3.213936 [ 7.375 -3.625 -6.   ] [-0.62  1.02  9.73]
-3.314723 [ 7.438 -2.75  -5.75 ] [-0.47  0.98  9.74]
-3.41539 [ 7.438 -2.25  -5.75 ] [-0.39  0.98  9.74]
-3.516213 [ 0.562 -1.812 -5.687] [-0.31  0.97  9.75]
-3.617268 [ 7.5   -1.187 -5.687] [-0.21  0.97  9.75]
-3.718439 [ 7.5   -0.625 -5.687] [-0.11  0.97  9.75]
-3.819293 [ 7.563 -0.25  -5.687] [-0.05  0.97  9.75]
-3.919944 [ 7.563  0.    -5.812] [ 1.28  0.99  9.75]
-4.021309 [ 7.563  0.25  -6.062] [ 1.32  1.04  9.75]
-4.121642 [ 7.625  0.438 -6.5  ] [ 1.35  1.11  9.74]
-4.222393 [ 0.375  0.688 -7.   ] [ 1.39  1.19  9.73]
-4.324393 [ 7.625  0.875 -7.437] [ 1.43  1.27  9.72]
-4.426757 [ 7.625  1.    -8.062] [ 1.45  1.36  9.7 ]
-4.528322 [ 7.625  1.125 -8.625] [ 1.47  1.46  9.69]
-4.629314 [ 7.625  1.125 -9.125] [ 0.2   1.55  9.68]
-4.730043 [ 7.625  1.125 -9.625] [ 1.48  1.63  9.66]
-4.830531 [ 7.625  1.125 -9.937] [ 1.48  1.7   9.65]
-4.930974 [  7.625   1.125 -10.437] [ 1.48  1.78  9.64]
-5.031332 [  7.625   0.938 -10.875] [ 1.44  1.85  9.62]
-5.131671 [  7.563   0.438 -11.187] [ 1.36  1.9   9.61]
-5.232302 [  7.5    -0.125 -11.5  ] [-0.02  1.95  9.6 ]
-5.333256 [  7.438  -0.75  -11.75 ] [-0.13  2.    9.59]
-5.434208 [  0.562  -1.187 -11.875] [-0.2   2.01  9.59]
-5.536097 [  7.375  -1.687 -11.812] [-0.29  2.01  9.59]
-5.638483 [  7.313  -2.25  -11.812] [-0.37  2.01  9.58]
-5.740032 [  7.313  -2.687 -11.812] [-0.45  2.01  9.58]
-5.841377 [  7.25   -3.062 -11.812] [-0.53  2.01  9.58]
-5.942198 [  7.188  -3.5   -11.75 ] [-0.6   1.99  9.58]
-6.042741 [  7.125  -3.875 -11.625] [-0.66  1.98  9.58]
-6.143281 [  7.125  -4.25  -11.187] [-0.72  1.89  9.59]
-6.244461 [  7.063  -4.5   -10.562] [-0.77  1.79  9.6 ]
-6.345946 [  7.125  -4.625 -10.187] [-0.79  1.72  9.62]
-6.447594 [ 7.063 -4.625 -9.687] [-0.79  1.64  9.63]
-6.549854 [ 7.063 -4.687 -9.125] [-0.8   1.56  9.64]
-6.651674 [ 7.063 -4.687 -8.625] [-0.81  1.47  9.66]
-6.752679 [ 7.125 -4.75  -8.125] [-0.81  1.39  9.67]
-6.853623 [ 7.063 -4.75  -7.812] [-0.81  1.33  9.68]
-6.954167 [ 7.063 -4.75  -7.312] [-0.81  1.25  9.69]
-7.054557 [ 7.125 -4.562 -6.75 ] [-0.78  1.15  9.7 ]
-7.155116 [ 7.188 -4.    -6.437] [-0.69  1.09  9.72]
-7.255806 [ 7.25  -3.187 -6.187] [-0.54  1.05  9.73]
-7.356621 [ 7.25  -2.625 -6.   ] [-0.45  1.02  9.74]
-7.457109 [ 7.25  -2.25  -5.937] [-0.39  1.01  9.74]
-7.557419 [ 7.313 -1.687 -5.875] [-0.29  1.01  9.74]
-7.657835 [ 7.313 -1.187 -5.875] [-0.2   1.    9.75]
-7.758292 [ 7.375 -0.687 -5.812] [-0.12  1.    9.75]
-7.858805 [ 7.375 -0.312 -5.812] [-0.05  0.99  9.75]
-7.959208 [ 7.438  0.063 -5.812] [ 1.29  1.    9.75]
-8.059703 [ 7.438  0.313 -6.   ] [ 1.33  1.03  9.75]
-8.160058 [ 7.438  0.438 -6.375] [ 1.36  1.09  9.74]
-8.260525 [ 7.438  0.75  -6.812] [ 1.4   1.16  9.73]
-8.361044 [ 7.438  0.875 -7.187] [ 0.15  1.23  9.72]
-8.461534 [ 7.438  0.938 -7.812] [ 1.44  1.33  9.71]
-8.562074 [ 7.438  0.938 -8.437] [ 1.44  1.44  9.69]
-8.662517 [ 7.438  0.938 -8.875] [ 1.44  1.51  9.68]
-8.763155 [ 7.438  0.938 -9.375] [ 1.44  1.6   9.67]
-8.864457 [ 7.438  0.938 -9.812] [ 1.44  1.67  9.66]
-8.965135 [  7.438   0.938 -10.25 ] [ 1.44  1.74  9.64]
-9.065849 [  7.438   0.875 -10.75 ] [ 1.43  1.83  9.63]
-9.166498 [  7.375   0.438 -11.062] [ 1.35  1.89  9.62]
-9.267269 [  7.313  -0.25  -11.437] [-0.04  1.95  9.61]
-9.367783 [  7.25   -0.75  -11.687] [-0.13  1.99  9.6 ]
-9.468306 [  7.188  -1.312 -11.812] [-0.23  2.01  9.59]
-9.568747 [  7.125  -1.812 -11.875] [-0.31  2.02  9.59]
-9.669237 [  7.063  -2.312 -11.937] [-0.39  2.03  9.58]
-9.769626 [  7.     -2.75  -11.937] [-0.47  2.03  9.58]
-9.870019 [  6.938  -3.187 -11.937] [-0.54  2.03  9.57]
-9.970488 [  6.875  -3.625 -11.875] [-0.62  2.02  9.57]
-10.070814 [  6.875  -4.    -11.687] [-0.68  1.98  9.57]
-10.171197 [  6.813  -4.312 -11.187] [-0.73  1.89  9.59]
-10.271539 [  6.813  -4.5   -10.625] [-0.77  1.8   9.6 ]
-10.372251 [  6.813  -4.625 -10.062] [-0.79  1.71  9.62]
-10.472742 [ 6.813 -4.687 -9.687] [-0.8   1.64  9.63]
-10.573341 [ 6.875 -4.687 -9.125] [-0.8   1.55  9.64]
-10.673877 [ 6.813 -4.687 -8.562] [-0.8   1.46  9.66]
-10.774339 [ 6.813 -4.687 -8.187] [-0.81  1.39  9.67]
-10.875138 [ 6.813 -4.75  -7.812] [-0.81  1.32  9.68]
-10.976095 [ 6.813 -4.75  -7.187] [-0.81  1.23  9.69]
-11.077028 [ 6.813 -4.687 -6.625] [-0.81  1.14  9.7 ]
-11.177764 [ 6.875 -4.312 -6.312] [-0.75  1.08  9.71]
-11.278444 [ 6.938 -3.5   -6.062] [-0.61  1.04  9.73]
-11.379255 [ 6.938 -2.812 -5.937] [-0.48  1.01  9.74]
-11.479838 [ 7.    -2.375 -5.875] [-0.4   1.    9.74]
-11.580213 [ 7.    -1.875 -5.812] [-0.32  1.    9.74]
-11.68059 [ 7.063 -1.312 -5.812] [-0.22  0.99  9.75]
-11.780797 [ 7.063 -0.812 -5.812] [-0.14  0.99  9.75]
-11.881327 [ 7.063 -0.375 -5.812] [-0.07  0.99  9.75]
-11.982034 [ 7.125  0.    -5.812] [ 1.28  1.    9.75]
-12.083299 [ 7.125  0.375 -6.062] [ 1.34  1.03  9.75]
-12.185311 [ 7.125  0.563 -6.437] [ 1.38  1.1   9.74]
-12.287572 [ 0.875  0.938 -6.937] [ 1.44  1.18  9.73]
-12.389353 [ 7.188  1.125 -7.375] [ 1.47  1.25  9.72]
-12.490075 [ 7.188  1.125 -8.   ] [ 0.19  1.36  9.7 ]
-12.591056 [ 7.125  1.188 -8.625] [ 1.48  1.47  9.69]
-12.691473 [ 7.125  1.188 -9.   ] [ 1.48  1.53  9.68]
-12.791982 [ 7.125  1.188 -9.562] [ 1.48  1.63  9.66]
-12.892683 [ 7.125  1.188 -9.937] [ 1.48  1.7   9.65]
-12.993154 [  7.125   1.125 -10.312] [ 1.47  1.75  9.64]
-13.093743 [  7.125   0.813 -10.812] [ 1.42  1.84  9.63]
-13.194832 [  7.125   0.25  -11.125] [ 1.32  1.89  9.62]
-13.296205 [  7.     -0.437 -11.437] [-0.07  1.95  9.61]
-13.39856 [  6.938  -1.062 -11.812] [-0.18  2.01  9.59]
-13.500469 [  6.875  -1.562 -12.   ] [-0.26  2.04  9.58]
-13.601674 [  6.813  -2.125 -12.062] [-0.35  2.05  9.58]
-13.702625 [    6.75     -2.5    2035.938] [-0.43  2.05  9.57]
-13.803596 [  6.688  -3.    -12.062] [-0.51  2.05  9.57]
-13.90415 [  6.625  -3.375 -12.062] [-0.58  2.04  9.57]
-14.004573 [  6.563  -3.75  -12.062] [-0.64  2.04  9.56]
-14.105122 [  6.563  -4.125 -11.812] [-0.7   2.01  9.57]
-14.206032 [  6.5    -4.437 -11.375] [-0.76  1.93  9.58]
-14.307229 [  1.5    -4.562 -10.812] [-0.78  1.83  9.6 ]
-14.408715 [-4.75  -0.062 -0.062] [-0.79  1.74  9.61]
-14.510154 [ 6.5   -4.687 -9.812] [-0.8   1.66  9.63]
-14.612466 [ 6.5   -4.687 -9.25 ] [-0.8   1.58  9.64]
-14.713986 [ 6.5   -4.687 -8.687] [-0.81  1.48  9.65]
-14.815161 [ 6.5  -4.75 -8.25] [-0.81  1.41  9.67]
-14.915884 [ 6.5   -4.75  -7.937] [-0.81  1.35  9.67]
-15.016193 [ 6.5   -4.75  -7.375] [-0.82  1.26  9.69]
-15.116655 [ 6.5   -4.812 -6.75 ] [-0.82  1.14  9.7 ]
-15.217051 [ 6.563 -4.375 -6.312] [-0.75  1.07  9.71]
-15.317655 [ 6.563 -3.5   -5.875] [-0.6   1.01  9.73]
-15.418018 [ 6.625 -2.75  -5.687] [-0.47  0.97  9.74]
-15.518389 [ 6.625 -2.25  -5.562] [-0.39  0.95  9.75]
-15.618816 [ 6.688 -1.812 -5.562] [-0.31  0.95  9.75]
-15.719226 [ 6.688 -1.312 -5.562] [-0.22  0.95  9.75]
-15.819669 [ 6.75 -0.75 -5.5 ] [-0.13  0.94  9.75]
-15.919962 [ 6.75  -0.375 -5.5  ] [-0.06  0.94  9.76]
-16.020196 [ 6.75   0.    -5.625] [ 1.28  0.96  9.75]
-16.120562 [ 6.75   0.188 -6.062] [ 1.32  1.04  9.75]
-16.220953 [ 6.75   0.313 -6.687] [ 1.33  1.14  9.73]
-16.321514 [ 1.187  0.5   -7.187] [ 1.37  1.23  9.72]
-16.422091 [ 6.813  0.75  -7.562] [ 1.4   1.29  9.71]
-16.522471 [ 6.813  0.875 -8.25 ] [ 1.42  1.41  9.7 ]
-16.623002 [ 6.813  0.875 -8.875] [ 1.43  1.51  9.68]
-16.723374 [ 6.813  0.875 -9.312] [ 1.43  1.59  9.67]
-16.823877 [ 6.813  0.875 -9.75 ] [ 1.43  1.66  9.66]
-16.924384 [  6.813   0.938 -10.125] [ 1.44  1.72  9.65]
-17.024825 [  6.813   0.938 -10.562] [ 1.44  1.8   9.63]
-17.125336 [  6.75    0.75  -10.875] [ 1.41  1.85  9.62]
-17.225702 [  6.75    0.313 -11.125] [ 1.33  1.89  9.62]
-17.326471 [  6.688  -0.25  -11.375] [-0.04  1.94  9.61]
-17.4272 [  6.563  -1.062 -11.75 ] [-0.17  1.99  9.59]
-17.527638 [  6.563  -1.5   -11.812] [-0.25  2.01  9.59]
-17.62813 [  6.5    -2.    -11.875] [-0.33  2.02  9.59]
-17.728914 [  6.438  -2.5   -11.937] [-0.42  2.02  9.58]
-17.829625 [  6.375  -3.    -11.937] [-0.51  2.02  9.58]
-17.930062 [  6.25   -3.375 -11.937] [-0.57  2.02  9.57]
-18.030473 [  6.25   -3.812 -11.875] [-0.65  2.01  9.57]
-18.130932 [  6.188  -4.187 -11.687] [-0.72  1.99  9.57]
-18.231276 [  6.188  -4.562 -11.125] [-0.78  1.89  9.58]
-18.331685 [  6.188  -4.75  -10.562] [-0.81  1.79  9.6 ]
-18.432236 [  6.188  -4.875 -10.125] [-0.83  1.71  9.61]
-18.532706 [ 6.188 -4.937 -9.562] [-0.84  1.63  9.63]
-18.633263 [ 6.188 -4.937 -9.062] [-0.85  1.54  9.64]
-18.734031 [    6.188  2043.063    -8.562] [-0.85  1.46  9.65]
-18.834542 [ 6.25  -4.937 -8.187] [-0.85  1.39  9.66]
-18.935082 [ 6.188 -4.937 -7.812] [-0.85  1.33  9.67]
-19.035614 [ 6.188 -4.937 -7.375] [-0.85  1.25  9.68]
-19.136175 [ 6.25  -4.875 -6.812] [-0.83  1.16  9.7 ]
-19.236592 [ 6.313 -4.312 -6.312] [-0.73  1.08  9.71]
-19.337247 [ 6.313 -3.5   -6.125] [-0.6   1.04  9.73]
-19.437865 [ 6.375 -2.875 -5.875] [-0.49  1.    9.74]
-19.538157 [ 6.375 -2.437 -5.812] [-0.41  0.99  9.74]
-19.638615 [ 6.438 -1.875 -5.75 ] [-0.32  0.98  9.75]
-19.738834 [ 6.438 -1.312 -5.75 ] [-0.22  0.98  9.75]
-19.839351 [ 6.5   -0.812 -5.687] [-0.14  0.98  9.75]
-19.939905 [ 6.5   -0.437 -5.687] [-0.07  0.98  9.75]
-20.04084 [ 1.5   0.   -5.75] [ 1.28  0.98  9.75]
-20.141899 [ 6.5    0.188 -6.062] [ 0.03  1.03  9.75]
-20.242753 [ 6.5    0.375 -6.5  ] [ 1.34  1.11  9.74]
-20.343758 [ 6.5    0.688 -6.937] [ 1.39  1.19  9.73]
-20.44438 [ 6.563  0.875 -7.187] [ 1.43  1.23  9.72]
-20.544982 [ 6.563  0.938 -7.75 ] [ 1.44  1.33  9.71]
-20.645368 [ 6.563  0.938 -8.5  ] [ 1.44  1.45  9.69]
-20.74612 [ 6.563  0.938 -9.   ] [ 1.44  1.54  9.68]
-20.847152 [ 6.563  0.938 -9.5  ] [ 1.44  1.61  9.67]
-20.948572 [ 6.563  0.938 -9.875] [ 1.44  1.68  9.65]
-21.050068 [  6.563   0.938 -10.25 ] [ 1.44  1.75  9.64]
-21.152233 [  6.625   0.75  -10.812] [ 1.42  1.83  9.63]
-21.253783 [  6.563   0.188 -11.125] [ 1.32  1.89  9.62]
-21.354891 [  6.5  -0.5 -11.5] [-0.07  1.95  8.32]
-21.455511 [  6.438  -1.125 -11.812] [-0.19  2.01  9.59]
-21.55615 [  6.313  -1.562 -11.812] [-0.26  2.01  9.59]
-21.656721 [  6.313  -2.    -11.875] [-0.34  2.01  9.59]
-21.757072 [  6.25   -2.5   -11.875] [-0.43  2.01  9.58]
-21.857619 [  6.188  -2.937 -11.875] [-0.5   2.01  9.58]
-21.95823 [  6.125  -3.375 -11.875] [-0.58  2.01  9.57]
-22.05935 [  6.063  -3.75  -11.812] [-0.65  2.    9.57]
-22.160539 [-5.    -0.062 -0.062] [-0.7   1.95  9.58]
-22.262172 [  2.     -4.437 -11.062] [-0.76  1.88  9.59]
-22.364422 [  6.    -4.75 -10.5 ] [-0.81  1.79  9.6 ]
-22.466138 [  6.     -4.875 -10.   ] [-0.83  1.7   9.62]
-22.56707 [ 6.    -4.937 -9.562] [-0.84  1.63  9.63]
-22.667723 [ 6. -5. -9.] [-0.85  1.53  9.64]
-22.768186 [ 6.  -5.  -8.5] [-0.85  1.44  9.66]
-22.868755 [ 6.    -5.    -8.125] [-0.85  1.38  9.67]
-22.969102 [ 6.   -5.   -7.75] [-0.85  1.31  9.67]
-23.069467 [ 6.063 -5.    -7.187] [-0.86  1.22  9.69]
-23.169927 [ 6.063 -5.    -6.687] [-0.85  1.14  9.7 ]
-23.270742 [ 1.875 -4.562 -6.375] [-0.78  1.08  9.71]
-23.37218 [ 6.188 -3.687 -6.125] [-0.63  1.04  9.72]
-23.474378 [ 6.188 -3.062 -5.937] [-0.52  1.02  9.73]
-23.576796 [ 6.25  -2.5   -5.812] [-0.43  1.    9.74]
-23.678344 [ 6.25  -2.    -5.812] [-0.35  0.99  9.74]
-23.77921 [ 6.313 -1.375 -5.75 ] [-0.24  0.98  9.75]
-23.880039 [ 6.313 -0.937 -5.75 ] [-0.16  0.98  9.75]
-23.980472 [ 6.313 -0.5   -5.75 ] [-0.09  0.98  9.75]
-24.080927 [ 6.375  0.    -5.75 ] [ 1.28  0.99  9.75]
-24.181338 [ 6.375  0.188 -6.   ] [ 1.31  1.02  9.75]
-24.281757 [  6.37500000e+00   3.13000000e-01   2.04150000e+03] [ 1.33  1.11  9.74]
-24.382154 [ 6.375  0.625 -7.   ] [ 1.38  1.19  9.73]
-24.482786 [ 6.375  0.813 -7.437] [ 1.42  1.27  9.72]
-24.583285 [ 6.375  0.875 -7.937] [ 1.44  1.35  9.71]
-24.683837 [ 6.375  1.    -8.5  ] [ 1.45  1.45  9.69]
-24.784216 [ 6.375  1.    -8.937] [ 1.45  1.52  9.68]
-24.884793 [ 6.375  1.    -9.437] [ 1.45  1.61  9.67]
-24.985294 [ 6.375  1.    -9.875] [ 1.45  1.68  9.65]
-25.085849 [  6.375   0.938 -10.125] [ 1.44  1.73  9.65]
-25.186211 [  6.375   0.625 -10.625] [ 1.38  1.81  9.63]
-25.286834 [  6.313   0.125 -10.875] [ 1.3   1.86  9.62]
-25.387636 [  6.25   -0.375 -11.187] [-0.06  1.91  9.61]
-25.488049 [  6.188  -1.    -11.562] [-0.17  1.97  9.6 ]
-25.588495 [  6.125  -1.5   -11.687] [-0.26  1.99  9.59]
-25.688862 [  6.063  -2.062 -11.687] [-0.35  1.99  9.59]
-25.789344 [  6.    -2.5  -11.75] [-0.42  2.    9.58]
-25.890048 [  5.875  -2.937 -11.812] [-0.51  2.    9.58]
-25.990601 [-1682.125    -3.312   -11.812] [-0.57  2.    9.58]
-26.091101 [  5.813  -3.75  -11.75 ] [-0.63  1.99  9.57]
-26.191619 [  5.75   -4.062 -11.625] [-0.69  1.98  9.57]
-26.292603 [  5.75   -4.437 -11.25 ] [ 326.93    1.91    9.58]
-26.393299 [  5.75   -4.562 -10.687] [-0.78  1.81  9.6 ]
-26.493802 [  5.75   -4.625 -10.187] [-0.79  1.72  9.61]
-26.59445 [ 5.688 -4.687 -9.687] [-0.8   1.64  9.63]
-26.695056 [ 5.688 -4.687 -9.25 ] [-0.8   1.57  9.64]
-26.795928 [ 5.75  -4.75  -8.562] [-0.81  1.46  9.66]
-26.89667 [ 5.75  -4.75  -8.187] [-0.81  1.39  9.67]
-26.997141 [ 5.75  -4.75  -7.875] [-0.81  1.33  9.68]
-27.097596 [ 5.688 -4.75  -7.312] [-0.81  1.25  9.69]
-27.197819 [ 5.75  -4.75  -6.687] [-0.81  1.14  9.7 ]
-27.298394 [ 5.813 -4.375 -6.125] [-0.74  1.05  9.72]
-27.398835 [ 5.875 -3.5   -5.812] [-0.6   0.99  9.73]
-27.499052 [ 5.938 -2.75  -5.625] [-0.47  0.96  9.74]
-27.599407 [ 5.938 -2.25  -5.625] [-0.38  0.96  9.75]
-27.699713 [ 5.938 -1.75  -5.562] [-0.3   0.95  9.75]
-27.800417 [ 6.   -1.25 -5.5 ] [-0.21  0.95  9.75]
-27.90104 [ 6.    -0.687 -5.5  ] [-0.12  0.94  9.75]
-28.001383 [ 6.    -0.312 -5.5  ] [-0.06  0.94  9.76]
-28.102149 [ 6.063  0.063 -5.625] [ 1.29  0.96  9.75]
-28.202624 [ 1.937  0.313 -6.062] [ 1.33  1.03  9.75]
-28.303817 [ 6.063  0.5   -6.562] [ 1.36  1.12  9.74]
-28.405306 [ 6.063  0.688 -7.062] [ 0.11  1.2   9.73]
-28.506035 [ 6.063  0.875 -7.562] [ 1.43  1.29  9.71]
-28.606845 [ 6.063  1.    -8.187] [ 1.45  1.39  9.7 ]
-28.707328 [ 6.063  1.    -8.625] [ 1.46  1.47  9.69]
-28.80776 [ 6.063  1.063 -9.187] [ 1.46  1.56  9.67]
-28.908201 [ 6.063  1.063 -9.625] [ 1.46  1.64  9.66]
-29.008844 [  6.063   1.063 -10.   ] [ 1.46  1.71  9.65]
-29.109911 [  1.937   1.    -10.437] [ 1.46  1.78  9.64]
-29.211141 [  1.937   0.875 -10.875] [ 1.43  1.85  9.62]
-29.313219 [  1.937   0.438 -11.125] [ 1.36  1.89  9.62]
-29.415294 [  6.     -0.187 -11.437] [-0.02  1.94  9.61]
-29.516647 [  5.938  -0.875 -11.687] [-0.14  1.98  9.6 ]
-29.617418 [  5.875  -1.312 -11.75 ] [-0.23  2.    9.59]
-29.718158 [  5.813  -1.875 -11.75 ] [-0.32  2.    9.59]
-29.818687 [  5.688  -2.312 -11.75 ] [-0.4   2.    9.59]
-29.919235 [  5.688  -2.812 -11.75 ] [-0.48  2.    9.58]
-30.019505 [  5.625  -3.125 -11.75 ] [-0.54  2.    9.58]
-30.119931 [  5.563  -3.5   -11.687] [-0.6   1.98  9.58]
-30.220518 [  5.563  -3.937 -11.562] [-0.67  1.96  9.58]
-30.321546 [  2.5    -4.375 -11.125] [-0.75  1.88  9.59]
-30.423241 [  5.5    -4.562 -10.437] [-0.78  1.77  9.61]
-30.525509 [  5.5    -4.687 -10.062] [-0.8   1.7   9.62]
-30.627282 [ 5.5  -4.75 -9.5 ] [-0.81  1.62  9.63]
-30.728397 [ 5.438 -4.75  -9.062] [-0.82  1.55  9.64]
-30.82933 [ 5.438 -4.75  -8.5  ] [-0.82  1.45  9.66]
-30.929811 [ 5.5   -4.812 -8.062] [-0.82  1.38  9.67]
-31.030048 [ 5.5   -4.812 -7.75 ] [-0.82  1.31  9.68]
-31.130523 [ 5.438 -4.812 -7.25 ] [-0.82  1.24  9.69]
-31.231154 [ 5.5   -4.687 -6.687] [-0.8   1.14  9.7 ]
-31.331604 [ 5.5   -4.    -6.312] [-0.69  1.07  9.72]
-31.432181 [ 5.563 -3.25  -6.   ] [-0.56  1.03  9.73]
-31.533324 [ 5.625 -2.625 -5.812] [-0.45  1.    9.74]
-31.634922 [ 5.625 -2.312 -5.75 ] [-0.39  0.98  9.74]
-31.73705 [ 5.688 -1.75  -5.687] [-0.3   0.97  9.75]
-31.839141 [ 5.75  -1.187 -5.687] [-0.21  0.97  9.75]
-31.940725 [ 5.75  -0.75  -5.687] [-0.12  0.97  9.75]
-32.041546 [ 5.75  -0.25  -5.687] [-0.05  0.97  9.75]
-32.142094 [ 5.813  0.063 -5.687] [ 0.02  0.97  9.75]
-32.242709 [ 5.75   0.188 -6.   ] [ 1.31  1.03  9.75]
-32.343266 [ 5.75   0.313 -6.437] [ 1.34  1.1   9.74]
-32.443852 [ 5.75   0.625 -6.875] [ 1.39  1.18  9.73]
-32.544413 [ 5.813  0.813 -7.25 ] [ 1.42  1.24  9.72]
-32.644974 [ 5.813  0.875 -7.937] [ 1.43  1.35  9.71]
-32.745562 [ 5.813  0.875 -8.5  ] [ 1.43  1.45  9.69]
-32.846171 [ 5.813  0.875 -8.937] [ 1.43  1.53  9.68]
-32.9468 [ 5.813  0.875 -9.437] [ 1.43  1.61  9.67]
-33.047269 [ 5.75   0.875 -9.812] [ 1.43  1.67  9.66]
-33.147638 [  5.75    0.875 -10.25 ] [ 1.43  1.74  9.64]
-33.248077 [  5.75    0.875 -10.687] [ 1.42  1.82  9.63]
-33.34858 [  5.75    0.375 -11.062] [ 1.35  1.88  9.62]
-33.448898 [  5.688  -0.187 -11.375] [-0.03  1.94  9.61]
-33.549325 [  5.563  -0.875 -11.625] [-0.15  1.98  9.6 ]
-33.649768 [  5.563  -1.375 -11.75 ] [-0.24  1.99  9.59]
-33.750089 [  5.5    -1.875 -11.812] [-0.32  2.    9.59]
-33.850566 [  5.438  -2.375 -11.812] [-0.4   2.01  9.58]
-33.950933 [  5.313  -2.812 -11.812] [-0.48  2.01  9.58]
-34.051597 [  5.25   -3.187 -11.812] [-0.55  2.    9.58]
-34.152181 [  5.25   -3.625 -11.812] [-0.62  2.    9.57]
-34.252959 [  5.188  -4.    -11.375] [-0.68  1.94  9.58]
-34.353769 [  5.188  -4.375 -10.875] [-0.74  1.86  9.59]
-34.454397 [  5.188  -4.625 -10.437] [-0.78  1.77  9.61]
-34.555121 [ 5.188 -4.75  -9.875] [-0.81  1.68  9.62]
-34.657252 [ 5.188 -4.812 -9.375] [-0.82  1.6   9.63]
-34.757628 [ 5.188 -4.812 -8.875] [-0.83  1.5   9.65]
-34.85809 [ 5.188 -4.875 -8.375] [-0.83  1.42  9.66]
-34.958408 [ 5.125 -4.875 -8.   ] [-0.83  1.36  9.67]
-35.058777 [ 5.125 -4.875 -7.562] [-0.83  1.29  9.68]
-35.159235 [ 5.125 -4.937 -6.937] [-0.84  1.18  9.69]
-35.259444 [ 5.188 -4.875 -6.5  ] [-0.83  1.11  9.7 ]
-35.359897 [ 5.25  -4.375 -6.187] [-0.75  1.05  9.72]
-35.460359 [ 5.313 -3.562 -6.   ] [-0.6   1.02  9.73]
-35.560777 [ 5.313 -2.812 -5.875] [-0.48  1.    9.74]
-35.661076 [ 5.375 -2.312 -5.812] [-0.4   0.99  9.74]
-35.761613 [ 5.375 -1.812 -5.812] [-0.31  0.99  9.75]
-35.862174 [ 5.438 -1.25  -5.75 ] [-0.21  0.99  9.75]
-35.962737 [ 5.438 -0.75  -5.75 ] [-0.13  0.99  9.75]
-36.063202 [ 5.5   -0.375 -5.75 ] [-0.06  0.99  9.75]
-36.163777 [ 5.5    0.063 -5.75 ] [ 1.29  0.99  9.75]
-36.264131 [ 5.438  0.313 -6.   ] [ 1.34  1.02  9.75]
