-0.074183 [ 7.625 -1.062 -8.812] [-0.22  1.51  9.68]
-0.176267 [ 7.813  1.25  -8.5  ] [ 1.49  1.45  9.69]
-0.277139 [ 7.875  1.688 -8.312] [ 1.57  1.41  9.69]
-0.377764 [ 7.875  1.688 -8.375] [ 1.57  1.43  9.69]
-0.47851 [ 7.875  1.688 -8.75 ] [ 1.57  1.49  9.68]
-0.579258 [ 7.875  1.625 -8.937] [ 1.56  1.53  9.68]
-0.679881 [ 7.813  1.563 -9.375] [ 1.55  1.6   9.67]
-0.780581 [ 7.813  1.438 -9.812] [ 1.52  1.67  9.65]
-0.881362 [  7.813   1.188 -10.125] [ 1.48  1.73  9.65]
-0.982103 [  7.75    0.75  -10.562] [ 1.41  1.8   9.63]
-1.083012 [  7.688   0.188 -10.937] [ 1.31  1.86  9.62]
-1.183743 [  7.625  -0.187 -11.25 ] [-0.03  1.91  9.61]
-1.284609 [  7.625  -0.625 -11.5  ] [-0.11  1.95  9.6 ]
-1.385221 [  7.563  -1.062 -11.562] [-0.18  1.97  9.6 ]
-1.486026 [  0.5    -1.687 -11.687] [-0.29  1.98  9.59]
-1.586584 [  7.438  -2.312 -11.75 ] [-0.39  1.99  9.59]
-1.687089 [  7.375  -2.812 -11.75 ] [-0.47  1.99  9.58]
-1.787932 [  7.313  -3.187 -11.75 ] [-0.54  1.99  9.58]
-1.888564 [  7.25   -3.562 -11.625] [-0.61  1.98  9.58]
-1.989088 [  7.25   -3.937 -11.5  ] [-0.68  1.95  9.58]
-2.089863 [  7.188  -4.312 -11.   ] [-0.74  1.86  9.59]
-2.190555 [  7.188  -4.5   -10.437] [-0.77  1.77  9.61]
-2.291253 [ 7.188 -4.562 -9.937] [-0.78  1.68  9.62]
-2.39192 [ 7.188 -4.625 -9.375] [-0.79  1.6   9.64]
-2.492694 [ 7.188 -4.625 -8.937] [-0.79  1.52  9.65]
-2.593268 [ 7.188 -4.687 -8.375] [-0.8   1.42  9.66]
-2.694361 [ 7.188 -4.687 -8.   ] [-0.8   1.36  9.67]
-2.795106 [ 7.188 -4.687 -7.625] [-0.8   1.3   9.68]
-2.895748 [ 7.188 -4.687 -7.062] [-0.8   1.21  9.69]
-2.996565 [ 7.25  -4.687 -6.375] [-0.8   1.09  9.71]
-3.097059 [ 7.313 -4.312 -6.   ] [-0.74  1.02  9.72]
-3.198316 [ 7.313 -3.375 -5.625] [-0.6   0.97  9.73]
-3.299639 [ 7.375 -2.687 -5.5  ] [-0.47  0.93  9.74]
-3.400638 [ 7.438 -2.25  -5.437] [-0.39  0.93  8.47]
-3.501423 [ 7.438 -1.75  -5.437] [-0.3   0.92  9.75]
-3.602071 [ 7.438 -1.187 -5.375] [-0.21  0.92  9.76]
-3.702729 [ 7.5   -0.687 -5.375] [-0.12  0.92  9.76]
-3.804105 [ 7.5   -0.312 -5.375] [-0.06  0.92  9.76]
-3.90597 [ 7.5    0.    -5.562] [ 1.28  0.95  9.75]
-4.007835 [ 7.5    0.188 -5.875] [ 1.31  1.    9.75]
-4.110045 [ 7.5    0.313 -6.312] [ 1.33  1.07  9.74]
-4.211559 [ 7.5    0.563 -6.812] [ 1.37  1.16  9.73]
-4.312304 [ 7.5    0.813 -7.25 ] [ 1.41  1.24  9.72]
-4.412981 [ 7.5    0.938 -7.812] [ 1.44  1.34  9.71]
-4.513637 [ 7.5    1.063 -8.375] [ 1.46  1.43  9.7 ]
-4.614622 [ 7.563  1.125 -8.875] [ 1.47  1.52  9.68]
-4.716231 [ 0.437  1.125 -9.375] [ 1.47  1.6   9.67]
-4.81781 [ 7.5    1.125 -9.687] [ 1.47  1.65  9.66]
-4.92032 [  7.5     1.125 -10.25 ] [ 0.19  1.73  9.64]
-5.022079 [  7.5     1.    -10.625] [ 0.17  1.8   9.63]
-5.123201 [  7.5     0.563 -10.875] [ 1.38  1.85  9.62]
-5.223882 [  7.438   0.    -11.125] [ 1.28  1.9   9.62]
-5.324592 [  7.313  -0.687 -11.437] [-0.12  1.94  9.61]
-5.425216 [  7.313  -1.187 -11.5  ] [-0.2   1.96  9.6 ]
-5.525774 [  0.75   -1.687 -11.562] [-0.28  1.97  9.6 ]
-5.627173 [  0.812  -2.125 -11.562] [-0.36  1.97  9.59]
-5.728836 [  0.875  -2.625 -11.562] [-0.45  1.97  9.59]
-5.831276 [  7.063  -3.062 -11.562] [-0.51  1.97  9.59]
-5.933287 [  7.     -3.437 -11.5  ] [-0.58  1.95  9.59]
-6.034771 [  7.     -3.812 -11.25 ] [-0.65  1.91  9.59]
-6.135551 [  1.062  -4.187 -10.687] [-0.72  1.82  9.6 ]
-6.236336 [  6.938  -4.562 -10.25 ] [-0.78  1.74  9.61]
-6.33682 [ 6.938 -4.625 -9.75 ] [-0.79  1.66  9.63]
-6.437472 [ 6.938 -4.687 -9.25 ] [-0.8   1.57  9.64]
-6.538065 [ 6.938 -4.687 -8.812] [-0.81  1.49  9.65]
-6.638794 [ 6.938 -4.75  -8.312] [-0.81  1.41  9.66]
-6.739423 [ 6.938 -4.75  -7.875] [-0.81  1.34  9.67]
-6.840055 [ 6.938 -4.75  -7.562] [-0.81  1.28  9.68]
-6.940671 [ 6.938 -4.75  -7.062] [-0.81  1.2   9.69]
-7.04144 [ 6.938 -4.687 -6.562] [-0.8   1.11  9.7 ]
-7.142253 [ 7.    -4.125 -6.187] [-0.7   1.05  9.72]
-7.243059 [ 7.063 -3.312 -5.937] [-0.57  1.01  9.73]
-7.343871 [ 7.125 -2.687 -5.687] [-0.46  0.97  9.74]
-7.444986 [ 7.125 -2.312 -5.625] [-0.41  0.96  9.75]
-7.545821 [ 7.188 -1.812 -5.625] [ -3.20000000e-01  -3.26720000e+02   9.75000000e+00]
-7.646321 [ 7.188 -1.25  -5.562] [-0.22  0.95  9.75]
-7.74726 [ 7.188 -0.812 -5.562] [-0.14  0.95  9.75]
-7.847847 [ 7.25  -0.375 -5.562] [-0.06  0.95  9.75]
-7.948398 [ 7.25   0.    -5.562] [ 1.28  0.95  9.75]
-8.048909 [ 7.25   0.125 -5.75 ] [ 1.31  0.98  9.75]
-8.149545 [ 7.25   0.313 -6.062] [ 1.34  1.04  9.75]
-8.250169 [ 7.25   0.688 -6.5  ] [ 1.4   1.11  9.74]
-8.350681 [ 7.25   0.875 -6.937] [ 1.43  1.19  9.73]
-8.451473 [ 7.25   0.938 -7.5  ] [ 1.44  1.28  9.72]
-8.552322 [ 7.25   0.938 -8.062] [ 1.45  1.38  9.7 ]
-8.653063 [ 7.25  1.   -8.5 ] [ 1.45  1.45  9.69]
-8.75381 [ 7.25   0.938 -9.062] [ 1.45  1.54  9.68]
-8.854532 [ 7.25   0.938 -9.437] [ 1.45  1.61  9.67]
-8.955187 [ 7.25   0.938 -9.875] [ 1.45  1.68  9.65]
-9.05624 [  7.25    0.813 -10.375] [ 1.43  1.77  9.64]
-9.157137 [  7.188   0.25  -10.75 ] [ 1.34  1.83  9.63]
-9.257945 [  7.125  -0.375 -11.125] [-0.05  1.89  9.62]
-9.358839 [  7.063  -0.875 -11.437] [-0.15  1.94  9.61]
-9.459428 [  7.063  -1.312 -11.5  ] [-0.23  1.95  9.6 ]
-9.559951 [  6.938  -1.875 -11.562] [-0.32  1.96  9.6 ]
-9.660662 [  6.875  -2.312 -11.562] [-0.39  1.96  9.59]
-9.761825 [  6.875  -2.75  -11.562] [-0.47  1.96  9.59]
-9.863509 [  6.813  -3.187 -11.5  ] [-0.55  1.95  9.59]
-9.966023 [  1.25   -3.625 -11.375] [-0.62  1.93  9.59]
-10.068044 [  6.688  -4.437 -11.125] [-0.76  1.89  9.59]
-10.169365 [  6.688  -4.562 -10.75 ] [-0.78  1.82  9.6 ]
-10.270111 [  6.688  -4.687 -10.187] [-0.8   1.73  9.61]
-10.370596 [ 6.688 -4.75  -9.625] [-0.81  1.64  9.63]
-10.471309 [ 6.688 -4.75  -9.187] [-0.81  1.56  9.64]
-10.571921 [ 6.688 -4.75  -8.625] [-0.82  1.47  9.66]
-10.673046 [ 6.688 -4.812 -8.125] [-0.82  1.38  9.67]
-10.77538 [ 6.688 -4.812 -7.812] [-0.82  1.32  9.68]
-10.878479 [ 6.688 -4.812 -7.312] [-0.82  1.25  9.69]
-10.979994 [ 6.75  -4.812 -6.687] [-0.82  1.15  9.7 ]
-11.080948 [ 6.75 -4.75 -6.25] [-0.82  1.07  9.71]
-11.181358 [ 6.75  -4.312 -6.   ] [-0.74  1.02  9.72]
-11.281795 [ 6.813 -3.562 -5.687] [  -0.61 -326.7     9.73]
-11.382403 [ 6.813 -2.812 -5.562] [-0.48  0.95  9.74]
-11.482908 [ 6.875 -2.375 -5.5  ] [-0.4   0.94  9.75]
-11.583499 [-1681.125    -1.875    -5.437] [-0.32  0.93  9.75]
-11.684566 [ 6.875 -1.25  -5.437] [-0.22  0.93  9.75]
-11.786106 [ 6.938 -0.812 -5.437] [-0.14  0.93  9.76]
-11.88836 [ 6.938 -0.437 -5.437] [-0.07  0.93  9.76]
-11.990651 [ 7.     0.    -5.437] [ 1.28  0.93  9.76]
-12.091818 [ 7.     0.313 -5.625] [ 1.34  0.97  9.75]
-12.192781 [ 7.     0.5   -6.062] [ 1.37  1.04  9.75]
-12.293384 [ 7.     0.813 -6.562] [ 1.42  1.12  9.74]
-12.393847 [ 7.  1. -7.] [ 1.46  1.19  9.73]
-12.494362 [ 7.     1.188 -7.5  ] [ 1.48  1.28  9.71]
-12.595141 [ 7.     1.25  -8.125] [ 1.49  1.38  9.7 ]
-12.695905 [ 7.     1.25  -8.562] [ 1.5   1.46  9.69]
-12.796593 [ 7.     1.25  -9.062] [ 1.5   1.54  9.68]
-12.897256 [ 7.    1.25 -9.5 ] [ 1.5   1.61  9.66]
-12.997779 [ 7.     1.25  -9.812] [ 1.49  1.68  9.65]
-13.097973 [  6.938   0.938 -10.312] [ 1.44  1.76  9.64]
-13.198553 [  6.938   0.563 -10.562] [ 1.37  1.8   9.63]
-13.299584 [  6.875  -0.125 -10.875] [-0.02  1.85  9.63]
-13.400015 [  6.625  -1.75  -11.562] [-0.31  1.96  9.6 ]
-13.500562 [  6.625  -2.    -11.75 ] [-0.34  2.    9.59]
-13.6013 [  6.625  -2.312 -11.75 ] [-0.4   2.    9.59]
-13.702342 [  6.563  -2.687 -11.75 ] [-0.46  2.    9.58]
-13.803216 [  6.5    -3.187 -11.75 ] [-0.54  2.    9.58]
-13.903922 [  6.5    -3.437 -11.812] [-0.58  2.    9.58]
-14.004642 [  6.438  -3.812 -11.75 ] [-0.65  1.99  9.57]
-14.105243 [  6.375  -4.125 -11.375] [-0.7   1.93  9.58]
-14.205746 [  6.375  -4.437 -10.875] [-0.76  1.85  9.59]
-14.306234 [  6.438  -4.562 -10.312] [-0.78  1.75  9.61]
-14.406783 [ 6.438 -4.625 -9.75 ] [-0.79  1.66  9.63]
-14.507139 [ 6.375 -4.687 -9.312] [-0.8   1.58  9.64]
-14.607718 [ 6.375 -4.75  -8.812] [-0.81  1.49  9.65]
-14.70876 [ 6.375 -4.75  -8.25 ] [-0.82  1.4   9.67]
-14.809316 [ 6.375 -4.75  -7.812] [-0.82  1.32  9.68]
-14.909637 [ 6.375 -4.812 -7.437] [-0.82  1.27  9.68]
-15.010094 [ 6.375 -4.812 -6.937] [-0.82  1.18  9.69]
-15.110589 [ 6.438 -4.812 -6.375] [-0.82  1.08  9.71]
-15.211142 [ 6.5   -4.437 -5.812] [-0.76  0.99  9.72]
-15.311846 [ 6.563 -3.625 -5.5  ] [-0.62  0.94  9.74]
-15.412485 [ 6.625 -2.937 -5.375] [-0.5   0.91  9.75]
-15.512931 [ 6.625 -2.437 -5.312] [-0.42  0.91  9.75]
-15.613579 [ 6.688 -1.937 -5.312] [-0.34  0.9   9.75]
-15.71467 [ 6.688 -1.437 -5.312] [-0.25  0.9   9.76]
-15.815502 [ 6.688 -0.875 -5.312] [-0.15  0.9   9.76]
-15.917163 [ 6.75  -0.437 -5.312] [-0.08  0.91  9.76]
-16.017872 [ 6.75  -0.062 -5.5  ] [-0.01  0.95  9.76]
-16.118356 [ 6.75   0.063 -5.875] [ 1.29  1.    9.75]
-16.218868 [ 6.75   0.375 -6.125] [ 1.34  1.05  9.74]
-16.319412 [ 6.75   0.563 -6.75 ] [ 1.38  1.15  9.73]
-16.420057 [ 6.75   0.813 -7.187] [ 1.42  1.23  9.72]
-16.520968 [ 1.25   0.875 -7.75 ] [ 1.43  1.32  9.71]
-16.622697 [ 6.75   0.938 -8.312] [ 1.44  1.41  9.7 ]
-16.725235 [ 6.75   0.938 -8.75 ] [ 1.44  1.5   9.68]
-16.827177 [ 6.75   0.938 -9.312] [ 1.44  1.58  9.67]
-16.928535 [ 6.75   0.938 -9.687] [ 0.16  1.64  9.66]
-17.029295 [  6.75    0.938 -10.25 ] [ 1.44  1.74  9.64]
-17.130056 [  6.75    0.813 -10.562] [ 1.42  1.8   9.63]
-17.230553 [  6.688   0.313 -10.812] [ 1.33  1.84  9.63]
-17.331193 [  6.625  -0.25  -11.125] [ -5.00000000e-02   1.89000000e+00  -3.18060000e+02]
-17.432092 [  6.563  -0.875 -11.375] [-0.16  1.94  9.61]
-17.533691 [  1.437  -1.312 -11.437] [-0.23  1.95  9.6 ]
-17.636302 [  6.5    -1.812 -11.5  ] [-0.31  1.95  9.6 ]
-17.738474 [  6.438  -2.312 -11.5  ] [-0.39  1.95  9.6 ]
-17.839886 [  6.375  -2.75  -11.5  ] [-0.47  1.95  9.59]
-17.940741 [  6.25   -3.125 -11.5  ] [-0.54  1.95  9.59]
-18.041768 [  6.25   -3.562 -11.437] [-0.6   1.94  9.59]
-18.142686 [  6.188  -3.937 -11.187] [-0.67  1.9   9.59]
-18.244023 [  6.188  -4.312 -10.75 ] [-0.74  1.82  9.6 ]
-18.345891 [  6.125  -4.625 -10.25 ] [-0.79  1.74  9.61]
-18.448177 [ 6.188 -4.75  -9.812] [-0.82  1.67  9.62]
-18.550065 [ 6.188 -4.812 -9.312] [-0.83  1.59  9.64]
-18.65156 [ 6.188 -4.875 -8.812] [-0.83  1.5   9.65]
-18.752405 [ 6.188 -4.875 -8.25 ] [-0.83  1.4   9.66]
-18.852977 [ 6.188 -4.875 -7.812] [-0.83  1.33  9.67]
-18.953513 [ 6.188 -4.875 -7.5  ] [-0.83  1.28  9.68]
-19.053998 [ 6.125 -4.875 -7.   ] [-0.83  1.19  9.69]
-19.155188 [ 6.188 -4.75  -6.375] [-0.81  1.09  9.71]
-19.256354 [ 6.188 -4.187 -6.   ] [-0.72  1.02  9.72]
-19.357527 [ 6.25  -3.437 -5.75 ] [-0.58  0.99  9.73]
-19.458025 [ 6.313 -2.812 -5.562] [-0.48  0.95  9.74]
-19.558526 [ 6.313 -2.437 -5.5  ] [-0.42  0.93  9.75]
-19.659282 [ 6.375 -1.937 -5.437] [-0.33  0.93  9.75]
-19.759984 [ 6.375 -1.375 -5.437] [-0.23  0.93  9.75]
-19.86068 [ 6.375 -0.937 -5.437] [-0.16  0.93  9.76]
-19.961238 [ 6.438 -0.5   -5.437] [-0.08  0.93  9.76]
-20.061887 [ 6.438  0.    -5.437] [-0.01  0.93  9.76]
-20.162483 [ 6.438  0.125 -5.687] [ 1.3   0.97  9.75]
-20.263141 [ 6.438  0.313 -6.062] [ 0.05  1.03  9.75]
-20.363779 [ 6.438  0.625 -6.5  ] [ 1.39  1.11  9.74]
-20.464259 [ 6.438  0.813 -6.937] [ 1.41  1.19  9.73]
-20.565124 [ 6.438  0.813 -7.5  ] [ 1.42  1.28  9.72]
-20.665912 [ 6.438  0.813 -8.062] [ 1.42  1.38  9.7 ]
-20.767452 [ 6.438  0.813 -8.5  ] [ 1.42  1.45  9.69]
-20.868898 [ 6.438  0.813 -9.   ] [ 1.42  1.53  9.68]
-20.970502 [ 6.438  0.813 -9.375] [ 1.42  1.59  9.67]
-21.071201 [ 6.438  0.813 -9.812] [ 1.42  1.67  9.66]
-21.171684 [  6.438   0.75  -10.312] [ 1.41  1.76  9.64]
-21.272247 [  6.438   0.313 -10.75 ] [ 1.34  1.83  9.63]
-21.372956 [  1.625  -0.312 -11.062] [-0.05  1.88  9.62]
-21.474269 [  6.313  -0.812 -11.375] [-0.13  1.93  9.61]
-21.575466 [  6.25   -1.25  -11.375] [-0.22  1.94  9.61]
-21.676148 [  6.125  -1.812 -11.437] [-0.31  1.94  9.6 ]
-21.776769 [  6.063  -2.312 -11.437] [-0.39  1.95  9.6 ]
-21.877682 [  6.063  -2.812 -11.5  ] [-0.48  1.95  9.59]
-21.978415 [  2.     -3.187 -11.5  ] [-0.55  1.95  9.59]
-22.080532 [  2.062  -3.437 -11.437] [-0.59  1.94  9.59]
-22.183176 [  2.062  -3.75  -11.   ] [-0.64  1.87  9.6 ]
-22.285103 [  5.875  -4.187 -10.437] [-0.71  1.78  9.61]
-22.386054 [  5.813  -4.562 -10.062] [-0.78  1.71  9.62]
-22.486794 [ 5.813 -4.687 -9.5  ] [-0.81  1.62  9.63]
-22.587355 [ 5.813 -4.75  -9.125] [-0.81  1.55  9.64]
-22.688065 [ 5.813 -4.812 -8.625] [-0.82  1.46  9.66]
-22.78898 [ 5.813 -4.812 -8.125] [-0.83  1.38  9.67]
-22.890598 [ 5.75  -4.812 -7.812] [-0.83  1.33  9.67]
-22.992013 [ 5.75  -4.875 -7.375] [-0.83  1.26  9.68]
-23.094324 [ 5.75  -4.875 -6.75 ] [-0.83  1.15  9.7 ]
-23.196108 [    5.75   2043.125    -6.25 ] [-0.83  1.07  9.71]
-23.297229 [ 5.75  -4.562 -6.062] [-0.78  1.03  9.71]
-23.398002 [ 5.813 -3.75  -5.75 ] [-0.65  0.98  9.73]
-23.498327 [ 5.875 -3.062 -5.562] [-0.52  0.95  9.74]
-23.598835 [ 5.875 -2.562 -5.5  ] [-0.43  0.94  9.75]
-23.699427 [ 5.875 -2.    -5.5  ] [-0.35  0.94  9.75]
-23.800595 [ 5.938 -1.437 -5.5  ] [-0.25  0.94  9.75]
-23.90208 [ 5.938 -1.    -5.5  ] [-0.17  0.94  9.75]
-24.004031 [ 6.    -0.625 -5.5  ] [-0.1   0.94  9.76]
-24.106584 [ 6.    -0.062 -5.5  ] [-0.02  0.94  9.76]
-24.208369 [ 6.     0.125 -5.625] [ 0.02  0.96  9.75]
-24.309776 [ 6.     0.313 -6.125] [ 1.34  1.04  9.75]
-24.410384 [ 6.     0.625 -6.562] [ 1.39  1.12  9.74]
-24.512136 [ 6.     0.813 -6.937] [ 1.42  1.18  9.73]
-24.613266 [ 6.     0.875 -7.5  ] [ 1.44  1.28  9.72]
-24.714341 [ 6.     1.    -8.125] [ 1.45  1.39  9.7 ]
-24.815709 [ 6.     1.    -8.562] [ 1.45  1.46  9.69]
-24.916618 [ 6.     1.    -9.062] [ 1.45  1.54  9.68]
-25.017214 [ 6.     0.938 -9.437] [ 1.44  1.61  9.67]
-25.117834 [ 6.     0.938 -9.75 ] [ 1.44  1.66  9.66]
-25.219524 [  6.      0.625 -10.375] [ 1.4   1.76  9.64]
-25.320181 [  5.938   0.125 -10.625] [ 1.3   1.81  9.63]
-25.420985 [  5.875  -0.562 -10.937] [-0.09  1.86  9.62]
-25.52136 [  5.813  -1.187 -11.312] [-0.21  1.93  9.61]
-25.621944 [  5.75   -1.625 -11.5  ] [-0.28  1.96  9.6 ]
-25.722629 [  5.688  -2.187 -11.562] [-0.37  1.96  9.59]
-25.82363 [  5.625  -2.562 -11.562] [-0.44  1.97  9.59]
-25.924557 [  5.563  -3.062 -11.562] [-0.52  1.96  9.59]
-26.025171 [  5.5    -3.437 -11.562] [-0.59  1.96  9.58]
-26.125743 [  5.438  -3.812 -11.562] [-0.66  1.96  9.58]
-26.226843 [  5.438  -4.187 -11.375] [-0.72  1.93  9.58]
-26.327414 [  5.375  -4.5   -10.875] [-0.78  1.84  9.59]
-26.427848 [  5.375  -4.687 -10.375] [-0.8   1.76  9.61]
-26.528601 [ 5.375 -4.812 -9.875] [-0.82  1.68  9.62]
-26.629467 [ 2.625 -4.812 -9.375] [-0.83  1.6   9.63]
-26.730698 [ 5.375 -4.875 -8.875] [-0.83  1.52  9.65]
-26.831549 [ 5.375 -4.875 -8.312] [-0.84  1.42  9.66]
-26.932606 [ 5.375 -4.875 -7.937] [-0.84  1.35  9.67]
-27.033411 [ 5.375 -4.875 -7.625] [-0.84  1.3   9.68]
-27.134078 [ 5.375 -4.875 -7.   ] [-0.84  1.19  9.69]
-27.234724 [ 5.438 -4.875 -6.312] [-0.84  1.08  9.71]
-27.335814 [ 2.562 -4.437 -5.875] [-0.76  1.    9.72]
-27.437928 [ 5.5   -3.625 -5.625] [-0.62  0.96  9.73]
-27.540407 [ 2.5   -2.875 -5.312] [-0.5   0.91  9.75]
-27.642433 [ 5.5   -2.375 -5.187] [-0.42  0.89  9.75]
-27.743628 [ 5.563 -1.875 -5.187] [-0.32  0.89  9.76]
-27.844503 [ 5.563 -1.375 -5.187] [-0.23  0.89  9.76]
-27.945198 [ 5.625 -0.875 -5.187] [-0.15  0.89  9.76]
-28.046007 [ 5.625 -0.437 -5.187] [-0.08  0.89  9.76]
-28.146619 [ 5.625 -0.062 -5.375] [ -1.00000000e-02   9.10000000e-01  -3.17920000e+02]
-28.24748 [ 5.625  0.125 -5.687] [ 1.3   0.97  9.75]
-28.349419 [ 2.375  0.313 -6.062] [ 0.05  1.04  9.75]
-28.451857 [ 2.375  0.563 -6.562] [ 1.38  1.13  9.74]
-28.553579 [ 5.625  0.813 -7.   ] [ 0.14  1.19  9.73]
-28.655005 [ 5.625  0.875 -7.5  ] [ 1.44  1.28  9.72]
-28.756316 [ 5.625  1.    -8.125] [ 1.45  1.38  9.7 ]
-28.856947 [ 5.625  1.    -8.625] [ 1.45  1.48  9.69]
-28.957589 [ 5.625  1.    -9.125] [ 1.45  1.56  9.67]
-29.058167 [ 5.625  1.    -9.5  ] [ 1.45  1.62  9.66]
-29.158953 [  5.625   1.    -10.   ] [ 1.45  1.7   9.65]
-29.261192 [  2.375   0.875 -10.375] [ 0.15  1.77  9.64]
-29.363571 [  5.563   0.438 -10.625] [ 1.36  1.81  9.63]
-29.465189 [  5.5    -0.125 -10.937] [-0.01  1.86  9.62]
-29.566358 [  5.438  -0.875 -11.187] [-0.15  1.9   9.61]
-29.666995 [  5.375  -1.312 -11.312] [-0.23  1.93  9.61]
-29.767882 [  5.313  -1.812 -11.312] [-0.31  1.93  9.6 ]
-29.868403 [  5.313  -2.312 -11.375] [-0.4   1.93  9.6 ]
-29.96895 [  5.313  -2.75  -11.375] [-0.47  1.93  9.6 ]
-30.069426 [  5.25   -3.187 -11.375] [-0.54  1.93  9.59]
-30.170105 [  5.188  -3.562 -11.312] [-0.61  1.92  9.59]
-30.270662 [  5.125  -3.937 -11.   ] [-0.67  1.87  9.6 ]
-30.37125 [  5.125  -4.312 -10.5  ] [-0.74  1.79  9.61]
-30.471849 [  5.063  -4.687 -10.125] [-0.8   1.72  9.62]
-30.572376 [ 5.125 -4.75  -9.625] [-0.81  1.64  9.63]
-30.673077 [ 5.125 -4.812 -9.187] [-0.83  1.56  9.64]
-30.774007 [ 5.125 -4.875 -8.75 ] [-0.83  1.48  9.65]
-30.874546 [ 5.125 -4.875 -8.187] [-0.84  1.39  9.66]
-30.975201 [ 5.125 -4.875 -7.812] [-0.84  1.33  9.67]
-31.075822 [ 5.125 -4.875 -7.5  ] [-0.84  1.27  9.68]
-31.176662 [ 5.125 -4.937 -6.937] [-0.84  1.19  9.69]
-31.277516 [ 5.125 -4.687 -6.375] [-0.81  1.1   9.71]
-31.378498 [ 5.25  -4.125 -6.   ] [-0.7   1.02  9.72]
-31.479095 [ 5.25  -3.312 -5.75 ] [-0.57  0.98  9.73]
-31.579523 [ 5.313 -2.75  -5.562] [-0.47  0.95  9.74]
-31.680154 [ 5.313 -2.375 -5.5  ] [-0.41  0.94  9.75]
-31.780646 [ 5.375 -1.875 -5.437] [-0.32  0.93  9.75]
-31.881521 [ 5.375 -1.312 -5.437] [-0.22  0.93  9.75]
-31.982158 [ 5.375 -0.875 -5.437] [-0.15  0.93  9.76]
-32.082833 [ 5.438 -0.437 -5.437] [-0.08  0.93  9.76]
-32.183461 [ 5.438  0.    -5.437] [ 1.28  0.93  9.76]
-32.28401 [ 5.438  0.188 -5.625] [ 1.31  0.96  9.75]
-32.384634 [ 5.438  0.438 -5.937] [ 1.35  1.01  9.75]
-32.485811 [ 5.438  0.75  -6.312] [ 1.4   1.08  9.74]
-32.586324 [ 5.438  0.875 -6.75 ] [ 1.43  1.15  9.73]
-32.687067 [ 5.438  1.    -7.312] [ 1.45  1.25  9.72]
-32.788032 [ 2.562  1.063 -7.937] [ 1.46  1.36  9.7 ]
-32.888996 [ 5.438  1.063 -8.5  ] [ 1.46  1.44  9.69]
-32.990177 [ 5.438  1.063 -8.937] [ 1.46  1.53  9.68]
-33.090898 [ 5.438  1.063 -9.312] [ 1.46  1.59  9.67]
-33.191572 [ 5.438  1.063 -9.75 ] [ 1.46  1.66  9.66]
-33.29226 [  5.438   0.938 -10.25 ] [ 1.44  1.75  9.64]
-33.393397 [  2.562   0.5   -10.625] [ 1.36  1.81  9.63]
-33.495129 [  5.375  -0.25  -10.937] [-0.04  1.87  9.62]
-33.597387 [  5.25   -0.875 -11.375] [-0.15  1.93  9.61]
-33.699508 [  5.25   -1.375 -11.437] [-0.23  1.95  9.6 ]
-33.801088 [  5.125  -1.812 -11.5  ] [-0.3   1.95  9.6 ]
-33.902051 [  5.125  -2.25  -11.5  ] [-0.38  1.95  9.6 ]
-34.002811 [  5.063  -2.75  -11.5  ] [-0.47  1.95  9.59]
-34.103546 [  5.     -3.187 -11.5  ] [-0.55  1.95  9.59]
-34.204598 [  4.938  -3.625 -11.5  ] [-0.62  1.95  9.59]
-34.306421 [  4.938  -3.937 -11.125] [-0.67  1.89  9.59]
-34.408696 [  4.875  -4.25  -10.625] [-0.73  1.81  9.6 ]
-34.510503 [  4.875  -4.5   -10.187] [-0.77  1.73  9.61]
-34.611747 [ 4.875 -4.625 -9.625] [-0.79  1.64  9.63]
-34.713231 [ 4.875 -4.687 -9.25 ] [-0.8   1.57  9.64]
-34.813989 [ 4.875 -4.75  -8.687] [-0.82  1.47  9.65]
-34.914604 [ 4.875 -4.812 -8.187] [-0.82  1.39  9.67]
-35.016093 [ 3.187 -4.812 -7.812] [-0.82  1.33  9.67]
-35.11793 [ 4.875 -4.812 -7.375] [-0.82  1.25  9.68]
-35.220333 [ 3.125 -4.875 -6.75 ] [-0.83  1.15  9.7 ]
-35.322397 [-1683.125    -4.812    -6.312] [-0.82  1.08  9.71]
-35.424712 [ 4.875 -4.375 -6.   ] [-0.74  1.02  9.72]
-35.526356 [ 4.938 -3.562 -5.75 ] [-0.61  0.98  9.73]
-35.627878 [ 4.938 -2.875 -5.562] [-0.49  0.95  9.74]
-35.728937 [ 5.    -2.375 -5.5  ] [-0.41  0.94  9.75]
-35.829538 [ 5.    -1.937 -5.5  ] [-0.33  0.94  9.75]
-35.930005 [ 5.063 -1.375 -5.5  ] [-0.23  0.94  9.75]
-36.030539 [ 5.063 -0.875 -5.5  ] [-0.15  0.94  9.75]
-36.131156 [ 5.063 -0.5   -5.5  ] [-0.08  0.94  9.76]
-36.231825 [ 5.125  0.    -5.5  ] [ 1.28  0.94  9.76]
-36.332658 [ 2.875  0.25  -5.625] [ 1.33  0.96  9.75]
