-0.074054 [ 7.938 -0.937 -8.812] [-0.16  1.5   9.68]
-0.176858 [ 0.188  1.625 -8.437] [ 1.56  1.44  9.69]
-0.278797 [ 8.188  1.563 -8.375] [ 1.55  1.43  9.69]
-0.379615 [ 8.188  1.563 -8.437] [ 0.27  1.43  9.69]
-0.480487 [ 8.188  1.563 -8.75 ] [ 1.55  1.5   9.68]
-0.580892 [ 8.125  1.5   -9.125] [ 1.54  1.56  9.67]
-0.681466 [ 8.125  1.5   -9.625] [ 1.54  1.64  9.66]
-0.782189 [  8.125   1.313 -10.   ] [ 1.5   1.7   9.65]
-0.882729 [  0.063   1.063 -10.312] [ 1.46  1.75  9.64]
-0.983902 [  0.      0.625 -10.687] [ 1.38  1.82  9.63]
-1.085666 [  7.938   0.    -11.062] [ 0.01  1.89  9.62]
-1.18795 [  0.125  -0.5   -11.437] [-0.09  1.94  9.61]
-1.28962 [  7.813  -1.062 -11.75 ] [-0.18  1.99  9.59]
-1.390708 [  7.813  -1.5   -11.875] [-0.25  2.02  9.59]
-1.491501 [  7.75   -2.    -11.937] [-0.35  2.03  9.58]
-1.59201 [  7.688  -2.5   -11.937] [-0.43  2.03  9.58]
-1.692414 [  7.625  -2.937 -11.937] [-0.51  2.03  9.57]
-1.793064 [  7.563  -3.312 -11.937] [-0.57  2.03  9.57]
-1.893617 [  7.563  -3.75  -11.812] [-0.64  2.    9.57]
-1.995229 [  7.5    -4.062 -11.687] [-0.7   1.98  9.57]
-2.097353 [  7.438  -4.437 -11.125] [-0.76  1.89  9.59]
-2.199559 [  7.438  -4.625 -10.625] [-0.79  1.81  9.6 ]
-2.301131 [  7.438  -4.75  -10.187] [-0.81  1.74  9.61]
-2.402215 [ 7.438 -4.812 -9.625] [-0.82  1.64  9.63]
-2.503393 [ 7.438 -4.812 -9.187] [-0.82  1.56  9.64]
-2.603913 [ 7.438 -4.812 -8.625] [-0.83  1.46  9.66]
-2.704497 [ 7.438 -4.875 -8.25 ] [-0.83  1.41  9.66]
-2.805045 [ 7.438 -4.875 -7.937] [-0.83  1.35  9.67]
-2.90572 [ 7.438 -4.875 -7.375] [-0.83  1.26  9.68]
-3.006541 [ 7.5   -4.875 -6.687] [-0.83  1.14  9.7 ]
-3.107183 [ 7.5   -4.375 -6.25 ] [-0.75  1.06  9.71]
-3.20788 [ 7.563 -3.562 -5.937] [-0.61  1.01  9.73]
-3.308583 [ 7.625 -2.812 -5.75 ] [-0.48  0.98  9.74]
-3.408959 [ 7.625 -2.312 -5.687] [-0.4   0.98  9.74]
-3.509273 [ 7.625 -1.875 -5.687] [-0.32  0.97  9.75]
-3.609553 [ 7.688 -1.312 -5.687] [-0.23  0.97  9.75]
-3.71018 [ 7.688 -0.812 -5.625] [-0.14  0.96  9.75]
-3.810711 [ 7.75  -0.437 -5.625] [-0.07  0.96  9.75]
-3.911115 [ 0.25  0.   -5.75] [ 1.28  0.98  9.75]
-4.011516 [ 7.75   0.313 -6.   ] [ 1.34  1.03  9.75]
-4.112227 [ 7.75   0.563 -6.312] [ 1.38  1.08  9.74]
-4.212903 [ 7.75   0.813 -6.875] [ 1.41  1.17  9.73]
-4.313476 [ 7.75   1.063 -7.375] [ 1.46  1.25  9.72]
-4.414107 [ 7.75   1.125 -8.   ] [ 1.47  1.35  9.71]
-4.514858 [ 7.75   1.188 -8.562] [ 1.48  1.45  9.69]
-4.615406 [ 7.75   1.188 -9.125] [ 1.48  1.55  9.67]
-4.716528 [ 7.75   1.188 -9.562] [ 1.48  1.63  9.66]
-4.817107 [ 7.75   1.188 -9.937] [ 1.49  1.69  9.65]
-4.917978 [  7.75    1.188 -10.437] [ 1.49  1.78  9.64]
-5.018532 [  7.75    1.    -10.812] [ 1.45  1.84  9.62]
-5.118945 [  7.688   0.5   -11.125] [ 1.36  1.89  9.62]
-5.219349 [  7.625  -0.125 -11.375] [-0.02  1.94  9.61]
-5.320437 [  7.563  -0.75  -11.687] [-0.13  1.98  9.6 ]
-5.42088 [  7.5   -1.25 -11.75] [-0.21  1.99  9.59]
-5.521112 [  7.438  -1.75  -11.75 ] [-0.3   2.    9.59]
-5.621403 [  7.438  -2.312 -11.75 ] [-0.39  2.    9.59]
-5.721761 [  0.625  -2.75  -11.75 ] [-0.48  2.    9.58]
-5.822762 [  7.313  -3.187 -11.75 ] [-0.54  2.    9.58]
-5.923235 [  0.75   -3.562 -11.75 ] [-0.61  1.99  9.58]
-6.024588 [  7.188  -4.    -11.437] [-0.68  1.95  9.58]
-6.125439 [  7.125  -4.375 -10.937] [-0.74  1.86  9.59]
-6.226614 [  7.125  -4.687 -10.5  ] [-0.8   1.79  9.6 ]
-6.327125 [  7.125  -4.875 -10.062] [-0.83  1.7   9.62]
-6.427489 [ 7.125 -4.875 -9.562] [-0.84  1.62  9.63]
-6.527973 [ 7.125 -4.937 -9.125] [-0.84  1.55  9.64]
-6.628463 [ 7.125 -4.937 -8.625] [-0.84  1.47  9.65]
-6.729029 [ 7.125 -4.937 -8.187] [-0.84  1.4   9.66]
-6.829638 [ 7.125 -4.937 -7.812] [-0.84  1.33  9.67]
-6.930428 [ 7.125 -4.937 -7.312] [-0.84  1.25  9.68]
-7.032301 [ 7.188 -4.687 -6.75 ] [-0.8   1.15  9.7 ]
-7.134574 [ 0.75  -4.    -6.437] [-0.68  1.1   9.71]
-7.236537 [ 7.313 -3.187 -6.187] [-0.55  1.06  9.73]
-7.337655 [ 7.313 -2.625 -6.   ] [-0.45  1.02  9.74]
-7.438319 [ 7.313 -2.25  -6.   ] [-0.39  1.02  9.74]
-7.538832 [ 7.375 -1.75  -5.875] [-0.3   1.01  9.74]
-7.639301 [ 7.375 -1.125 -5.875] [-0.2   1.    9.75]
-7.739993 [ 7.438 -0.75  -5.875] [-0.13  1.    9.75]
-7.841104 [ 7.438 -0.312 -5.875] [-0.05  1.    9.75]
-7.942414 [ 7.438  0.    -5.875] [ 1.28  1.    9.75]
-8.044583 [ 0.562  0.313 -6.062] [ 0.05  1.03  9.75]
-8.146813 [ 7.438  0.5   -6.375] [ 1.36  1.08  9.74]
-8.248092 [ 7.5    0.813 -6.75 ] [ 0.14  1.15  9.73]
-8.348957 [ 7.5    0.938 -7.187] [ 1.45  1.23  9.72]
-8.44962 [ 7.5   1.   -7.75] [ 1.45  1.33  9.71]
-8.549988 [ 7.5    1.063 -8.375] [ 1.46  1.43  9.69]
-8.650488 [ 7.5    1.063 -8.875] [ 1.47  1.51  9.68]
-8.750865 [ 7.5    1.063 -9.375] [ 1.47  1.6   9.67]
-8.852065 [ 7.5    1.063 -9.75 ] [ 1.47  1.67  9.66]
-8.953498 [  7.438   1.063 -10.187] [ 1.46  1.74  9.64]
-9.0551 [  7.438   1.    -10.687] [ 0.17  1.82  9.63]
-9.157796 [  7.438   0.375 -11.062] [ 1.36  1.88  9.62]
-9.259389 [  7.375  -0.25  -11.437] [-0.03  1.94  9.61]
-9.3603 [  7.313  -0.812 -11.687] [-0.14  1.98  9.6 ]
-9.460741 [  7.25   -1.312 -11.812] [-0.23  2.    9.59]
-9.561285 [  7.188  -1.812 -11.875] [-0.31  2.01  9.59]
-9.662321 [  7.125  -2.312 -11.875] [-0.4   2.01  9.58]
-9.762599 [  7.063  -2.812 -11.875] [-0.48  2.01  9.58]
-9.86291 [  7.063  -3.187 -11.875] [-0.55  2.01  9.58]
-9.963284 [  6.938  -3.625 -11.812] [-0.62  2.    9.57]
-10.063756 [  6.938  -3.937 -11.5  ] [-0.68  1.95  9.58]
-10.164264 [  6.875  -4.25  -10.937] [-0.73  1.86  9.6 ]
-10.264845 [  6.875  -4.562 -10.562] [-0.78  1.79  9.6 ]
-10.365242 [  6.875  -4.75  -10.062] [-0.81  1.7   9.62]
-10.465677 [ 6.875 -4.812 -9.625] [-0.82  1.63  9.63]
-10.566228 [ 6.875 -4.812 -9.125] [-0.83  1.55  9.64]
-10.666663 [ 6.813 -4.875 -8.625] [-0.84  1.46  9.66]
-10.7673 [ 6.813 -4.875 -8.25 ] [-0.84  1.4   9.66]
-10.867812 [ 6.813 -4.875 -7.875] [-0.84  1.34  9.67]
-10.968366 [ 6.813 -4.937 -7.312] [-0.84  1.24  9.69]
-11.068842 [ 6.813 -4.875 -6.75 ] [-0.84  1.15  9.7 ]
-11.16952 [ 6.875 -4.437 -6.5  ] [-0.76  1.11  9.71]
-11.270263 [ 6.938 -3.562 -6.187] [-0.61  1.06  9.72]
-11.370693 [ 7.    -2.812 -6.062] [-0.49  1.04  9.73]
-11.471438 [ 7.    -2.375 -6.   ] [-0.41  1.03  9.74]
-11.573451 [ 7.063 -1.875 -5.937] [-0.32  1.02  9.74]
-11.674533 [ 7.063 -1.25  -5.937] [-0.22  1.02  9.75]
-11.775356 [ 7.125 -0.812 -5.937] [-0.14  1.02  9.75]
-11.876618 [ 7.125 -0.375 -5.937] [-0.06  1.02  9.75]
-11.977697 [ 7.125  0.    -5.937] [ 1.28  1.02  9.75]
-12.078988 [ 7.188  0.313 -6.   ] [ 1.34  1.03  9.75]
-12.180267 [ 7.188  0.625 -6.375] [ 1.39  1.09  9.74]
-12.282753 [ 7.188  1.    -6.875] [ 1.45  1.17  9.73]
-12.384227 [ 7.188  1.188 -7.375] [ 0.2   1.26  9.72]
-12.485062 [ 0.812  1.25  -7.875] [ 1.5   1.35  9.71]
-12.58637 [ 7.188  1.313 -8.5  ] [ 1.5   1.45  9.69]
-12.687105 [ 0.812  1.313 -8.937] [ 0.22  1.52  9.68]
-12.789578 [ 0.812  1.313 -9.437] [ 0.22  1.61  9.67]
-12.891872 [ 7.188  1.313 -9.875] [ 1.5   1.67  9.65]
-12.993312 [  7.188   1.188 -10.125] [ 1.48  1.72  9.65]
-13.094095 [  7.125   0.875 -10.625] [ 1.42  1.81  9.63]
-13.194848 [  7.125   0.313 -11.   ] [ 1.34  1.87  9.62]
-13.295542 [  7.063  -0.312 -11.25 ] [-0.05  1.91  9.61]
-13.396254 [  7.     -0.937 -11.625] [-0.17  1.98  9.6 ]
-13.497858 [  1.062  -1.375 -11.812] [-0.24  2.01  9.59]
-13.600093 [  1.125  -2.    -11.937] [-0.34  2.03  9.58]
-13.702574 [  6.813  -2.5   -12.   ] [-0.42  2.03  9.58]
-13.804175 [  6.75   -2.937 -11.937] [-0.5   2.03  9.57]
-13.905303 [  6.688  -3.312 -12.   ] [-0.57  2.03  9.57]
-14.006131 [  6.625  -3.75  -12.   ] [-0.64  2.03  9.57]
-14.107279 [  6.563  -4.125 -11.75 ] [-0.7   1.99  9.57]
-14.208937 [  6.563  -4.437 -11.25 ] [-0.76  1.91  9.58]
-14.311324 [  6.563  -4.625 -10.75 ] [-0.79  1.82  9.6 ]
-14.413692 [  6.563  -4.687 -10.187] [-0.8   1.74  9.61]
-14.515176 [ 6.563 -4.75  -9.687] [-0.82  1.65  9.63]
-14.616227 [ 6.563 -4.812 -9.25 ] [-0.82  1.57  9.64]
-14.716882 [ 6.563 -4.812 -8.687] [-0.82  1.48  9.65]
-14.817483 [ 6.5   -4.812 -8.25 ] [-0.82  1.41  9.66]
-14.918344 [ 6.5   -4.812 -7.937] [-0.82  1.35  9.67]
-15.018976 [ 6.5   -4.812 -7.437] [-0.82  1.26  9.68]
-15.11959 [ 6.563 -4.812 -6.75 ] [-0.82  1.15  9.7 ]
-15.220372 [ 6.625 -4.437 -6.312] [-0.76  1.08  9.71]
-15.321201 [ 6.625 -3.625 -5.937] [-0.62  1.01  9.73]
-15.42182 [ 6.688 -2.812 -5.812] [-0.48  0.99  9.74]
-15.52238 [ 6.688 -2.312 -5.75 ] [-0.4   0.98  9.74]
-15.622872 [ 6.75  -1.875 -5.75 ] [-0.32  0.98  9.75]
-15.723364 [ 6.75  -1.312 -5.75 ] [-0.23  0.98  9.75]
-15.823957 [ 6.813 -0.812 -5.75 ] [-0.13  0.98  9.75]
-15.924843 [ 6.813 -0.375 -5.75 ] [-0.06  0.98  9.75]
-16.025716 [ 6.813  0.    -5.875] [ 1.28  1.    9.75]
-16.126367 [ 6.875  0.25  -6.187] [   1.32    1.05 -317.94]
-16.227339 [ 6.813  0.438 -6.562] [ 1.36  1.12  9.74]
-16.327904 [ 6.813  0.688 -7.062] [ 1.4   1.21  9.73]
-16.428507 [ 6.875  0.875 -7.5  ] [ 1.43  1.29  9.72]
-16.529056 [ 6.875  0.938 -8.062] [ 1.44  1.38  9.7 ]
-16.629443 [ 6.875  1.063 -8.625] [ 1.46  1.47  9.69]
-16.730477 [ 6.875  1.063 -9.062] [ 1.47  1.55  9.68]
-16.831091 [ 6.813  1.063 -9.562] [ 1.47  1.63  9.66]
-16.931704 [ 6.813  1.063 -9.937] [ 1.47  1.69  9.65]
-17.0323 [  6.813   1.063 -10.375] [ 1.47  1.77  8.36]
-17.132891 [  6.813   0.875 -10.75 ] [ 1.43  1.83  9.63]
-17.233479 [  6.75   0.25 -11.  ] [ 1.33  1.88  9.62]
-17.334075 [  6.75   -0.25  -11.312] [-0.05  1.93  9.61]
-17.434692 [  6.625  -0.937 -11.625] [-0.16  1.97  9.6 ]
-17.535614 [  1.375  -1.375 -11.687] [-0.23  1.99  9.59]
-17.636837 [  6.563  -1.875 -11.75 ] [-0.31  2.    9.59]
-17.737851 [  6.5    -2.437 -11.75 ] [-0.41  2.    9.59]
-17.838891 [  6.438  -2.875 -11.75 ] [-0.49  2.    9.58]
-17.939578 [  6.375  -3.25  -11.75 ] [-0.56  2.    9.58]
-18.040079 [  6.313  -3.687 -11.687] [-0.63  1.98  9.58]
-18.140705 [  6.25   -4.062 -11.375] [-0.7   1.93  9.58]
-18.241305 [  6.25   -4.437 -10.937] [-0.75  1.86  9.59]
-18.341742 [  6.25   -4.687 -10.562] [-0.8   1.79  9.6 ]
-18.44216 [  6.25   -4.812 -10.125] [-0.82  1.71  9.61]
-18.542858 [ 6.188 -4.812 -9.625] [-0.83  1.63  9.63]
-18.644081 [-4.937 -0.062 -0.062] [-0.83  1.55  9.64]
-18.745394 [ 6.188 -4.875 -8.562] [-0.83  1.46  9.66]
-18.847712 [ 6.188 -4.875 -8.125] [-0.83  1.38  9.67]
-18.949018 [ 6.188 -4.875 -7.75 ] [-0.84  1.32  9.67]
-19.049916 [ 6.188 -4.875 -7.25 ] [-0.84  1.23  9.69]
-19.150573 [ 6.25  -4.687 -6.687] [-0.8   1.14  9.7 ]
-19.251142 [ 6.375 -4.062 -6.25 ] [-0.69  1.07  9.72]
-19.35169 [ 6.375 -3.25  -6.062] [-0.56  1.03  9.73]
-19.452066 [ 6.438 -2.687 -5.812] [-0.46  0.99  9.74]
-19.552462 [ 6.438 -2.312 -5.75 ] [-0.4   0.99  9.74]
-19.652779 [ 6.5   -1.812 -5.687] [-0.31  0.98  9.75]
-19.753976 [ 1.5   -1.187 -5.687] [-0.21  0.97  9.75]
-19.855714 [ 6.563 -0.812 -5.687] [-0.13  0.97  9.75]
-19.957915 [ 1.437 -0.375 -5.687] [-0.06  0.97  9.75]
-20.059566 [ 6.563  0.063 -5.687] [ 0.    0.98  9.75]
-20.160725 [ 6.563  0.25  -5.937] [ 0.04  1.01  9.75]
-20.261761 [ 6.5    0.438 -6.312] [ 1.35  1.08  9.74]
-20.362282 [ 6.5    0.75  -6.687] [ 1.41  1.14  9.73]
-20.46263 [ 6.563  0.875 -7.125] [ 1.43  1.22  9.72]
-20.56291 [ 6.5    0.938 -7.687] [ 1.44  1.31  9.71]
-20.663295 [ 6.5    0.938 -8.25 ] [ 1.44  1.41  9.7 ]
-20.763649 [ 6.5   1.   -8.75] [   1.46    1.49 -317.99]
-20.864462 [ 6.5    1.063 -9.25 ] [ 1.46  1.58  9.67]
-20.965148 [ 1.5    1.063 -9.625] [ 1.46  1.64  9.66]
-21.066889 [  6.5     1.063 -10.062] [ 0.18  1.71  9.65]
-21.169611 [  6.5     0.875 -10.625] [ 1.44  1.81  9.63]
-21.271552 [  6.438   0.313 -11.   ] [ 1.34  1.86  9.62]
-21.372711 [  6.375  -0.375 -11.375] [-0.06  1.93  9.61]
-21.473343 [  6.313  -0.937 -11.687] [-0.16  1.99  9.6 ]
-21.57373 [  6.25   -1.437 -11.75 ] [-0.24  2.    9.59]
-21.6743 [  6.188  -1.875 -11.812] [-0.33  2.    9.59]
-21.774533 [  6.188  -2.375 -11.812] [-0.41  2.    9.58]
-21.875014 [  6.063  -2.812 -11.812] [-0.48  2.    9.58]
-21.975403 [  6.     -3.25  -11.812] [-0.56  2.    9.58]
-22.075681 [  6.     -3.687 -11.812] [-0.63  2.    9.57]
-22.176228 [  5.938  -4.    -11.5  ] [-0.69  1.95  9.58]
-22.276859 [  5.875  -4.312 -10.875] [-0.74  1.85  9.6 ]
-22.377284 [  5.875  -4.625 -10.5  ] [-0.79  1.78  9.6 ]
-22.477876 [ 5.875 -4.75  -9.937] [-0.81  1.69  9.62]
-22.578421 [ 5.938 -4.75  -9.875] [-0.81  1.68  9.62]
-22.678905 [ 5.938 -4.812 -9.187] [-0.83  1.56  9.64]
-22.779581 [ 5.938 -4.875 -8.5  ] [-0.83  1.45  9.66]
-22.880109 [ 5.938 -4.875 -8.125] [-0.83  1.38  9.67]
-22.980445 [ 5.938 -4.875 -7.75 ] [-0.83  1.31  9.68]
-23.080731 [ 6.    -4.875 -7.125] [  -0.84    1.21 -317.99]
-23.181342 [ 6.    -4.812 -6.625] [-0.82  1.13  9.7 ]
-23.281761 [ 6.063 -4.187 -6.375] [-0.72  1.08  9.71]
-23.382001 [ 6.25  -3.312 -5.937] [-0.57  1.02  9.73]
-23.48258 [ 6.25  -2.687 -5.812] [-0.46  1.    9.74]
-23.583133 [ 6.25  -2.312 -5.812] [-0.4   0.99  9.74]
-23.683792 [ 6.25  -1.875 -5.75 ] [-0.33  0.98  9.75]
-23.784318 [ 6.313 -1.25  -5.687] [-0.22  0.97  9.75]
-23.885 [ 6.313 -0.75  -5.687] [-0.14  0.97  9.75]
-23.985577 [ 6.375 -0.312 -5.687] [-0.06  0.97  9.75]
-24.085995 [ 6.375  0.063 -5.687] [ 1.29  0.97  9.75]
-24.187312 [ 6.375  0.375 -5.875] [ 1.35  1.01  9.75]
-24.288366 [ 6.438  0.563 -6.375] [ 1.38  1.09  9.74]
-24.38893 [ 6.438  0.938 -6.812] [ 1.44  1.16  9.73]
-24.489368 [ 6.438  1.125 -7.312] [ 1.48  1.24  9.72]
-24.589552 [ 6.438  1.188 -7.875] [ 1.48  1.34  9.71]
-24.69001 [ 6.438  1.25  -8.437] [ 1.5   1.44  9.69]
-24.790621 [ 6.438  1.25  -8.875] [ 1.5   1.51  9.68]
-24.890989 [ 6.438  1.25  -9.375] [ 1.5   1.59  9.67]
-24.991248 [ 6.438  1.25  -9.812] [ 1.49  1.67  9.66]
-25.091783 [  6.375   1.125 -10.062] [ 1.47  1.72  9.65]
-25.192396 [  6.375   0.75  -10.562] [ 1.41  1.79  9.63]
-25.292922 [  6.313   0.188 -10.812] [ 1.32  1.84  9.63]
-25.393443 [  6.25   -0.375 -11.187] [-0.07  1.9   9.61]
-25.4939 [  6.188  -1.    -11.562] [-0.17  1.97  9.6 ]
-25.595132 [  6.125  -1.375 -11.75 ] [-0.23  2.    9.59]
-25.695632 [  6.063  -1.875 -11.812] [-0.32  2.    9.59]
-25.796212 [  6.     -2.437 -11.812] [-0.41  2.    9.58]
-25.897123 [  5.938  -3.    -11.812] [-0.5   2.01  9.58]
-25.997826 [  5.875  -3.375 -11.812] [-0.58  2.    9.58]
-26.098322 [  5.813  -3.75  -11.687] [-0.65  1.99  9.58]
-26.198974 [  5.813  -4.125 -11.625] [-0.7   1.97  9.57]
-26.300116 [  5.75   -4.375 -11.125] [-0.75  1.89  9.59]
-26.401239 [  5.75   -4.562 -10.562] [-0.78  1.79  9.6 ]
-26.502978 [  5.813  -4.562 -10.062] [-0.78  1.71  9.62]
-26.605229 [ 2.187 -4.625 -9.562] [-0.79  1.63  9.63]
-26.707087 [ 5.75  -4.625 -9.187] [-0.8   1.56  9.64]
-26.80819 [ 5.75  -4.625 -8.562] [-0.8   1.46  9.66]
-26.908811 [ 5.75  -4.687 -8.187] [-0.8   1.39  9.67]
-27.009252 [ 5.75  -4.687 -7.812] [-0.8   1.33  9.68]
-27.109382 [ 5.75  -4.687 -7.312] [-0.8   1.24  9.69]
-27.2102 [ 5.813 -4.687 -6.625] [-0.8   1.13  9.7 ]
-27.310749 [ 5.813 -4.25  -6.25 ] [-0.72  1.06  9.72]
-27.411673 [ 5.875 -3.437 -5.875] [-0.59  1.    9.73]
-27.512323 [ 5.875 -2.75  -5.687] [-0.47  0.97  9.74]
-27.613965 [ 2.062 -2.312 -5.625] [-0.39  0.96  9.75]
-27.71625 [ 5.938 -1.875 -5.625] [-0.32  0.96  9.75]
-27.817962 [ 6.    -1.25  -5.625] [-0.22  0.96  9.75]
-27.919121 [ 6.    -0.75  -5.625] [-0.13  0.96  9.75]
-28.019961 [ 6.    -0.375 -5.625] [-0.06  0.96  9.75]
-28.120841 [ 6.    0.   -5.75] [ 1.28  0.98  9.75]
-28.221302 [ 6.     0.188 -6.062] [ 1.32  1.04  9.75]
-28.321659 [ 6.     0.375 -6.437] [   1.34    1.1  -317.94]
-28.422181 [ 6.     0.563 -6.937] [ 1.37  1.18  9.73]
-28.522724 [ 2.     0.813 -7.312] [ 1.42  1.24  9.72]
-28.623954 [ 6.     0.938 -7.937] [ 1.44  1.35  9.71]
-28.726149 [ 6.     1.063 -8.5  ] [ 1.47  1.45  9.69]
-28.82866 [ 6.     1.125 -9.125] [ 0.2   1.54  9.68]
-28.930334 [ 6.     1.125 -9.562] [ 0.2   1.62  9.66]
-29.031173 [ 6.     1.125 -9.875] [ 1.48  1.68  9.65]
-29.132922 [  6.      1.125 -10.312] [ 1.48  1.75  9.64]
-29.2335 [  6.      1.    -10.625] [ 1.45  1.81  9.63]
-29.334013 [  5.938   0.5   -10.937] [ 1.36  1.86  9.62]
-29.434809 [  5.875  -0.125 -11.25 ] [-0.02  1.91  9.61]
-29.535368 [  5.813  -0.75  -11.5  ] [-0.13  1.95  9.6 ]
-29.636021 [  5.813  -1.187 -11.625] [-0.21  1.97  9.6 ]
-29.7365 [  5.688  -1.75  -11.625] [-0.3   1.98  9.59]
-29.837015 [  5.625  -2.25  -11.625] [-0.38  1.98  9.59]
-29.9374 [  5.625  -2.687 -11.625] [-0.46  1.98  9.59]
-30.038871 [  5.563  -3.062 -11.625] [-0.52  1.98  9.59]
-30.139953 [  5.563  -3.5   -11.625] [-0.6   1.97  9.58]
-30.240537 [  5.5    -3.875 -11.375] [-0.66  1.93  9.58]
-30.341271 [  5.438  -4.25  -10.875] [-0.72  1.86  9.6 ]
-30.442278 [  5.438  -4.562 -10.437] [-0.77  1.78  9.61]
-30.542837 [  5.438  -4.687 -10.   ] [-0.8   1.71  9.62]
-30.643378 [ 5.438 -4.75  -9.5  ] [-0.81  1.62  9.63]
-30.743902 [ 5.375 -4.75  -9.   ] [-0.81  1.53  9.65]
-30.844288 [ 5.438 -4.75  -8.562] [-0.81  1.45  9.66]
-30.945532 [ 5.438 -4.75  -8.125] [-0.81  1.38  9.67]
-31.045958 [ 5.438 -4.75  -7.812] [-0.81  1.32  9.68]
-31.146504 [ 5.438 -4.75  -7.25 ] [-0.81  1.24  9.69]
-31.247213 [ 5.438 -4.625 -6.812] [-0.79  1.16  9.7 ]
-31.347639 [ 5.5   -4.062 -6.437] [-0.7   1.1   9.71]
-31.448203 [ 5.563 -3.25  -6.187] [-0.56  1.06  9.73]
-31.548713 [ 5.625 -2.687 -6.   ] [-0.46  1.02  9.74]
-31.649174 [ 5.625 -2.312 -5.875] [-0.4   1.01  9.74]
-31.749984 [ 5.625 -1.875 -5.812] [-0.32  1.    9.75]
-31.85034 [ 5.688 -1.25  -5.75 ] [-0.22  0.99  9.75]
-31.951166 [ 5.688 -0.875 -5.75 ] [-0.15  0.99  9.75]
-32.052185 [ 5.75  -0.375 -5.75 ] [-0.07  0.98  9.75]
-32.152978 [ 5.75  0.   -5.75] [ 1.28  0.98  9.75]
-32.253936 [ 5.75   0.25  -5.937] [ 1.32  1.01  9.75]
-32.354504 [ 5.75   0.5   -6.312] [ 1.36  1.07  9.74]
-32.455051 [ 5.75   0.813 -6.687] [ 1.42  1.14  9.73]
-32.555573 [ 5.813  1.    -7.125] [ 1.45  1.21  9.72]
-32.655865 [ 5.813  1.    -7.625] [ 1.46  1.3   9.71]
-32.756262 [ 5.75   1.063 -8.25 ] [ 1.46  1.41  9.7 ]
-32.856912 [ 5.75   1.125 -8.75 ] [ 1.47  1.49  9.69]
-32.958132 [ 5.75   1.125 -9.25 ] [ 1.47  1.58  9.67]
-33.059226 [ 5.75   1.125 -9.625] [ 1.47  1.64  9.66]
-33.161177 [  5.75    1.125 -10.062] [ 1.47  1.71  9.65]
-33.263438 [  5.75    1.    -10.562] [ 1.46  1.79  9.63]
-33.364626 [  5.75    0.438 -10.937] [ 0.08  1.86  9.62]
-33.465651 [  5.625  -0.25  -11.25 ] [-0.04  1.92  9.61]
-33.566195 [  5.563  -0.75  -11.562] [-0.13  1.96  9.6 ]
-33.666804 [  5.5    -1.312 -11.625] [-0.22  1.98  9.6 ]
-33.767318 [  5.438  -1.75  -11.75 ] [-0.3   1.99  9.59]
-33.8682 [  5.375  -2.312 -11.75 ] [-0.39  1.99  9.59]
-33.968658 [  5.313  -2.75  -11.75 ] [-0.48  1.99  9.58]
-34.069456 [  5.25   -3.187 -11.687] [-0.54  1.99  9.58]
-34.170835 [  2.812  -3.562 -11.625] [-0.61  1.97  9.58]
-34.272938 [  5.188  -3.937 -11.562] [-0.67  1.96  9.58]
-34.374697 [  5.125  -4.25  -10.937] [-0.72  1.86  9.59]
-34.476121 [  5.125  -4.5   -10.5  ] [-0.77  1.78  9.61]
-34.576833 [ 5.125 -4.687 -9.937] [-0.8   1.69  9.62]
-34.67749 [ 5.125 -4.687 -9.562] [-0.8   1.62  9.63]
-34.778199 [ 5.125 -4.75  -9.   ] [-0.82  1.53  9.65]
-34.878733 [ 5.125 -4.812 -8.5  ] [-0.82  1.45  9.66]
-34.979532 [ 2.875 -4.812 -8.187] [-0.82  1.4   9.67]
-35.080693 [ 5.125 -4.812 -7.812] [-0.82  1.32  9.68]
-35.182267 [ 5.125 -4.812 -7.125] [-0.83  1.21  9.69]
-35.284678 [ 5.125 -4.812 -6.625] [-0.82  1.13  9.7 ]
-35.386584 [ 5.188 -4.312 -6.312] [-0.75  1.08  9.71]
-35.488155 [ 5.25 -3.5  -6.  ] [-0.6   1.02  9.73]
-35.588633 [ 5.25  -2.875 -5.812] [-0.49  0.99  9.74]
-35.688851 [ 5.313 -2.375 -5.75 ] [-0.41  0.98  9.74]
-35.789403 [-1682.687    -1.875    -5.75 ] [-0.32  0.98  9.75]
-35.889924 [ 5.375 -1.312 -5.687] [-0.22  0.97  9.75]
-35.990262 [ 5.375 -0.812 -5.687] [-0.14  0.97  9.75]
-36.090727 [ 5.438 -0.437 -5.687] [-0.07  0.97  9.75]
-36.191314 [ 5.438  0.    -5.687] [ 1.29  0.97  9.75]
-36.291855 [ 2.562  0.313 -5.875] [ 1.34  1.    9.75]
