-0.074283 [ 7.5   -1.25  -8.625] [-0.22  1.47  9.69]
-0.177295 [ 7.813  1.75  -8.437] [ 1.53  1.44  9.69]
-0.278313 [ 7.813  1.875 -8.5  ] [ 1.6   1.45  9.69]
-0.378796 [ 7.813  1.75  -8.5  ] [ 1.58  1.45  9.69]
-0.478884 [ 7.813  1.688 -8.812] [ 1.57  1.5   9.68]
-0.579398 [ 7.813  1.688 -9.125] [ 1.56  1.55  9.67]
-0.680762 [ 7.813  1.563 -9.562] [ 1.55  1.63  9.66]
-0.781745 [ 7.75   1.438 -9.937] [ 1.52  1.7   9.65]
-0.8836 [  0.25    1.125 -10.187] [ 0.19  1.74  9.64]
-0.986304 [  7.688   0.688 -10.687] [ 1.4   1.81  9.63]
-1.088093 [  7.625   0.063 -11.062] [ 1.3   1.88  9.62]
-1.189724 [  7.563  -0.437 -11.312] [-0.07  1.93  9.61]
-1.290142 [  7.5    -0.937 -11.687] [-0.16  1.98  9.6 ]
-1.390435 [  7.438  -1.312 -11.812] [-0.23  2.01  9.59]
-1.490881 [  7.375  -1.875 -11.937] [-0.32  2.02  9.58]
-1.591546 [  7.375  -2.375 -11.937] [-0.4   2.02  9.58]
-1.693038 [  0.687  -2.875 -11.937] [-0.49  2.02  9.58]
-1.794692 [  0.75   -3.25  -11.937] [-0.55  2.02  9.57]
-1.897126 [  7.188  -3.625 -11.875] [-0.62  2.01  9.57]
-1.998787 [  7.125  -4.    -11.75 ] [-0.68  2.    9.57]
-2.100373 [  7.063  -4.312 -11.187] [-0.74  1.9   9.59]
-2.200796 [  7.063  -4.5   -10.75 ] [-0.77  1.83  9.6 ]
-2.30105 [  7.063  -4.625 -10.25 ] [-0.79  1.74  9.61]
-2.401338 [ 7.063 -4.625 -9.75 ] [-0.79  1.66  9.63]
-2.501937 [ 7.063 -4.687 -9.312] [-0.8   1.58  9.64]
-2.602534 [ 7.063 -4.687 -8.687] [-0.81  1.48  9.66]
-2.703323 [ 7.063 -4.687 -8.312] [-0.81  1.41  9.66]
-2.804081 [ 7.    -4.687 -8.   ] [-0.81  1.36  9.67]
-2.905113 [ 7.063 -4.75  -7.437] [-0.81  1.27  9.68]
-3.005745 [ 7.125 -4.812 -6.75 ] [-0.82  1.15  9.7 ]
-3.106532 [ 7.125 -4.312 -6.375] [-0.74  1.08  9.71]
-3.207124 [ 7.188 -3.5   -6.062] [-0.6   1.03  9.73]
-3.307413 [ 7.188 -2.75  -5.875] [-0.48  1.    9.74]
-3.407918 [ 7.25 -2.25 -5.75] [-0.39  0.98  9.74]
-3.508248 [ 7.25  -1.812 -5.75 ] [-0.31  0.98  9.75]
-3.608503 [ 7.313 -1.25  -5.75 ] [-0.21  0.98  9.75]
-3.709019 [ 7.313 -0.687 -5.75 ] [-0.12  0.98  9.75]
-3.809645 [ 7.313 -0.312 -5.75 ] [-0.06  0.98  9.75]
-3.910476 [ 7.375  0.063 -5.875] [ 1.28  1.    9.75]
-4.011339 [ 7.375  0.313 -6.187] [ 1.33  1.05  9.74]
-4.111762 [ 7.375  0.563 -6.562] [ 1.37  1.11  9.74]
-4.212125 [ 7.313  0.813 -7.   ] [ 1.41  1.19  9.73]
-4.312511 [ 7.313  1.    -7.437] [ 1.45  1.27  9.72]
-4.41319 [ 7.375  1.125 -8.062] [ 1.47  1.38  9.7 ]
-4.513798 [ 7.375  1.188 -8.625] [ 1.48  1.47  9.69]
-4.614367 [ 7.375  1.188 -9.125] [   1.49    1.56 -318.01]
-4.714855 [ 7.313  1.188 -9.625] [ 1.49  1.64  9.66]
-4.815327 [  7.313   1.188 -10.   ] [ 1.49  1.7   9.65]
-4.916585 [  7.313   1.188 -10.437] [ 1.49  1.78  9.64]
-5.017201 [  7.313   1.    -10.875] [ 1.45  1.85  9.62]
-5.11777 [  7.25    0.438 -11.062] [ 1.36  1.89  9.62]
-5.218122 [  7.188  -0.125 -11.375] [-0.02  1.93  9.61]
-5.318515 [  7.125  -0.75  -11.625] [-0.13  1.98  9.6 ]
-5.419949 [  7.125  -1.25  -11.75 ] [-0.21  1.99  9.59]
-5.521042 [  7.    -1.75 -11.75] [-0.29  2.    9.59]
-5.622128 [  7.     -2.312 -11.75 ] [-0.38  2.    9.59]
-5.722617 [  6.938  -2.75  -11.75 ] [-0.46  2.    9.58]
-5.823417 [  6.875  -3.187 -11.75 ] [-0.54  1.99  9.58]
-5.923788 [  6.813  -3.625 -11.687] [-0.62  1.99  9.58]
-6.025435 [  1.25   -4.    -11.437] [-0.68  1.94  9.58]
-6.127004 [  1.25   -4.375 -11.   ] [-0.75  1.86  9.59]
-6.229315 [  1.25   -4.625 -10.5  ] [-0.8   1.78  9.6 ]
-6.331553 [  6.75   -4.812 -10.062] [-0.82  1.71  9.61]
-6.432907 [ 6.75  -4.875 -9.562] [-0.83  1.63  9.63]
-6.533768 [ 6.75  -4.875 -9.125] [-0.83  1.55  9.64]
-6.636003 [ 6.688 -4.875 -8.625] [-0.83  1.46  9.66]
-6.736947 [ 6.688 -4.875 -8.187] [-0.83  1.4   9.66]
-6.838552 [ 6.688 -4.875 -7.875] [-0.83  1.34  9.67]
-6.940757 [    6.688    -4.875  2040.563] [-0.83  1.26  9.68]
-7.042674 [ 6.688 -4.625 -6.875] [-0.8   1.18  9.7 ]
-7.144779 [ 6.75  -3.937 -6.5  ] [-0.68  1.11  9.71]
-7.24601 [ 6.813 -3.25  -6.312] [-0.55  1.07  9.73]
-7.346571 [ 6.813 -2.625 -6.062] [-0.45  1.03  9.74]
-7.447876 [-4.625 -0.062 -0.062] [-0.39  1.02  9.74]
-7.549007 [ 6.875 -1.75  -5.937] [-0.3   1.01  9.74]
-7.650828 [  1.12500000e+00  -1.18700000e+00   2.04212500e+03] [-0.21  1.01  9.75]
-7.753777 [ 6.938 -0.75  -5.875] [-0.13  1.01  9.75]
-7.855378 [ 6.938 -0.312 -5.875] [-0.05  1.01  9.75]
-7.956026 [ 6.938  0.063 -5.875] [ 1.29  1.01  9.75]
-8.056776 [ 7.     0.313 -6.125] [ 1.33  1.04  9.75]
-8.15756 [ 6.938  0.438 -6.437] [ 1.36  1.1   9.74]
-8.257901 [ 6.938  0.75  -6.875] [   1.41    1.17 -317.95]
-8.359803 [ 6.938  0.875 -7.25 ] [ 1.43  1.24  9.72]
-8.460343 [ 6.938  0.875 -7.812] [ 1.44  1.34  9.71]
-8.561444 [ 6.938  1.    -8.437] [ 1.45  1.44  9.69]
-8.661774 [ 6.938  1.    -8.937] [ 1.45  1.52  9.68]
-8.762226 [ 6.938  1.    -9.437] [ 1.45  1.6   9.67]
-8.86291 [ 6.938  1.    -9.812] [ 1.46  1.67  9.66]
-8.963959 [  6.938   1.063 -10.187] [ 1.46  1.74  9.64]
-9.064607 [  6.938   0.875 -10.75 ] [ 1.44  1.83  9.63]
-9.165865 [  6.875   0.313 -11.125] [ 1.34  1.89  9.62]
-9.26647 [  6.813  -0.375 -11.437] [-0.06  1.94  9.61]
-9.366896 [  6.75   -1.062 -11.812] [-0.18  2.01  9.59]
-9.468481 [  6.688  -1.5   -11.875] [-0.26  2.02  9.59]
-9.569234 [  6.625  -2.    -12.   ] [-0.34  2.03  9.58]
-9.669725 [  6.563  -2.562 -12.   ] [-0.43  2.03  9.58]
-9.770046 [  6.5    -3.    -11.937] [-0.51  2.03  9.57]
-9.870627 [  6.438  -3.375 -11.937] [-0.58  2.03  9.57]
-9.970916 [  6.438  -3.812 -11.937] [-0.65  2.02  9.57]
-10.072667 [  1.625  -4.062 -11.562] [-0.7   1.96  9.58]
-10.173223 [  6.313  -4.375 -11.   ] [-0.75  1.86  9.59]
-10.273769 [  6.313  -4.687 -10.562] [-0.8  1.8  9.6]
-10.374162 [  6.313  -4.812 -10.   ] [-0.83  1.7   8.34]
-10.474513 [ 6.313 -4.875 -9.625] [-0.83  1.64  9.63]
-10.575677 [ 1.687 -4.937 -9.125] [-0.84  1.55  9.64]
-10.677169 [ 6.25  -5.    -8.562] [-0.86  1.46  9.65]
-10.778658 [ 6.25 -5.   -8.25] [-0.86  1.4   9.66]
-10.879333 [ 6.313 -5.    -7.812] [-0.86  1.33  9.67]
-10.979873 [ 6.313 -5.    -7.187] [-0.86  1.23  9.69]
-11.080388 [ 6.313 -5.    -6.75 ] [-0.85  1.14  9.7 ]
-11.18133 [ 6.375 -4.5   -6.437] [-0.77  1.1   8.43]
-11.282871 [ 6.438 -3.625 -6.125] [-0.63  1.05  9.72]
-11.385334 [ 1.5   -2.937 -6.   ] [-0.51  1.02  9.73]
-11.48742 [ 6.5   -2.437 -5.937] [-0.42  1.01  9.74]
-11.588376 [ 6.563 -1.937 -5.937] [-0.35  1.01  9.74]
-11.688881 [ 6.563 -1.375 -5.875] [-0.24  1.    9.75]
-11.790338 [ 6.563 -0.875 -5.875] [-0.15  1.    9.75]
-11.890969 [  6.62500000e+00  -5.00000000e-01   2.04212500e+03] [-0.08  1.    9.75]
-11.99132 [ 6.625 -0.062 -5.875] [-0.01  1.    9.75]
-12.091714 [ 6.625  0.25  -6.   ] [ 1.32  1.02  9.75]
-12.193646 [ 6.625  0.438 -6.312] [ 1.36  1.08  9.74]
-12.296885 [ 6.688  0.813 -6.812] [ 0.13  1.15  9.73]
-12.400295 [ 6.688  1.    -7.187] [ 1.45  1.23  9.72]
-12.500757 [ 6.688  1.125 -7.75 ] [ 1.47  1.32  9.71]
-12.601257 [ 6.688  1.188 -8.437] [ 1.49  1.43  9.69]
-12.701669 [ 6.688  1.188 -8.875] [ 1.49  1.51  9.68]
-12.802107 [ 6.688  1.188 -9.375] [ 1.49  1.6   9.67]
-12.908017 [ 6.688  1.188 -9.875] [ 1.49  1.67  9.65]
-13.012882 [  6.625   1.125 -10.125] [ 1.47  1.72  9.65]
-13.114277 [  6.625   0.813 -10.562] [ 1.42  1.8   9.63]
-13.215265 [  6.563   0.313 -10.875] [ 1.34  1.85  9.62]
-13.316074 [  6.5    -0.312 -11.187] [-0.05  1.9   9.61]
-13.417037 [  6.438  -0.875 -11.437] [-0.15  1.95  9.6 ]
-13.517765 [  6.375  -1.312 -11.687] [-0.23  1.99  9.59]
-13.61874 [  6.313  -1.937 -11.812] [-0.33  2.    9.59]
-13.719689 [  6.25   -2.5   -11.875] [-0.42  2.01  9.58]
-13.82048 [  6.188  -2.937 -11.875] [-0.5   2.01  9.58]
-13.921403 [  6.188  -3.312 -11.875] [-0.57  2.01  9.58]
-14.022074 [  6.125  -3.75  -11.875] [-0.64  2.01  9.57]
-14.122673 [  6.063  -4.125 -11.75 ] [-0.7   2.    9.57]
-14.223373 [  6.063  -4.437 -11.25 ] [-0.76  1.91  9.58]
-14.32409 [  6.     -4.625 -10.75 ] [-0.79  1.83  9.6 ]
-14.425401 [  6.063  -4.75  -10.312] [-0.81  1.75  9.61]
-14.525922 [ 6.    -4.75  -9.812] [-0.81  1.66  9.62]
-14.62684 [ 6.    -4.75  -9.312] [-0.82  1.59  9.64]
-14.72731 [ 6.   -4.75 -8.75] [-0.82  1.49  9.65]
-14.827886 [ 6.    -4.75  -8.375] [-0.82  1.43  9.66]
-14.928464 [ 6.    -4.75  -8.062] [-0.82  1.37  9.67]
-15.028713 [ 6.    -4.812 -7.562] [-0.82  1.28  9.68]
-15.129213 [ 6.063 -4.75  -6.812] [-0.82  1.16  9.7 ]
-15.230377 [ 1.937 -4.375 -6.375] [-0.75  1.08  9.71]
-15.331023 [ 6.125 -3.5   -6.   ] [-0.62  1.03  9.73]
-15.432097 [ 6.188 -2.687 -5.875] [-0.47  1.    9.74]
-15.532705 [ 6.188 -2.25  -5.812] [-0.38  0.99  9.74]
-15.633423 [ 6.188 -1.812 -5.812] [-0.31  0.99  9.75]
-15.733736 [ 6.25 -1.25 -5.75] [-0.21  0.98  9.75]
-15.834127 [ 6.25  -0.687 -5.75 ] [-0.12  0.98  9.75]
-15.937399 [ 6.313 -0.375 -5.687] [-0.06  0.98  9.75]
-16.039927 [ 6.313  0.    -5.875] [ 1.28  1.    9.75]
-16.141973 [ 6.313  0.25  -6.25 ] [ 0.04  1.06  9.74]
-16.243345 [ 6.25   0.438 -6.625] [ 1.35  1.13  9.74]
-16.344304 [ 6.313  0.688 -7.062] [ 1.4   1.21  9.73]
-16.444918 [ 6.313  0.875 -7.5  ] [ 1.43  1.28  9.72]
-16.545671 [ 6.313  1.    -8.   ] [ 1.45  1.37  9.7 ]
-16.646506 [ 1.687  1.125 -8.562] [ 1.47  1.46  9.69]
-16.748124 [ 6.313  1.125 -9.   ] [ 1.47  1.54  9.68]
-16.850284 [ 6.313  1.125 -9.5  ] [ 1.47  1.61  9.66]
-16.952528 [ 6.313  1.125 -9.875] [ 0.19  1.68  9.65]
-17.054071 [ -1.68175000e+03   1.12500000e+00  -1.03750000e+01] [ 1.47  1.76  9.64]
-17.154731 [  6.25    0.875 -10.625] [ 1.43  1.81  9.63]
-17.255455 [  6.188   0.375 -10.875] [ 1.35  1.85  9.62]
-17.356262 [  6.125  -0.125 -11.187] [-0.02  1.9   9.61]
-17.459184 [  6.063  -0.75  -11.375] [-0.13  1.94  9.61]
-17.561782 [  2.     -1.25  -11.562] [-0.21  1.97  9.6 ]
-17.664022 [  5.938  -1.812 -11.625] [-0.3   1.97  9.6 ]
-17.765529 [  5.875  -2.375 -11.625] [-0.4   1.98  9.59]
-17.86635 [  5.875  -2.812 -11.625] [-0.48  1.98  9.59]
-17.967127 [  5.813  -3.25  -11.625] [-0.55  1.97  9.58]
-18.067919 [  5.75   -3.687 -11.625] [-0.63  1.97  9.58]
-18.168745 [  5.75   -4.062 -11.375] [-0.7   1.93  9.58]
-18.269452 [  5.75   -4.437 -10.812] [-0.76  1.84  9.6 ]
-18.370038 [  5.75   -4.75  -10.437] [-0.81  1.77  9.6 ]
-18.470642 [  5.75   -4.875 -10.   ] [-0.83  1.7   9.62]
-18.57136 [ 5.75  -4.875 -9.562] [-0.84  1.62  9.63]
-18.67199 [ 5.688 -4.937 -9.062] [-0.85  1.54  9.64]
-18.772705 [ 5.75  -4.937 -8.625] [-0.85  1.46  9.65]
-18.873454 [ 5.75  -5.    -8.187] [-0.85  1.39  9.66]
-18.97646 [ 5.75  -5.    -7.812] [-0.85  1.33  9.67]
-19.077223 [ 5.688 -4.937 -7.375] [-0.85  1.25  9.68]
-19.178064 [ 5.688 -4.75  -6.875] [-0.81  1.17  9.7 ]
-19.278761 [ 5.75  -4.062 -6.437] [-0.7   1.1   9.71]
-19.379441 [ 5.875 -3.25  -6.187] [-0.56  1.06  9.73]
-19.480042 [ 5.875 -2.75  -6.   ] [-0.47  1.02  9.74]
-19.580877 [ 5.938 -2.437 -5.937] [-0.41  1.01  9.74]
-19.681358 [ 5.938 -1.875 -5.875] [-0.32  1.01  9.74]
-19.78179 [ 6.    -1.312 -5.875] [-0.22  1.01  9.75]
-19.882419 [ 6.    -0.875 -5.875] [-0.15  1.    9.75]
-19.983135 [ 6.    -0.437 -5.875] [-0.07  1.    9.75]
-20.083842 [ 6.063  0.    -5.875] [ 1.28  1.    9.75]
-20.184618 [ 6.063  0.188 -6.062] [ 1.31  1.03  9.75]
-20.285714 [ 6.063  0.438 -6.437] [ 1.35  1.09  9.74]
-20.386614 [ 6.063  0.75  -6.812] [ 1.4   1.16  9.73]
-20.48798 [ 1.937  0.938 -7.25 ] [ 1.44  1.24  9.72]
-20.588526 [ 6.063  0.938 -7.812] [ 1.44  1.33  9.71]
-20.6892 [ 6.063  1.    -8.375] [ 1.45  1.43  9.69]
-20.790053 [ 1.937  1.    -8.812] [ 1.45  1.51  9.68]
-20.89145 [ 6.063  1.    -9.375] [ 1.45  1.6   9.67]
-20.992349 [ 1.937  1.    -9.75 ] [ 1.45  1.66  9.66]
-21.093669 [  6.063   1.    -10.125] [ 0.17  1.73  9.65]
-21.196032 [  6.      0.875 -10.687] [ 1.43  1.81  9.63]
-21.297638 [  5.938   0.313 -11.   ] [ 1.34  1.87  9.62]
-21.398583 [  5.875  -0.312 -11.312] [-0.06  1.93  9.61]
-21.499274 [  5.813  -0.937 -11.562] [-0.16  1.97  9.6 ]
-21.600242 [  5.813  -1.375 -11.625] [-0.23  1.98  9.6 ]
-21.700852 [  5.75   -1.875 -11.75 ] [-0.32  1.99  9.59]
-21.802064 [  5.688  -2.375 -11.75 ] [-0.41  1.99  9.59]
-21.903474 [  2.375  -2.875 -11.687] [-0.49  1.99  9.58]
-22.005764 [  2.437  -3.25  -11.687] [-0.56  1.99  9.58]
-22.107681 [  5.5    -3.75  -11.625] [-0.63  1.97  9.58]
-22.209079 [  5.5    -4.    -11.375] [-0.68  1.93  9.58]
-22.309824 [  5.438  -4.375 -10.937] [-0.75  1.86  9.59]
-22.410294 [  5.375  -4.625 -10.5  ] [-0.79  1.78  9.6 ]
-22.510795 [ 5.438 -4.812 -9.937] [-0.82  1.69  9.62]
-22.611234 [ 5.375 -4.875 -9.5  ] [-0.83  1.61  9.63]
-22.711868 [ 5.375 -4.937 -8.937] [-0.84  1.52  9.65]
-22.812428 [ 5.375 -5.    -8.5  ] [-0.85  1.44  9.66]
-22.913795 [ 5.375 -4.937 -8.187] [-0.85  1.39  9.66]
-23.015753 [ 5.375 -4.937 -7.812] [-0.85  1.32  9.67]
-23.118217 [ 5.438 -5.    -7.125] [-0.85  1.22  9.69]
-23.219658 [ 5.438 -4.937 -6.687] [-0.85  1.14  9.7 ]
-23.320789 [ 5.5   -4.375 -6.375] [-0.75  1.08  9.71]
-23.421372 [ 5.563 -3.625 -6.062] [-0.62  1.03  9.73]
-23.521965 [ 5.625 -2.937 -5.937] [-0.5   1.01  9.74]
-23.622296 [ 5.625 -2.437 -5.875] [-0.42  1.    9.74]
-23.722654 [ 5.688 -2.    -5.812] [-0.34  1.    9.74]
-23.823202 [ 5.688 -1.437 -5.75 ] [-0.24  0.99  9.75]
-23.923813 [ 5.75  -0.937 -5.75 ] [-0.16  0.99  9.75]
-24.024352 [ 5.75 -0.5  -5.75] [-0.09  0.99  9.75]
-24.12511 [ 5.75  0.   -5.75] [ 1.28  0.99  9.75]
-24.225541 [ 5.75   0.188 -5.937] [ 1.31  1.01  9.75]
-24.32611 [ 5.75   0.375 -6.375] [ 1.35  1.08  9.74]
-24.42661 [ -1.68225000e+03   7.50000000e-01  -6.81200000e+00] [ 1.41  1.16  9.73]
-24.526927 [ 5.75   1.    -7.187] [ 1.45  1.23  9.72]
-24.627467 [ 5.75   1.125 -7.75 ] [ 1.47  1.33  9.71]
-24.727933 [ 5.75   1.188 -8.375] [ 1.48  1.43  9.69]
-24.828508 [ 5.75   1.188 -8.812] [ 1.48  1.51  9.68]
-24.929106 [ 5.75   1.188 -9.375] [ 1.48  1.6   9.67]
-25.029592 [ 5.75   1.188 -9.812] [ 1.48  1.67  9.66]
-25.130401 [  5.75    1.063 -10.062] [ 1.46  1.71  9.65]
-25.231187 [  5.688   0.75  -10.437] [ 1.41  1.78  9.64]
-25.331816 [  5.625   0.25  -10.812] [ 1.33  1.84  9.63]
-25.432473 [  5.563  -0.437 -11.187] [-0.07  1.89  9.62]
-25.53298 [  5.438  -1.062 -11.5  ] [-0.18  1.96  9.6 ]
-25.633592 [  5.438  -1.437 -11.75 ] [-0.25  1.99  9.59]
-25.734004 [  5.375  -2.    -11.812] [-0.34  2.    9.59]
-25.834664 [  5.313  -2.5   -11.812] [-0.43  2.01  9.58]
-25.935283 [ 5.25  -2.937 -3.812] [-0.5   2.01  9.58]
-26.035853 [  5.25   -3.312 -11.812] [-0.57  2.01  9.58]
-26.136404 [  5.188  -3.75  -11.812] [-0.64  2.01  9.57]
-26.237569 [  5.125  -4.125 -11.687] [-0.7   1.99  9.57]
-26.338126 [  5.063  -4.437 -11.187] [-0.76  1.89  9.59]
-26.438702 [  5.063  -4.625 -10.687] [-0.79  1.81  9.6 ]
-26.539303 [  5.125  -4.625 -10.187] [-0.8   1.73  9.61]
-26.639795 [ 5.125 -4.75  -9.687] [-0.81  1.64  9.63]
-26.740451 [ 5.125 -4.75  -9.25 ] [-0.81  1.57  9.64]
-26.841185 [ 5.125 -4.75  -8.687] [-0.81  1.47  9.66]
-26.942142 [ 2.875 -4.75  -8.312] [-0.81  1.41  9.66]
-27.043368 [ 5.188 -4.75  -7.937] [-0.81  1.35  9.67]
-27.144557 [ 5.125 -4.75  -7.437] [-0.81  1.26  9.69]
-27.245457 [ 5.188 -4.75  -6.75 ] [  -0.81 -326.53    9.7 ]
-27.346103 [ 5.25  -4.312 -6.375] [-0.73  1.08  9.71]
-27.446512 [ 5.313 -3.437 -6.062] [-0.59  1.03  9.73]
-27.547082 [ 5.313 -2.75  -5.812] [-0.47  0.99  9.74]
-27.648198 [ 5.375 -2.312 -5.75 ] [-0.4   0.98  9.74]
-27.749859 [ 5.375 -1.875 -5.75 ] [-0.32  0.98  9.75]
-27.852238 [ 2.625 -1.312 -5.687] [-0.22  0.98  9.75]
-27.954412 [ 5.438 -0.75  -5.687] [-0.13  0.98  9.75]
-28.055477 [ 5.438 -0.375 -5.687] [-0.06  0.98  9.75]
-28.156254 [ 5.5    0.    -5.812] [ 1.28  1.    9.75]
-28.256761 [ 5.438  0.25  -6.125] [ 1.32  1.05  9.74]
-28.357178 [ 5.438  0.5   -6.562] [ 1.36  1.12  9.74]
-28.457811 [ 5.438  0.688 -7.   ] [ 1.4   1.2   9.73]
-28.558231 [ 5.438  0.938 -7.5  ] [ 1.44  1.28  9.72]
-28.659141 [ 5.438  1.    -8.062] [ 1.45  1.38  9.7 ]
-28.760196 [ 2.562  1.125 -8.625] [ 1.47  1.47  9.69]
-28.862441 [ 5.438  1.125 -9.062] [ 1.47  1.55  9.68]
-28.964703 [ 5.438  1.125 -9.562] [ 1.47  1.62  9.66]
-29.066159 [ 5.438  1.125 -9.937] [ 1.47  1.68  9.65]
-29.167067 [  5.438   1.125 -10.375] [ 1.47  1.76  9.64]
-29.26797 [  5.438   0.938 -10.687] [ 1.44  1.82  9.63]
-29.36838 [  5.375   0.5   -10.937] [ 1.36  1.86  9.62]
-29.468926 [  5.313  -0.125 -11.25 ] [-0.02  1.91  9.61]
-29.569812 [  5.25   -0.812 -11.437] [-0.14  1.95  9.6 ]
-29.670408 [  5.188  -1.25  -11.625] [-0.21  1.97  9.6 ]
-29.772653 [  5.125  -1.75  -11.687] [-0.3   1.98  9.59]
-29.874981 [  5.125  -2.312 -11.687] [-0.39  1.99  9.59]
-29.97696 [  5.063  -2.812 -11.687] [-0.47  1.98  9.59]
-30.078123 [  5.063  -3.187 -11.687] [-0.54  1.98  9.58]
-30.178787 [  5.     -3.625 -11.687] [-0.62  1.98  9.58]
-30.279208 [  4.938  -4.    -11.5  ] [-0.69  1.95  9.58]
-30.379672 [  4.875  -4.312 -11.   ] [-0.74  1.87  9.59]
-30.480286 [  4.813  -4.687 -10.625] [-0.81  1.8   9.6 ]
-30.580768 [  4.875  -4.812 -10.187] [-0.82  1.73  9.61]
-30.682449 [ 4.875 -4.875 -9.687] [-0.83  1.64  9.63]
-30.78293 [ 4.875 -4.875 -9.187] [-0.83  1.56  9.64]
-30.883613 [  4.875 -12.875  -8.687] [-0.83  1.48  9.65]
-30.984364 [ 4.875 -4.875 -8.25 ] [-0.83  1.4   9.66]
-31.085767 [ 4.875 -4.875 -7.937] [-0.84  1.34  9.67]
-31.186304 [ 4.875 -4.875 -7.437] [-0.84  1.27  9.68]
-31.286862 [ 4.875 -4.687 -6.937] [-0.8   1.18  9.7 ]
-31.387425 [ 5.    -4.062 -6.5  ] [-0.7   1.1   9.71]
-31.487974 [ 5.063 -3.25  -6.187] [-0.56  1.06  9.73]
-31.588549 [ 5.063 -2.625 -6.   ] [-0.45  1.03  9.74]
-31.689072 [ 5.063 -2.5   -5.937] [-0.44  1.01  9.74]
-31.789688 [ 5.125 -1.875 -5.875] [-0.33  1.    9.74]
-31.890099 [ 5.125 -1.312 -5.812] [-0.22  0.99  9.75]
-31.990587 [ 5.125 -0.875 -5.812] [-0.15  0.99  9.75]
-32.090971 [ 5.188 -0.437 -5.812] [-0.07  0.99  9.75]
-32.191486 [ 5.188  0.    -5.812] [ 1.28  0.99  9.75]
-32.291948 [ 5.188  0.188 -6.   ] [ 1.32  1.03  9.75]
-32.393176 [ 5.188  0.438 -6.375] [ 1.35  1.09  9.74]
-32.496499 [ 5.188  0.688 -6.75 ] [ 1.4   1.16  9.73]
-32.59746 [ 5.188  0.875 -7.125] [ 1.43  1.21  9.72]
-32.698338 [ 2.812  1.    -7.625] [ 1.45  1.3   9.71]
-32.799479 [ 5.188  1.    -8.312] [ 1.45  1.41  9.7 ]
-32.900504 [ 5.188  1.    -8.812] [ 0.17  1.49  9.69]
-33.001488 [ 5.188  1.    -9.312] [ 1.45  1.59  9.67]
-33.102233 [ 5.188  1.    -9.687] [ 1.45  1.65  9.66]
-33.202825 [  5.188   1.    -10.187] [ 1.46  1.73  9.64]
-33.303636 [  5.188   0.813 -10.75 ] [ 1.42  1.83  9.63]
-33.405189 [  5.125   0.25  -11.062] [ 0.05  1.89  9.62]
-33.507447 [  5.063  -0.375 -11.5  ] [-0.07  1.95  9.6 ]
-33.609734 [  5.     -1.062 -11.812] [-0.17  2.    9.59]
-33.711297 [  4.938  -1.5   -11.875] [-0.25  2.01  9.59]
-33.812254 [  4.875  -2.    -11.875] [-0.34  2.02  9.58]
-33.913074 [  3.187  -2.437 -11.937] [-0.42  2.02  9.58]
-34.017395 [  4.75   -2.937 -11.937] [-0.5   2.02  9.58]
-34.119847 [  4.688  -3.375 -11.875] [-0.57  2.02  9.57]
-34.221501 [  4.625  -3.75  -11.875] [-0.64  2.01  9.57]
-34.322715 [  4.563  -4.125 -11.562] [-0.7   1.96  9.58]
-34.423478 [  4.563  -4.437 -10.937] [-0.75  1.86  9.59]
-34.524217 [  4.563  -4.687 -10.5  ] [-0.8   1.78  9.6 ]
-34.625508 [ 4.563 -5.187 -9.937] [-0.89  1.68  9.61]
-34.727457 [ 4.563 -5.187 -9.562] [-0.89  1.62  9.63]
-34.829857 [ 3.375 -5.187 -9.   ] [-0.89  1.53  9.64]
-34.93187 [ 4.625 -5.187 -8.5  ] [-0.88  1.45  9.65]
-35.033213 [ 4.625 -5.187 -8.187] [-0.88  1.39  9.66]
-35.134169 [ 4.625 -5.187 -7.812] [-0.89  1.33  9.67]
-35.234788 [ 4.625 -5.187 -7.187] [-0.89  1.22  9.68]
-35.335461 [ 4.625 -5.125 -6.812] [-0.87  1.15  9.69]
-35.43876 [ 4.688 -4.5   -6.5  ] [-0.77  1.11  9.71]
-35.539729 [ 4.75  -3.75  -6.312] [-0.64  1.07  9.72]
-35.640505 [ 4.75  -3.125 -6.125] [-0.53  1.05  9.73]
-35.741022 [ 4.813 -2.625 -6.062] [-0.45  1.04  9.74]
-35.842001 [ 4.813 -2.25  -6.062] [-0.38  1.03  9.74]
-35.9428 [ 4.875 -1.5   -6.   ] [-0.27  1.03  9.74]
-36.043614 [ 4.875 -1.062 -6.   ] [-0.19  1.03  9.75]
-36.144421 [ 4.938 -0.625 -6.   ] [-0.11  1.02  9.75]
-36.244968 [ 4.938 -0.187 -6.   ] [-0.03  1.02  9.75]
-36.345494 [ 4.938  0.125 -6.062] [ 1.3   1.03  9.75]
