-0.074225 [ 7.938 -1.75  -8.75 ] [-0.3   1.49  9.68]
-0.175399 [ 8.188  0.5   -8.5  ] [ 1.36  1.45  9.69]
-0.276178 [ 8.313  1.375 -8.187] [ 0.23  1.39  9.7 ]
-0.377721 [ 8.313  1.375 -8.187] [ 1.51  1.39  9.7 ]
-0.478776 [ 8.25   1.375 -8.562] [ 1.51  1.46  9.69]
-0.579446 [ 8.25   1.313 -8.937] [ 1.51  1.52  9.68]
-0.679943 [ 8.313  1.188 -9.437] [ 1.49  1.61  9.67]
-0.780537 [ 8.25   1.063 -9.875] [ 1.46  1.68  9.65]
-0.881152 [  8.188   0.813 -10.125] [ 1.42  1.72  9.65]
-0.982314 [  8.188   0.438 -10.562] [ 1.36  1.79  9.64]
-1.083124 [  8.125   0.    -10.875] [ 1.28  1.85  9.62]
-1.183935 [  7.938  -1.125 -11.187] [-0.2   1.9   9.61]
-1.285021 [  7.938  -1.562 -11.375] [-0.27  1.93  9.6 ]
-1.385901 [  7.875  -1.875 -11.562] [-0.32  1.96  9.6 ]
-1.486822 [  7.813  -2.437 -11.625] [-0.42  1.97  9.59]
-1.588634 [  7.75   -2.937 -11.625] [-0.5   1.98  9.59]
-1.690622 [  7.688  -3.437 -11.625] [-0.59  1.98  9.58]
-1.791932 [  7.625  -3.812 -11.625] [-0.65  1.98  9.58]
-1.892759 [  7.563  -4.187 -11.625] [-0.72  1.98  9.57]
-1.993909 [  7.563  -4.562 -11.562] [-0.78  1.96  9.57]
-2.095426 [  7.5    -4.875 -11.187] [-0.84  1.9   9.58]
-2.197881 [  0.5    -5.    -10.562] [-0.86  1.79  9.6 ]
-2.299879 [ 7.5   -5.062 -9.937] [-0.86  1.7   9.61]
-2.401235 [ 7.5   -5.125 -9.5  ] [-0.88  1.62  9.63]
-2.502325 [ 7.5   -5.125 -9.   ] [-0.88  1.53  9.64]
-2.6029 [ 7.5   -5.187 -8.437] [-0.89  1.43  9.66]
-2.703423 [ 7.5   -5.187 -8.   ] [-0.88  1.36  9.67]
-2.804044 [ 7.5   -5.187 -7.625] [-0.88  1.3   9.67]
-2.904574 [ 7.5   -5.187 -7.062] [-0.88  1.21  9.69]
-3.005288 [ 7.563 -5.187 -6.5  ] [-0.89  1.11  9.7 ]
-3.106813 [ 0.437 -4.812 -6.062] [-0.83  1.04  9.71]
-3.208987 [ 7.563 -4.062 -5.75 ] [-0.69  0.98  9.73]
-3.311243 [ 7.625 -3.25  -5.625] [-0.56  0.96  9.74]
-3.412851 [ 7.625 -2.812 -5.625] [-0.49  0.96  9.74]
-3.513628 [ 7.688 -2.375 -5.562] [-0.4   0.95  9.75]
-3.61437 [ 7.688 -1.687 -5.5  ] [-0.29  0.94  9.75]
-3.715021 [ 7.75  -1.125 -5.5  ] [-0.19  0.94  9.75]
-3.81563 [ 7.75 -0.75 -5.5 ] [-0.13  0.94  9.75]
-3.916696 [ 7.75  -0.375 -5.625] [-0.07  0.96  9.75]
-4.017545 [ 7.75  -0.125 -5.875] [-0.02  1.01  9.75]
-4.118887 [ 7.75   0.063 -6.125] [ 1.3   1.05  9.75]
-4.221204 [ 0.187  0.313 -6.625] [ 1.33  1.13  9.74]
-4.323416 [ 7.813  0.563 -7.125] [ 1.37  1.21  9.73]
-4.424932 [ 7.813  0.625 -7.75 ] [ 1.39  1.32  9.71]
-4.525971 [ 7.813  0.75  -8.375] [ 1.4   1.43  9.7 ]
-4.626703 [ 7.813  0.75  -8.812] [ 1.41  1.5   9.68]
-4.72723 [ 7.813  0.75  -9.312] [ 1.41  1.59  9.67]
-4.827726 [ 7.813  0.813 -9.687] [ 1.42  1.65  9.66]
-4.928301 [  7.813   0.813 -10.125] [ 1.42  1.73  9.65]
-5.028794 [  7.75    0.688 -10.562] [ 1.39  1.8   9.63]
-5.129374 [  7.75    0.125 -10.875] [ 1.31  1.85  9.62]
-5.22999 [  7.688  -0.437 -11.187] [-0.08  1.9   9.61]
-5.330526 [  7.625  -1.187 -11.375] [-0.2   1.94  9.6 ]
-5.431147 [  7.625  -1.625 -11.437] [-0.28  1.95  9.6 ]
-5.531687 [  7.563  -2.125 -11.5  ] [-0.36  1.95  9.6 ]
-5.632313 [  7.5    -2.625 -11.5  ] [-0.45  1.95  9.59]
-5.732916 [  7.375  -3.125 -11.5  ] [-0.53  1.95  9.59]
-5.83345 [  7.375  -3.5   -11.5  ] [-0.6   1.95  9.58]
-5.934207 [  7.313  -3.937 -11.5  ] [-0.68  1.95  9.58]
-6.035017 [  7.313  -4.312 -11.437] [-0.74  1.94  9.58]
-6.135976 [  7.25   -4.75  -10.937] [-0.81  1.86  9.59]
-6.236689 [  7.25   -5.062 -10.312] [-0.86  1.76  9.6 ]
-6.337414 [ 7.25  -5.125 -9.875] [-0.88  1.69  9.61]
-6.438193 [ 7.25  -5.187 -9.375] [-0.88  1.6   9.63]
-6.5386 [ 7.25  -5.187 -8.875] [-0.89  1.51  9.64]
-6.639236 [ 7.25  -5.25  -8.375] [-0.89  1.42  9.66]
-6.73984 [ 7.25  -5.25  -7.875] [-0.89  1.34  9.67]
-6.84027 [ 7.188 -5.25  -7.5  ] [-0.89  1.27  9.68]
-6.94082 [ 7.188 -5.25  -7.062] [-0.89  1.2   9.69]
-7.041353 [ 7.25 -5.   -6.5 ] [-0.85  1.11  9.7 ]
-7.142096 [ 7.313 -4.437 -6.062] [-0.76  1.03  9.72]
-7.242845 [ 7.313 -3.625 -5.875] [-0.62  1.    9.73]
-7.343357 [ 7.375 -3.062 -5.625] [-0.53  0.96  9.74]
-7.44402 [ 7.375 -2.75  -5.562] [-0.47  0.95  9.74]
-7.544854 [ 7.375 -2.187 -5.5  ] [-0.38  0.94  9.75]
-7.645694 [ 7.438 -1.625 -5.5  ] [-0.28  0.94  9.75]
-7.746184 [ 7.438 -1.187 -5.5  ] [-0.2   0.94  9.75]
-7.846987 [ 7.438 -0.75  -5.5  ] [-0.13  0.94  9.76]
-7.947601 [ 7.5   -0.312 -5.5  ] [-0.05  0.94  9.76]
-8.048332 [ 0.562 -0.062 -5.687] [-0.02  0.98  9.75]
-8.149496 [ 7.438  0.063 -6.062] [ 1.29  1.03  9.75]
-8.250239 [ 7.438  0.375 -6.5  ] [ 0.06  1.1   9.74]
-8.351197 [ 7.438  0.563 -6.875] [ 1.37  1.18  9.73]
-8.451762 [ 7.438  0.563 -7.5  ] [ 1.38  1.28  9.72]
-8.552346 [ 7.438  0.625 -8.062] [ 1.39  1.38  9.7 ]
-8.652895 [ 7.438  0.688 -8.562] [ 1.39  1.46  9.69]
-8.753852 [ 7.438  0.688 -9.062] [ 1.4   1.55  9.68]
-8.854446 [ 7.438  0.688 -9.437] [ 1.4   1.61  9.67]
-8.955091 [ 7.438  0.688 -9.875] [ 1.4   1.68  9.65]
-9.056554 [  7.438   0.625 -10.375] [ 1.39  1.76  9.64]
-9.158848 [  7.438   0.125 -10.687] [ 1.3   1.82  9.63]
-9.260622 [  7.375  -0.625 -11.062] [-0.1   1.87  9.62]
-9.362017 [  7.25   -1.25  -11.312] [-0.21  1.92  9.61]
-9.46298 [  7.25   -1.687 -11.437] [-0.29  1.94  9.6 ]
-9.563635 [  7.188  -2.187 -11.5  ] [-0.37  1.96  9.6 ]
-9.664271 [  7.125  -2.625 -11.5  ] [-0.45  1.96  9.59]
-9.76494 [  7.063  -3.062 -11.5  ] [-0.53  1.96  9.59]
-9.865998 [  7.   -3.5 -11.5] [-0.6   1.95  9.58]
-9.967236 [  1.062  -3.937 -11.5  ] [-0.67  1.95  9.58]
-10.068962 [  6.875  -4.25  -11.187] [-0.73  1.9   9.59]
-10.171536 [  6.875  -4.687 -10.625] [-0.79  1.82  9.6 ]
-10.272916 [  6.875  -4.937 -10.187] [-0.84  1.73  9.61]
-10.374019 [ 6.875 -5.125 -9.625] [-0.87  1.64  9.62]
-10.474936 [ 6.875 -5.125 -9.25 ] [-0.88  1.57  9.63]
-10.575623 [ 6.875 -5.187 -8.687] [-0.89  1.48  9.65]
-10.676102 [ 6.813 -5.25  -8.187] [-0.9   1.39  9.66]
-10.77673 [ 6.813 -5.25  -7.812] [-0.9   1.33  9.67]
-10.877404 [ 6.813 -5.25  -7.437] [-0.9   1.26  9.68]
-10.978916 [ 6.875 -5.312 -6.812] [-0.9   1.16  9.69]
-11.080595 [ 6.813 -5.25  -6.312] [-0.89  1.07  9.7 ]
-11.182808 [ 6.875 -4.625 -6.   ] [-0.81  1.02  9.71]
-11.284463 [ 6.938 -3.875 -5.812] [-0.67  1.    9.73]
-11.385698 [ 6.938 -3.187 -5.687] [-0.55  0.97  9.74]
-11.486298 [ 6.938 -2.75  -5.625] [-0.48  0.96  9.74]
-11.586654 [ 7.    -2.25  -5.562] [-0.39  0.95  9.75]
-11.68702 [ 7.    -1.687 -5.562] [-0.29  0.95  9.75]
-11.787371 [ 7.063 -1.25  -5.562] [-0.21  0.95  9.75]
-11.887805 [ 7.063 -0.812 -5.562] [-0.14  0.95  9.75]
-11.988178 [ 7.063 -0.312 -5.562] [-0.06  0.95  9.75]
-12.08875 [ 7.063  0.    -5.75 ] [ 1.28  0.98  9.75]
-12.189141 [ 7.125  0.188 -6.125] [ 1.31  1.05  9.75]
-12.289282 [ 7.125  0.5   -6.562] [ 1.37  1.12  9.74]
-12.389724 [ 7.125  0.75  -7.062] [ 1.41  1.2   9.73]
-12.490074 [ 7.125  0.75  -7.562] [ 1.41  1.29  9.71]
-12.590458 [ 7.125  0.813 -8.187] [ 1.42  1.39  9.7 ]
-12.691001 [ 7.125  0.813 -8.625] [ 1.42  1.47  9.69]
-12.791411 [ 7.125  0.813 -9.125] [ 1.42  1.55  9.68]
-12.891988 [ 7.125  0.813 -9.562] [ 1.42  1.63  9.66]
-12.992355 [ 7.125  0.813 -9.937] [ 1.42  1.7   9.65]
-13.092801 [  7.063   0.5   -10.437] [ 1.37  1.77  9.64]
-13.193332 [  7.063   0.063 -10.687] [ 1.29  1.82  9.63]
-13.293865 [  6.938  -0.625 -11.062] [-0.11  1.88  9.62]
-13.394365 [  6.875  -1.312 -11.437] [-0.23  1.95  9.6 ]
-13.494769 [  6.813  -1.687 -11.625] [-0.29  1.97  9.6 ]
-13.595408 [  6.75   -2.25  -11.687] [-0.39  1.98  9.59]
-13.695975 [  6.75   -2.75  -11.687] [-0.47  1.99  9.58]
-13.796301 [  6.625  -3.25  -11.75 ] [-0.55  1.99  9.58]
-13.897065 [  6.625  -3.625 -11.687] [-0.62  1.99  9.58]
-13.997549 [  1.437  -4.062 -11.687] [-0.69  1.98  9.57]
-14.098214 [  6.5    -4.437 -11.437] [-0.75  1.95  9.57]
-14.198749 [  6.5    -4.812 -10.937] [-0.81  1.87  9.59]
-14.299386 [  6.5    -4.937 -10.437] [-0.85  1.77  9.6 ]
-14.399945 [ 6.438 -5.062 -9.937] [-0.86  1.69  9.61]
-14.500658 [ 6.438 -5.125 -9.437] [-0.87  1.61  9.63]
-14.601128 [ 6.438 -5.125 -8.937] [-0.88  1.52  9.64]
-14.701622 [ 6.438 -5.125 -8.375] [-0.88  1.42  9.66]
-14.802079 [ 6.438 -5.125 -8.   ] [-0.88  1.36  9.67]
-14.902598 [ 6.375 -5.125 -7.625] [-0.88  1.3   9.67]
-15.003147 [ 6.375 -5.187 -7.125] [-0.88  1.21  9.69]
-15.103847 [    6.5    2042.813    -6.437] [-0.88  1.09  9.7 ]
-15.204281 [ 6.5   -4.812 -6.   ] [-0.82  1.02  9.71]
-15.304853 [ 6.563 -4.062 -5.75 ] [-0.69  0.98  9.73]
-15.405386 [ 6.625 -3.25  -5.5  ] [-0.56  0.94  9.74]
-15.50593 [ 6.625 -2.812 -5.437] [-0.48  0.93  9.74]
-15.606504 [ 6.688 -2.312 -5.437] [-0.4   0.93  9.75]
-15.706749 [ 6.688 -1.75  -5.375] [-0.3   0.92  9.75]
-15.807084 [ 6.688 -1.25  -5.375] [-0.21  0.92  9.76]
-15.907408 [ 6.75  -0.812 -5.375] [-0.14  0.92  9.76]
-16.007678 [ 6.75  -0.437 -5.562] [-0.08  0.95  9.75]
-16.108094 [ 6.75  -0.187 -5.812] [-0.03  1.    9.75]
-16.2084 [ 6.75   0.    -6.187] [ 1.28  1.05  9.74]
-16.308605 [ 6.75   0.188 -6.687] [ 1.32  1.15  9.73]
-16.408822 [ 6.813  0.5   -7.062] [ 1.36  1.2   9.73]
-16.509987 [ 6.813  0.625 -7.625] [ 1.38  1.3   9.71]
-16.610551 [ 6.813  0.688 -8.25 ] [ 1.4   1.41  9.7 ]
-16.711696 [ 6.813  0.75  -8.687] [ 1.4   1.49  9.69]
-16.812338 [ 6.813  0.75  -9.25 ] [ 1.41  1.57  9.67]
-16.913111 [ 6.813  0.75  -9.625] [ 1.41  1.64  9.66]
-17.013905 [  6.813   0.75  -10.187] [ 1.41  1.72  9.65]
-17.114552 [  6.813   0.563 -10.562] [ 1.38  1.8   9.63]
-17.215223 [  6.75    0.125 -10.937] [ 1.3   1.86  9.62]
-17.315662 [  6.688  -0.5   -11.25 ] [-0.09  1.91  9.61]
-17.416117 [  6.563  -1.187 -11.5  ] [-0.2   1.96  9.6 ]
-17.516742 [  6.563  -1.625 -11.562] [-0.28  1.97  9.6 ]
-17.617495 [  6.5    -2.125 -11.625] [-0.36  1.97  9.59]
-17.718517 [  6.438  -2.625 -11.625] [-0.44  1.97  9.59]
-17.819972 [  6.375  -3.125 -11.625] [-0.53  1.97  9.59]
-17.92227 [  1.687  -3.5   -11.625] [-0.6   1.97  9.58]
-18.024399 [  6.25   -3.937 -11.562] [-0.67  1.96  9.58]
-18.125826 [  6.25   -4.375 -11.437] [-0.75  1.94  9.58]
-18.22649 [  6.188  -4.75  -11.062] [-0.81  1.87  9.59]
-18.326994 [  6.188  -5.    -10.375] [-0.85  1.76  9.6 ]
-18.4273 [ 6.188 -5.062 -9.875] [-0.87  1.68  9.62]
-18.527711 [ 6.125 -5.125 -9.375] [-0.87  1.59  9.63]
-18.628235 [ 6.188 -5.125 -8.875] [-0.88  1.5   9.64]
-18.72856 [ 6.188 -5.187 -8.312] [-0.88  1.42  9.66]
-18.828837 [ 6.188 -5.187 -7.875] [-0.89  1.34  9.67]
-18.929683 [ 6.188 -5.187 -7.5  ] [-0.89  1.28  9.68]
-19.030756 [ 6.188 -5.187 -7.062] [-0.89  1.2   9.69]
-19.132145 [ 6.188 -5.    -6.562] [-0.85  1.11  9.7 ]
-19.234429 [    6.25   2043.625    -6.125] [-0.75  1.05  9.72]
-19.336153 [ 6.313 -3.562 -5.875] [-0.62  1.01  9.73]
-19.437294 [    6.313    -3.     2042.375] [-0.52  0.97  9.74]
-19.53818 [ 6.375 -2.687 -5.562] [-0.46  0.95  9.74]
-19.638946 [ 6.375 -2.187 -5.5  ] [-0.37  0.94  9.75]
-19.739424 [ 6.375 -1.562 -5.5  ] [-0.26  0.94  9.75]
-19.83986 [ 6.438 -1.125 -5.5  ] [-0.2   0.94  9.75]
-19.9403 [ 6.438 -0.75  -5.5  ] [-0.13  0.94  9.76]
-20.040785 [ 6.438 -0.25  -5.5  ] [-0.05  0.94  9.76]
-20.141705 [ 6.5   -0.125 -5.687] [-0.02  0.97  9.75]
-20.242839 [ 6.5    0.063 -6.   ] [ 1.29  1.03  9.75]
-20.344907 [ 6.5    0.438 -6.437] [ 1.35  1.1   9.74]
-20.447118 [ 6.5    0.563 -6.937] [ 1.38  1.17  9.73]
-20.548904 [ 6.5    0.688 -7.437] [ 1.39  1.26  9.72]
-20.650083 [ 6.5    0.688 -8.062] [ 1.4   1.37  9.7 ]
-20.750738 [ 6.5    0.75  -8.375] [ 1.41  1.43  9.7 ]
-20.851155 [ 6.5    0.75  -8.875] [ 1.41  1.52  9.68]
-20.951685 [ 6.5    0.75  -9.375] [ 1.41  1.6   9.67]
-21.052513 [ -1.68150000e+03   7.50000000e-01  -9.81200000e+00] [ 1.41  1.68  9.66]
-21.152794 [  6.5     0.688 -10.375] [ 1.4   1.77  9.64]
-21.253322 [  6.5     0.125 -10.687] [ 1.3   1.82  9.63]
-21.353803 [  6.375  -0.562 -11.062] [-0.09  1.88  9.62]
-21.45437 [  6.313  -1.125 -11.25 ] [-0.2   1.91  9.61]
-21.554827 [  6.25   -1.625 -11.5  ] [-0.28  1.95  9.6 ]
-21.655402 [  6.188  -2.187 -11.625] [-0.37  1.97  9.59]
-21.755826 [  6.188  -2.687 -11.625] [-0.46  1.98  9.59]
-21.85618 [  6.125  -3.062 -11.625] [-0.53  1.98  9.58]
-21.956569 [  6.063  -3.562 -11.625] [-0.61  1.98  9.58]
-22.056893 [  6.     -3.937 -11.625] [ 327.      1.97    9.58]
-22.157392 [  6.     -4.312 -11.375] [-0.74  1.93  9.58]
-22.257687 [  5.938  -4.625 -10.937] [-0.79  1.85  9.59]
-22.357828 [  5.938  -4.937 -10.375] [-0.85  1.76  9.6 ]
-22.458364 [ 5.938 -5.062 -9.75 ] [-0.87  1.66  9.62]
-22.558828 [ 5.875 -5.187 -9.312] [-0.88  1.58  9.63]
-22.659448 [ 5.875 -5.187 -8.875] [-0.89  1.5   9.64]
-22.948234 [ 5.875 -5.25  -8.062] [-0.9   1.37  9.66]
-23.050626 [ 2.125 -5.25  -7.937] [-0.9   1.35  9.67]
-23.152856 [ 5.875 -5.25  -7.437] [-0.9   1.27  9.68]
-23.254006 [ 5.875 -5.25  -6.812] [-0.9   1.15  9.69]
-23.354856 [ 5.938 -5.25  -6.25 ] [-0.89  1.07  9.7 ]
-23.455431 [ 5.938 -4.625 -6.   ] [-0.8   1.02  9.72]
-23.555892 [ 6.063 -3.812 -5.687] [-0.65  0.97  9.73]
-23.656425 [    6.063    -3.187  2042.5  ] [-0.54  0.94  9.74]
-23.756734 [ 6.063 -2.75  -5.437] [-0.47  0.93  9.75]
-23.857062 [ 6.125 -2.25  -5.437] [-0.39  0.92  9.75]
-23.957447 [ 6.125 -1.625 -5.375] [-0.28  0.92  9.75]
-24.058141 [ 6.188 -1.187 -5.375] [-0.2   0.92  9.76]
-24.158782 [ 6.188 -0.75  -5.375] [-0.13  0.92  9.76]
-24.258944 [ 6.188 -0.25  -5.375] [-0.04  0.92  9.76]
-24.359458 [ 6.25   0.    -5.562] [ 1.28  0.95  9.75]
-24.459825 [ 6.25  0.25 -6.  ] [ 1.32  1.02  9.75]
-24.560366 [ 6.25   0.563 -6.437] [ 1.38  1.1   9.74]
-24.660875 [ 6.25   0.75  -6.937] [ 1.41  1.19  9.73]
-24.761287 [ 6.25   0.875 -7.562] [ 1.43  1.29  9.71]
-24.861689 [ 6.25   0.875 -8.125] [ 1.43  1.39  9.7 ]
-24.962135 [ 6.25   0.875 -8.562] [ 1.43  1.46  9.69]
-25.062821 [ 6.25   0.875 -9.062] [ 1.44  1.54  9.68]
-25.163356 [ 6.25   0.938 -9.5  ] [ 1.44  1.62  9.67]
-25.263898 [ 6.25   0.875 -9.875] [ 1.43  1.68  9.66]
-25.364466 [  6.25    0.5   -10.437] [ 1.37  1.78  9.64]
-25.465157 [  6.25    0.    -10.687] [ 1.28  1.82  9.63]
-25.566201 [  6.125  -0.687 -11.062] [-0.11  1.88  9.62]
-25.666771 [  1.937  -1.375 -11.375] [-0.22  1.93  9.61]
-25.767358 [  6.063  -1.75  -11.562] [-0.29  1.96  9.6 ]
-25.867824 [  6.     -2.312 -11.625] [-0.4   1.98  9.59]
-25.96837 [  5.875  -2.75  -11.687] [-0.48  1.98  9.59]
-26.068598 [  5.813  -3.25  -11.687] [-0.56  1.98  9.58]
-26.169107 [  5.75   -3.687 -11.687] [-0.63  1.98  9.58]
-26.269504 [  5.75   -4.062 -11.625] [-0.69  1.97  9.57]
-26.369978 [  5.688  -4.375 -11.5  ] [-0.75  1.95  9.58]
-26.470388 [  5.625  -4.75  -11.062] [-0.81  1.88  9.58]
-26.570901 [  5.625  -4.875 -10.5  ] [-0.84  1.78  9.6 ]
-26.671378 [ 5.688 -5.    -9.937] [-0.85  1.69  9.62]
-26.771687 [ 5.625 -5.062 -9.375] [-0.86  1.59  9.63]
-26.872169 [ 5.625 -5.062 -8.937] [-0.86  1.52  9.64]
-26.972669 [ 5.625 -5.062 -8.375] [-0.87  1.42  9.66]
-27.073344 [ 5.625 -5.062 -7.937] [-0.87  1.35  9.67]
-27.174014 [ 5.625 -5.062 -7.75 ] [-0.87  1.32  9.67]
-27.27438 [ 5.688 -5.062 -7.125] [-0.87  1.21  9.69]
-27.374926 [ 5.688 -5.125 -6.437] [-0.87  1.09  9.7 ]
-27.475502 [ 5.75  -4.75  -5.937] [-0.81  1.01  9.72]
-27.575964 [ 5.75  -4.    -5.562] [-0.68  0.95  9.73]
-27.67647 [ 5.813 -3.25  -5.375] [-0.55  0.91  9.74]
-27.77667 [ 5.813 -2.75  -5.312] [-0.48  0.91  9.75]
-27.87706 [ 5.875 -2.312 -5.312] [-0.4   0.91  9.75]
-27.977365 [ 5.875 -1.75  -5.312] [-0.3   0.9   9.75]
-28.077833 [ 5.938 -1.187 -5.25 ] [-0.2   0.9   9.76]
-28.178276 [ 5.938 -0.812 -5.25 ] [-0.14  0.9   9.76]
-28.278917 [ 5.938 -0.437 -5.312] [-0.08  0.91  9.76]
-28.379886 [ 6.    -0.125 -5.625] [-0.02  0.96  9.75]
-28.480624 [ 6.     0.063 -5.875] [ 1.28  1.    9.75]
-28.581627 [ 6.     0.25  -6.562] [ 0.04  1.11  9.74]
-28.682749 [ 6.     0.438 -7.062] [ 1.36  1.2   9.73]
-28.783296 [ 6.     0.563 -7.562] [ 1.38  1.29  9.71]
-28.883702 [ 6.     0.625 -8.125] [ 1.38  1.38  9.7 ]
-28.984178 [ 6.     0.625 -8.625] [ 1.39  1.48  9.69]
-29.08476 [ 6.     0.625 -9.125] [ 1.39  1.56  9.68]
-29.185325 [ 6.     0.625 -9.5  ] [ 1.39  1.62  9.66]
-29.286085 [  6.      0.625 -10.   ] [ 1.39  1.7   9.65]
-29.386573 [  6.      0.5   -10.437] [ 1.37  1.77  9.64]
-29.486884 [  5.938   0.    -10.687] [ 1.28  1.82  9.63]
-29.5874 [  2.125  -0.562 -11.062] [-0.1   1.88  9.62]
-29.689341 [  5.875  -1.187 -11.25 ] [-0.21  1.91  9.61]
-29.791582 [  5.813  -1.687 -11.312] [-0.28  1.92  9.61]
-29.893309 [  5.75   -2.187 -11.375] [-0.37  1.93  9.6 ]
-29.994469 [  5.688  -2.687 -11.437] [-0.46  1.94  9.6 ]
-30.095361 [  5.625  -3.187 -11.437] [-0.54  1.94  9.59]
-30.195941 [  5.563  -3.562 -11.437] [-0.61  1.94  9.59]
-30.29634 [  5.563  -3.937 -11.312] [-0.68  1.92  9.59]
-30.39688 [  5.5    -4.312 -11.187] [-0.74  1.9   9.59]
-30.497859 [  5.438  -4.687 -10.687] [-0.8   1.82  9.6 ]
-30.599368 [  5.438  -4.937 -10.125] [-0.85  1.72  9.61]
-30.701602 [ 5.438 -5.125 -9.687] [-0.88  1.65  9.62]
-30.803691 [ 5.438 -5.187 -9.187] [-0.89  1.57  9.63]
-30.905089 [ 5.375 -5.187 -8.687] [-0.89  1.48  9.65]
-31.005902 [ 5.375 -5.187 -8.187] [ 326.79    1.39    9.66]
-31.106551 [ 5.375 -5.187 -7.75 ] [-0.89  1.31  9.67]
-31.206908 [ 5.375 -5.187 -7.375] [-0.89  1.26  9.68]
-31.307426 [ 5.375 -5.187 -6.937] [-0.89  1.18  9.69]
-31.407752 [ 5.438 -5.062 -6.375] [-0.86  1.09  9.7 ]
-31.50833 [ 5.438 -4.5   -6.   ] [-0.77  1.02  9.72]
-31.608814 [ 5.5   -3.687 -5.75 ] [-0.63  0.98  9.73]
-31.709535 [ 2.437 -3.062 -5.5  ] [-0.53  0.94  9.74]
-31.811347 [ 5.563 -2.812 -5.437] [-0.48  0.93  9.75]
-31.914034 [ 5.563 -2.25  -5.375] [-0.39  0.92  9.75]
-32.016171 [ 5.625 -1.625 -5.375] [-0.29  0.91  9.75]
-32.117454 [ 5.625 -1.187 -5.375] [-0.2   0.91  9.76]
-32.218267 [ 5.688 -0.75  -5.375] [-0.13  0.91  9.76]
-32.31873 [ 5.688 -0.25  -5.375] [-0.05  0.92  9.76]
-32.419141 [ 5.688 -0.062 -5.562] [-0.01  0.95  9.75]
-32.519633 [ 5.688  0.063 -5.937] [ 1.29  1.01  9.75]
-32.620049 [ 5.688  0.375 -6.375] [ 1.35  1.08  9.74]
-32.720366 [ 5.688  0.563 -6.687] [ 1.38  1.15  9.73]
-32.820997 [ 5.688  0.625 -7.312] [ 1.39  1.25  9.72]
-32.921664 [ 5.688  0.688 -7.937] [ 1.39  1.35  9.71]
-33.022148 [ 5.688  0.688 -8.437] [ 1.39  1.44  9.69]
-33.122826 [ 5.688  0.688 -8.937] [ 1.39  1.53  9.68]
-33.223293 [ 5.688  0.688 -9.312] [ 1.4   1.59  9.67]
-33.323912 [ 5.688  0.688 -9.812] [ 1.4   1.67  9.66]
-33.424484 [  5.688   0.625 -10.25 ] [ 1.38  1.75  9.64]
-33.524848 [  5.688   0.063 -10.625] [ 1.29  1.81  9.63]
-33.625499 [  5.625  -0.625 -11.   ] [-0.11  1.87  9.62]
-33.725928 [  5.563  -1.25  -11.25 ] [-0.21  1.92  9.61]
-33.826429 [  5.5    -1.687 -11.312] [-0.29  1.92  9.61]
-33.926707 [  5.438  -2.187 -11.312] [-0.37  1.92  9.6 ]
-34.027131 [  5.375  -2.687 -11.375] [-0.46  1.93  9.6 ]
-34.12765 [  5.313  -3.125 -11.375] [-0.53  1.93  9.59]
-34.228121 [  5.25   -3.562 -11.375] [-0.61  1.93  9.59]
-34.328753 [  5.188  -3.937 -11.312] [-0.67  1.91  9.59]
-34.42932 [  5.125  -4.312 -11.062] [-0.74  1.88  9.59]
-34.530092 [  5.125  -4.625 -10.5  ] [-0.79  1.79  9.6 ]
-34.630821 [  5.125  -4.875 -10.   ] [-0.83  1.7   9.62]
-34.731425 [ 5.125 -5.062 -9.5  ] [-0.87  1.61  9.63]
-34.832177 [ 5.063 -5.125 -9.062] [-0.88  1.54  9.64]
-34.932877 [ 5.063 -5.187 -8.5  ] [  -0.89    1.45 -318.03]
-35.033383 [ 5.063 -5.187 -8.062] [-0.88  1.37  9.66]
-35.133942 [ 5.125 -5.125 -7.687] [-0.88  1.31  9.67]
-35.234408 [ 5.125 -5.187 -7.25 ] [-0.88  1.24  9.68]
-35.334964 [ 5.125 -5.187 -6.625] [-0.88  1.13  9.7 ]
-35.43555 [ 5.125 -5.125 -6.187] [-0.88  1.06  9.7 ]
-35.535854 [ 5.188 -4.687 -5.937] [-0.8   1.01  9.72]
-35.636414 [ 5.25  -3.875 -5.687] [-0.66  0.97  9.73]
-35.73668 [ 5.25  -3.187 -5.562] [-0.55  0.95  9.74]
-35.837174 [ 5.313 -2.687 -5.437] [-0.46  0.93  9.75]
-35.937617 [ 5.313 -2.25  -5.437] [-0.39  0.93  9.75]
-36.037975 [ 5.375 -1.625 -5.375] [-0.28  0.92  9.75]
-36.138318 [ 5.375 -1.187 -5.375] [-0.2   0.92  9.76]
-36.23876 [ 5.375 -0.75  -5.375] [-0.13  0.92  9.76]
-36.339259 [ 5.438 -0.25  -5.375] [-0.04  2.2   9.76]
-36.439518 [ 5.438  0.    -5.562] [ 1.28  0.95  9.76]
