-0.074441 [ 7.688 -1.125 -9.062] [-0.19  1.54  9.68]
-0.177466 [ 7.938  1.625 -8.687] [ 1.51  1.49  9.68]
-0.279456 [ 8.    1.75 -8.5 ] [-1.13 -0.01 -0.01]
-0.380525 [ 8.     1.688 -8.562] [ 1.56  1.46  9.69]
-0.481464 [ 7.938  1.625 -8.875] [ 1.55  1.51  9.68]
-0.582319 [ 7.938  1.5   -9.187] [ 1.54  1.56  9.67]
-0.683722 [ 7.938  1.438 -9.625] [ 1.52  1.64  9.66]
-0.785752 [  0.062   1.25  -10.   ] [ 0.21  1.71  9.65]
-0.888358 [  7.875   1.    -10.312] [ 1.45  1.75  9.64]
-0.990264 [  7.875   0.563 -10.812] [ 0.11  1.83  9.63]
-1.091546 [  7.813   0.063 -11.125] [ 1.29  1.89  9.62]
-1.192209 [  7.688  -0.5   -11.437] [-0.09  1.94  9.61]
-1.293123 [  7.688  -1.062 -11.687] [-0.18  1.99  9.59]
-1.396174 [  7.625  -1.437 -11.875] [-0.25  2.02  9.59]
-1.496739 [  7.563  -2.    -11.875] [-0.35  2.02  9.58]
-1.597124 [  7.5    -2.5   -11.875] [-0.43  2.02  9.58]
-1.6976 [  7.438  -2.937 -11.875] [-0.51  2.02  9.58]
-1.798266 [  7.375  -3.375 -11.875] [-0.58  2.02  9.57]
-1.899011 [  7.313  -3.812 -11.875] [-0.65  2.01  9.57]
-1.999701 [  7.313  -4.125 -11.75 ] [-0.71  1.99  9.57]
-2.10046 [  7.25   -4.437 -11.25 ] [-0.76  1.91  9.58]
-2.201269 [  7.25   -4.625 -10.625] [-0.79  1.81  9.6 ]
-2.30206 [  7.25   -4.75  -10.187] [-0.81  1.73  9.61]
-2.402687 [ 7.25  -4.812 -9.687] [-0.82  1.64  9.63]
-2.503147 [ 7.25  -4.812 -9.25 ] [-0.82  1.57  9.64]
-2.603473 [ 7.188 -4.812 -8.625] [-0.82  1.46  9.66]
-2.704666 [ 7.188 -4.812 -8.25 ] [-0.82  1.4   9.67]
-2.805325 [ 7.188 -4.812 -7.875] [-0.82  1.34  9.67]
-2.90628 [ 7.188 -4.812 -7.437] [-0.82  1.26  9.68]
-3.006714 [ 7.25  -4.875 -6.75 ] [-0.83  1.14  9.7 ]
-3.107579 [ 7.25  -4.437 -6.25 ] [-0.76  1.07  9.71]
-3.208052 [ 7.313 -3.625 -5.937] [-0.62  1.01  9.73]
-3.309288 [ 7.438 -2.937 -5.562] [-0.5   0.95  9.74]
-3.410297 [ 7.438 -2.437 -5.562] [-0.42  0.95  9.75]
-3.511442 [ 7.438 -1.937 -5.5  ] [-0.34  0.94  9.75]
-3.612882 [ 7.5   -1.375 -5.5  ] [-0.25  0.94  9.75]
-3.713785 [ 7.563 -0.875 -5.5  ] [-0.15  0.94  9.75]
-3.814725 [ 7.563 -0.437 -5.5  ] [-0.08  0.94  9.76]
-3.915267 [ 7.563  0.    -5.687] [ 1.28  0.97  9.75]
-4.016355 [ 7.563  0.188 -6.   ] [ 1.31  1.02  9.75]
-4.117198 [ 0.5    0.313 -6.312] [   1.34    1.08 -317.94]
-4.218659 [ 7.5    0.563 -6.812] [ 1.38  1.17  9.73]
-4.321272 [ 0.437  0.813 -7.187] [ 0.14  1.23  9.72]
-4.423415 [ 7.563  0.938 -7.875] [ 1.44  0.05  9.71]
-4.524806 [ 7.563  1.063 -8.437] [ 1.47  1.44  9.69]
-4.625225 [ 7.563  1.125 -8.937] [ 1.47  1.53  9.68]
-4.725982 [ 7.563  1.188 -9.437] [ 1.48  1.61  9.67]
-4.826852 [ 0.437  1.188 -9.812] [ 1.48  1.67  9.66]
-4.92815 [  7.5     1.188 -10.25 ] [ 1.48  1.75  9.64]
-5.029842 [  7.563   0.938 -10.687] [ 0.16  1.82  9.63]
-5.132558 [  7.5     0.313 -11.   ] [ 1.35  1.87  9.62]
-5.234577 [  7.438  -0.25  -11.25 ] [-0.03  1.91  9.61]
-5.335942 [  7.375  -0.875 -11.5  ] [-0.14  1.96  9.6 ]
-5.436612 [  7.313  -1.25  -11.562] [-0.21  1.96  9.6 ]
-5.537065 [  7.25   -1.75  -11.562] [-0.3   1.97  9.6 ]
-5.637692 [  7.188  -2.312 -11.562] [-0.39  1.97  9.59]
-5.738391 [  7.188  -2.75  -11.562] [-0.47  1.97  9.59]
-5.839713 [  0.875  -3.125 -11.562] [-0.54  1.97  8.31]
-5.941628 [  7.063  -3.562 -11.562] [-0.61  1.96  9.58]
-6.044295 [  7.063  -3.937 -11.25 ] [-0.67  1.91  9.59]
-6.145838 [  7.     -4.312 -10.812] [-0.74  1.83  9.6 ]
-6.246905 [  7.     -4.625 -10.375] [-0.79  1.76  9.61]
-6.347576 [ 7.    -4.75  -9.937] [-0.81  1.69  9.62]
-6.44814 [ 7.    -4.812 -9.5  ] [-0.82  1.61  9.63]
-6.54882 [ 6.938 -4.812 -9.   ] [-0.83  1.53  9.65]
-6.649338 [ 6.938 -4.875 -8.5  ] [-0.84  1.44  9.66]
-6.749961 [ 7.    -4.875 -8.125] [  -0.84    1.38 -318.01]
-6.850481 [ 6.938 -4.875 -7.75 ] [-0.84  1.32  9.68]
-6.951085 [ 6.938 -4.875 -7.25 ] [-0.84  1.23  9.69]
-7.051846 [ 7.   -4.75 -6.75] [-0.81  1.15  9.7 ]
-7.15245 [ 7.    -4.187 -6.312] [-0.71  1.08  9.72]
-7.253118 [ 7.063 -3.375 -6.062] [-0.57  1.03  9.73]
-7.353743 [ 7.125 -2.687 -5.875] [-0.46  1.    9.74]
-7.454607 [ 7.125 -2.375 -5.812] [-0.4   0.99  9.74]
-7.555227 [ 7.188 -1.875 -5.75 ] [-0.32  0.98  9.75]
-7.656102 [ 7.188 -1.25  -5.687] [-0.22  0.98  9.75]
-7.757082 [ 7.25  -0.812 -5.687] [-0.14  0.98  9.75]
-7.858071 [ 7.25  -0.312 -5.687] [-0.07  0.98  9.75]
-7.958822 [ 7.25   0.    -5.687] [ 1.28  0.98  9.75]
-8.059376 [ 7.25   0.25  -5.875] [ 1.32  1.01  9.75]
-8.159859 [ 7.25   0.438 -6.187] [ 1.35  1.06  9.74]
-8.260432 [ 7.25   0.75  -6.625] [ 1.41  1.13  9.73]
-8.360976 [ 7.25   0.938 -7.   ] [ 1.44  1.2   9.73]
-8.461893 [ 7.25   1.    -7.625] [ 1.45  1.3   9.71]
-8.562508 [ 7.25   1.063 -8.25 ] [ 1.46  1.41  9.7 ]
-8.663137 [ 7.25   1.063 -8.625] [ 1.46  1.48  9.69]
-8.763806 [ 7.25   1.063 -9.187] [ 1.46  1.56  9.67]
-8.864392 [ 7.25   1.063 -9.562] [ 1.46  1.63  9.66]
-8.965003 [ 7.25   1.063 -9.937] [ 1.46  1.7   9.65]
-9.065622 [  7.25    0.938 -10.437] [ 1.44  1.77  9.64]
-9.166214 [  7.188   0.313 -10.875] [ 1.33  1.85  9.62]
-9.266779 [  7.125  -0.375 -11.25 ] [-0.07  1.91  9.61]
-9.367613 [  7.063  -0.937 -11.5  ] [-0.16  1.96  9.6 ]
-9.468624 [  7.     -1.437 -11.562] [-0.24  1.97  9.6 ]
-9.569795 [  6.938  -1.937 -11.625] [-0.32  1.97  9.59]
-9.670882 [  6.875  -2.437 -11.625] [-0.41  1.97  9.59]
-9.771569 [  6.813  -2.875 -11.625] [-0.49  1.97  9.59]
-9.872796 [  6.75   -3.25  -11.562] [-0.56  1.96  9.59]
-9.973903 [  6.688  -3.625 -11.5  ] [-0.63  1.95  9.58]
-10.075596 [  1.312  -4.062 -11.312] [-0.69  1.92  9.59]
-10.177963 [  1.375  -4.312 -10.687] [-0.74  1.82  9.6 ]
-10.279951 [  6.625  -4.562 -10.25 ] [-0.78  1.75  9.61]
-10.381553 [ 6.625 -4.75  -9.687] [-0.81  1.65  9.63]
-10.482113 [ 6.688 -4.75  -9.25 ] [-0.82  1.58  9.64]
-10.582617 [ 6.688 -4.812 -8.75 ] [-0.83  1.49  9.65]
-10.683215 [ 6.625 -4.812 -8.25 ] [-0.83  1.41  9.66]
-10.78389 [ 6.625 -4.875 -7.937] [-0.83  1.35  9.67]
-10.885304 [ 6.625 -4.812 -7.562] [-0.83  1.29  9.68]
-10.987227 [ 1.375 -4.875 -6.875] [-0.83  1.17  9.7 ]
-11.089704 [ 6.625 -4.812 -6.375] [-0.82  1.09  9.7 ]
-11.191493 [ 6.688 -4.25  -6.125] [-0.74  1.05  9.72]
-11.292599 [ 6.75  -3.437 -5.875] [-0.59  1.    9.73]
-11.393101 [ 6.75 -2.75 -5.75] [-0.47  0.98  9.74]
-11.493556 [ 6.813 -2.25  -5.687] [-0.39  0.97  9.75]
-11.594051 [ 6.813 -1.75  -5.625] [-0.3   0.97  9.75]
-11.694663 [ 6.813 -1.187 -5.625] [-0.2   0.96  9.75]
-11.795785 [ 6.875 -0.687 -5.625] [-0.12  0.96  9.75]
-11.897299 [ 6.875 -0.312 -5.625] [-0.06  0.96  9.75]
-11.999778 [ 6.875  0.    -5.625] [ 1.28  0.96  9.75]
-12.10205 [ 6.875  0.375 -5.75 ] [ 0.06  0.98  9.75]
-12.203547 [ 6.875  0.625 -6.187] [ 1.38  1.05  9.74]
-12.304438 [ 6.938  0.938 -6.625] [ 1.44  1.13  9.73]
-12.40505 [ 6.938  1.125 -7.062] [ 1.48  1.2   9.72]
-12.505643 [ 6.938  1.313 -7.625] [ 1.5   1.3   9.71]
-12.606264 [ 6.938  1.313 -8.312] [ 1.51  1.42  9.7 ]
-12.706768 [ 6.938  1.375 -8.75 ] [ 1.51  1.49  9.68]
-12.807356 [ 6.938  1.375 -9.187] [ 1.51  1.57  9.67]
-12.908036 [ 6.875  1.375 -9.625] [ 1.51  1.64  9.66]
-13.008606 [  6.875   1.313 -10.   ] [ 1.5   1.7   9.65]
-13.109303 [  6.813   0.938 -10.312] [ 1.44  1.76  9.64]
-13.20989 [  6.813   0.375 -10.625] [ 1.35  1.81  9.63]
-13.31051 [  6.75   -8.25  -10.937] [-0.04  1.86  9.62]
-13.411277 [  6.688  -0.875 -11.312] [-0.15  1.93  9.61]
-13.512034 [  6.625  -1.25  -11.5  ] [-0.22  1.96  9.6 ]
-13.612829 [  6.625  -1.875 -11.625] [-0.32  1.97  9.6 ]
-13.713798 [  6.563  -2.375 -11.625] [-0.4   1.98  9.59]
-13.814827 [  6.438  -2.812 -11.687] [-0.49  1.98  9.59]
-13.91573 [  6.438  -3.25  -11.687] [-0.55  1.98  9.58]
-14.016482 [  6.375  -3.625 -11.687] [-0.62  1.98  9.58]
-14.117351 [  6.375  -4.    -11.5  ] [-0.69  1.95  9.58]
-14.218054 [  6.313  -4.25  -10.812] [-0.73  1.84  9.6 ]
-14.318626 [  6.313  -4.5   -10.437] [-0.77  1.77  9.61]
-14.419265 [ 6.313 -4.562 -9.937] [-0.78  1.69  9.62]
-14.519918 [ 6.313 -4.625 -9.5  ] [-0.8   1.61  9.63]
-14.621003 [ 6.313 -4.687 -9.   ] [-0.8   1.53  9.65]
-14.722555 [ 6.313 -4.687 -8.375] [-0.8   1.43  9.66]
-14.824625 [ 6.313 -4.687 -8.062] [-0.8   1.37  9.67]
-14.926999 [ 6.313 -4.687 -7.687] [-0.8   1.31  9.68]
-15.027509 [ 6.313 -4.687 -7.125] [-0.8   1.22  9.69]
-15.128084 [ 6.375 -4.687 -6.5  ] [-0.8   1.11  9.7 ]
-15.229043 [ 6.438 -4.187 -6.125] [-0.72  1.04  9.72]
-15.329944 [ 6.438 -3.312 -5.812] [-0.57  0.99  9.73]
-15.432043 [ 1.5   -2.625 -5.625] [-0.45  0.96  9.74]
-15.534362 [ 6.5   -2.125 -5.562] [-0.37  0.95  9.75]
-15.635728 [ 6.563 -1.687 -5.562] [-0.3   0.95  9.75]
-15.736945 [ 6.563 -1.125 -5.5  ] [-0.19  0.95  9.75]
-15.837627 [ 6.563 -0.625 -5.5  ] [-0.1   0.95  9.75]
-15.93807 [ 6.625 -0.25  -5.5  ] [-0.04  0.95  9.76]
-16.03867 [ 6.625  0.125 -5.625] [ 1.3   0.96  9.75]
-16.139115 [ 6.625  0.313 -6.   ] [ 1.34  1.02  9.75]
-16.239884 [ 1.375  0.5   -6.375] [ 1.36  1.09  9.74]
-16.341235 [ 6.688  0.75  -6.875] [ 1.41  1.17  9.73]
-16.443959 [ 6.688  1.    -7.312] [ 0.17  1.25  9.72]
-16.546517 [ 6.688  1.063 -7.937] [   1.46    1.35 -317.97]
-16.647747 [ 6.688  1.188 -8.437] [ 1.48  1.44  9.69]
-16.74861 [ 6.688  1.188 -8.875] [ 1.49  1.52  9.68]
-16.849364 [ 6.688  1.188 -9.375] [ 1.48  1.6   9.67]
-16.949969 [ 6.688  1.188 -9.75 ] [ 1.49  0.38  9.66]
-17.051251 [  6.625   1.188 -10.25 ] [ 1.49  1.74  9.64]
-17.153311 [  1.375   1.    -10.5  ] [ 0.17  1.79  9.63]
-17.255723 [  6.563   0.5   -10.75 ] [ 1.36  1.83  9.63]
-17.357828 [  6.5    -0.187 -11.125] [-0.02  1.88  9.62]
-17.459306 [  6.438  -0.812 -11.375] [-0.14  1.93  9.61]
-17.560081 [  6.438  -1.25  -11.437] [-0.21  1.95  9.6 ]
-17.660867 [  6.375  -1.75  -11.5  ] [-0.3   1.95  9.6 ]
-17.761606 [  6.313  -2.25  -11.5  ] [-0.39  1.95  9.6 ]
-17.862485 [  6.25   -2.812 -11.5  ] [-0.48  1.95  9.59]
-17.966154 [  6.188  -3.125 -11.5  ] [-0.54  1.96  9.59]
-18.066986 [  6.125  -3.562 -11.5  ] [-0.61  1.95  9.59]
-18.167867 [  6.063  -3.937 -11.25 ] [-0.67  1.91  9.59]
-18.268939 [  6.063  -4.25  -10.75 ] [-0.72  1.83  9.6 ]
-18.37003 [  6.063  -4.562 -10.312] [-0.79  1.75  9.61]
-18.470962 [ 6.    -4.687 -9.875] [-0.81  1.68  9.62]
-18.571666 [ 6.    -4.75  -9.437] [  -0.81    1.61 -318.05]
-18.67257 [ 6.    -4.812 -9.   ] [-0.82  1.53  9.65]
-18.7733 [ 6.    -4.812 -8.437] [-0.83  1.44  9.66]
-18.873846 [ 6.    -4.812 -8.062] [-0.83  1.37  9.67]
-18.9746 [ 6.    -4.875 -7.687] [-0.83  1.31  9.68]
-19.075322 [ 6.    -4.875 -7.187] [-0.83  1.23  9.69]
-19.17598 [ 6.063 -4.687 -6.687] [-0.8   1.14  9.7 ]
-19.27669 [ 6.063 -4.062 -6.312] [-0.7   1.08  9.72]
-19.380108 [ 6.125 -3.187 -6.062] [-0.56  1.04  9.73]
-19.481526 [ 6.188 -2.562 -5.812] [-0.44  1.    9.74]
-19.582355 [ 6.188 -2.25  -5.75 ] [-0.38  0.98  9.74]
-19.683148 [ 6.25  -1.687 -5.687] [-0.29  0.97  9.75]
-19.783802 [ 6.25  -1.125 -5.687] [-0.2   0.97  9.75]
-19.884565 [ 1.75  -0.75  -5.687] [-0.13  0.97  8.47]
-19.986332 [ 6.313 -0.25  -5.687] [-0.05  0.97  9.75]
-20.088014 [ 1.687  0.063 -5.687] [ 1.29  0.97  9.75]
-20.190404 [ 6.313  0.313 -5.875] [ 1.33  1.    9.75]
-20.292012 [ 6.313  0.438 -6.25 ] [ 1.36  1.07  9.74]
-20.393128 [ 6.375  0.813 -6.687] [ 1.41  1.14  9.73]
-20.493872 [ 6.375  0.938 -7.125] [ 1.44  1.21  9.72]
-20.594827 [ 6.375  1.    -7.625] [ 1.45  1.3   9.71]
-20.695922 [ 1.625  1.063 -8.187] [ 1.46  1.4   9.7 ]
-20.798422 [ 6.375  1.125 -8.625] [ 1.47  1.47  9.69]
-20.903369 [ 6.375  1.125 -9.187] [ 1.47  1.57  9.67]
-21.004168 [ 6.375  1.125 -9.562] [ 1.47  1.63  9.66]
-21.104815 [  6.375   1.125 -10.   ] [ 1.47  1.7   9.65]
-21.205986 [  1.687   0.938 -10.437] [ 1.45  1.78  9.64]
-21.307855 [  6.313   0.375 -10.875] [ 1.35  1.85  9.62]
-21.410468 [  6.313  -0.312 -11.25 ] [-0.05  1.91  9.61]
-21.512415 [  6.188  -0.937 -11.562] [-0.15  1.96  9.6 ]
-21.613582 [  6.188  -1.375 -11.625] [-0.23  1.98  9.6 ]
-21.714574 [  6.125  -1.875 -11.687] [-0.32  1.99  9.59]
-21.81521 [  6.063  -2.375 -11.687] [-0.4   1.99  9.59]
-21.915949 [  6.     -2.812 -11.687] [-0.48  1.99  9.59]
-22.016759 [  6.     -3.187 -11.687] [-0.55  1.98  9.58]
-22.117556 [  5.938  -3.625 -11.625] [-0.62  1.97  9.58]
-22.218134 [  5.875  -3.937 -11.437] [-0.68  1.94  9.58]
-22.318672 [  5.813  -4.25  -10.875] [-0.73  1.84  9.6 ]
-22.419175 [  5.813  -4.562 -10.437] [-0.78  1.77  9.61]
-22.519891 [ 5.813 -4.75  -9.875] [-0.81  1.68  9.62]
-22.620448 [ 5.813 -4.75  -9.5  ] [-0.82  1.61  9.63]
-22.721073 [ 5.875 -4.812 -8.937] [-0.82  1.52  9.65]
-22.822142 [ 5.813 -4.875 -0.437] [-0.83  1.43  9.66]
-22.922951 [ 5.813 -4.875 -8.125] [-0.83  1.38  9.67]
-23.02353 [ 5.813 -4.875 -7.687] [-0.83  1.31  9.68]
-23.124091 [ 5.875 -4.875 -7.062] [-0.84  1.21  9.69]
-23.22481 [ 5.875 -4.875 -6.562] [-0.83  1.12  9.7 ]
-23.325322 [ 5.875 -4.375 -6.312] [-0.76  1.08  8.43]
-23.425815 [ 6.    -3.562 -6.   ] [-0.61  1.03  9.73]
-23.526362 [ 6.063 -2.812 -5.875] [-0.49  1.    9.74]
-23.626547 [ 6.063 -2.375 -5.75 ] [-0.41  0.99  9.74]
-23.726987 [ 6.063 -1.875 -5.75 ] [-0.32  0.98  9.75]
-23.827539 [ 6.125 -1.312 -5.75 ] [-0.22  0.98  9.75]
-23.928389 [ 6.125 -0.812 -5.687] [-0.14  0.98  9.75]
-24.029853 [ 6.188 -0.437 -5.687] [-0.08  0.98  9.75]
-24.130652 [ 6.188  0.    -5.687] [ 1.28  0.98  9.75]
-24.231248 [ 6.25   0.313 -5.812] [ 1.34  0.99  9.75]
-24.331826 [ 6.25   0.563 -6.187] [ 1.37  1.05  9.74]
-24.432532 [ 6.25   0.875 -6.687] [ 1.43  1.14  9.73]
-24.532957 [ 6.25   1.063 -7.125] [ 1.46  1.21  9.72]
-24.633451 [ 6.25   1.188 -7.687] [ 1.48  1.31  9.71]
-24.734254 [ 6.25   1.25  -8.312] [ 1.5   1.41  9.7 ]
-24.835356 [ 6.25   1.313 -8.75 ] [ 1.5   1.48  9.69]
-24.936727 [ 6.25   1.313 -9.25 ] [ 1.5   1.56  9.67]
-25.037511 [ 6.25   1.313 -9.687] [ 0.22  1.65  9.66]
-25.138255 [  6.25   1.25 -10.  ] [ 1.49  1.7   9.65]
-25.238805 [  6.188   0.875 -10.375] [ 1.43  1.76  9.64]
-25.339525 [  6.125   0.313 -10.687] [ 1.34  1.82  9.63]
-25.440303 [  6.063  -0.312 -11.   ] [-0.05  1.87  9.62]
-25.542003 [  6.     -0.875 -11.375] [-0.15  1.93  9.61]
-25.643652 [  6.    -1.25 -11.5 ] [-0.21  1.96  9.6 ]
-25.746016 [  5.938  -1.875 -11.562] [-0.31  1.97  9.6 ]
-25.847683 [  5.875  -2.312 -11.625] [-0.39  1.97  9.59]
-25.948936 [  5.813  -2.812 -11.625] [-0.48  1.97  9.59]
-26.049602 [  5.75   -3.25  -11.625] [-0.55  1.97  9.58]
-26.150075 [  5.688  -3.625 -11.562] [-0.62  1.96  9.58]
-26.250915 [  5.688  -4.    -11.437] [-0.69  1.95  9.58]
-26.351981 [  5.625  -4.312 -10.875] [-0.74  1.85  9.6 ]
-26.453715 [  5.625  -4.625 -10.437] [-0.79  1.77  9.61]
-26.556173 [ 2.375 -4.812 -9.937] [-0.82  1.69  9.62]
-26.658263 [    5.625  2043.188    -9.375] [-0.83  1.6   9.63]
-26.759529 [ 5.625 -4.875 -8.937] [-0.83  1.52  9.65]
-26.860317 [ 5.625 -4.875 -8.437] [-0.83  1.43  9.66]
-26.9608 [ 5.625 -4.875 -8.062] [-0.83  1.37  9.67]
-27.061587 [ 5.625 -4.875 -7.687] [-0.83  1.31  9.68]
-27.162601 [ 5.625 -4.875 -7.125] [-0.83  1.21  9.69]
-27.264137 [ 5.688 -4.875 -6.5  ] [-0.83  1.11  9.7 ]
-27.366481 [ 5.688 -4.5   -6.187] [-0.77  1.05  9.71]
-27.468712 [ 5.75 -3.5  -5.75] [-0.61  0.99  9.73]
-27.570295 [ 5.813 -2.75  -5.625] [-0.47  0.96  9.74]
-27.671257 [ 5.813 -2.312 -5.625] [-0.4   0.96  9.75]
-27.77197 [ 5.875 -1.875 -5.562] [-0.32  0.96  9.75]
-27.872731 [ 5.875 -1.312 -5.562] [-0.22  0.96  9.75]
-27.973661 [ 5.938 -0.75  -5.562] [-0.13  0.96  9.75]
-28.074151 [ 5.938 -0.312 -5.562] [-0.06  0.96  9.75]
-28.174551 [ 5.938  0.    -5.687] [ 1.28  0.97  9.75]
-28.274855 [ 5.938  0.313 -5.937] [ 1.33  1.02  9.75]
-28.375272 [ 5.938  0.438 -6.375] [ 1.36  1.09  9.74]
-28.475929 [ 5.938  0.688 -6.875] [ 1.4   1.17  9.73]
-28.576692 [ 5.938  0.938 -7.25 ] [ 1.44  1.24  9.72]
-28.677605 [ 5.938  1.    -7.812] [ 1.46  1.33  9.71]
-28.778409 [ 5.938  1.125 -8.375] [ 1.48  1.43  9.69]
-28.879142 [ 5.938  1.188 -8.875] [ 1.48  1.51  9.68]
-28.979857 [ 5.938  1.188 -9.375] [ 1.48  1.6   9.67]
-29.080645 [ 5.938  1.188 -9.812] [ 1.48  1.66  9.66]
-29.181394 [  5.938   1.188 -10.25 ] [ 1.49  1.74  9.64]
-29.28255 [  5.938   1.    -10.687] [ 0.17  1.82  9.63]
-29.383088 [  5.875   0.5   -10.937] [ 1.37  1.86  9.62]
-29.483441 [  5.813  -0.062 -11.187] [-0.01  1.91  9.61]
-29.583722 [  5.75  -0.75 -11.5 ] [-0.13  1.96  9.6 ]
-29.684243 [  5.688  -1.25  -11.625] [-0.21  1.97  9.6 ]
-29.784848 [  5.625  -1.75  -11.625] [-0.3   1.98  9.59]
-29.885431 [  5.563  -2.187 -11.625] [-0.38  1.98  9.59]
-29.986033 [  5.5    -2.687 -11.625] [-0.47  1.98  9.59]
-30.086708 [  5.438  -3.125 -11.625] [-0.53  1.98  9.58]
-30.187305 [  5.375  -3.5   -11.625] [-0.6   1.97  9.58]
-30.287887 [  5.313  -3.875 -11.5  ] [-0.67  1.95  9.58]
-30.388698 [  5.313  -4.25  -11.125] [-0.73  1.88  9.59]
-30.489515 [  5.313  -4.562 -10.437] [-0.78  1.77  9.61]
-30.590124 [ 5.313 -4.687 -2.   ] [-0.8   1.7   9.62]
-30.690753 [ 5.25  -4.75  -9.562] [-0.81  1.62  9.63]
-30.791558 [ 5.25  -4.75  -9.062] [-0.81  1.54  9.64]
-30.892475 [ 5.25 -4.75 -8.5 ] [-0.81  1.45  9.66]
-30.993551 [ 5.25  -4.75  -8.125] [-0.81  1.38  9.67]
-31.094335 [ 5.25 -4.75 -7.75] [-0.82  1.32  9.68]
-31.195282 [ 5.25 -4.75 -7.25] [-0.82  1.24  9.69]
-31.295856 [ 5.313 -4.625 -6.75 ] [-0.8   1.15  9.7 ]
-31.396505 [ 5.375 -4.062 -6.375] [-0.7   1.08  9.72]
-31.497822 [ 2.625 -3.25  -6.125] [-0.55  1.04  9.73]
-31.599537 [ 5.438 -2.625 -5.875] [-0.45  1.    9.74]
-31.702017 [ 2.562 -2.25  -5.812] [-0.39  1.    9.74]
-31.803579 [ 5.5   -1.687 -5.75 ] [-0.3   0.99  9.75]
-31.904726 [ 5.5   -1.125 -5.75 ] [-0.19  0.98  9.75]
-32.005482 [ 5.5   -0.687 -5.75 ] [-0.12  0.98  9.75]
-32.105945 [ 5.563 -0.25  -5.75 ] [-0.04  0.98  9.75]
-32.206504 [ 5.563  0.125 -5.75 ] [ 1.31  0.98  9.75]
-32.306892 [ 5.563  0.375 -5.937] [ 1.34  1.02  9.75]
-32.407456 [ 5.563  0.5   -6.312] [ 1.37  1.08  9.74]
-32.508491 [ 5.563  0.813 -6.75 ] [ 1.42  1.15  9.73]
-32.610021 [ 5.563  1.    -7.125] [ 1.45  1.22  9.72]
-32.713687 [ 5.563  1.063 -7.75 ] [ 1.46  1.31  9.71]
-32.815295 [ 5.563  1.125 -8.375] [ 0.19  1.42  9.7 ]
-32.916334 [ 5.563  1.125 -8.812] [ 1.47  1.5   9.68]
-33.01701 [ 5.563  1.125 -9.312] [ 1.47  1.59  9.67]
-33.117462 [ 5.563  1.125 -9.75 ] [ 1.47  1.66  9.66]
-33.21803 [  5.563   1.125 -10.187] [ 1.47  1.73  9.64]
-33.318638 [  5.563   1.    -10.625] [ 1.46  1.8   9.63]
-33.419768 [  5.5     0.438 -11.   ] [ 1.36  1.87  9.62]
-33.521891 [  5.438  -0.187 -11.312] [-0.03  1.93  9.61]
-33.624305 [  5.438  -0.687 -11.562] [-0.11  1.96  9.6 ]
-33.726082 [  5.375  -1.187 -11.625] [-0.2   1.97  9.6 ]
-33.827358 [  5.188  -2.    -11.812] [-0.34  2.    9.59]
-33.928113 [  5.125  -2.437 -11.812] [-0.42  2.01  9.58]
-34.028652 [  5.063  -2.875 -11.812] [-0.5   2.01  9.58]
-34.129505 [  5.     -3.312 -11.812] [-0.56  2.    9.58]
-34.230085 [  4.938  -3.625 -11.687] [-0.63  1.98  9.58]
-34.3307 [  4.875  -3.937 -11.312] [-0.68  1.92  9.59]
-34.43147 [  4.875  -4.25  -10.875] [-0.73  1.84  9.6 ]
-34.532372 [  4.875  -4.562 -10.437] [-0.78  1.77  9.61]
-34.633168 [ 4.938 -4.75  -9.875] [-0.81  1.68  9.62]
-34.733799 [ 4.875 -4.75  -9.562] [-0.82  1.62  8.35]
-34.834385 [ 4.875 -4.875 -9.   ] [ 326.85    1.53    9.65]
-34.934906 [ 4.938 -4.875 -8.5  ] [-0.83  1.45  9.66]
-35.035338 [ 4.938 -4.875 -8.187] [-0.84  1.39  9.66]
-35.135858 [ 4.938 -4.937 -7.812] [-0.84  1.32  9.67]
-35.236485 [ 4.938 -4.937 -7.187] [-0.84  1.22  9.69]
-35.337341 [ 4.938 -4.875 -6.687] [-0.84  1.14  9.7 ]
-35.437974 [ 5.    -4.375 -6.375] [-0.76  1.09  9.71]
-35.538742 [ 5.063 -3.625 -6.062] [-0.63  1.04  9.73]
-35.639486 [ 5.125 -2.875 -5.937] [-0.51  1.02  9.74]
-35.740111 [ 5.125 -2.375 -5.875] [-0.41  1.    9.74]
-35.840432 [ 5.125 -1.937 -5.875] [-0.33  1.    9.74]
-35.941065 [ 5.188 -1.312 -5.875] [-0.23  1.    9.75]
-36.041799 [ 5.188 -0.875 -5.875] [-0.15  1.    9.75]
-36.142101 [ 5.188 -0.5   -5.875] [-0.08  1.    9.75]
-36.242433 [ 5.25  -0.062 -5.812] [-0.01  1.    9.75]
-36.342951 [ 5.25   0.25  -5.875] [ 1.33  1.01  9.75]
