-0.074399 [ 0.437 -1.25  -8.25 ] [-0.21  1.41  9.7 ]
-0.176119 [ 7.875  1.313 -8.312] [ 1.51  1.42  9.7 ]
-0.276813 [ 8.     1.688 -8.062] [ 1.57  1.38  9.7 ]
-0.377287 [ 8.     1.688 -8.187] [ 1.57  1.39  9.7 ]
-0.477765 [ 8.     1.688 -8.5  ] [ 1.57  1.45  9.69]
-0.578351 [ 7.938  1.688 -8.812] [ 1.57  1.51  9.68]
-0.678858 [ 7.938  1.625 -9.312] [ 1.55  1.58  9.67]
-0.779408 [ 7.938  1.438 -9.687] [ 1.53  1.65  9.66]
-0.879919 [  7.875   1.188 -10.   ] [ 1.49  1.7   9.65]
-0.980423 [  7.813   0.688 -10.437] [ 1.4   1.78  9.64]
-1.081022 [  7.75    0.188 -10.75 ] [ 1.31  1.83  9.63]
-1.181596 [  7.688  -0.375 -11.062] [-0.07  1.89  9.62]
-1.28224 [  7.625  -1.    -11.437] [-0.17  1.94  9.6 ]
-1.382858 [  7.625  -1.312 -11.562] [-0.23  1.97  9.6 ]
-1.48347 [  7.563  -1.812 -11.625] [-0.31  1.98  9.59]
-1.584414 [  7.563  -2.312 -11.687] [-0.4   1.98  9.59]
-1.685484 [  7.5    -2.812 -11.687] [-0.48  1.98  9.59]
-1.786278 [  7.438  -3.25  -11.625] [-0.55  1.98  9.58]
-1.887024 [  7.375  -3.625 -11.5  ] [-0.62  1.96  9.58]
-1.987579 [  7.375  -4.    -11.312] [-0.69  1.92  9.59]
-2.088089 [  7.313  -4.312 -10.812] [-0.74  1.84  9.6 ]
-2.188569 [  7.313  -4.5   -10.312] [-0.77  1.75  9.61]
-2.289263 [  7.313  -4.625 -10.   ] [-0.79  1.7   9.62]
-2.389805 [    7.313  2043.313    -9.437] [-0.8   1.6   9.64]
-2.490375 [ 7.313 -4.687 -8.937] [-0.8   1.52  9.65]
-2.590931 [ 7.313 -4.812 -8.375] [-0.82  1.42  9.66]
-2.691336 [ 7.313 -4.812 -7.875] [-0.82  1.34  9.67]
-2.791883 [ 7.25  -4.812 -7.562] [-0.83  1.29  9.68]
-2.892522 [ 7.25  -4.812 -7.062] [-0.83  1.2   9.69]
-2.993139 [ 7.313 -4.812 -6.375] [-0.83  1.08  9.71]
-3.093855 [ 7.375 -4.5   -5.875] [-0.76  1.    9.72]
-3.194541 [ 7.438 -3.687 -5.562] [-0.63  0.94  9.73]
-3.295292 [ 7.438 -2.937 -5.375] [-0.5   0.91  9.75]
-3.396019 [ 7.5   -2.437 -5.312] [-0.42  0.9   9.75]
-3.497087 [ 7.5  -2.   -5.25] [-0.34  0.9   9.75]
-3.597898 [ 7.5   -1.375 -5.25 ] [-0.25  2.17  9.76]
-3.698877 [ 7.563 -0.937 -5.25 ] [-0.16  0.89  9.76]
-3.799468 [ 7.563 -0.562 -5.25 ] [-0.09  0.9   9.76]
-3.900061 [ 7.563 -0.187 -5.437] [-0.03  0.93  9.76]
-4.000798 [ 7.563  0.    -5.812] [ 1.28  0.99  9.75]
-4.101364 [ 7.563  0.188 -6.25 ] [ 1.31  1.07  9.74]
-4.202458 [ 0.437  0.438 -6.75 ] [ 1.35  1.15  9.73]
-4.303794 [ 7.563  0.625 -7.187] [ 0.11  1.23  9.72]
-4.406122 [ 7.563  0.75  -7.812] [ 0.12  1.33  9.71]
-4.50832 [ 7.563  0.813 -8.375] [ 1.42  1.43  9.7 ]
-4.609871 [ 7.563  0.875 -8.875] [ 1.43  1.51  9.68]
-4.710811 [ 7.563  0.875 -9.375] [ 1.43  1.6   9.67]
-4.811382 [ 7.563  0.875 -9.75 ] [ 1.43  1.66  9.66]
-4.911926 [  7.563   0.875 -10.25 ] [ 1.43  1.75  9.64]
-5.012506 [  7.563   0.813 -10.625] [ 1.42  1.81  9.63]
-5.113096 [  7.5     0.375 -10.875] [ 1.34  1.85  9.62]
-5.214359 [  7.5    -0.187 -11.187] [-0.03  1.9   9.62]
-5.315915 [  7.375  -0.875 -11.437] [-0.15  1.95  9.6 ]
-5.418113 [  7.375  -1.375 -11.562] [-0.23  1.96  9.6 ]
-5.520005 [  7.313  -1.875 -11.562] [-0.31  1.96  9.6 ]
-5.621349 [  7.25   -2.312 -11.562] [-0.39  1.96  9.59]
-5.722222 [  7.188  -2.812 -11.562] [-0.48  1.96  9.59]
-5.822846 [  7.125  -3.187 -11.562] [-0.55  1.96  9.59]
-5.92337 [  7.125  -3.562 -11.5  ] [-0.61  1.95  9.58]
-6.023994 [  7.063  -4.    -11.375] [-0.69  1.93  9.58]
-6.12511 [  7.063  -4.375 -10.875] [-0.75  1.84  9.6 ]
-6.22678 [  7.     -4.625 -10.187] [-0.79  1.72  9.62]
-6.329006 [ 7.    -4.75  -9.687] [-0.81  1.65  9.63]
-6.431423 [ 7.    -4.812 -9.25 ] [-0.83  1.58  9.64]
-6.532763 [ 7.    -4.875 -8.75 ] [-0.83  1.49  9.65]
-6.633919 [ 7.    -4.875 -8.25 ] [-0.83  1.4   9.66]
-6.73451 [ 7.    -4.875 -7.687] [-0.84  1.31  9.68]
-6.835151 [ 7.    -4.875 -7.375] [-0.84  1.25  9.68]
-6.935645 [ 7.    -4.937 -6.875] [-0.84  1.17  9.69]
-7.036145 [ 7.    -4.75  -6.375] [-0.81  1.08  9.71]
-7.136779 [ 7.063 -4.062 -5.937] [-0.7   1.02  9.72]
-7.237304 [ 7.125 -3.25  -5.687] [-0.56  0.97  9.74]
-7.337768 [ 7.125 -2.687 -5.5  ] [-0.46  0.94  9.75]
-7.438426 [ 7.125 -2.375 -5.437] [-0.41  0.92  9.75]
-7.538906 [ 7.188 -1.812 -5.375] [-0.31  0.92  9.75]
-7.639509 [ 7.188 -1.25  -5.375] [-0.22  0.92  9.76]
-7.740379 [ 7.25  -0.875 -5.375] [-0.15  0.92  9.76]
-7.840902 [ 7.25  -0.437 -5.375] [-0.07  0.92  9.76]
-7.941377 [ 7.25   0.    -5.375] [ 1.28  0.92  9.76]
-8.041745 [ 7.25   0.125 -5.625] [ 1.3   0.96  9.75]
-8.14227 [ 7.25  0.25 -6.  ] [ 1.33  1.02  9.75]
-8.243112 [ 7.25   0.563 -6.375] [ 1.37  1.09  9.74]
-8.344038 [ 7.25   0.75  -6.812] [ 1.41  1.16  9.73]
-8.444836 [ 7.25   0.813 -7.375] [ 1.42  1.25  9.72]
-8.54553 [ 7.25   0.875 -8.062] [ 1.42  1.37  9.7 ]
-8.646167 [ 7.25   0.875 -8.5  ] [ 1.43  1.45  9.69]
-8.746882 [ 7.25   0.875 -9.   ] [ 1.43  1.53  9.68]
-8.847367 [ 7.25   0.875 -9.375] [ 1.43  1.6   9.67]
-8.947832 [ 7.25   0.875 -9.812] [ 1.43  1.67  9.66]
-9.048573 [  7.25    0.813 -10.375] [ 1.42  1.76  9.64]
-9.14926 [  7.25    0.313 -10.687] [ 1.33  1.82  9.63]
-9.249941 [  7.     -1.437 -11.187] [-0.24  1.9   9.61]
-9.35052 [  6.938  -1.937 -11.562] [-0.33  1.96  9.6 ]
-9.451493 [  6.938  -2.    -11.687] [-0.35  1.98  9.59]
-9.553946 [  6.875  -2.187 -11.687] [-0.38  1.99  9.59]
-9.654618 [  6.875  -2.687 -11.687] [-0.46  1.99  9.59]
-9.755638 [  6.813  -3.187 -11.687] [-0.53  1.99  9.58]
-9.856582 [  6.75   -3.562 -11.687] [-0.6   1.98  9.58]
-9.957205 [  6.688  -3.875 -11.562] [-0.66  1.96  9.58]
-10.057804 [  6.688  -4.187 -11.25 ] [-0.72  1.91  9.58]
-10.158524 [  6.688  -4.5   -10.812] [-0.77  1.83  9.6 ]
-10.25982 [  6.688  -4.75  -10.187] [-0.81  1.73  9.61]
-10.361043 [ 6.688 -4.937 -9.625] [-0.84  1.64  9.63]
-10.4631 [ 1.312 -4.937 -9.25 ] [-0.85  1.57  9.64]
-10.565623 [ 1.312 -5.    -8.625] [-0.85  1.47  9.65]
-10.667429 [ 6.688 -5.    -8.062] [-0.86  1.38  9.67]
-10.768762 [ 6.688 -5.    -7.687] [-0.86  1.31  9.68]
-10.869318 [ 6.625 -5.    -7.25 ] [-0.86  1.24  9.68]
-10.969877 [ 6.688 -5.062 -6.687] [-0.86  1.14  9.7 ]
-11.070433 [ 6.688 -5.    -6.187] [-0.86  1.06  9.71]
-11.171158 [ 6.75  -4.5   -5.812] [-0.77  0.99  9.72]
-11.272185 [ 6.813 -3.687 -5.5  ] [-0.63  0.94  9.74]
-11.373634 [ 6.875 -3.    -5.312] [-0.51  0.91  9.75]
-11.476012 [ 6.875 -2.562 -5.25 ] [-0.44  0.9   9.75]
-11.578012 [ 6.875 -2.125 -5.25 ] [-0.37  0.89  9.75]
-11.679388 [ 6.938 -1.625 -5.187] [-0.28  0.89  9.76]
-11.780214 [ 6.938 -1.    -5.187] [-0.17  0.89  8.48]
-11.880803 [ 6.938 -0.562 -5.187] [-0.1   0.89  9.76]
-11.981312 [ 7.    -0.125 -5.25 ] [-0.02  0.9   9.76]
-12.081719 [ 7.     0.063 -5.562] [ 1.29  0.95  9.76]
-12.182418 [ 7.     0.313 -5.937] [ 1.33  1.01  9.75]
-12.284104 [ 7.     0.625 -6.437] [ 1.39  1.1   9.74]
-12.386154 [ 1.     0.813 -6.875] [ 0.14  1.17  9.73]
-12.488486 [ 7.     0.875 -7.437] [ 1.43  1.26  9.72]
-12.590231 [ 7.     0.875 -8.125] [ 1.43  1.37  9.7 ]
-12.691359 [ 7.     0.875 -8.5  ] [ 1.43  1.45  9.69]
-12.792291 [ 7.     0.875 -9.062] [ 1.43  1.54  9.68]
-12.89284 [ 7.     0.875 -9.5  ] [ 1.43  1.61  9.67]
-12.993349 [ 7.     0.875 -9.812] [   1.43    1.68 -318.02]
-13.09387 [  7.      0.563 -10.312] [ 1.38  1.75  9.64]
-13.194673 [  7.      0.    -10.625] [ 1.28  1.81  9.63]
-13.295402 [  6.938  -0.625 -10.937] [ -1.10000000e-01   1.86000000e+00  -3.18060000e+02]
-13.395871 [  6.875  -1.187 -11.312] [-0.2   1.92  9.61]
-13.496454 [  6.875  -1.437 -11.375] [-0.25  1.93  9.6 ]
-13.596996 [  6.75   -2.062 -11.437] [-0.36  1.95  9.6 ]
-13.697891 [  6.688  -2.562 -11.5  ] [-0.44  1.95  9.59]
-13.798518 [  6.625  -3.062 -11.5  ] [-0.53  1.95  9.59]
-13.898947 [  6.563  -3.437 -11.5  ] [-0.59  1.95  9.59]
-13.999427 [  6.563  -3.875 -11.437] [-0.66  1.94  9.58]
-14.10001 [  6.5    -4.187 -11.312] [-0.72  1.91  9.58]
-14.200566 [  6.438  -4.562 -10.812] [-0.78  1.84  9.59]
-14.301114 [  6.438  -4.75  -10.312] [-0.81  1.74  9.61]
-14.401748 [  6.438 -12.875  -9.875] [-0.84  1.67  9.62]
-14.502662 [ 6.438 -4.937 -9.25 ] [-0.84  1.58  9.64]
-14.603382 [ 6.438 -4.937 -8.812] [-0.84  1.51  9.65]
-14.704157 [ 6.438 -5.    -8.187] [-0.86  1.39  9.66]
-14.805019 [ 6.438 -5.    -7.812] [-0.86  1.33  9.67]
-14.905935 [ 6.438 -5.    -7.5  ] [-0.86  1.27  9.68]
-15.006819 [ 6.438 -5.    -7.   ] [-0.86  1.19  9.69]
-15.107461 [ 6.438 -5.062 -6.375] [-0.86  1.08  9.7 ]
-15.208205 [ 6.5   -4.625 -5.937] [-0.8   1.01  9.72]
-15.30851 [ 6.5   -3.812 -5.5  ] [-0.65  0.94  9.73]
-15.409298 [ 6.563 -3.062 -5.312] [-0.52  0.91  9.74]
-15.50985 [ 6.563 -2.562 -5.25 ] [-0.44  0.9   9.75]
-15.610391 [ 6.563 -2.062 -5.187] [-0.36  0.89  9.75]
-15.710818 [ 6.625 -1.5   -5.125] [-0.26  0.88  9.76]
-15.811427 [ 6.625 -0.937 -5.125] [-0.16  0.88  9.76]
-15.912066 [ 6.625 -0.625 -5.187] [-0.11  0.88  9.76]
-16.012629 [ 6.688 -0.187 -5.25 ] [-0.03  0.89  9.76]
-16.113273 [ 1.312  0.    -5.562] [ 1.28  0.95  9.75]
-16.214449 [ 6.688  0.125 -6.062] [ 1.3   1.03  9.75]
-16.315416 [ 6.688  0.313 -6.562] [ 1.33  1.12  9.74]
-16.41614 [ 6.688  0.563 -7.062] [ 1.38  1.2   9.73]
-16.516839 [ 6.688  0.688 -7.625] [ 1.39  1.3   9.71]
-16.617248 [ 6.688  0.688 -8.187] [ 1.4  1.4  9.7]
-16.717816 [ 6.688  0.75  -8.687] [ 1.41  1.48  9.69]
-16.818261 [ 6.688  0.75  -9.125] [ 1.41  1.56  9.68]
-16.918747 [ 6.688  0.75  -9.5  ] [ 1.41  1.62  9.67]
-17.019105 [  6.688   0.75  -10.   ] [ 1.41  1.7   9.65]
-17.119414 [  1.312   0.688 -10.437] [ 1.39  1.78  9.64]
-17.219844 [  6.625   0.25  -10.687] [ 1.32  1.81  9.63]
-17.321028 [  1.375  -0.312 -10.937] [-0.06  1.86  9.62]
-17.42227 [  6.5    -1.    -11.187] [-0.18  1.91  9.61]
-17.524532 [  6.438  -1.625 -11.375] [-0.28  1.93  9.6 ]
-17.626408 [  6.313  -2.437 -11.562] [-0.42  1.97  9.59]
-17.727634 [  6.313  -2.75  -11.562] [-0.47  1.97  9.59]
-17.828558 [  6.313  -3.25  -11.562] [-0.55  1.97  9.59]
-17.928921 [  6.25   -3.562 -11.562] [-0.61  1.97  9.58]
-18.029302 [  6.188  -3.937 -11.562] [-0.67  1.96  9.58]
-18.129627 [  6.188  -4.25  -11.375] [-0.73  1.92  9.58]
-18.230056 [  6.125  -4.625 -10.812] [-0.79  1.84  9.59]
-18.330479 [  6.125  -4.875 -10.25 ] [-0.83  1.74  9.61]
-18.430862 [ 6.125 -5.    -9.812] [-0.85  1.66  9.62]
-18.53119 [ 6.125 -5.    -9.312] [-0.86  1.58  9.63]
-18.631569 [ 6.125 -5.062 -8.875] [-0.87  1.5   9.65]
-18.73306 [ 1.875 -5.062 -8.25 ] [-0.87  1.4   9.66]
-18.835531 [ 1.875 -5.062 -7.812] [-0.87  1.32  9.67]
-18.937859 [ 6.125 -5.125 -7.375] [-0.87  1.26  9.68]
-19.039162 [ 6.063 -5.125 -6.937] [-0.87  1.19  9.69]
-19.140098 [ 6.125 -4.875 -6.437] [-0.83  1.09  9.7 ]
-19.241112 [ 6.188 -4.187 -6.   ] [-0.72  1.02  9.72]
-19.341669 [ 6.25  -3.437 -5.75 ] [-0.58  0.98  9.73]
-19.442199 [ 6.25  -2.875 -5.562] [-0.5   0.95  9.74]
-19.543406 [ 6.313 -2.562 -5.5  ] [-0.44  0.94  9.75]
-19.645046 [ 1.687 -2.062 -5.437] [-0.35  0.93  9.75]
-19.747248 [ 1.625 -1.5   -5.437] [-0.26  0.93  9.75]
-19.849599 [ 6.375 -1.    -5.437] [-0.18  0.93  9.76]
-19.95107 [ 6.375 -0.562 -5.437] [-0.1   0.93  9.76]
-20.052168 [ 6.438 -0.125 -5.437] [-0.02  0.93  9.76]
-20.152746 [ 6.375  0.    -5.625] [ 1.28  0.97  9.75]
-20.253334 [ 6.375  0.25  -5.937] [ 1.32  1.02  9.75]
-20.353864 [ 6.438  0.563 -6.375] [ 1.37  1.09  9.74]
-20.454708 [ 6.438  0.688 -6.812] [ 1.4   1.16  9.73]
-20.555536 [ 6.438  0.75  -7.375] [ 1.41  1.25  9.72]
-20.65612 [ 6.438  0.813 -8.   ] [ 1.42  1.37  9.7 ]
-20.756829 [ 6.438  0.813 -8.437] [ 1.42  1.44  9.69]
-20.857413 [ 6.438  0.813 -9.   ] [ 1.42  0.25  9.68]
-20.957911 [ 6.438  0.813 -9.375] [ 1.42  1.59  9.67]
-21.058631 [ 6.438  0.813 -9.75 ] [ 1.42  1.66  9.66]
-21.159331 [  6.438   0.75  -10.312] [ 1.41  1.75  9.64]
-21.260023 [  6.375   0.313 -10.625] [ 1.33  1.81  9.63]
-21.360423 [  6.25   -0.812 -11.062] [ -1.40000000e-01   1.88000000e+00  -3.18060000e+02]
-21.461106 [  6.188  -1.687 -11.5  ] [-0.28  1.95  9.6 ]
-21.561982 [-1681.875    -1.875   -11.562] [-0.32  1.97  9.6 ]
-21.662865 [  6.063  -2.25  -11.625] [-0.37  1.97  9.59]
-21.763816 [  6.063  -2.625 -11.625] [-0.45  1.97  9.59]
-21.864512 [  6.     -3.062 -11.625] [-0.52  1.97  9.59]
-21.965271 [  5.938  -3.437 -11.625] [-0.59  1.97  9.58]
-22.065963 [  5.875  -3.812 -11.437] [-0.65  1.95  9.58]
-22.166623 [  5.875  -4.125 -11.125] [-0.71  1.89  9.59]
-22.267286 [  5.813  -4.437 -10.687] [-0.75  1.81  9.6 ]
-22.367783 [  5.813  -4.625 -10.187] [-0.79  1.73  9.61]
-22.468465 [ 5.813 -4.75  -9.625] [-0.82  1.63  9.63]
-22.5691 [ 5.813 -4.812 -9.187] [-0.82  1.56  9.64]
-22.6699 [ 5.813 -4.875 -8.687] [-0.83  1.47  9.65]
-22.770592 [ 5.813 -4.937 -8.125] [-0.84  1.38  9.67]
-22.871107 [ 5.813 -4.937 -7.75 ] [-0.84  1.31  9.68]
-22.971627 [ 5.813 -4.937 -7.312] [-0.84  1.25  9.68]
-23.07219 [ 5.813 -4.937 -6.687] [-0.84  1.14  9.7 ]
-23.172805 [ 5.813 -4.875 -6.187] [-0.84  1.05  9.71]
-23.274008 [ 5.875 -4.312 -5.812] [-0.75  1.    9.72]
-23.375051 [ 5.938 -3.5   -5.625] [-0.62  0.96  9.73]
-23.476188 [ 5.938 -2.875 -5.5  ] [-0.49  0.93  9.74]
-23.577077 [ 6.    -2.375 -5.437] [-0.41  0.92  9.75]
-23.677501 [ 6.    -1.937 -5.375] [-0.33  0.92  9.75]
-23.778119 [ 6.063 -1.312 -5.375] [-0.23  0.92  9.76]
-23.878524 [ 6.063 -0.875 -5.375] [-0.15  0.92  9.76]
-23.978952 [ 6.063 -0.5   -5.375] [-0.08  0.92  9.76]
-24.079421 [ 6.125  0.    -5.375] [ 1.28  0.92  9.76]
-24.180795 [ 6.125  0.25  -5.562] [ 1.32  0.95  9.75]
-24.282903 [ 6.125  0.438 -6.   ] [ 1.36  1.03  9.75]
-24.385482 [ 6.125  0.813 -6.562] [ 0.13  1.11  9.74]
-24.487017 [ 6.125  1.    -6.937] [ 0.17  1.18  9.73]
-24.588083 [  6.12500000e+00   1.06300000e+00   2.04043800e+03] [ 1.46  1.29  9.71]
-24.688452 [ 6.125  1.063 -8.187] [ 1.46  1.39  9.7 ]
-24.788924 [ 6.125  1.063 -8.562] [ 1.46  1.46  9.69]
-24.889273 [ 6.125  1.063 -9.125] [ 1.46  1.55  9.68]
-24.9897 [ 6.125  1.063 -9.562] [ 1.46  1.63  9.66]
-25.090218 [ 6.125  1.    -9.875] [ 1.46  1.68  9.65]
-25.190611 [  6.125   0.813 -10.375] [ 1.42  1.76  9.64]
-25.291366 [  6.063   0.313 -10.625] [ 1.33  1.81  9.63]
-25.392541 [  2.     -0.312 -10.937] [-0.06  1.86  9.62]
-25.494556 [  5.938  -1.062 -11.312] [-0.18  1.93  9.61]
-25.597026 [  5.875  -1.5   -11.5  ] [-0.25  1.96  9.6 ]
-25.69869 [  5.813  -2.062 -11.562] [-0.34  1.97  9.59]
-25.799858 [  5.75   -2.5   -11.625] [-0.43  1.97  9.59]
-25.900336 [  5.688  -3.    -11.625] [-0.52  1.97  9.59]
-26.000816 [  5.625  -3.375 -11.625] [-0.58  1.97  9.58]
-26.1014 [  5.625  -3.75  -11.625] [-0.65  1.97  9.58]
-26.202042 [  5.563  -4.125 -11.375] [-0.7   1.93  9.58]
-26.302831 [  5.563  -4.5   -10.937] [-0.77  1.85  9.59]
-26.404335 [  5.563  -4.625 -10.312] [-0.79  1.75  9.61]
-26.506644 [ 5.563 -4.687 -9.812] [-0.8   1.66  9.63]
-26.608937 [ 5.563 -4.687 -9.312] [-0.8   1.59  9.64]
-26.710551 [ 5.5   -4.75  -8.812] [-0.81  1.51  9.65]
-26.811605 [ 5.563 -4.75  -8.25 ] [-0.82  1.4   9.67]
-26.912166 [ 5.563 -4.812 -7.875] [-0.82  1.34  9.67]
-27.012827 [ 5.5   -4.812 -7.5  ] [-0.82  1.28  9.68]
-27.113679 [ 5.5   -4.875 -7.   ] [-0.83  1.19  9.69]
-27.214546 [ 5.563 -4.812 -6.375] [-0.83  1.08  9.71]
-27.315296 [ 5.625 -4.437 -6.   ] [-0.76  1.02  9.72]
-27.415872 [ 5.625 -3.562 -5.625] [-0.61  0.96  9.73]
-27.516518 [ 5.688 -2.812 -5.375] [-0.48  0.92  9.75]
-27.617245 [ 5.688 -2.375 -5.312] [-0.4   0.9   9.75]
-27.717809 [ 5.688 -1.875 -5.25 ] [-0.32  0.9   9.75]
-27.818406 [ 5.75  -1.375 -5.25 ] [-0.23  0.9   9.76]
-27.918796 [ 5.75  -0.875 -5.25 ] [-0.15  0.89  9.76]
-28.019374 [ 5.813 -0.5   -5.25 ] [-0.08  0.89  9.76]
-28.119874 [ 5.813 -0.125 -5.437] [-0.02  0.93  9.76]
-28.22054 [ 5.75   0.063 -5.75 ] [ 1.29  0.98  9.75]
-28.321167 [ 5.75   0.188 -6.125] [ 1.31  1.05  9.74]
-28.421886 [ 5.813  0.5   -6.625] [ 1.36  1.13  9.74]
-28.522768 [ 5.813  0.75  -7.062] [ 1.4   1.2   9.73]
-28.623719 [ 5.813  0.813 -7.687] [ 1.42  1.31  9.71]
-28.724536 [ 5.813  0.875 -8.25 ] [ 1.43  1.41  9.7 ]
-28.825242 [ 5.813  0.938 -8.75 ] [ 1.44  1.49  9.69]
-28.925912 [ 5.813  0.938 -9.187] [ 1.44  1.57  9.67]
-29.026523 [ 5.813  0.938 -9.562] [ 1.44  1.63  9.66]
-29.127103 [  5.813   0.938 -10.   ] [ 1.44  1.7   9.65]
-29.227599 [  5.813   0.813 -10.437] [ 1.42  1.78  9.64]
-29.328063 [  5.75    0.375 -10.687] [ 1.34  1.82  9.63]
-29.428137 [  5.688  -0.25  -11.   ] [-0.05  1.87  9.62]
-29.528799 [  5.563  -0.937 -11.312] [-0.16  1.93  9.61]
-29.629399 [  5.563  -1.375 -11.437] [-0.24  1.94  9.6 ]
-29.729866 [  5.5    -1.875 -11.437] [-0.32  1.94  9.6 ]
-29.830392 [  5.438  -2.375 -11.437] [-0.4   1.94  9.6 ]
-29.930941 [  5.375  -2.812 -11.437] [-0.49  1.94  9.59]
-30.031532 [  5.313  -3.25  -11.437] [-0.55  1.94  9.59]
-30.137494 [  5.25   -3.625 -11.375] [-0.62  1.93  9.59]
-30.238325 [  5.25   -4.062 -11.25 ] [-0.7   1.91  9.59]
-30.338874 [  5.188  -4.375 -10.812] [-0.75  1.83  9.6 ]
-30.441013 [  5.188  -4.687 -10.187] [-0.8   1.73  9.61]
-30.543271 [ 5.188 -4.812 -9.687] [-0.82  1.66  9.62]
-30.644936 [ 5.125 -4.875 -9.25 ] [-0.83  1.58  9.64]
-30.74584 [ 5.125 -4.875 -8.75 ] [-0.83  1.49  9.65]
-30.846485 [ 5.125 -4.875 -8.312] [-0.83  1.41  9.66]
-30.947018 [ 5.125 -4.875 -7.875] [-0.84  1.34  9.67]
-31.047451 [ 5.125 -4.875 -7.562] [-0.84  1.29  9.68]
-31.147784 [ 5.125 -4.875 -7.062] [-0.84  1.2   9.69]
-31.248321 [ 5.188 -4.75  -6.5  ] [-0.81  1.1   9.7 ]
-31.348902 [ 5.188 -4.187 -6.062] [-0.71  1.04  9.72]
-31.449904 [ 2.687 -3.375 -5.875] [-0.58  1.    9.73]
-31.551423 [ 5.313 -2.812 -5.625] [-0.48  0.96  9.74]
-31.653846 [ 2.625 -2.5   -5.562] [-0.42  0.94  9.75]
-31.755749 [ 5.375 -1.937 -5.5  ] [-0.34  0.94  9.75]
-31.857031 [ 5.438 -1.375 -5.5  ] [-0.13 -0.01 -0.01]
-31.957751 [ 5.438 -1.    -5.5  ] [-0.17  0.94  9.75]
-32.058208 [ 5.438 -0.562 -5.5  ] [-0.09  0.94  9.76]
-32.158689 [ 5.5   -0.125 -5.5  ] [-0.02  0.95  9.76]
-32.2592 [ 5.5   0.   -5.75] [ 1.28  0.98  9.75]
-32.359534 [ 5.5   0.25 -6.  ] [ 1.32  1.03  9.75]
-32.460011 [ 5.5    0.563 -6.5  ] [ 1.38  1.11  9.74]
-32.561042 [ 5.5    0.75  -6.875] [ 1.41  1.18  9.73]
-32.661842 [ 5.5    0.75  -7.437] [ 1.41  1.27  9.72]
-32.763681 [ 5.5    0.813 -8.062] [ 1.42  1.37  9.7 ]
-32.865859 [ 2.5    0.875 -8.5  ] [ 1.43  1.45  9.69]
-32.967582 [ 5.5    0.875 -9.062] [ 1.43  1.54  9.68]
-33.068747 [ 5.5    0.875 -9.437] [ 1.43  1.61  9.67]
-33.169646 [ 5.5    0.875 -9.875] [ 1.43  1.68  9.65]
-33.270009 [  5.5     0.813 -10.375] [ 1.42  1.76  9.64]
-33.370539 [  5.438   0.375 -10.687] [ 1.34  1.82  9.63]
-33.471008 [  5.438  -0.187 -11.062] [-0.03  1.89  9.62]
-33.57148 [  5.375  -0.687 -11.312] [-0.12  1.93  9.61]
-33.672129 [  5.313  -1.187 -11.437] [-0.2   1.94  9.6 ]
-33.772699 [  5.25  -1.75 -11.5 ] [-0.3   1.95  9.6 ]
-33.87343 [  5.25  -2.25 -11.5 ] [-0.39  1.95  9.6 ]
-33.974005 [  5.125  -2.812 -11.5  ] [  -0.48 -325.73    9.59]
-34.074718 [  5.063  -3.25  -11.5  ] [-0.55  1.95  9.59]
-34.175673 [  5.063  -3.625 -11.437] [-0.63  1.95  9.59]
-34.276609 [  5.    -4.   -11.25] [-0.68  1.91  9.59]
-34.377248 [  4.938  -4.375 -10.812] [-0.74  1.83  9.6 ]
-34.478241 [  4.938  -4.687 -10.25 ] [-0.8   1.74  9.61]
-34.579839 [ 4.938 -4.812 -9.687] [-0.82  1.65  9.63]
-34.680858 [ 4.938 -4.875 -9.25 ] [-0.84  1.57  9.64]
-34.78184 [ 4.938 -4.937 -8.687] [-0.85  1.48  9.65]
-34.882449 [ 4.938 -4.937 -8.187] [-0.85  1.39  9.66]
-34.982983 [ 4.938 -5.    -7.875] [-0.85  1.34  9.67]
-35.083768 [ 4.938 -5.    -7.437] [-0.85  1.27  9.68]
-35.184434 [ 5.    -5.    -6.812] [-0.86  1.16  9.69]
-35.285279 [ 5.   -5.   -6.25] [  -0.86    1.07 -317.98]
-35.385947 [ 5.    -4.687 -6.   ] [-0.81  1.02  9.71]
-35.486606 [ 5.    -3.937 -5.75 ] [-0.67  0.98  9.73]
-35.587262 [ 5.063 -3.187 -5.562] [-0.54  0.95  9.74]
-35.687776 [ 5.063 -2.687 -5.5  ] [-0.46  0.94  9.75]
-35.788339 [ 5.125 -2.25  -5.437] [-0.38  0.93  9.75]
-35.888808 [ 5.125 -1.625 -5.437] [-0.27  0.93  9.75]
-35.989387 [ 5.188 -1.125 -5.437] [-0.19  0.93  9.76]
-36.089975 [ 5.188 -0.75  -5.437] [-0.13  0.93  9.76]
-36.191201 [ 5.188 -0.187 -5.437] [-0.04  0.93  9.76]
-36.292332 [ 5.25   0.063 -5.625] [ 1.28  0.96  9.75]
