-0.074336 [ 7.75  -0.687 -8.75 ] [-0.12  1.49  9.69]
-0.17536 [ 7.875  1.375 -8.375] [ 1.51  1.43  9.69]
-0.275802 [ 7.938  1.875 -8.125] [ 1.6   1.38  9.7 ]
-0.378073 [ 7.938  1.813 -8.187] [ 1.59  1.4   9.7 ]
-0.478522 [ 7.938  1.75  -8.625] [ 1.58  1.47  9.68]
-0.579372 [ 7.875  1.688 -8.875] [ 1.57  1.52  9.68]
-0.680332 [ 7.875  1.625 -9.375] [ 1.56  1.59  9.67]
-0.781314 [ 7.875  1.438 -9.75 ] [ 1.54  1.66  9.66]
-0.882027 [  7.875   1.25  -10.062] [ 0.22  1.71  9.65]
-0.982746 [  7.813   0.875 -10.5  ] [ 1.43  1.79  9.63]
-1.083329 [  7.75    0.313 -10.875] [ 1.34  1.85  9.62]
-1.183895 [  7.688  -0.125 -11.125] [-0.02  1.89  9.62]
-1.284375 [  7.625  -0.562 -11.375] [-0.1   1.93  9.61]
-1.385637 [  7.563  -1.    -11.437] [-0.17  1.95  9.6 ]
-1.486147 [  0.437  -1.5   -11.562] [-0.26  1.97  9.6 ]
-1.587574 [  7.438  -2.187 -11.687] [-0.37  1.98  9.59]
-1.689788 [  7.375  -2.75  -11.687] [-0.47  1.98  9.59]
-1.791904 [  7.313  -3.187 -11.687] [-0.54  1.99  9.58]
-1.893258 [  7.25   -3.625 -11.687] [-0.61  1.98  9.58]
-1.994357 [  7.188  -4.    -11.562] [-0.69  1.96  9.58]
-2.09503 [  7.188  -4.375 -11.062] [-0.75  1.87  9.59]
-2.195511 [  7.125  -4.562 -10.5  ] [-0.78  1.78  9.61]
-2.295972 [  7.125  -4.687 -10.062] [-0.8   1.7   9.62]
-2.396582 [ 7.125 -4.687 -9.562] [-0.8   1.62  9.63]
-2.496924 [ 7.125 -4.687 -9.062] [-0.81  1.54  8.37]
-2.597149 [ 7.125 -4.75  -8.437] [-0.81  1.44  9.66]
-2.698172 [ 7.125 -4.75  -8.062] [-0.81  1.37  9.67]
-2.799411 [ 0.875 -4.75  -7.687] [-0.81  1.31  9.68]
-2.902173 [ 7.125 -4.75  -7.125] [-0.82  1.22  9.69]
-3.004115 [ 7.125 -4.75  -6.5  ] [-0.82  1.11  9.7 ]
-3.105342 [ 7.125 -4.375 -6.062] [-0.76  1.04  9.72]
-3.206119 [ 7.188 -3.562 -5.75 ] [-0.6   0.98  9.73]
-3.306776 [ 7.25  -2.812 -5.5  ] [-0.48  0.94  9.74]
-3.407169 [ 7.25  -2.5   -5.437] [-0.43  0.93  9.75]
-3.507642 [ 7.25  -2.187 -5.437] [-0.37  0.92  9.75]
-3.608274 [ 7.313 -1.5   -5.375] [-0.26  0.92  9.75]
-3.708851 [ 7.313 -0.937 -5.312] [-0.16  0.91  9.76]
-3.809323 [ 7.375 -8.562 -5.375] [-0.09  0.92  9.76]
-3.909875 [ 0.625 -0.125 -5.562] [-0.02  0.95  9.76]
-4.01127 [ 7.375  0.063 -5.875] [ 1.29  1.    9.75]
-4.113593 [ 0.625  0.25  -6.312] [ 0.04  1.08  9.74]
-4.215896 [ 7.375  0.563 -6.75 ] [ 1.37  1.15  9.73]
-4.317405 [ 7.375  0.813 -7.25 ] [ 1.41  1.23  9.72]
-4.418849 [ 7.375  0.938 -7.812] [ 1.44  1.34  9.71]
-4.519484 [ 7.375  1.    -8.375] [ 1.45  1.43  9.69]
-4.619966 [ 7.375  1.063 -8.937] [ 1.46  1.52  9.68]
-4.720507 [ 7.375  1.063 -9.375] [ 1.46  1.6   9.67]
-4.821134 [ 7.375  1.063 -9.75 ] [ 1.46  1.66  9.66]
-4.921673 [  7.375   1.063 -10.25 ] [ 1.46  1.74  9.64]
-5.022194 [  7.375   0.938 -10.625] [ 1.44  1.81  9.63]
-5.122772 [  7.313   0.5   -10.875] [   1.36    1.85 -318.06]
-5.223443 [  7.25   -0.125 -11.187] [-0.02  1.9   9.61]
-5.324109 [  7.188  -0.75  -11.437] [-0.13  1.94  9.61]
-5.424667 [  7.125  -1.187 -11.5  ] [-0.2   1.96  9.6 ]
-5.525227 [  7.063  -1.687 -11.562] [-0.28  1.96  9.6 ]
-5.625816 [  7.     -2.187 -11.562] [-0.37  1.96  9.59]
-5.726147 [  7.     -2.687 -11.562] [-0.46  1.97  9.59]
-5.826645 [  6.938  -3.062 -11.562] [-0.53  1.96  9.59]
-5.927608 [  6.875  -3.437 -11.5  ] [-0.59  1.95  9.59]
-6.028465 [  6.813  -3.875 -11.375] [-0.66  1.93  9.58]
-6.128906 [  6.813  -4.25  -10.875] [-0.73  1.85  9.6 ]
-6.229439 [-1681.25     -4.562   -10.25 ] [-0.78  1.73  9.61]
-6.329957 [ 6.75  -4.687 -9.75 ] [-0.8   1.67  9.62]
-6.430586 [ 6.75  -4.75  -9.312] [-0.81  1.59  9.64]
-6.531183 [ 6.75  -4.812 -8.812] [-0.82  1.49  9.65]
-6.631927 [ 6.75  -4.812 -8.375] [-0.82  1.42  9.66]
-6.732498 [ 6.75  -4.812 -7.875] [-0.82  1.34  9.67]
-6.833037 [  6.688 -12.812  -7.562] [-0.82  1.28  9.68]
-6.933581 [ 6.688 -4.812 -7.062] [-0.83  1.2   9.69]
-7.034165 [ 6.75 -4.75 -6.5 ] [-0.81  1.11  9.7 ]
-7.134715 [  6.813 -12.125  -6.062] [-0.71  1.04  9.72]
-7.235263 [ 6.875 -3.375 -5.812] [-0.58  0.99  9.73]
-7.335726 [ 6.875 -2.75  -5.625] [-0.47  0.96  9.74]
-7.437046 [ 6.875 -2.437 -5.562] [-0.42  0.95  9.75]
-7.537587 [ 6.938 -2.    -5.5  ] [-0.34  0.94  9.75]
-7.638128 [ 6.938 -1.375 -5.5  ] [-0.24  0.94  9.75]
-7.738804 [ 7.    -0.937 -5.5  ] [-0.16  0.94  9.75]
-7.839279 [ 7.  -0.5 -5.5] [-0.08  0.94  9.76]
-7.939674 [ 7.   0.  -5.5] [-0.01  0.94  9.76]
-8.039941 [ 7.     0.125 -5.75 ] [ 1.3   0.98  9.75]
-8.140439 [ 6.938  0.25  -6.125] [ 1.32  1.05  9.74]
-8.240975 [ 6.938  0.563 -6.562] [ 1.38  1.12  9.74]
-8.341601 [ 7.    0.75 -7.  ] [ 1.41  1.19  9.73]
-8.442492 [ 1.     0.813 -7.562] [ 1.42  1.29  9.72]
-8.543292 [ 7.     0.875 -8.125] [ 1.43  1.39  9.7 ]
-8.644389 [ 7.     0.875 -8.562] [ 0.15  1.46  9.69]
-8.744997 [ 6.938  0.875 -9.062] [ 1.43  1.55  9.68]
-8.845514 [ 6.938  0.938 -9.5  ] [ 1.44  1.62  9.67]
-8.946737 [ 6.938  0.938 -9.937] [ 1.44  1.69  9.65]
-9.047396 [  6.938   0.813 -10.5  ] [ 1.42  1.78  9.64]
-9.148568 [  6.938   0.313 -10.75 ] [ 1.34  1.83  9.63]
-9.248994 [  6.875  -0.312 -11.125] [-0.06  1.89  9.62]
-9.35096 [  6.75   -1.    -11.312] [-0.17  1.93  9.61]
-9.45333 [  6.75   -1.437 -11.5  ] [-0.24  1.95  9.6 ]
-9.555052 [  6.625  -1.937 -11.562] [-0.33  1.97  9.6 ]
-9.656146 [  6.625  -2.437 -11.625] [-0.41  1.97  9.59]
-9.756811 [  6.563  -2.875 -11.625] [-0.49  1.97  9.59]
-9.857149 [  6.5    -3.312 -11.625] [-0.57  1.97  9.58]
-9.957507 [  6.438  -3.75  -11.562] [  -0.64 -325.72    9.58]
-10.057768 [  6.375  -4.062 -11.25 ] [-0.69  1.91  9.59]
-10.158119 [  6.375  -4.437 -10.75 ] [-0.76  1.82  9.6 ]
-10.258347 [  6.313  -4.687 -10.187] [-0.8   1.73  9.61]
-10.358775 [ 6.375 -4.812 -9.75 ] [-0.82  1.65  9.63]
-10.459338 [ 6.313 -4.812 -9.375] [-0.83  1.59  9.64]
-10.559836 [ 6.313 -4.875 -8.812] [-0.83  1.49  9.65]
-10.660884 [ 6.313 -4.875 -8.125] [-0.83  1.38  9.67]
-10.762367 [ 1.687 -4.875 -7.687] [-0.83  1.31  9.68]
-10.864497 [ 6.313 -4.875 -7.312] [-0.83  1.24  9.69]
-10.966461 [ 6.313 -4.875 -6.687] [-0.84  1.15  9.7 ]
-11.067834 [ 6.313 -4.875 -6.187] [-0.83  1.06  9.71]
-11.16873 [ 6.375 -4.437 -5.875] [-0.75  1.01  9.72]
-11.269383 [ 6.438 -3.625 -5.687] [-0.62  0.97  9.73]
-11.369952 [ 6.438 -2.937 -5.562] [-0.5   0.95  9.74]
-11.470444 [ 6.5   -2.5   -5.562] [-0.42  0.95  9.75]
-11.571033 [ 6.5   -2.    -5.562] [-0.35  0.95  9.75]
-11.671671 [ 6.5   -1.437 -5.5  ] [-0.25  0.94  9.75]
-11.772173 [ 6.563 -0.937 -5.5  ] [-0.16  0.94  9.75]
-11.872784 [ 6.563 -0.562 -5.5  ] [-0.09  0.94  9.76]
-11.974962 [ 6.625 -0.062 -5.562] [-0.01  0.95  9.76]
-12.077172 [ 1.375  0.188 -5.75 ] [ 1.31  0.98  9.75]
-12.179286 [ 6.625  0.375 -6.187] [ 1.35  1.05  9.74]
-12.280496 [ 6.625  0.688 -6.625] [ 1.4   1.13  9.73]
-12.381396 [ 6.625  0.938 -7.062] [ 1.44  1.21  9.72]
-12.481908 [ 6.625  1.    -7.687] [ 1.45  1.31  9.71]
-12.582295 [ 6.625  1.    -8.312] [ 1.45  1.42  9.7 ]
-12.682778 [ 6.625  1.    -8.687] [ 1.45  1.48  9.69]
-12.783517 [ 6.625  1.    -9.187] [ 1.45  1.57  9.67]
-12.884276 [ 6.625  1.    -9.625] [ 1.45  1.64  9.66]
-12.984922 [ 6.625  1.    -9.937] [ 1.45  1.7   9.65]
-13.085335 [  6.563   0.688 -10.437] [ 1.4   1.77  9.64]
-13.185854 [  6.563   0.188 -10.687] [ 1.31  1.82  9.63]
-13.286252 [  6.5    -0.437 -11.062] [-0.08  1.88  9.62]
-13.387182 [  1.625  -1.062 -11.437] [-0.19  1.94  9.6 ]
-13.487826 [  6.313  -1.5   -11.562] [-0.26  1.96  9.6 ]
-13.588276 [  6.25   -2.125 -11.625] [-0.36  1.98  9.59]
-13.688827 [  6.188  -2.562 -11.625] [-0.44  1.98  9.59]
-13.789257 [  6.125  -3.062 -11.625] [-0.52  1.98  9.58]
-13.889788 [  6.063  -3.437 -11.625] [-0.59  1.98  9.58]
-13.990398 [  6.     -3.875 -11.625] [-0.66  1.98  9.58]
-14.091005 [  6.     -4.187 -11.5  ] [-0.71  1.95  9.58]
-14.19164 [  5.938  -4.562 -11.062] [-0.78  1.88  9.59]
-14.292525 [  5.938  -4.687 -10.437] [-0.8   1.77  9.61]
-14.39304 [ 5.938 -4.75  -9.812] [-0.81  1.68  9.62]
-14.493829 [ 5.938 -4.812 -9.312] [-0.82  1.59  9.64]
-14.594449 [ 5.938 -4.812 -8.875] [-0.82  1.51  9.65]
-14.695272 [ 5.938 -4.812 -8.312] [-0.83  1.41  9.66]
-14.795822 [ 5.938 -4.812 -7.875] [-0.83  1.34  9.67]
-14.89686 [  5.875 -12.875  -7.5  ] [-0.83  1.28  9.68]
-14.997518 [ 5.938 -4.875 -7.   ] [-0.83  1.19  9.69]
-15.097957 [ 5.938 -4.875 -6.5  ] [-0.83  1.1   9.7 ]
-15.198462 [ 6.    -4.5   -5.937] [-0.77  1.02  9.72]
-15.299067 [ 6.    -3.75  -5.562] [-0.64  0.95  9.73]
-15.399479 [ 6.063 -3.    -5.375] [-0.52  0.92  9.74]
-15.499915 [ 6.063 -2.5   -5.312] [-0.43  0.91  9.75]
-15.600442 [ 6.125 -2.062 -5.312] [-0.35  0.91  9.75]
-15.70097 [ 6.125 -1.5   -5.312] [-0.26  0.91  9.76]
-15.801562 [ 6.125 -1.    -5.312] [-0.17  0.91  9.76]
-15.902132 [ 6.188 -0.562 -5.312] [-0.1   0.91  9.76]
-16.002664 [ 6.188 -0.25  -5.5  ] [-0.04  0.94  9.76]
-16.103067 [ 6.188  0.    -5.812] [ 1.28  1.    9.75]
-16.203563 [ 6.188  0.188 -6.062] [ 1.32  1.03  9.75]
-16.304394 [ 6.188  0.438 -6.687] [ 1.36  1.15  9.73]
-16.406168 [ 6.188  0.688 -7.25 ] [ 1.4   1.23  9.72]
-16.507081 [ 6.188  0.813 -7.812] [ 1.41  1.32  9.71]
-16.607708 [ 6.188  0.875 -8.375] [   1.43    1.43 -317.98]
-16.70818 [ 6.188  0.938 -8.875] [ 1.44  1.51  9.68]
-16.808658 [ 6.188  0.938 -9.312] [ 1.44  1.59  9.67]
-16.90927 [ 6.188  0.938 -9.687] [ 1.44  1.65  9.66]
-17.009786 [  6.188   0.938 -10.125] [ 1.44  1.73  9.65]
-17.110465 [  6.188   0.813 -10.625] [ 1.42  1.8   9.63]
-17.211646 [  6.125   0.313 -10.875] [ 1.33  1.85  9.62]
-17.313271 [  6.125  -0.25  -11.125] [-0.04  1.89  9.62]
-17.415465 [  2.     -0.875 -11.375] [-0.15  1.94  9.61]
-17.51705 [  5.938  -1.375 -11.5  ] [-0.23  1.95  9.6 ]
-17.618239 [  5.875  -1.875 -11.5  ] [-0.31  1.96  9.6 ]
-17.718974 [  5.813  -2.375 -11.562] [-0.4   1.96  9.59]
-17.819443 [  5.813  -2.812 -11.562] [-0.49  1.96  9.59]
-17.920679 [  5.75   -3.25  -11.562] [-0.56  1.96  9.59]
-18.021316 [  5.688  -3.625 -11.437] [-0.62  1.95  9.59]
-18.122194 [  2.375  -4.062 -11.312] [-0.69  1.92  9.59]
-18.223434 [  5.625  -4.437 -10.937] [-0.76  1.85  9.59]
-18.325579 [  5.563  -4.687 -10.25 ] [-0.81  1.74  9.61]
-18.42782 [ 5.563 -4.75  -9.75 ] [-0.81  1.66  9.62]
-18.529299 [ 5.563 -4.812 -9.25 ] [-0.82  1.58  9.64]
-18.630483 [ 5.563 -4.812 -8.75 ] [-0.83  1.49  9.65]
-18.731295 [ 5.563 -4.812 -8.312] [-0.83  1.41  9.66]
-18.831907 [ 5.563 -4.875 -7.812] [-0.83  1.33  9.67]
-18.932527 [  5.563 -12.875  -7.437] [-0.83  1.27  9.68]
-19.033348 [ 5.5   -4.875 -7.   ] [-0.83  1.19  9.69]
-19.134427 [ 2.437 -4.75  -6.437] [  -0.81    1.1  -317.97]
-19.235944 [ 5.563 -4.125 -6.   ] [-0.71  1.02  9.72]
-19.338194 [ 5.625 -3.375 -5.75 ] [-0.57  0.98  9.73]
-19.440796 [ 5.625 -2.687 -5.562] [-0.47  0.95  9.74]
-19.542158 [ 5.688 -2.375 -5.5  ] [-0.41  0.94  9.75]
-19.64311 [ 5.688 -1.875 -5.437] [-0.32  0.93  9.75]
-19.743584 [ 5.75  -1.312 -5.375] [-0.22  0.92  9.75]
-19.84413 [ 5.75  -0.812 -5.375] [-0.14  0.92  9.76]
-19.944704 [ 5.75  -0.375 -5.375] [-0.07  0.92  9.76]
-20.045145 [ 5.813  0.    -5.437] [ 1.28  0.93  9.76]
-20.145457 [ 5.75   0.188 -5.687] [ 1.31  0.97  9.75]
-20.245827 [ 5.75   0.375 -6.062] [ 1.35  1.03  9.75]
-20.346077 [ 5.75   0.688 -6.437] [ 1.39  1.1   9.74]
-20.446483 [ 5.75   0.875 -6.875] [ 1.43  1.18  9.73]
-20.546811 [ 5.75   0.938 -7.437] [ 1.44  1.27  9.72]
-20.647191 [ 5.75   0.938 -8.062] [ 1.44  1.38  9.7 ]
-20.747561 [ 5.75  1.   -8.5 ] [ 1.45  1.45  9.69]
-20.848126 [ 5.75  1.   -9.  ] [ 1.45  1.54  9.68]
-20.94938 [ 5.75   1.    -9.437] [ 1.45  1.6   9.67]
-21.049913 [ 5.75   1.    -9.875] [ 1.45  1.68  9.65]
-21.150434 [  5.688   0.875 -10.312] [ 1.43  1.76  9.64]
-21.25101 [  2.312   0.313 -10.625] [ 0.06  1.81  9.63]
-21.351579 [  5.625  -0.375 -10.937] [-0.06  1.87  9.62]
-21.452136 [  5.563  -0.937 -11.312] [-0.16  1.93  9.61]
-21.552848 [  5.5    -1.437 -11.437] [-0.24  1.94  9.6 ]
-21.653811 [  5.438  -1.937 -11.5  ] [-0.33  1.95  9.6 ]
-21.754389 [  5.375  -2.437 -11.5  ] [-0.41  1.95  9.6 ]
-21.855157 [  5.313  -2.875 -11.5  ] [-0.49  1.95  9.59]
-21.955921 [  5.25   -3.312 -11.5  ] [-0.56  1.95  9.59]
-22.056277 [  5.188  -3.75  -11.437] [-0.63  1.94  9.59]
-22.156798 [  5.125  -4.062 -11.187] [-0.7   1.9   9.59]
-22.257196 [  5.125  -4.437 -10.687] [-0.76  1.81  9.6 ]
-22.357607 [  5.125  -4.625 -10.062] [-0.79  1.71  9.62]
-22.458739 [ 5.125 -4.75  -9.562] [-0.81  1.62  9.63]
-22.559306 [ 5.125 -4.812 -9.125] [-0.82  1.55  9.64]
-22.659827 [ 5.125 -4.875 -8.562] [-0.83  1.45  9.66]
-22.760447 [ 5.063 -4.875 -8.125] [-0.84  1.38  9.67]
-22.86096 [ 5.063 -4.875 -7.687] [-0.84  1.31  9.68]
-22.961564 [ 5.063 -4.875 -7.312] [-0.84  1.24  9.69]
-23.062062 [ 5.063 -4.875 -6.75 ] [-0.84  1.15  9.7 ]
-23.162646 [ 5.125 -4.875 -6.25 ] [-0.83  1.07  9.71]
-23.263057 [ 5.188 -4.437 -5.937] [-0.76  1.01  9.72]
-23.363599 [ 5.188 -3.625 -5.687] [-0.63  0.97  9.73]
-23.464225 [ 5.25  -2.937 -5.5  ] [-0.5   0.94  9.74]
-23.56475 [ 5.25  -2.5   -5.437] [-0.43  0.93  9.75]
-23.665222 [ 5.313 -2.125 -5.437] [-0.37  0.93  9.75]
-23.765789 [ 5.313 -1.5   -5.437] [-0.26  0.93  9.75]
-23.866501 [ 5.375 -1.    -5.437] [-0.17  0.93  9.76]
-23.967695 [ 5.375 -0.562 -5.437] [-0.11  0.93  9.76]
-24.068496 [ 5.375 -0.125 -5.437] [-0.03  0.92  9.76]
-24.16942 [ 5.375  0.125 -5.562] [ 1.3   0.95  9.75]
-24.269945 [ 5.375  0.375 -6.   ] [ 1.34  1.03  9.75]
-24.370511 [ 5.438  0.688 -6.437] [ 1.4   1.1   9.74]
-24.471018 [ 5.438  0.938 -6.875] [ 1.44  1.18  9.73]
-24.571649 [ 5.438  1.    -7.437] [ 1.45  1.27  9.72]
-24.672622 [ 5.438  1.125 -8.062] [ 1.47  1.38  9.7 ]
-24.773865 [ 5.438  1.125 -8.5  ] [ 1.47  1.45  8.41]
-24.875456 [ 5.438  1.125 -9.062] [ 1.47  1.54  9.68]
-24.977723 [ 2.562  1.125 -9.437] [ 1.47  1.61  9.67]
-25.079315 [ 5.375  1.063 -9.812] [ 1.46  1.67  9.66]
-25.180417 [  5.438   0.75  -10.375] [ 1.42  1.76  9.64]
-25.281088 [  5.375   0.188 -10.687] [ 1.31  1.82  9.63]
-25.381787 [  5.25   -0.437 -11.   ] [-0.08  1.87  9.62]
-25.482703 [  5.188  -1.062 -11.312] [-0.18  1.92  9.61]
-25.583606 [  2.875  -1.437 -11.437] [-0.25  1.95  9.6 ]
-25.688693 [  2.937  -2.    -11.5  ] [-0.34  1.95  9.6 ]
-25.790741 [  5.     -2.437 -11.5  ] [-0.41  1.95  9.6 ]
-25.892037 [  4.938  -2.937 -11.5  ] [-0.5   1.95  9.59]
-25.993052 [  4.875  -3.312 -11.5  ] [-0.57  1.95  9.59]
-26.093797 [  4.875  -3.75  -11.5  ] [-0.64  1.95  9.58]
-26.194822 [  4.813  -4.062 -11.312] [-0.7   1.92  9.59]
-26.296169 [  4.75   -4.437 -10.875] [-0.76  1.84  9.6 ]
-26.398522 [  4.75   -4.625 -10.312] [-0.79  1.75  9.61]
-26.501192 [ 4.75  -4.687 -9.812] [-0.8   1.67  9.62]
-26.603206 [ 4.813 -4.75  -9.312] [-0.81  1.58  9.64]
-26.703671 [ 4.75  -4.75  -8.812] [-0.81  1.5   9.65]
-26.804461 [ 4.75  -4.812 -8.25 ] [-0.82  1.4   9.67]
-26.906975 [ 4.75  -4.812 -7.937] [-0.82  1.35  9.67]
-27.007703 [ 4.75  -4.812 -7.562] [-0.82  1.28  9.68]
-27.108364 [ 4.75  -4.812 -7.   ] [-0.82  1.19  9.69]
-27.209245 [ 4.813 -4.812 -6.312] [-0.82  1.07  9.71]
-27.309869 [ 4.813 -4.375 -5.812] [-0.75  0.99  9.72]
-27.410608 [ 4.875 -3.625 -5.562] [-0.62  0.95  9.74]
-27.511286 [ 4.875 -2.875 -5.312] [-0.49  0.91  9.75]
-27.612242 [ 4.875 -2.375 -5.25 ] [-0.41  0.89  9.75]
-27.713311 [ 4.938 -1.875 -5.187] [-0.33  0.89  9.76]
-27.814007 [ 4.938 -1.375 -5.187] [-0.24  0.89  8.48]
-27.914918 [ 5.    -0.812 -5.187] [-0.14  0.89  9.76]
-28.016122 [ 5.    -0.437 -5.187] [-0.08  0.89  9.76]
-28.116932 [ 5.    -0.062 -5.312] [-0.01  0.91  9.76]
-28.217681 [ 5.     0.125 -5.687] [ 1.31  0.97  9.75]
-28.318306 [ 5.     0.313 -6.062] [ 1.34  1.04  9.75]
-28.420926 [ 5.     0.563 -6.562] [ 1.38  1.12  9.74]
-28.521952 [ 5.     0.813 -7.   ] [   1.42 -326.48    9.73]
-28.623015 [ 5.     0.938 -7.562] [ 1.44  1.29  9.71]
-28.7237 [ 5.     1.    -8.125] [ 1.45  1.39  9.7 ]
-28.824456 [ 5.     1.063 -8.625] [ 1.46  1.47  9.69]
-28.925373 [ 5.     1.063 -9.125] [ 1.46  1.55  9.68]
-29.026086 [ 5.     1.063 -9.5  ] [ 0.18  1.61  9.67]
-29.127074 [  5.      1.063 -10.   ] [ 1.46  1.7   9.65]
-29.227633 [  5.      0.938 -10.437] [ 1.44  1.77  9.64]
-29.328189 [  4.938   0.438 -10.687] [ 1.35  1.82  9.63]
-29.428737 [  4.875  -0.125 -11.   ] [-0.02  1.87  9.62]
-29.529332 [  4.75   -0.812 -11.25 ] [-0.14  1.91  9.61]
-29.630368 [  4.688  -1.25  -11.312] [-0.22  1.93  9.61]
-29.731867 [  4.625  -1.812 -11.375] [-0.31  1.94  9.6 ]
-29.833281 [  4.625  -2.25  -11.437] [-0.38  1.94  9.6 ]
-29.936223 [  4.563  -2.75  -11.437] [-0.46  1.94  9.6 ]
-30.037776 [  4.5    -3.125 -11.437] [-0.53  1.94  9.59]
-30.138804 [  4.438  -3.5   -11.312] [-0.6   1.92  9.59]
-30.239343 [  4.375  -3.937 -11.187] [-0.68  1.9   9.59]
-30.339952 [  4.375  -4.312 -10.687] [-0.74  1.81  9.6 ]
-30.44047 [  4.375  -4.562 -10.125] [-0.78  1.72  9.62]
-30.541099 [ 4.375 -4.687 -9.687] [-0.8   1.64  9.63]
-30.64213 [ 4.313 -4.75  -9.187] [-0.82  1.56  9.64]
-30.743651 [ 4.313 -4.812 -8.687] [-0.82  1.48  9.65]
-30.845509 [ 4.313 -4.875 -8.25 ] [-0.84  1.4   9.66]
-30.947723 [ 4.313 -4.875 -7.812] [-0.84  1.33  9.67]
-31.04898 [ 4.313 -4.937 -7.437] [-0.84  1.27  9.68]
-31.149919 [ 4.25  -4.937 -6.937] [-0.84  1.19  9.69]
-31.250735 [ 4.313 -4.812 -6.375] [-0.82  1.09  9.71]
-31.351123 [ 4.375 -4.25  -6.062] [-0.73  1.03  9.72]
-31.452317 [ 4.438 -3.375 -5.75 ] [-0.57  0.98  9.73]
-31.553383 [ 4.438 -2.75  -5.562] [-0.47  0.95  9.74]
-31.654523 [ 4.438 -2.375 -5.437] [-0.41  0.93  9.75]
-31.755926 [ 4.5   -1.875 -5.437] [-0.33  0.93  9.75]
-31.858162 [ 3.5   -1.312 -5.437] [-0.22  0.93  9.75]
-31.960349 [ 4.563 -0.812 -5.437] [-0.15  0.93  9.76]
-32.061688 [  4.56300000e+00  -4.37000000e-01   2.04256300e+03] [-0.08  0.93  9.76]
-32.1622 [ 4.563  0.    -5.437] [ 1.28  0.93  9.76]
-32.262705 [ 4.563  0.188 -5.625] [ 1.31  0.96  9.75]
-32.363197 [ 4.563  0.438 -5.937] [ 1.35  1.02  9.75]
-32.463758 [ 4.563  0.75  -6.375] [ 1.41  1.09  9.74]
-32.564287 [ 4.563  0.938 -6.812] [ 1.44  1.16  9.73]
-32.664776 [ 4.563  1.    -7.375] [ 1.45  1.26  9.72]
-32.765303 [ 4.563  1.    -8.   ] [ 1.45  1.37  9.7 ]
-32.865818 [ 4.563  1.    -8.437] [ 1.46  1.44  9.69]
-32.966809 [ 4.563  1.    -8.937] [ 1.46  1.52  9.68]
-33.06732 [ 4.563  1.    -9.312] [ 1.46  1.59  9.67]
-33.167731 [ 4.563  1.    -9.812] [ 1.45  1.67  9.66]
-33.268241 [  3.437   1.    -10.312] [ 1.45  1.75  9.64]
-33.368832 [  4.5     0.5   -10.625] [ 1.37  1.8   9.63]
-33.469342 [  4.438  -0.062 -11.   ] [-0.01  1.87  9.62]
-33.570017 [  4.438  -0.625 -11.25 ] [-0.11  1.91  9.61]
-33.670627 [ 4.375 -1.125 -3.375] [-0.19  1.93  9.61]
-33.771873 [  4.313  -1.687 -11.5  ] [-0.29  1.95  9.6 ]
-33.872754 [  4.25  -2.25 -11.5 ] [-0.38  1.95  9.6 ]
-33.973716 [  4.188  -2.75  -11.5  ] [-0.46  1.95  9.59]
-34.074489 [  4.125  -3.187 -11.5  ] [-0.53  1.95  9.59]
-34.175525 [  4.125  -3.562 -11.437] [-0.61  1.94  9.59]
-34.276127 [  4.063  -3.875 -11.125] [-0.67  1.89  9.59]
-34.376717 [  4.     -4.25  -10.625] [-0.72  1.8   9.61]
-34.477195 [  4.     -4.5   -10.125] [-0.77  1.71  9.62]
-34.577921 [ 4.    -4.625 -9.562] [-0.79  1.62  9.63]
-34.678463 [ 4.    -4.625 -9.187] [-0.79  1.56  9.64]
-34.779042 [ 4.    -4.687 -8.625] [ 326.88    1.47    9.66]
-34.879665 [ 4.    -4.687 -8.125] [-0.8   1.38  9.67]
-34.980521 [ 4.    -4.687 -7.875] [-0.8   1.34  9.68]
-35.081252 [ 4.    -4.687 -7.437] [-0.8   1.27  9.69]
-35.181928 [ 4.    -4.687 -6.812] [-0.8   1.16  9.7 ]
-35.282618 [ 4.    -4.687 -6.312] [-0.81  1.07  9.71]
-35.383286 [ 4.    -4.375 -6.   ] [-0.75  1.02  9.72]
-35.483885 [ 4.063 -3.562 -5.687] [-0.61  0.97  9.73]
-35.584865 [ 3.875 -2.812 -5.562] [-0.48  0.94  9.74]
-35.685802 [ 4.125 -2.312 -5.437] [-0.4   0.93  9.75]
-35.786746 [ 4.188 -1.812 -5.437] [-0.32  0.93  9.75]
-35.887699 [ 4.188 -1.187 -5.437] [-0.21  0.93  9.76]
-35.988361 [ 4.25  -0.75  -5.437] [-0.13  0.93  9.76]
-36.089035 [ 4.25  -0.312 -5.437] [-0.06  0.93  9.76]
-36.189592 [ 4.25   0.063 -5.437] [ 1.29  0.93  9.76]
-36.290016 [ 4.313  0.438 -5.625] [ 1.35  0.96  9.75]
