-0.074311 [ 7.625 -1.312 -8.687] [-0.23  1.48  9.69]
-0.175961 [ 7.875  1.    -8.375] [ 1.45  1.43  9.69]
-0.278206 [ 0.062  2.063 -8.   ] [ 0.35  1.37  9.7 ]
-0.380412 [ 7.938  1.813 -8.062] [ 1.59  1.36  9.7 ]
-0.48171 [ 7.875  1.75  -8.312] [ 1.58  1.41  9.69]
-0.58262 [ 7.875  1.688 -8.75 ] [ 1.57  1.49  9.68]
-0.683136 [ 7.875  1.563 -9.25 ] [ 1.55  1.57  9.67]
-0.783711 [ 7.875  1.5   -9.625] [ 1.53  1.64  9.66]
-0.884296 [ 7.813  1.188 -9.937] [ 1.49  1.7   9.65]
-0.984552 [  7.813   0.75  -10.437] [ 1.41  1.77  9.64]
-1.086928 [  7.75   0.25 -10.75] [ 1.32  1.83  9.63]
-1.189155 [  7.688  -0.187 -11.   ] [-0.04  1.87  9.62]
-1.291553 [  7.625  -0.75  -11.375] [-0.12  1.93  9.61]
-1.392999 [  7.625  -1.125 -11.437] [-0.18  1.95  9.6 ]
-1.4941 [  7.5    -1.812 -11.562] [-0.31  1.96  9.6 ]
-1.594503 [  7.438  -2.312 -11.625] [-0.4   1.97  9.59]
-1.694803 [  7.375  -2.812 -11.625] [-0.48  1.98  9.59]
-1.795285 [  7.313  -3.187 -11.625] [-0.55  1.98  9.58]
-1.895568 [  7.25   -3.625 -11.625] [-0.62  1.97  9.58]
-1.995909 [  7.25  -4.   -11.5 ] [-0.68  1.95  9.58]
-2.096374 [  7.188  -4.312 -11.   ] [-0.74  1.86  9.59]
-2.196723 [  7.188  -4.5   -10.375] [-0.77  1.77  9.61]
-2.297063 [ 7.188 -4.562 -9.937] [-0.78  1.69  9.62]
-2.397389 [ 7.188 -4.625 -9.5  ] [-0.79  1.61  9.63]
-2.497613 [ 7.188 -4.687 -9.   ] [-0.8   1.53  9.65]
-2.599553 [ 7.188 -4.687 -8.5  ] [-0.81  1.44  9.66]
-2.70004 [ 7.25  -4.687 -8.125] [-0.81  1.38  9.67]
-2.800338 [ 7.25 -4.75 -7.75] [-0.81  1.32  9.68]
-2.90066 [ 7.25 -4.75 -7.25] [-0.81  1.23  9.69]
-3.000908 [ 7.313 -4.75  -6.625] [-0.81  1.13  9.7 ]
-3.101263 [ 7.313 -4.312 -6.187] [-0.74  1.05  9.72]
-3.201592 [-1680.625    -3.562    -5.812] [-0.61  0.99  9.73]
-3.301999 [ 7.375 -2.812 -5.562] [-0.48  0.95  9.74]
-3.402281 [ 7.438 -2.312 -5.5  ] [-0.4   0.94  9.75]
-3.502575 [ 7.438 -1.812 -5.5  ] [-0.32  0.94  9.75]
-3.602816 [ 7.438 -1.25  -5.5  ] [-0.22  0.94  9.75]
-3.703166 [ 7.5  -0.75 -5.5 ] [-0.12  0.94  9.76]
-3.803602 [ 7.5   -0.375 -5.5  ] [-0.07  0.94  9.76]
-3.903713 [ 7.5    0.    -5.625] [ 1.28  0.96  9.75]
-4.005951 [ 7.5    0.25  -5.875] [ 1.32  1.    9.75]
-4.10683 [ 7.5    0.375 -6.312] [ 1.34  1.07  9.74]
-4.207368 [ 7.563  0.563 -6.812] [ 1.37  1.16  9.73]
-4.308286 [ 7.563  0.813 -7.312] [ 1.42  1.25  9.72]
-4.408723 [ 7.563  0.875 -7.875] [ 1.43  1.35  9.71]
-4.509032 [ 7.563  0.938 -8.437] [ 1.44  1.44  9.69]
-4.609578 [ 7.563  1.    -8.937] [ 1.45  1.53  9.68]
-4.710135 [ 7.563  1.    -9.437] [ 1.45  1.61  9.67]
-4.810678 [ 7.563  1.    -9.812] [ 1.45  1.67  9.66]
-4.91112 [  7.563   1.    -10.312] [ 1.45  1.75  9.64]
-5.011531 [  7.563   0.875 -10.687] [ 1.43  1.81  9.63]
-5.112115 [  7.5     0.5   -10.875] [ 1.36  1.85  9.62]
-5.212495 [  7.438  -0.062 -11.125] [-0.02  1.89  9.62]
-5.313011 [  7.375  -0.687 -11.437] [-0.12  1.94  9.61]
-5.413383 [  7.313  -1.187 -11.562] [-0.21  1.96  9.6 ]
-5.513776 [  7.125  -2.375 -11.75 ] [-0.41  2.    9.59]
-5.614257 [  7.125  -2.625 -11.812] [-0.45  2.01  9.58]
-5.714719 [  7.063  -3.    -11.812] [-0.52  2.01  9.58]
-5.815291 [  7.     -3.375 -11.812] [-0.58  2.01  9.58]
-5.915784 [  6.938  -3.687 -11.75 ] [-0.63  2.    9.57]
-6.016413 [  6.938  -4.125 -11.562] [-0.7   1.96  9.58]
-6.117364 [  1.125  -4.437 -11.   ] [-0.76  1.87  9.59]
-6.218294 [  6.875  -4.75  -10.437] [-0.8   1.77  9.6 ]
-6.319314 [ 6.938 -4.812 -9.937] [-0.83  1.7   9.62]
-6.419851 [ 6.875 -4.875 -9.437] [-0.83  1.61  9.63]
-6.520328 [ 6.938 -4.875 -8.937] [-0.84  1.52  9.65]
-6.620806 [ 6.938 -4.937 -8.437] [-0.84  1.44  9.66]
-6.721374 [ 6.938 -4.937 -8.   ] [-0.84  1.36  9.67]
-6.821886 [ 6.938 -4.937 -7.625] [-0.84  1.3   9.68]
-6.922372 [ 6.938 -4.937 -7.187] [-0.84  1.22  9.69]
-7.022977 [ 7.    -4.687 -6.625] [-0.8   1.13  9.7 ]
-7.124465 [ 7.    -4.062 -6.187] [-0.69  1.06  9.72]
-7.226802 [ 7.063 -3.187 -6.   ] [-0.55  1.02  9.73]
-7.32918 [ 7.063 -2.625 -5.75 ] [-0.46  0.98  9.74]
-7.430366 [ 7.125 -2.312 -5.687] [-0.4   0.97  9.74]
-7.531148 [ 7.125 -1.812 -5.625] [-0.31  0.97  9.75]
-7.631601 [ 7.125 -1.25  -5.625] [-0.21  0.97  9.75]
-7.73194 [ 7.188 -0.812 -5.625] [-0.14  0.97  9.75]
-7.832468 [ 7.188 -0.375 -5.625] [-0.06  0.97  9.75]
-7.93356 [ 7.188  0.    -5.687] [ 1.28  0.97  9.75]
-8.034312 [ 7.25   0.25  -5.875] [ 1.32  1.    9.75]
-8.135278 [ 7.188  0.375 -6.187] [ 1.34  1.06  9.74]
-8.237125 [ 7.25   0.688 -6.625] [ 1.4   1.14  9.73]
-8.339555 [ 7.25   0.875 -7.125] [ 1.43  1.21  9.72]
-8.441043 [ 7.25   0.938 -7.687] [ 1.44  1.3   9.71]
-8.54208 [ 7.25   0.938 -8.312] [ 1.44  1.42  9.7 ]
-8.642682 [ 7.25   0.938 -8.75 ] [ 1.44  1.49  9.68]
-8.743076 [ 7.25   0.938 -9.312] [ 1.44  1.58  9.67]
-8.843355 [ 7.25   0.938 -9.625] [ 1.44  1.64  9.66]
-8.943765 [  7.25    0.938 -10.062] [ 1.44  1.72  9.65]
-9.044249 [  7.25    0.875 -10.562] [ 1.43  1.8   9.63]
-9.144712 [  7.188   0.313 -10.937] [ 1.34  1.86  9.62]
-9.245389 [  7.125  -0.312 -11.312] [-0.06  1.93  9.61]
-9.346576 [  7.063  -1.    -11.625] [-0.17  1.98  9.6 ]
-9.448207 [  1.    -1.5  -11.75] [-0.26  1.99  9.59]
-9.550516 [  1.     -1.937 -11.812] [-0.33  2.01  9.59]
-9.652458 [  6.938  -2.437 -11.812] [-0.41  2.    9.58]
-9.754121 [  6.875  -2.875 -11.812] [-0.49  2.    9.58]
-9.854653 [  6.813  -3.25  -11.812] [-0.56  2.    9.58]
-9.955259 [  6.75   -3.75  -11.812] [-0.64  2.    9.57]
-10.055932 [  6.688  -4.062 -11.5  ] [-0.69  1.95  9.58]
-10.15651 [  6.688  -4.312 -10.937] [-0.74  1.86  9.59]
-10.25712 [  6.625  -4.625 -10.562] [-0.79  1.79  9.6 ]
-10.357604 [  6.625  -4.75  -10.   ] [-0.81  1.7   9.62]
-10.4581 [ 6.688 -4.812 -9.562] [-0.82  1.62  9.63]
-10.558653 [ 6.625 -4.875 -9.062] [-0.83  1.54  9.64]
-10.659218 [ 6.625 -4.937 -8.5  ] [-0.84  1.45  9.66]
-10.75979 [ 6.625 -4.937 -8.187] [-0.84  1.39  9.66]
-10.860927 [ 6.625 -4.937 -7.75 ] [-0.84  1.31  9.68]
-10.961352 [ 6.625 -4.937 -7.062] [-0.84  1.2   9.69]
-11.061739 [ 6.625 -4.937 -6.625] [-0.84  1.12  9.7 ]
-11.161983 [ 6.625 -4.562 -6.312] [-0.78  1.07  9.71]
-11.262237 [ 6.688 -3.812 -6.   ] [-0.65  1.02  9.73]
-11.362477 [ 6.688 -3.062 -5.812] [-0.53  1.    9.74]
-11.462626 [ 6.75  -2.562 -5.75 ] [-0.44  0.98  9.74]
-11.565372 [ 6.75  -2.062 -5.687] [-0.36  0.98  9.75]
-11.665945 [ 6.813 -1.437 -5.687] [-0.25  0.97  9.75]
-11.766536 [ 6.813 -0.937 -5.687] [-0.17  0.97  9.75]
-11.866887 [ 6.875 -0.625 -5.687] [-0.1   0.97  9.75]
-11.96729 [ 6.875 -0.125 -5.687] [-0.02  2.25  9.75]
-12.067566 [ 6.875  0.188 -5.812] [ 1.31  1.    9.75]
-12.167967 [  6.87500000e+00   4.38000000e-01   2.04175000e+03] [ 1.35  1.06  9.74]
-12.268261 [ 6.875  0.75  -6.687] [ 1.41  1.14  9.73]
-12.368613 [ 6.938  0.938 -7.125] [ 1.44  1.22  9.72]
-12.469055 [ 6.938  1.    -7.687] [ 1.45  1.32  9.71]
-12.569439 [ 6.938  1.063 -8.375] [ 1.46  1.43  9.69]
-12.669913 [ 6.938  1.063 -8.812] [ 1.47  1.5   9.68]
-12.770304 [ 6.938  1.063 -9.375] [ 1.47  1.59  9.67]
-12.87068 [ 6.875  1.063 -9.812] [ 1.47  1.67  9.66]
-12.971617 [  6.875   1.063 -10.125] [ 1.46  1.72  9.65]
-13.074216 [  6.875   0.813 -10.5  ] [ 1.42  1.79  9.63]
-13.174712 [  1.187   0.375 -10.875] [ 1.34  1.85  9.63]
-13.275848 [ 1.25  -0.25  -3.125] [-0.05  1.89  9.62]
-13.376597 [  6.688  -0.937 -11.5  ] [-0.15  1.95  9.6 ]
-13.477577 [  6.625  -1.375 -11.687] [-0.23  1.98  9.6 ]
-13.578488 [  6.563  -1.937 -11.75 ] [-0.33  2.    9.59]
-13.67891 [  6.5    -2.375 -11.75 ] [-0.41  2.    9.59]
-13.779285 [  6.438  -2.875 -11.75 ] [-0.49  2.    9.58]
-13.879778 [  6.375  -3.25  -11.75 ] [-0.56  2.    9.58]
-13.980229 [  6.375  -3.625 -11.75 ] [-0.62  1.99  9.58]
-14.080733 [  6.313  -4.    -11.625] [-0.69  1.97  9.58]
-14.181599 [  6.25   -4.375 -11.062] [-0.75  1.88  9.59]
-14.282878 [  6.25  -4.5  -10.5 ] [-0.77  1.78  9.61]
-14.384807 [  6.25   -4.687 -10.062] [-0.8   1.71  9.62]
-14.487048 [ 6.25  -4.687 -9.5  ] [-0.8   1.62  9.63]
-14.59089 [ 6.25  -4.75  -9.062] [-0.81  1.54  9.64]
-14.69165 [ 6.25  -4.75  -8.437] [-0.81  1.44  9.66]
-14.792548 [ 6.25  -4.75  -8.062] [  -0.81    1.37 -318.01]
-14.893756 [ 6.25  -4.75  -7.687] [-0.81  1.31  9.68]
-14.995917 [ 6.25  -4.75  -7.125] [-0.81  1.21  9.69]
-15.098117 [ 6.313 -4.75  -6.375] [-0.82  1.1   9.7 ]
-15.199361 [ 6.313 -4.25  -6.062] [-0.74  1.03  9.72]
-15.300345 [ 6.375 -3.375 -5.75 ] [-0.58  0.98  9.73]
-15.400671 [ 6.375 -2.687 -5.5  ] [-0.46  0.94  9.74]
-15.50095 [ 6.375 -2.25  -5.437] [-0.38  0.93  9.75]
-15.60127 [ 6.438 -1.812 -5.437] [-0.31  0.93  9.75]
-15.701541 [ 6.438 -1.187 -5.437] [-0.21  0.93  9.76]
-15.817702 [ 6.5   -0.687 -5.437] [-0.12  0.93  9.76]
-15.918166 [ 6.5   -0.375 -5.437] [-0.06  0.93  9.76]
-16.020956 [ 6.5    0.    -5.562] [ 1.28  0.95  9.75]
-16.121339 [ 6.5    0.25  -5.812] [ 1.32  0.99  9.75]
-16.222009 [ 6.5    0.438 -6.25 ] [ 1.36  1.07  9.74]
-16.322468 [ 6.5    0.688 -6.812] [ 1.39  1.16  9.73]
-16.4228 [ 6.5    0.875 -7.312] [ 1.43  1.24  9.72]
-16.523167 [ 6.5    1.    -7.812] [ 1.45  1.33  9.71]
-16.623433 [ 6.5    1.    -8.312] [ 1.45  1.42  9.7 ]
-16.723805 [ 6.5    1.    -8.812] [ 1.45  0.23  9.68]
-16.824267 [ 6.5    1.    -9.375] [ 1.45  1.59  9.67]
-16.92528 [ 6.5    1.063 -9.75 ] [ 1.46  1.66  9.66]
-17.025872 [  6.5    1.   -10.25] [ 1.46  1.74  9.64]
-17.126507 [  6.5     0.938 -10.625] [ 1.44  1.81  9.63]
-17.226978 [  6.438   0.5   -10.875] [ 1.37  1.85  9.62]
-17.327503 [  6.375  -0.062 -11.125] [-0.01  1.89  9.62]
-17.428077 [  6.313  -0.812 -11.437] [-0.14  1.94  9.61]
-17.528664 [  6.25  -1.25 -11.5 ] [-0.21  1.96  9.6 ]
-17.629226 [  6.188  -1.812 -11.562] [-0.31  1.96  9.6 ]
-17.729803 [  6.125 -10.312 -11.562] [-0.4   1.96  9.59]
-17.83036 [  6.125  -2.75  -11.562] [-0.47  1.96  9.59]
-17.931021 [  6.063  -3.125 -11.562] [-0.53  1.96  9.59]
-18.031667 [  6.   -3.5 -11.5] [-0.6   1.95  9.59]
-18.132236 [  5.938  -3.937 -11.25 ] [-0.67  1.91  9.59]
-18.233049 [  5.875  -4.312 -10.75 ] [-0.73  1.83  9.6 ]
-18.334007 [  5.875  -4.562 -10.25 ] [-0.78  1.74  9.61]
-18.434613 [ 5.875 -4.625 -9.75 ] [-0.8   1.66  9.63]
-18.535079 [ 5.875 -4.687 -9.312] [-0.8   1.58  9.64]
-18.635665 [ 5.875 -4.75  -8.812] [-0.81  1.5   9.65]
-18.736198 [ 5.875 -4.812 -8.312] [-0.82  1.42  9.66]
-18.836556 [ 5.875 -4.812 -7.937] [-0.82  1.35  9.67]
-18.93705 [ 5.875 -4.812 -7.562] [-0.82  1.29  9.68]
-19.037972 [ 5.875 -4.812 -7.062] [-0.82  1.2   9.69]
-19.139821 [ 5.875 -4.687 -6.5  ] [-0.8   1.11  9.7 ]
-19.242068 [ 2.062 -4.125 -6.125] [-0.7   1.04  9.72]
-19.343742 [ 6.    -3.187 -5.875] [-0.56  1.    9.73]
-19.444838 [ 6.063 -2.625 -5.625] [-0.45  0.97  9.74]
-19.545947 [ 6.063 -2.25  -5.562] [-0.39  0.95  9.75]
-19.646256 [ 6.063 -1.75  -5.562] [-0.3   0.95  9.75]
-19.746751 [ 6.125 -1.187 -5.5  ] [-0.21  0.95  9.75]
-19.847625 [ 6.125 -0.75  -5.5  ] [-0.13  0.95  9.75]
-19.948458 [ 6.188 -0.25  -5.5  ] [-0.05  0.95  9.76]
-20.049817 [ 6.188  0.063 -5.562] [ 1.29  0.95  9.76]
-20.151329 [ 1.812  0.313 -5.75 ] [ 0.05  0.98  9.75]
-20.253641 [ 6.188  0.563 -6.062] [ 1.37  1.03  9.75]
-20.355337 [ 6.188  0.875 -6.5  ] [ 1.42  1.1   9.74]
-20.456447 [ 6.188  1.    -6.875] [ 1.45  1.18  9.73]
-20.55728 [ 6.188  1.063 -7.5  ] [ 1.46  1.28  9.72]
-20.657754 [ 6.188  1.063 -8.125] [ 1.47  1.39  9.7 ]
-20.758189 [ 6.188  1.063 -8.625] [ 1.47  1.47  9.69]
-20.858813 [ 6.188  1.063 -9.062] [ 1.47  1.55  9.68]
-20.95951 [ 6.188  1.125 -9.5  ] [ 1.47  1.61  9.67]
-21.06026 [ 6.188  1.063 -9.875] [ 1.47  1.69  9.65]
-21.161732 [  6.188   1.    -10.375] [ 1.46  1.76  9.64]
-21.263946 [  1.812   0.5   -10.75 ] [ 0.08  1.83  9.63]
-21.365954 [  6.125  -0.187 -11.187] [-0.02  1.89  9.62]
-21.467351 [  6.063  -0.625 -11.375] [-0.1   1.94  9.61]
-21.568257 [  6.     -1.187 -11.5  ] [-0.2   1.95  9.6 ]
-21.66867 [  5.938  -1.562 -11.5  ] [-0.27  1.96  9.6 ]
-21.769307 [  5.938  -2.125 -11.5  ] [-0.37  1.96  9.6 ]
-21.869821 [  5.875  -2.625 -11.5  ] [-0.45  1.96  9.59]
-21.970359 [  5.813  -3.062 -11.5  ] [-0.53  1.96  9.59]
-22.070934 [  5.75   -3.562 -11.5  ] [-0.61  1.95  9.58]
-22.171557 [  5.688  -3.875 -11.25 ] [-0.67  1.91  9.59]
-22.272096 [  5.688  -4.187 -10.812] [-0.72  1.83  9.6 ]
-22.372586 [  5.625  -4.5   -10.312] [-0.77  1.75  9.61]
-22.473031 [ 5.625 -4.687 -9.812] [-0.8   1.67  9.62]
-22.57343 [ 5.625 -4.75  -9.375] [-0.81  1.59  9.64]
-22.673722 [ 5.625 -4.812 -8.812] [-0.82  1.5   9.65]
-22.774101 [ 5.625 -4.875 -8.25 ] [-0.83  1.41  9.66]
-22.874934 [ 5.563 -4.875 -7.937] [-0.83  1.34  9.67]
-22.975842 [ 5.563 -4.875 -7.5  ] [-0.84  1.27  9.68]
-23.076313 [ 5.563 -4.875 -6.812] [-0.84  1.16  9.7 ]
-23.176962 [ 5.563 -4.875 -6.312] [-0.83  1.08  9.71]
-23.27757 [ 5.625 -4.312 -6.062] [-0.74  1.03  9.72]
-23.378241 [ 5.688 -3.562 -5.812] [-0.61  0.99  9.73]
-23.478729 [ 5.688 -2.875 -5.625] [-0.49  0.96  9.74]
-23.579622 [ 5.75  -2.312 -5.562] [-0.4   0.95  9.75]
-23.680395 [ 5.75  -1.812 -5.562] [-0.31  0.95  9.75]
-23.780814 [ 5.813 -1.25  -5.5  ] [-0.21  0.94  9.75]
-23.881115 [ 5.813 -0.75  -5.5  ] [-0.13  0.94  9.75]
-23.981665 [ 5.813 -0.375 -5.5  ] [-0.06  0.94  9.76]
-24.08206 [ 5.875  0.    -5.5  ] [ 1.28  0.94  9.76]
-24.182247 [ 5.875  0.375 -5.687] [ 1.34  0.97  9.75]
-24.282789 [ 5.875  0.563 -6.125] [ 1.38  1.05  9.74]
-24.383206 [ 5.875  0.938 -6.562] [ 1.44  1.12  9.74]
-24.483595 [ 5.938  1.125 -7.   ] [ 1.47  1.2   9.73]
-24.584284 [ 5.938  1.125 -7.625] [ 1.48  1.3   9.71]
-24.684826 [ 5.938  1.188 -8.25 ] [ 1.48  1.4   9.7 ]
-24.785218 [ 5.938  1.188 -8.687] [ 1.48  1.48  8.41]
-24.885664 [ 5.938  1.188 -9.187] [ 1.48  1.57  9.67]
-24.986192 [ 5.938  1.188 -9.625] [ 1.48  1.64  9.66]
-25.086755 [ 5.875  1.125 -9.937] [ 1.47  1.7   9.65]
-25.187407 [  5.875   0.813 -10.437] [ 1.42  1.78  9.64]
-25.28798 [  5.875   0.313 -10.75 ] [ 1.33  1.83  9.63]
-25.388395 [  5.75   -0.375 -11.125] [-0.06  1.89  9.62]
-25.488997 [  5.688  -1.    -11.437] [-0.17  1.95  9.6 ]
-25.589729 [  2.375  -1.375 -11.625] [-0.24  1.98  9.6 ]
-25.690762 [  5.563  -2.    -11.687] [-0.33  1.99  9.59]
-25.79156 [  5.5    -2.437 -11.687] [-0.4   1.99  9.59]
-25.892586 [  5.438  -2.875 -11.687] [-0.48  1.99  9.59]
-25.99336 [  5.375  -3.25  -11.687] [-0.56  1.99  9.58]
-26.09373 [  5.375  -3.687 -11.687] [-0.63  1.98  9.58]
-26.194269 [  5.313  -4.062 -11.5  ] [-0.69  1.95  9.58]
-26.29464 [  5.313  -4.375 -11.   ] [-0.75  1.86  9.59]
-26.395014 [  5.313  -4.5   -10.375] [-0.77  1.77  9.61]
-26.495686 [ 5.313 -4.562 -9.875] [-0.78  1.68  9.62]
-26.595961 [ 2.687 -4.625 -9.375] [-0.79  1.6   9.64]
-26.697405 [ 5.313 -4.625 -8.937] [-0.79  1.52  9.65]
-26.798527 [ 5.313 -4.625 -8.375] [-0.79  1.42  9.66]
-26.900701 [ 2.75  -4.625 -7.937] [-0.8   1.35  9.67]
-27.002621 [ 5.25  -4.687 -7.562] [-0.8   1.3   9.68]
-27.103749 [ 5.25  -4.687 -7.062] [-0.8   1.21  9.69]
-27.20483 [ 5.313 -4.687 -6.437] [-0.8   1.09  9.71]
-27.305414 [ 5.375 -4.312 -5.937] [-0.73  1.01  9.72]
-27.406008 [ 5.438 -3.5   -5.562] [-0.6   0.95  9.74]
-27.506611 [ 5.438 -2.687 -5.437] [-0.46  0.92  9.75]
-27.607387 [ 5.5   -2.25  -5.312] [-0.38  0.91  9.75]
-27.7082 [ 5.5   -1.812 -5.312] [-0.31  0.91  9.75]
-27.809976 [ 2.5   -1.25  -5.312] [-0.21  0.91  9.76]
-27.912417 [ 2.437 -0.687 -5.312] [-0.12  0.91  9.76]
-28.01437 [ 5.563 -0.25  -5.312] [-0.05  0.91  8.48]
-28.11549 [ 5.563  0.063 -5.5  ] [ 1.29  0.94  9.76]
-28.216375 [ 5.563  0.188 -5.875] [ 1.31  1.    9.75]
-28.316935 [ 5.563  0.375 -6.25 ] [ 1.35  1.07  9.74]
-28.417538 [ 5.563  0.625 -6.687] [ 1.39  1.14  9.73]
-28.518121 [ 5.625  0.875 -7.125] [ 1.43  1.22  9.72]
-28.619013 [ 2.375  0.938 -7.75 ] [ 1.44  1.32  9.71]
-28.720321 [ 5.625  1.    -8.312] [ 1.45  1.41  9.7 ]
-28.822486 [ 2.375  1.    -8.812] [ 1.45  1.5   9.68]
-28.924912 [ 5.563  1.    -9.312] [ 1.45  1.58  9.67]
-29.026696 [ -1.68243700e+03   1.00000000e+00  -9.68700000e+00] [ 1.45  1.65  9.66]
-29.127368 [  5.563   1.    -10.125] [ 1.45  1.73  9.65]
-29.227955 [  5.563   0.875 -10.562] [ 1.44  1.8   9.63]
-29.32845 [  5.563   0.438 -10.875] [ 1.35  1.85  9.62]
-29.429028 [  5.5    -0.187 -11.125] [-0.03  1.9   9.62]
-29.529602 [  5.438  -0.812 -11.375] [-0.14  1.94  9.61]
-29.63061 [  5.375  -1.25  -11.5  ] [-0.22  1.95  9.6 ]
-29.730967 [  5.313  -1.75  -11.5  ] [-0.3   1.96  9.6 ]
-29.831249 [  5.25  -2.25 -11.5 ] [-0.39  1.96  9.6 ]
-29.931726 [  5.188  -2.687 -11.5  ] [-0.47  1.96  9.59]
-30.032234 [  5.125  -3.125 -11.5  ] [-0.53  1.95  9.59]
-30.132594 [  5.063  -3.5   -11.437] [-0.6   1.94  9.59]
-30.233133 [  5.063  -3.937 -11.187] [-0.67  1.9   9.59]
-30.333898 [  5.     -4.312 -10.75 ] [-0.73  1.82  9.6 ]
-30.434353 [  4.938  -4.625 -10.25 ] [-0.79  1.74  9.61]
-30.534867 [ 4.938 -4.687 -9.812] [-0.81  1.67  9.62]
-30.63547 [ 4.938 -4.75  -9.312] [-0.82  1.58  8.36]
-30.735969 [ 4.938 -4.75  -8.875] [-0.82  1.51  9.65]
-30.836863 [ 4.938 -4.812 -8.312] [-0.82  1.42  9.66]
-30.937493 [ 4.938 -4.812 -7.875] [-0.82  1.35  9.67]
-31.040363 [ 4.938 -4.812 -7.562] [-0.82  1.28  9.68]
-31.140889 [ 4.938 -4.812 -7.062] [-0.82  1.2   9.69]
-31.241347 [ 4.938 -4.687 -6.562] [-0.8   1.11  9.7 ]
-31.341722 [ 4.938 -4.187 -6.187] [-0.72  1.05  9.72]
-31.442101 [ 5.    -3.312 -5.875] [-0.57  1.    9.73]
-31.542483 [ 5.063 -2.625 -5.625] [-0.44  0.96  9.74]
-31.642666 [ 5.063 -2.25  -5.437] [-0.39  0.93  9.75]
-31.743087 [ 5.063 -1.75  -5.375] [-0.3   0.92  9.75]
-31.843345 [ 5.125 -1.187 -5.375] [-0.2   0.92  9.76]
-31.943688 [ 5.125 -0.75  -5.375] [-0.13  0.92  9.76]
-32.044082 [ -1.68281200e+03  -3.12000000e-01  -5.37500000e+00] [-0.05  0.92  9.76]
-32.14412 [ 5.188  0.063 -5.375] [ 1.29  0.92  9.76]
-32.244482 [ 5.188  0.313 -5.562] [ 1.33  0.95  9.75]
-32.344777 [ 5.125  0.438 -5.937] [ 1.36  1.01  9.75]
-32.445112 [ 5.125  0.75  -6.312] [ 1.41  1.08  9.74]
-32.548169 [ 5.125  0.938 -6.75 ] [ 1.44  1.15  9.73]
-32.648906 [ 5.125  1.    -7.312] [ 1.45  1.25  9.72]
-32.749379 [ 2.875  1.    -7.937] [ 1.46  1.35  9.71]
-32.850141 [ 5.125  1.063 -8.437] [ 1.46  1.43  9.69]
-32.950577 [ 5.125  1.063 -9.   ] [ 0.18  1.52  9.68]
-33.051608 [ 5.125  1.063 -9.375] [ 1.46  1.6   9.67]
-33.15207 [ 5.063  1.063 -9.812] [ 1.46  1.67  9.66]
-33.25248 [  5.063   1.    -10.312] [ 1.45  1.75  9.64]
-33.352855 [  5.063   0.5   -10.687] [ 1.37  1.82  9.63]
-33.453235 [  5.     -0.187 -11.   ] [-0.03  1.87  9.62]
-33.553673 [  5.     -0.625 -11.25 ] [-0.11  1.92  9.61]
-33.653944 [  4.938  -1.062 -11.312] [-0.18  1.92  9.61]
-33.754191 [  4.813  -1.687 -11.375] [-0.29  1.93  9.6 ]
-33.854671 [  4.813  -2.125 -11.375] [-0.37  1.94  9.6 ]
-33.955608 [  4.75   -2.625 -11.375] [-0.45  1.94  9.6 ]
-34.057873 [  4.625  -3.062 -11.375] [-0.52  1.94  9.59]
-34.160021 [  3.375  -3.5   -11.25 ] [-0.6   1.91  9.59]
-34.261646 [  4.563  -3.875 -11.062] [-0.66  1.88  9.6 ]
-34.363043 [  4.563  -4.187 -10.562] [-0.71  1.8   9.61]
-34.464021 [  4.5    -4.437 -10.062] [-0.76  1.71  9.62]
-34.564498 [ 4.563 -4.562 -9.437] [-0.78  1.61  9.64]
-34.665461 [ 4.563 -4.625 -9.062] [-0.79  1.54  9.65]
-34.766387 [ 4.563 -4.687 -8.5  ] [-0.8   1.44  9.66]
-34.86706 [ 3.5   -4.687 -8.   ] [-0.8   1.36  9.67]
-34.968199 [ 3.5   -4.687 -7.687] [-0.8   1.31  9.68]
-35.070211 [ 3.5   -4.687 -7.312] [-0.8   1.25  9.69]
-35.172352 [ 4.5   -4.687 -6.687] [-0.81  1.15  9.7 ]
-35.273658 [ 4.563 -4.687 -6.187] [-0.81  1.06  9.71]
-35.374349 [ 4.563 -4.312 -5.812] [-0.74  0.99  9.72]
-35.474911 [ 4.688 -3.5   -5.562] [-0.6   0.95  9.74]
-35.575362 [ 4.688 -2.75  -5.375] [-0.47  0.92  9.75]
-35.675927 [ 4.688 -2.25  -5.312] [-0.39  0.91  9.75]
-35.7768 [ 4.75  -1.812 -5.312] [-0.31  0.91  9.75]
-35.877566 [ 4.75  -1.187 -5.312] [-0.21  0.91  9.76]
-35.978265 [ 4.813 -0.75  -5.312] [-0.13  0.91  9.76]
-36.079745 [ 4.813 -0.312 -5.312] [-0.06  0.91  9.76]
-36.181938 [ 3.187  0.063 -5.312] [ 0.02  0.91  9.76]
-36.284 [ 4.875  0.438 -5.5  ] [ 1.36  0.94  9.76]
