-0.073954 [ 7.688 -1.312 -8.687] [-0.22  1.48  9.69]
-0.175453 [ 7.813  1.188 -8.312] [ 1.44  1.43  9.7 ]
-0.276658 [ 7.875  1.563 -8.187] [ 1.54  1.4   9.7 ]
-0.378661 [ 7.875  1.563 -8.25 ] [ 1.54  1.41  9.7 ]
-0.479743 [ 7.813  1.5   -8.625] [ 1.54  1.47  9.69]
-0.581162 [ 7.813  1.5   -8.875] [ 1.54  1.51  9.68]
-0.683214 [ 7.813  1.5   -9.312] [ 1.53  1.58  9.67]
-0.785706 [ 7.813  1.313 -9.75 ] [ 1.51  1.65  9.66]
-0.887527 [  7.75    1.063 -10.062] [ 1.47  1.72  9.65]
-0.9883 [  7.75    0.688 -10.5  ] [ 1.4   1.79  9.63]
-1.088826 [  7.688   0.188 -10.875] [ 1.31  1.85  9.62]
-1.189455 [  7.625  -0.25  -11.125] [-0.04  1.89  9.62]
-1.290212 [  7.563  -0.75  -11.375] [-0.13  1.94  9.61]
-1.391369 [  7.5    -1.125 -11.5  ] [-0.19  1.95  8.32]
-1.493017 [  7.5    -1.625 -11.562] [-0.28  1.96  9.6 ]
-1.595433 [  0.687  -2.312 -11.625] [-0.4   1.97  9.59]
-1.697474 [  7.188  -3.437 -11.75 ] [-0.59  2.    9.58]
-1.798647 [  7.188  -3.625 -11.687] [-0.62  1.99  9.58]
-1.899468 [  7.125  -3.937 -11.687] [-0.68  1.98  9.57]
-2.000009 [  7.125  -4.25  -11.562] [-0.73  1.96  9.58]
-2.100607 [  7.063  -4.562 -11.   ] [-0.78  1.87  9.59]
-2.201388 [  7.063  -4.625 -10.437] [-0.79  1.77  9.61]
-2.302501 [ 7.125 -4.687 -9.937] [-0.8   1.68  9.62]
-2.404168 [ 7.125 -4.687 -9.437] [-0.81  1.61  9.63]
-2.507367 [ 7.125 -4.687 -8.937] [-0.81  1.53  9.65]
-2.609222 [ 7.125 -4.75  -8.375] [-0.81  1.44  9.66]
-2.710364 [ 7.125 -4.75  -8.062] [-0.81  1.37  9.67]
-2.810926 [ 7.125 -4.75  -7.687] [-0.81  1.3   9.68]
-2.911373 [ 7.125 -4.75  -7.125] [-0.81  1.21  9.69]
-3.011876 [ 7.188 -4.75  -6.437] [-0.81  1.09  9.71]
-3.11222 [ 7.25  -4.312 -6.   ] [-0.73  1.02  9.72]
-3.212628 [ 7.25  -3.5   -5.687] [-0.6   0.97  9.73]
-3.313096 [ 7.313 -2.812 -5.437] [-0.48  0.93  9.74]
-3.413373 [ 7.313 -2.375 -5.375] [-0.4   0.92  9.75]
-3.513852 [ 7.313 -1.875 -5.375] [-0.32  0.92  9.75]
-3.614186 [ 7.375 -1.375 -5.375] [-0.23  0.92  9.76]
-3.714712 [ 7.375 -0.812 -5.375] [-0.14  0.92  9.76]
-3.815128 [ 7.375 -0.437 -5.375] [-0.07  0.92  9.76]
-3.915474 [ 7.438  0.    -5.562] [ 1.28  0.95  9.76]
-4.015778 [ 7.375  0.125 -5.812] [ 1.3   1.    9.75]
-4.116218 [ 7.375  0.313 -6.25 ] [ 1.33  1.07  9.74]
-4.216817 [ 7.375  0.563 -6.75 ] [ 1.37  1.16  9.73]
-4.317411 [ 7.375  0.813 -7.187] [ 1.42  1.22  9.72]
-4.417987 [ 7.375  0.875 -7.687] [ 1.43  1.32  9.71]
-4.518617 [ 7.375  0.938 -8.312] [ 1.44  1.42  9.7 ]
-4.619217 [ 7.375  1.    -8.875] [ 1.45  1.51  9.68]
-4.719756 [ 7.375  1.    -9.312] [ 1.45  1.59  9.67]
-4.820427 [ 7.375  1.    -9.687] [ 1.45  1.65  9.66]
-4.921152 [  7.375   1.    -10.25 ] [ 1.45  1.73  9.64]
-5.022244 [  7.375   0.875 -10.562] [ 1.44  1.8   9.63]
-5.122676 [  7.313   0.375 -10.812] [ 1.35  1.84  9.63]
-5.223259 [ 7.25  -0.25  -3.125] [-0.03  1.88  9.62]
-5.32367 [  7.188  -0.875 -11.375] [-0.15  1.93  9.61]
-5.424084 [  7.188  -1.312 -11.5  ] [-0.22  1.95  9.6 ]
-5.524539 [  7.125  -1.812 -11.5  ] [-0.31  1.96  9.6 ]
-5.625045 [  7.063  -2.312 -11.5  ] [-0.4   1.96  9.59]
-5.725598 [  7.     -2.812 -11.562] [-0.48  1.96  9.59]
-5.826444 [  6.938  -3.125 -11.562] [-0.54  1.96  9.59]
-5.927002 [  6.875  -3.562 -11.5  ] [-0.6   1.95  9.59]
-6.027619 [  6.875  -3.875 -11.25 ] [-0.67  1.91  9.59]
-6.128237 [  6.813  -4.312 -10.75 ] [-0.73  1.82  9.6 ]
-6.229165 [  6.813  -4.562 -10.25 ] [-0.78  1.74  9.61]
-6.330355 [ 6.813 -4.687 -9.875] [-0.81  1.67  9.62]
-6.430918 [ 6.813 -4.812 -9.375] [-0.82  1.59  9.64]
-6.531305 [ 6.813 -4.875 -8.875] [-0.83  1.5   9.65]
-6.631775 [ 6.813 -4.875 -8.375] [-0.83  1.42  9.66]
-6.732865 [ 1.187 -4.875 -8.   ] [-0.83  1.36  9.67]
-6.834113 [ 6.813 -4.875 -7.625] [-0.84  1.3   9.68]
-6.934878 [ 6.813 -4.875 -7.125] [-0.84  1.22  9.69]
-7.036048 [ 6.875 -4.75  -6.5  ] [-0.82  1.11  9.7 ]
-7.136668 [ 6.875 -4.125 -6.125] [-0.7   1.04  9.72]
-7.237319 [ 6.938 -3.25  -5.937] [-0.56  1.01  9.73]
-7.33802 [ 7.    -2.687 -5.687] [-0.46  0.98  9.74]
-7.439071 [ 7.    -2.312 -5.625] [-0.4   0.96  9.75]
-7.540958 [ 7.063 -1.875 -5.562] [-0.32  0.95  9.75]
-7.643013 [ 7.063 -1.312 -5.562] [-0.22  0.95  9.75]
-7.744925 [ 7.063 -0.812 -5.562] [-0.15  0.95  9.75]
-7.846127 [ 7.125 -0.375 -5.562] [-0.07  0.95  9.75]
-7.946985 [ 7.125  0.    -5.562] [ 1.28  0.95  9.75]
-8.04754 [ 7.125  0.188 -5.75 ] [ 1.31  0.99  9.75]
-8.14795 [ 7.125  0.438 -6.062] [ 1.35  1.04  9.75]
-8.248584 [ 7.125  0.75  -6.562] [ 1.41  1.12  9.74]
-8.349162 [ 7.125  0.938 -6.937] [ 1.44  1.19  9.73]
-8.449614 [ 7.125  1.    -7.5  ] [ 1.45  1.29  9.71]
-8.550892 [ 7.125  1.    -8.187] [ 1.45  1.4   9.7 ]
-8.652702 [ 0.875  1.063 -8.687] [ 1.46  1.48  9.69]
-8.755069 [ 0.875  1.063 -9.125] [ 1.46  1.56  9.67]
-8.856775 [ 7.125  1.063 -9.562] [ 1.46  1.62  9.66]
-8.957999 [ 7.125  1.063 -9.937] [ 1.46  1.7   9.65]
-9.058737 [  7.125   0.938 -10.437] [ 1.44  1.78  9.64]
-9.159225 [  7.063   0.438 -10.812] [ 1.35  1.84  9.63]
-9.259736 [  7.     -0.187 -11.187] [-0.04  1.9   9.61]
-9.360299 [  6.875  -0.875 -11.5  ] [-0.15  1.95  9.6 ]
-9.461014 [  6.875  -1.312 -11.562] [-0.23  1.96  9.6 ]
-9.562448 [  1.187  -1.812 -11.562] [-0.31  1.97  9.6 ]
-9.663973 [  6.75   -2.312 -11.562] [-0.4   1.97  9.59]
-9.766311 [  6.688  -2.75  -11.625] [-0.47  1.97  9.59]
-9.86802 [  6.625  -3.187 -11.562] [-0.54  1.97  9.59]
-9.969446 [  6.563  -3.625 -11.562] [-0.62  1.96  9.58]
-10.070131 [  6.563  -3.937 -11.312] [-0.67  1.92  9.59]
-10.170835 [  6.563  -4.187 -10.75 ] [-0.72  1.83  9.6 ]
-10.271374 [  6.563  -4.5   -10.25 ] [-0.77  1.74  9.61]
-10.371902 [ 6.563 -4.625 -9.687] [-0.79  1.64  9.63]
-10.472483 [ 6.563 -4.687 -9.312] [-0.8   1.58  9.64]
-10.572986 [ 6.563 -4.75  -8.687] [-0.82  1.48  9.65]
-10.673358 [ 6.563 -4.75  -8.25 ] [-0.82  1.4   9.67]
-10.77356 [ 6.563 -4.75  -7.937] [-0.82  1.34  9.67]
-10.874018 [ 6.563 -4.812 -7.5  ] [-0.82  1.27  9.68]
-10.974194 [ 6.563 -4.812 -6.937] [-0.82  1.18  9.7 ]
-11.074655 [ 6.563 -4.812 -6.437] [-0.82  1.1   9.7 ]
-11.174984 [ 6.563 -4.312 -6.187] [-0.74  1.05  9.72]
-11.275465 [ 6.625 -3.5   -5.875] [-0.6   1.    9.73]
-11.376015 [ 6.688 -2.812 -5.687] [-0.48  0.97  9.74]
-11.476446 [ 6.688 -2.312 -5.625] [-0.4   0.96  9.75]
-11.576936 [ 6.688 -1.875 -5.562] [-0.32  0.95  9.75]
-11.677287 [ 6.75  -1.312 -5.562] [-0.22  0.95  8.47]
-11.777749 [ 6.75  -0.812 -5.562] [-0.14  0.95  9.75]
-11.878464 [ 6.75  -0.375 -5.562] [-0.07  0.95  9.75]
-11.979192 [ 6.813  0.    -5.562] [ 1.28  0.95  9.76]
-12.080019 [ 6.813  0.313 -5.625] [ 1.33  0.97  9.75]
-12.180907 [ 6.813  0.5   -6.125] [ 1.36  1.04  9.75]
-12.281357 [ 6.813  0.813 -6.562] [ 1.42  1.12  9.74]
-12.382335 [ 6.813  1.    -7.062] [ 1.45  1.2   9.73]
-12.482898 [ 6.813  1.125 -7.687] [ 1.47  1.31  9.71]
-12.583413 [ 6.813  1.125 -8.312] [ 1.48  1.42  9.7 ]
-12.683761 [ 6.813  1.125 -8.687] [ 1.48  1.48  9.69]
-12.784621 [ 6.813  1.125 -9.187] [ 1.48  1.56  9.67]
-12.88546 [ 6.813  1.125 -9.625] [ 1.48  1.64  9.66]
-12.986587 [  6.813   1.125 -10.   ] [ 1.47  1.7   9.65]
-13.086955 [  6.75    0.813 -10.312] [ 1.42  1.76  9.64]
-13.187726 [  6.688   0.375 -10.625] [ 0.07  1.81  9.63]
-13.288317 [  6.625  -0.25  -10.937] [-0.04  1.86  9.62]
-13.388905 [  6.563  -0.937 -11.312] [-0.16  1.92  9.61]
-13.489706 [  6.5    -1.312 -11.437] [-0.22  1.95  9.6 ]
-13.59035 [  6.5    -1.812 -11.5  ] [-0.31  1.96  9.6 ]
-13.690859 [  6.375  -2.312 -11.5  ] [-0.4   1.96  9.59]
-13.791588 [  6.375  -2.812 -11.562] [-0.49  1.96  9.59]
-13.892574 [  6.313  -3.25  -11.562] [-0.55  1.96  8.31]
-13.993478 [  6.25   -3.625 -11.5  ] [-0.62  1.95  9.58]
-14.094125 [  6.188  -4.    -11.437] [-0.68  1.94  9.58]
-14.195214 [  6.188  -4.375 -10.937] [-0.75  1.86  9.59]
-14.296072 [  6.188  -4.5   -10.25 ] [-0.77  1.74  9.61]
-14.39642 [ 6.188 -4.562 -9.75 ] [-0.79  1.66  9.63]
-14.496883 [ 6.188 -4.625 -9.312] [-0.79  1.58  9.64]
-14.597671 [ 6.125 -4.625 -8.812] [-0.79  1.5   9.65]
-14.698619 [ 1.812 -4.687 -8.25 ] [-0.8   1.4   9.67]
-14.800501 [ 6.125 -4.687 -7.875] [-0.8   1.34  9.68]
-14.902667 [ 1.875 -4.687 -7.5  ] [-0.8   1.28  9.68]
-15.004567 [ 6.125 -4.687 -7.   ] [-0.8   1.2   9.69]
-15.105878 [ 6.188 -4.687 -6.375] [-0.81  1.09  9.71]
-15.206899 [ 6.188 -4.25  -5.937] [-0.73  1.01  9.72]
-15.307586 [ 6.25  -3.5   -5.625] [-0.59  0.96  9.74]
-15.408065 [ 6.25  -2.812 -5.437] [  -0.48    0.93 -317.94]
-15.50859 [ 6.313 -2.312 -5.375] [-0.4   0.92  9.75]
-15.609627 [ 6.313 -1.875 -5.375] [-0.32  0.92  9.75]
-15.710827 [ 6.375 -1.312 -5.375] [-0.23  0.92  9.76]
-15.813351 [ 1.625 -0.812 -5.375] [-0.14  0.92  9.76]
-15.915298 [ 6.375 -0.375 -5.375] [-0.07  0.92  9.76]
-16.01662 [ 6.438  0.    -5.562] [-0.01  0.94  9.76]
-16.117389 [ 6.375  0.063 -5.875] [ 1.3   1.01  9.75]
-16.218087 [ 6.375  0.25  -6.312] [ 1.32  1.08  9.74]
-16.318634 [ 6.438  0.5   -6.75 ] [ 1.36  1.15  9.73]
-16.419199 [ 6.438  0.75  -7.125] [ 1.41  1.22  9.72]
-16.520282 [ 6.438  0.875 -7.75 ] [ 1.43  1.32  9.71]
-16.621574 [ 6.375  0.938 -8.375] [ 1.44  1.43  9.7 ]
-16.723534 [ 6.375  1.    -8.875] [ 1.45  1.51  9.68]
-16.825759 [ 6.375  1.    -9.375] [ 1.45  1.59  9.67]
-16.927475 [ 6.375  1.    -9.75 ] [ 1.45  1.65  9.66]
-17.028645 [  6.375   1.    -10.187] [   1.45    1.74 -318.04]
-17.129375 [  6.375   0.813 -10.5  ] [ 1.42  1.79  9.64]
-17.229884 [  6.375   0.438 -10.75 ] [ 1.36  1.82  9.63]
-17.330363 [  6.313  -0.125 -11.   ] [-0.02  1.87  9.62]
-17.430912 [  6.125  -1.062 -11.312] [-0.18  1.92  9.61]
-17.531408 [  6.125  -1.375 -11.5  ] [-0.24  1.95  9.6 ]
-17.631747 [  6.125  -1.75  -11.5  ] [-0.3   1.95  9.6 ]
-17.732106 [  6.063  -2.312 -11.5  ] [-0.4   1.95  9.6 ]
-17.832673 [  6.    -2.75 -11.5 ] [-0.48  1.95  9.59]
-17.933014 [  5.938  -3.187 -11.5  ] [-0.55  1.95  9.59]
-18.03349 [  5.875  -3.625 -11.437] [-0.62  1.95  9.59]
-18.134414 [  5.875  -4.    -11.25 ] [-0.68  1.91  9.59]
-18.235061 [  5.813  -4.375 -10.875] [-0.74  1.84  9.6 ]
-18.335566 [  5.813  -4.625 -10.312] [-0.79  1.75  9.61]
-18.436451 [ 5.813 -4.75  -9.937] [-0.81  1.68  9.62]
-18.536896 [ 5.813 -4.75  -9.375] [-0.81  1.59  9.64]
-18.637395 [ 5.813 -4.812 -8.937] [-0.82  1.51  9.65]
-18.737991 [ 5.813 -4.812 -8.375] [-0.82  1.43  9.66]
-18.838563 [ 5.813 -4.812 -8.   ] [-0.82  1.36  9.67]
-18.939473 [ 5.813 -4.812 -7.625] [-0.82  1.3   9.68]
-19.040232 [ 5.813 -4.812 -7.125] [-0.82  1.22  9.69]
-19.14079 [ 5.875 -4.687 -6.562] [-0.81  1.12  9.7 ]
-19.241489 [ 5.875 -4.125 -6.187] [-0.71  1.06  9.72]
-19.342009 [ 5.938 -3.25  -5.937] [-0.56  1.01  9.73]
-19.442534 [ 6.    -2.625 -5.687] [-0.45  0.98  9.74]
-19.543253 [ 6.    -2.375 -5.625] [-0.41  0.96  9.74]
-19.643769 [ 6.    -1.812 -5.625] [-0.32  0.96  9.75]
-19.744199 [ 6.063 -1.25  -5.625] [-0.22  0.96  9.75]
-19.844758 [ 6.063 -0.812 -5.562] [-0.14  0.96  9.75]
-19.945656 [ 6.125 -0.375 -5.562] [-0.07  0.96  9.75]
-20.046223 [ 6.125  0.    -5.562] [ 1.28  0.96  9.75]
-20.146643 [ 6.125  0.25  -5.75 ] [ 1.32  0.98  9.75]
-20.247001 [ 6.063  0.375 -6.125] [ 1.35  1.05  9.75]
-20.347574 [ 6.063  0.688 -6.562] [ 1.39  1.12  9.74]
-20.448151 [ 6.063  0.813 -6.937] [ 1.42  1.18  9.73]
-20.548601 [ 6.125  0.875 -7.5  ] [ 1.43  1.28  9.72]
-20.649201 [ 6.063  0.875 -8.125] [ 1.43  1.38  9.7 ]
-20.749943 [ 6.063  0.938 -8.562] [ 1.44  1.46  9.69]
-20.850644 [ 6.063  1.    -9.062] [ 1.45  1.55  9.68]
-20.951674 [ 6.063  1.    -9.5  ] [ 0.17  1.61  9.67]
-21.05318 [ 6.063  0.938 -9.937] [ 0.16  1.68  9.65]
-21.153797 [  6.063   0.813 -10.437] [ 1.42  1.78  9.64]
-21.254506 [  6.      0.313 -10.75 ] [ 0.05  1.83  9.63]
-21.355117 [  5.938  -0.375 -11.062] [-0.06  1.88  9.62]
-21.455711 [  5.875  -1.    -11.375] [-0.17  1.93  9.61]
-21.55674 [  5.875  -1.437 -11.437] [-0.24  1.94  9.6 ]
-21.65825 [  5.75   -1.875 -11.5  ] [-0.32  1.96  9.6 ]
-21.760645 [  5.75   -2.375 -11.562] [-0.41  1.96  9.59]
-21.862587 [  5.688  -2.937 -11.562] [-0.49  1.96  9.59]
-21.964118 [  5.625  -3.25  -11.5  ] [-0.55  1.96  9.59]
-22.06524 [  5.563  -3.687 -11.437] [-0.63  1.94  9.59]
-22.165723 [  5.5   -4.   -11.25] [-0.68  1.91  9.59]
-22.266276 [  5.5   -4.25 -10.75] [-0.73  1.82  9.6 ]
-22.366836 [  5.5    -4.562 -10.25 ] [-0.78  1.74  9.61]
-22.467565 [ 5.5   -4.687 -9.687] [-0.81  1.65  9.63]
-22.568314 [ 5.5   -4.75  -9.312] [-0.81  1.59  9.64]
-22.669692 [ 5.563 -4.812 -8.75 ] [-0.82  1.49  9.65]
-22.771636 [ 5.563 -4.812 -8.25 ] [-0.83  1.4   9.66]
-22.874059 [ 5.563 -4.875 -7.875] [-0.83  1.35  9.67]
-22.975335 [ 5.563 -4.875 -7.437] [-0.83  1.27  9.68]
-23.076283 [ 5.563 -4.875 -6.812] [-0.83  1.16  9.7 ]
-23.176881 [ 5.563 -4.875 -6.375] [-0.83  1.09  9.7 ]
-23.277458 [ 5.563 -4.437 -6.187] [-0.76  1.05  9.71]
-23.377974 [ 5.625 -3.625 -5.812] [-0.62  0.99  9.73]
-23.478584 [ 5.688 -2.937 -5.625] [-0.5   0.96  9.74]
-23.579688 [  5.688 -10.437  -5.562] [-0.41  0.95  9.75]
-23.680547 [ 5.75  -1.937 -5.5  ] [-0.33  0.94  9.75]
-23.78245 [ 5.75  -1.312 -5.5  ] [-0.23  0.94  9.75]
-23.884741 [ 5.813 -0.812 -5.5  ] [-0.14  0.94  9.76]
-23.986866 [ 5.813 -0.375 -5.5  ] [-0.07  0.94  9.76]
-24.088015 [ 5.813  0.    -5.5  ] [ 1.28  0.94  9.76]
-24.188608 [ 5.875  0.375 -5.687] [ 1.34  0.97  9.75]
-24.289435 [ 5.875  0.625 -6.062] [ 1.38  1.04  9.75]
-24.390079 [ 5.813  0.875 -6.562] [ 1.43  1.12  9.74]
-24.490861 [ 5.813  1.063 -6.937] [ 1.47  1.19  9.73]
-24.591363 [ 5.813  1.188 -7.5  ] [ 1.48  1.28  9.71]
-24.691686 [ 5.813  1.188 -8.187] [ 1.49  1.4   9.7 ]
-24.791914 [ 5.813  1.25  -8.625] [ 1.49  1.47  9.69]
-24.89243 [ 5.813  1.25  -9.125] [ 1.49  1.56  9.67]
-24.993223 [ 5.813  1.188 -9.625] [ 1.49  1.64  9.66]
-25.093767 [  5.813   1.188 -10.   ] [ 1.48  1.7   9.65]
-25.19439 [  5.813   0.938 -10.5  ] [ 1.44  1.79  9.64]
-25.294936 [  5.813   0.5   -10.812] [ 1.36  1.84  9.63]
-25.395516 [  5.688  -0.187 -11.062] [-0.03  1.89  9.62]
-25.495901 [  5.625  -0.875 -11.437] [-0.15  1.95  9.6 ]
-25.596648 [  5.563  -1.25  -11.625] [-0.22  1.98  9.6 ]
-25.697363 [  5.5    -1.812 -11.687] [-0.31  1.99  9.59]
-25.798144 [  2.5    -2.312 -11.75 ] [-0.39  1.99  9.59]
-25.89916 [  5.438  -2.812 -11.75 ] [-0.48  1.99  9.58]
-26.000033 [  5.375  -3.187 -11.687] [-0.54  1.99  9.58]
-26.100736 [  5.313  -3.625 -11.625] [-0.62  1.97  9.58]
-26.201224 [  5.25   -3.937 -11.5  ] [-0.68  1.96  9.58]
-26.301825 [  5.188  -4.25  -11.   ] [-0.73  1.87  9.59]
-26.402464 [  5.188  -4.437 -10.437] [-0.76  1.77  9.61]
-26.502836 [ 5.25  -4.5   -9.875] [-0.77  1.68  9.62]
-26.603136 [ 5.25  -4.562 -9.437] [-0.78  1.6   9.64]
-26.70342 [ 5.25  -4.562 -9.   ] [-0.78  1.53  9.65]
-26.803657 [ 5.25  -4.625 -8.437] [-0.79  1.43  9.66]
-26.903833 [ 5.25  -4.625 -8.   ] [-0.79  1.37  9.67]
-27.00416 [ 5.25  -4.625 -7.687] [-0.79  1.3   9.68]
-27.104677 [ 5.25  -4.625 -7.125] [-0.79  1.21  9.69]
-27.20517 [ 5.313 -4.687 -6.437] [-0.8   1.1   9.71]
-27.305718 [ 5.313 -4.312 -6.   ] [-0.73  1.03  9.72]
-27.406227 [ 5.375 -3.5   -5.687] [-0.6   0.97  9.73]
-27.50688 [ 5.375 -2.75  -5.562] [-0.48  0.94  9.74]
-27.607428 [ 5.375 -2.312 -5.437] [-0.4   0.93  9.75]
-27.707955 [ 5.438 -1.875 -5.437] [-0.32  0.93  9.75]
-27.808471 [ 5.438 -1.25  -5.437] [-0.22  0.93  9.75]
-27.908932 [ 5.5   -0.75  -5.437] [-0.13  0.93  9.76]
-28.009521 [ 5.5   -0.375 -5.437] [-0.06  0.93  9.76]
-28.11 [ 5.5    0.    -5.562] [ 1.28  0.95  9.75]
-28.211461 [ 5.563  0.25  -5.875] [ 1.32  1.    9.75]
-28.312356 [ 5.563  0.5   -6.25 ] [ 0.08  1.06  9.74]
-28.413598 [ 5.563  0.688 -6.75 ] [ 1.4   1.16  9.73]
-28.514031 [ 5.563  0.938 -7.125] [ 1.44  1.21  9.72]
-28.615227 [ 5.563  1.063 -7.75 ] [ 1.46  1.32  9.71]
-28.716055 [ 5.563  1.063 -8.312] [ 1.47  1.42  9.7 ]
-28.817552 [ 5.563  1.125 -8.875] [ 1.47  1.51  9.68]
-28.920109 [ 5.563  1.125 -9.375] [ 1.47  1.6   9.67]
-29.02278 [ 5.563  1.125 -9.75 ] [ 1.47  1.66  9.66]
-29.124207 [  5.563   1.125 -10.312] [ 1.47  1.75  9.64]
-29.225666 [  5.563   0.938 -10.625] [ 1.44  1.81  9.63]
-29.327564 [  5.5     0.438 -10.812] [ 1.35  1.84  9.63]
-29.43411 [  5.438  -0.187 -11.125] [-0.02  1.89  9.62]
-29.535035 [  5.375  -0.812 -11.437] [-0.14  1.94  9.61]
-29.635306 [  5.313  -1.25  -11.5  ] [-0.22  1.95  9.6 ]
-29.735715 [  5.25  -1.75 -11.5 ] [ -3.00000000e-01  -3.25730000e+02   9.60000000e+00]
-29.835763 [  5.25  -2.25 -11.5 ] [-0.39  1.95  9.6 ]
-29.936075 [  5.188  -2.75  -11.5  ] [-0.47  1.95  9.59]
-30.039474 [  5.125  -3.125 -11.5  ] [-0.54  1.95  9.59]
-30.141274 [  2.875  -3.5   -11.5  ] [-0.6   1.95  9.58]
-30.243503 [  5.063  -3.937 -11.312] [-0.67  1.92  9.59]
-30.345126 [  5.     -4.312 -10.875] [-0.74  1.86  9.59]
-30.446419 [  5.     -4.687 -10.375] [-0.8   1.76  9.61]
-30.546955 [ 5.    -4.75  -9.937] [-0.81  1.69  9.62]
-30.647655 [ 5.    -4.812 -9.5  ] [-0.82  1.61  9.63]
-30.748168 [ 5.    -4.812 -9.   ] [-0.82  1.53  9.65]
-30.848651 [ 5.    -4.812 -8.437] [-0.83  1.44  9.66]
-30.949034 [ 5.    -4.875 -8.062] [-0.83  1.37  9.67]
-31.049796 [ 5.    -4.875 -7.75 ] [-0.83  1.32  9.68]
-31.150284 [ 4.938 -4.875 -7.25 ] [-0.83  1.23  9.69]
-31.250861 [ 5.    -4.687 -6.625] [-0.8   1.13  9.7 ]
-31.351379 [ 5.    -4.125 -6.312] [-0.71  1.08  9.72]
-31.45175 [ 5.063 -3.312 -6.062] [-0.57  1.04  9.73]
-31.552083 [ 5.125 -2.75  -5.875] [-0.47  1.    9.74]
-31.652311 [ 5.125 -2.375 -5.812] [-0.4   0.99  9.74]
-31.752634 [ 5.125 -1.812 -5.75 ] [-0.31  0.98  9.75]
-31.852886 [ 5.188 -1.25  -5.75 ] [-0.21  0.98  9.75]
-31.953046 [ 5.188 -0.812 -5.75 ] [-0.14  0.98  9.75]
-32.053363 [ 5.25  -0.375 -5.75 ] [-0.07  0.98  9.75]
-32.153587 [ 5.25  0.   -5.75] [ 1.28  0.98  9.75]
-32.254036 [ 5.25   0.25  -5.875] [ 1.33  1.    9.75]
-32.354515 [ 5.25   0.438 -6.187] [ 1.35  1.05  9.74]
-32.454742 [ 5.25   0.75  -6.625] [ 1.41  1.13  9.74]
-32.555196 [ 5.25   0.938 -7.   ] [ 1.44  1.19  9.73]
-32.65561 [ 5.25  1.   -7.5 ] [ 1.45  1.28  9.72]
-32.755969 [ 5.25   1.    -8.125] [ 1.45  1.39  9.7 ]
-32.856391 [ 5.313  1.    -8.625] [ 1.45  1.47  9.69]
-32.957205 [ 5.313  1.    -9.125] [ 1.45  1.56  9.67]
-33.057996 [ 5.25  1.   -9.5 ] [ 1.45  1.62  9.67]
-33.15869 [ 5.25   1.    -9.937] [ 1.45  1.69  9.65]
-33.259529 [  5.25    0.875 -10.5  ] [ 0.15  1.79  9.64]
-33.360274 [  5.25    0.313 -10.875] [ 1.34  1.85  9.63]
-33.46084 [  5.188  -0.312 -11.25 ] [-0.06  1.91  9.61]
-33.561557 [  5.063  -1.    -11.5  ] [-0.17  1.95  9.6 ]
-33.662497 [  5.063  -1.437 -11.625] [-0.24  1.97  9.6 ]
-33.763545 [  5.     -1.875 -11.625] [-0.32  1.97  9.59]
-33.864048 [  4.938  -2.375 -11.625] [-0.4   1.97  9.59]
-33.964564 [  4.875  -2.812 -11.625] [-0.48  1.98  9.59]
-34.064971 [  4.813  -3.25  -11.625] [-0.56  1.97  9.58]
-34.1657 [  4.813  -3.687 -11.625] [-0.63  1.97  9.58]
-34.266614 [  4.75  -4.   -11.25] [-0.68  1.91  9.59]
-34.367468 [  4.75   -4.312 -10.75 ] [-0.74  1.82  9.6 ]
-34.468227 [  4.75   -4.625 -10.312] [-0.79  1.75  9.61]
-34.56873 [ 3.312 -4.75  -9.75 ] [-0.82  1.66  9.62]
-34.670496 [ 4.688 -4.812 -9.312] [  -0.82    1.59 -318.04]
-34.771521 [ 4.688 -4.812 -8.875] [-0.83  1.5   9.65]
-34.872496 [ 4.688 -4.875 -8.312] [-0.83  1.42  9.66]
-34.973006 [ 4.625 -4.875 -8.062] [-0.83  1.37  9.67]
-35.073425 [ 4.688 -4.875 -7.625] [-0.84  1.3   9.68]
-35.173945 [ 4.75  -4.875 -6.875] [  -0.84    1.17 -317.99]
-35.274771 [ 4.75  -4.875 -6.437] [-0.84  1.1   9.7 ]
-35.375506 [ 3.25  -4.562 -6.125] [-0.78  1.05  9.71]
-35.477445 [ 4.813 -3.812 -5.875] [-0.66  1.01  9.73]
-35.579986 [ 4.813 -3.125 -5.75 ] [-0.53  0.98  9.74]
-35.681837 [ 4.875 -2.562 -5.687] [-0.44  0.97  9.74]
-35.783018 [ 4.875 -2.062 -5.625] [-0.35  0.96  9.75]
-35.883635 [ 4.938 -1.437 -5.625] [-0.24  0.96  9.75]
-35.983738 [ 4.938 -1.    -5.625] [-0.17  0.96  9.75]
-36.084682 [ 4.938 -0.562 -5.625] [-0.09  0.96  9.75]
-36.185181 [  5.00000000e+00  -6.20000000e-02   2.04237500e+03] [-0.02  0.96  9.75]
-36.285534 [ 5.     0.188 -5.812] [ 1.31  0.99  9.75]
