-0.074235 [ 7.75  -1.437 -8.812] [-0.25  1.5   9.68]
-0.175374 [ 8.063  1.    -8.687] [ 1.4   1.49  9.69]
-0.275944 [ 8.188  1.75  -8.187] [   1.59    1.4  -317.98]
-0.376702 [ 8.188  1.625 -8.25 ] [ 1.56  1.41  9.7 ]
-0.477491 [ 8.188  1.625 -8.562] [ 1.56  1.46  9.69]
-0.577924 [ 8.188  1.563 -8.875] [ 1.55  0.23  9.68]
-0.678543 [ 8.188  1.5   -9.312] [ 1.53  1.58  9.67]
-0.779211 [ 8.125  1.375 -9.687] [ 1.51  1.65  9.66]
-0.879743 [ 8.125  1.188 -9.875] [ 1.48  1.68  9.65]
-0.980438 [  8.063   0.813 -10.25 ] [ 1.42  1.75  9.64]
-1.080959 [  8.063   0.25  -10.687] [ 1.32  1.82  9.63]
-1.181553 [  8.     -0.125 -10.937] [-0.02  1.86  9.62]
-1.28211 [  7.938  -0.625 -11.125] [-0.1   1.9   9.61]
-1.382905 [  7.875  -1.062 -11.25 ] [-0.18  1.92  9.61]
-1.483632 [  7.813  -1.562 -11.312] [-0.27  1.92  9.61]
-1.584865 [  7.75   -2.187 -11.375] [-0.38  1.94  9.6 ]
-1.685465 [  7.563  -3.25  -11.562] [-0.55  1.96  9.59]
-1.78649 [  7.563  -3.5   -11.5  ] [-0.59  1.95  9.59]
-1.887499 [  7.5    -3.812 -11.5  ] [-0.65  1.95  9.58]
-1.988209 [  7.438  -4.125 -11.312] [-0.7   1.93  9.58]
-2.088822 [  7.438  -4.5   -10.875] [-0.76  1.85  9.59]
-2.189629 [  7.375  -4.625 -10.312] [-0.79  1.75  9.61]
-2.290098 [ 7.438 -4.75  -9.875] [-0.81  1.67  9.62]
-2.390604 [ 7.438 -4.75  -9.375] [-0.81  1.59  9.64]
-2.491179 [ 7.375 -4.812 -8.875] [-0.82  1.51  9.65]
-2.591829 [ 7.375 -4.812 -8.312] [-0.83  1.41  9.66]
-2.692923 [ 7.375 -4.812 -7.937] [-0.83  1.35  9.67]
-2.793737 [ 7.375 -4.812 -7.562] [-0.83  1.29  9.68]
-2.895889 [ 7.313 -4.812 -6.937] [-0.83  1.18  9.69]
-2.99863 [ 7.313 -4.812 -6.312] [-0.83  1.08  9.71]
-3.100032 [ 7.313 -4.312 -5.875] [-0.75  1.01  9.72]
-3.200948 [ 7.375 -3.5   -5.562] [-0.6   0.95  9.74]
-3.301554 [ 7.438 -2.812 -5.375] [-0.48  0.92  9.75]
-3.402123 [ 7.438 -2.312 -5.312] [-0.4   0.91  9.75]
-3.502772 [ 7.438 -1.812 -5.312] [-0.31  0.91  9.75]
-3.603756 [ 7.5   -1.312 -5.312] [-0.22  0.9   9.76]
-3.704685 [ 7.5   -0.812 -5.312] [-0.13  0.9   9.76]
-3.806011 [ 0.437 -0.375 -5.312] [-0.07  0.9   9.76]
-3.908531 [ 0.437  0.    -5.437] [ 0.    0.93  9.76]
-4.010289 [ 7.563  0.188 -5.75 ] [ 0.03  0.98  9.75]
-4.111463 [ 7.563  0.375 -6.125] [ 0.06  1.04  9.75]
-4.212381 [ 7.563  0.625 -6.625] [ 1.39  1.13  9.73]
-4.312798 [ 7.625  0.875 -7.062] [ 1.43  1.21  9.73]
-4.413238 [ 7.625  1.    -7.687] [ 1.45  1.31  9.71]
-4.513818 [ 7.563  1.063 -8.25 ] [ 1.47  1.4   9.7 ]
-4.614392 [ 7.563  1.125 -8.75 ] [ 1.47  1.49  9.68]
-4.71485 [ 7.563  1.125 -9.25 ] [ 1.47  1.57  9.67]
-4.815415 [ 7.563  1.125 -9.562] [ 1.47  1.63  9.66]
-4.916443 [  7.563   1.063 -10.125] [ 0.19  1.72  9.65]
-5.018683 [  7.563   1.    -10.5  ] [ 1.45  1.79  9.63]
-5.121254 [  7.563   0.438 -10.812] [ 1.37  1.84  9.63]
-5.222971 [  7.5    -0.125 -11.062] [-0.01  1.88  9.62]
-5.324018 [  7.438  -0.75  -11.312] [-0.13  1.92  9.61]
-5.424513 [  7.438  -1.187 -11.375] [-0.2   1.93  9.61]
-5.524925 [  7.375  -1.625 -11.375] [-0.28  1.94  9.6 ]
-5.625431 [  7.313  -2.125 -11.437] [-0.37  1.94  9.6 ]
-5.726025 [  7.313  -2.562 -11.437] [-0.44  1.94  9.6 ]
-5.826636 [  7.25   -3.    -11.437] [-0.51  1.94  9.59]
-5.927235 [  7.188  -3.375 -11.437] [-0.58  1.94  9.59]
-6.027978 [  7.188  -3.812 -11.312] [-0.65  1.92  9.59]
-6.128459 [  7.188  -4.187 -10.812] [-0.72  1.83  9.6 ]
-6.229237 [  7.188  -4.437 -10.125] [-0.76  1.72  9.62]
-6.329811 [ 7.125 -4.562 -9.75 ] [-0.78  1.66  9.63]
-6.430429 [ 7.125 -4.625 -9.25 ] [-0.79  1.57  9.64]
-6.5311 [ 7.125 -4.625 -8.812] [-0.79  1.49  9.65]
-6.631745 [ 7.125 -4.687 -8.25 ] [-0.8   1.4   8.39]
-6.732375 [ 7.125 -4.687 -7.875] [-0.8   1.34  9.68]
-6.832927 [ 7.125 -4.687 -7.5  ] [-0.8   1.28  9.68]
-6.933685 [ 7.125 -4.687 -7.   ] [-0.81  1.19  9.69]
-7.034307 [ 7.125 -4.562 -6.375] [-0.79  1.1   9.71]
-7.135214 [ 7.188 -4.    -6.   ] [-0.69  1.03  9.72]
-7.235829 [ 7.25  -3.187 -5.812] [-0.54  0.99  9.74]
-7.336548 [ 7.25  -2.625 -5.562] [-0.45  0.95  9.74]
-7.43729 [ 7.313 -2.25  -5.5  ] [-0.39  0.94  9.75]
-7.538038 [ 7.313 -1.75  -5.437] [-0.29  0.93  9.75]
-7.638667 [ 7.313 -1.125 -5.437] [-0.19  0.93  9.75]
-7.739402 [ 7.375 -0.687 -5.437] [-0.12  0.93  9.76]
-7.839901 [ 7.375 -0.25  -5.437] [-0.04  0.93  9.76]
-7.940425 [ 7.375  0.125 -5.5  ] [ 1.3   0.94  9.76]
-8.040961 [ 7.438  0.313 -5.687] [ 1.33  0.98  9.75]
-8.141493 [ 7.438  0.5   -6.062] [ 1.37  1.04  9.75]
-8.242085 [ 7.438  0.75  -6.5  ] [ 1.41  1.11  9.74]
-8.342787 [ 7.438  0.938 -6.875] [ 1.44  1.18  9.73]
-8.443372 [ 7.438  1.    -7.5  ] [ 1.45  1.28  9.72]
-8.543885 [ -1.68056200e+03   1.00000000e+00  -8.06200000e+00] [ 1.45  1.38  9.7 ]
-8.64486 [ 7.438  1.    -8.5  ] [ 1.45  1.45  9.69]
-8.745621 [ 7.438  1.    -9.062] [ 1.45  1.54  9.68]
-8.846366 [ 7.438  1.    -9.437] [ 1.45  1.61  9.67]
-8.947315 [ 7.438  1.    -9.937] [ 0.17  1.68  9.65]
-9.04846 [  7.438   1.    -10.437] [ 1.45  1.77  9.64]
-9.149279 [  7.375   0.5   -10.75 ] [ 1.36  1.83  9.63]
-9.250068 [  7.375  -0.125 -11.125] [-0.02  1.89  9.62]
-9.351015 [  7.25   -0.875 -11.375] [-0.15  1.94  9.61]
-9.452805 [  7.063  -2.125 -11.812] [-0.37  2.01  9.59]
-9.555201 [  7.063  -2.312 -11.812] [-0.39  2.01  9.58]
-9.657212 [  7.063  -2.625 -11.812] [-0.44  2.01  9.58]
-9.758655 [  7.     -3.062 -11.812] [-0.52  2.01  9.58]
-9.85951 [  6.938  -3.437 -11.812] [-0.59  2.    9.58]
-9.960119 [  6.875  -3.75  -11.625] [-0.65  1.98  9.58]
-10.060745 [  6.875  -4.062 -11.312] [-0.69  1.91  9.59]
-10.161296 [  6.813  -4.312 -10.875] [-0.74  1.85  9.6 ]
-10.261995 [  1.187  -4.562 -10.312] [-0.78  1.75  9.61]
-10.363228 [ 6.813 -4.687 -9.75 ] [-0.8   1.66  9.63]
-10.465283 [ 6.813 -4.75  -9.375] [-0.81  1.59  9.64]
-10.56768 [ 6.813 -4.812 -8.812] [-0.83  1.5   9.65]
-10.669598 [ 6.813 -4.875 -8.312] [-0.83  1.41  9.66]
-10.770875 [ 6.75  -4.875 -7.937] [-0.83  1.35  9.67]
-10.871463 [ 6.75  -4.875 -7.5  ] [-0.83  1.28  9.68]
-10.972086 [ 6.813 -4.875 -6.937] [-0.84  1.18  9.69]
-11.072975 [ 1.187 -4.875 -6.437] [-0.83  1.09  9.7 ]
-11.174389 [ 6.875 -4.375 -6.062] [-0.75  1.04  9.72]
-11.276479 [-4.562 -0.062 -0.062] [-0.6   0.99  9.73]
-11.378071 [ 1.062 -2.875 -5.687] [-0.49  0.97  9.74]
-11.480309 [ 7.    -2.375 -5.562] [-0.42  0.96  9.75]
-11.581538 [ 7.    -1.937 -5.562] [-0.33  0.95  9.75]
-11.682375 [ 7.    -1.312 -5.562] [-0.22  0.95  9.75]
-11.782976 [ 7.063 -0.875 -5.562] [-0.15  0.95  9.75]
-11.883515 [ 7.063 -0.437 -5.562] [-0.07  0.95  9.76]
-11.984095 [ 7.125  0.    -5.562] [ 1.28  0.95  9.75]
-12.084684 [ 7.125  0.25  -5.75 ] [ 1.33  0.98  9.75]
-12.185364 [ 7.125  0.5   -6.125] [ 1.36  1.05  9.74]
-12.285927 [ 7.125  0.875 -6.625] [ 1.43  1.13  9.73]
-12.386526 [ 7.125  1.063 -7.   ] [ 1.46  1.2   9.73]
-12.487059 [ 7.125  1.188 -7.625] [ 1.48  1.3   9.71]
-12.587577 [ 7.125  1.188 -8.25 ] [ 1.49  1.41  9.7 ]
-12.688189 [ 7.125  1.188 -8.687] [ 1.49  1.48  9.69]
-12.788774 [ 7.125  1.188 -9.187] [ 1.49  1.57  9.67]
-12.889365 [ 7.125  1.188 -9.625] [ 1.48  1.64  9.66]
-12.989863 [ 7.125  1.188 -9.937] [ 1.48  1.7   9.65]
-13.090246 [  7.125   0.875 -10.5  ] [ 1.43  1.79  9.64]
-13.191246 [  7.063   0.375 -10.812] [ 1.34  1.84  9.63]
-13.292102 [  7.     -0.375 -11.187] [-0.05  1.89  9.62]
-13.393002 [  6.938  -0.937 -11.5  ] [-0.15  1.95  9.6 ]
-13.493776 [  6.813  -1.437 -11.687] [-0.24  1.98  9.59]
-13.594307 [  6.75  -2.   -11.75] [-0.35  2.    9.59]
-13.69475 [  6.688  -2.437 -11.75 ] [-0.42  2.    9.59]
-13.79534 [  6.625  -2.875 -11.75 ] [-0.49  2.    9.58]
-13.895869 [  6.563  -3.25  -11.75 ] [-0.56  2.    9.58]
-13.996457 [  6.563  -3.687 -11.75 ] [-0.63  1.99  9.57]
-14.097124 [  6.5  -4.  -11.5] [-0.68  1.95  9.58]
-14.197662 [  6.5    -4.312 -11.125] [-0.74  1.88  9.59]
-14.298208 [  6.438  -4.5   -10.5  ] [-0.77  1.79  9.61]
-14.398806 [  6.438  -4.562 -10.   ] [-0.78  1.7   9.62]
-14.499358 [ 6.438 -4.562 -9.5  ] [-0.78  1.61  9.64]
-14.599944 [ 6.438 -4.625 -9.   ] [-0.79  1.53  9.65]
-14.700518 [ 6.438 -4.625 -8.375] [-0.79  1.42  9.66]
-14.80121 [ 6.438 -4.625 -8.   ] [-0.79  1.36  9.67]
-14.901843 [ 6.438 -4.687 -7.562] [-0.8   1.29  9.68]
-15.002213 [ 6.438 -4.687 -7.   ] [-0.8   1.19  9.69]
-15.102966 [ 6.563 -4.687 -6.312] [-0.8   1.08  9.71]
-15.203692 [ 1.437 -4.25  -5.937] [-0.73  1.02  9.72]
-15.304658 [ 6.625 -3.437 -5.625] [-0.6   0.97  9.73]
-15.405376 [ 6.625 -2.687 -5.5  ] [-0.47  0.94  9.74]
-15.50593 [ 6.688 -2.312 -5.437] [-0.39  0.93  9.75]
-15.606783 [ 6.688 -1.812 -5.437] [-0.31  0.93  9.75]
-15.707243 [ 6.688 -1.312 -5.437] [-0.22  0.93  9.75]
-15.807676 [ 6.75  -0.75  -5.437] [-0.12  0.93  9.76]
-15.908213 [ 6.75  -0.312 -5.437] [-0.06  0.92  9.76]
-16.009198 [ 6.75   0.    -5.562] [ 1.28  0.96  9.75]
-16.110448 [ 6.75   0.25  -5.875] [ 1.32  1.    9.75]
-16.211828 [ 6.75   0.375 -6.25 ] [ 1.35  1.07  9.74]
-16.314139 [ 1.25   0.625 -6.687] [ 1.38  1.15  9.73]
-16.415943 [ 6.813  0.875 -7.187] [ 1.42  1.22  9.72]
-16.517409 [ 6.813  0.938 -7.812] [ 1.44  1.33  9.71]
-16.618157 [ 6.813  1.    -8.375] [ 1.46  1.43  9.69]
-16.718715 [ 6.813  1.063 -8.875] [ 1.46  1.52  9.68]
-16.819517 [ 6.75   1.063 -9.375] [ 1.46  1.59  9.67]
-16.920285 [ 1.25   1.063 -9.687] [ 1.46  1.65  9.66]
-17.021569 [  6.75    1.063 -10.25 ] [ 1.46  1.74  9.64]
-17.123045 [  6.75    0.938 -10.562] [ 0.17  1.8   9.63]
-17.225585 [  6.688   0.438 -10.875] [ 1.37  1.85  9.62]
-17.327511 [  6.688  -0.125 -11.187] [-0.01  1.89  9.62]
-17.428651 [  6.563  -0.812 -11.5  ] [-0.14  1.95  9.6 ]
-17.529394 [  6.5    -1.25  -11.562] [-0.22  1.96  9.6 ]
-17.630064 [  6.5    -1.75  -11.562] [-0.3   1.96  9.6 ]
-17.730755 [  6.438  -2.25  -11.562] [-0.38  1.96  9.59]
-17.83153 [  6.375  -2.687 -11.562] [-0.46  1.96  9.59]
-17.932774 [  6.313  -3.125 -11.562] [-0.53  1.96  9.59]
-18.034246 [  6.25   -3.437 -11.5  ] [-0.59  1.95  9.59]
-18.136629 [  6.25   -3.875 -11.375] [-0.66  1.93  9.59]
-18.238468 [  6.188  -4.25  -10.875] [-0.72  1.85  9.6 ]
-18.339856 [  6.188  -4.5   -10.312] [-0.77  1.75  9.61]
-18.440725 [ 6.188 -4.625 -9.75 ] [-0.79  1.66  9.63]
-18.541303 [-1681.812    -4.687    -9.312] [-0.8   1.58  9.64]
-18.64184 [ 6.188 -4.687 -8.812] [-0.8   1.5   9.65]
-18.74244 [ 6.188 -4.687 -8.312] [-0.81  1.41  9.67]
-18.842971 [ 6.188 -4.75  -7.875] [-0.81  1.33  9.68]
-18.943677 [-1681.812  2043.25     -7.5  ] [-0.81  1.27  9.68]
-19.044165 [ 6.188 -4.75  -7.   ] [-0.81  2.47  9.69]
-19.144709 [ 6.188 -4.625 -6.437] [-0.79  1.1   9.71]
-19.245206 [ 6.25  -4.    -6.062] [-0.68  1.03  9.72]
-19.345793 [ 6.25  -3.187 -5.75 ] [-0.55  0.99  9.74]
-19.446439 [ 6.313 -2.625 -5.562] [-0.45  0.95  9.74]
-19.547032 [ 6.313 -2.25  -5.5  ] [-0.39  0.94  9.75]
-19.647558 [ 6.375 -1.75  -5.437] [-0.3   0.93  9.75]
-19.74815 [ 6.375 -1.187 -5.437] [-0.2   0.93  9.75]
-19.848797 [ 6.375 -0.75  -5.437] [-0.12  0.93  9.76]
-19.949791 [ 1.562 -0.312 -5.437] [-0.05  0.93  9.76]
-20.050474 [ 6.438  0.125 -5.437] [ 1.3   0.93  9.76]
-20.151053 [ 6.438  0.313 -5.687] [ 1.34  0.97  9.75]
-20.251784 [ 6.438  0.438 -6.062] [ 1.35  1.02  9.75]
-20.352476 [ 6.438  0.75  -6.5  ] [ 1.41  1.11  9.74]
-20.453 [ 6.438  0.875 -6.875] [ 1.44  1.18  9.73]
-20.553511 [ 6.438  0.938 -7.5  ] [ 1.44  1.28  9.72]
-20.654082 [ 6.438  1.    -8.125] [ 1.45  1.38  9.7 ]
-20.754657 [ 6.438  1.    -8.562] [ 1.45  1.46  9.69]
-20.855214 [ 6.438  1.    -9.062] [ 1.45  1.55  9.68]
-20.95589 [ 6.438  1.    -9.437] [ 1.45  1.61  9.67]
-21.056406 [ 6.438  1.    -9.875] [ 1.45  1.68  9.65]
-21.1576 [  6.438   0.938 -10.375] [ 1.44  1.77  9.64]
-21.258134 [  6.375   0.5   -10.75 ] [ 1.36  1.83  9.63]
-21.358674 [  6.313  -0.125 -11.125] [-0.02  1.89  9.62]
-21.459391 [  6.25   -0.75  -11.375] [-0.13  1.94  9.61]
-21.559913 [  6.188  -1.25  -11.5  ] [-0.21  1.95  9.6 ]
-21.660467 [  6.125  -1.687 -11.562] [-0.29  1.96  9.6 ]
-21.761101 [  6.125  -2.187 -11.562] [-0.38  1.97  9.59]
-21.862316 [  2.     -2.687 -11.562] [-0.46  1.97  9.59]
-21.963196 [  5.938  -3.125 -11.562] [-0.53  1.96  9.59]
-22.06429 [  5.875  -3.562 -11.5  ] [-0.61  1.95  9.58]
-22.164896 [  5.875  -3.937 -11.25 ] [-0.67  1.91  9.59]
-22.265398 [  5.813  -4.25  -10.812] [-0.73  1.83  9.6 ]
-22.365928 [  5.813  -4.5   -10.25 ] [  -0.77    1.74 -318.07]
-22.466651 [ 5.813 -4.625 -9.625] [-0.79  1.64  9.63]
-22.567585 [ 2.187 -4.687 -9.25 ] [-0.8   1.57  9.64]
-22.669029 [ 5.813 -4.687 -8.687] [-0.8   1.48  9.65]
-22.771463 [ 5.813 -4.75  -8.25 ] [-0.81  1.4   9.67]
-22.873613 [    5.813    -4.75   2040.125] [-0.82  1.35  9.67]
-22.975065 [ 5.813 -4.75  -7.437] [-0.82  1.27  9.68]
-23.07598 [ 5.813 -4.812 -6.75 ] [-0.82  1.15  9.7 ]
-23.176729 [ 5.813 -4.75  -6.312] [-0.82  1.07  9.71]
-23.277286 [ 5.813 -4.312 -6.   ] [-0.74  1.03  9.72]
-23.377765 [-1682.062    -3.437  2042.313] [-0.59  0.97  9.73]
-23.478492 [ 5.938 -2.75  -5.562] [-0.47  0.95  9.74]
-23.579618 [ 6.    -2.312 -5.5  ] [-0.39  0.94  9.75]
-23.681043 [ 2.    -1.812 -5.5  ] [-0.31  0.94  9.75]
-23.783683 [ 2.    -1.187 -5.437] [-0.21  0.93  9.75]
-23.885653 [ 6.063 -0.75  -5.437] [-0.13  0.93  9.76]
-23.986892 [ 6.063 -0.312 -5.437] [-0.06  0.93  9.76]
-24.087648 [ 6.125  0.063 -5.437] [ 1.29  0.93  9.76]
-24.18818 [ 6.125  0.375 -5.687] [ 1.35  0.97  9.75]
-24.288808 [ 6.125  0.625 -6.062] [ 1.38  1.04  9.75]
-24.389407 [ 6.125  0.938 -6.5  ] [ 1.44  1.11  9.74]
-24.490433 [ 1.875  1.125 -7.   ] [ 1.47  1.2   9.73]
-24.591889 [ 6.125  1.188 -7.562] [ 1.49  1.29  9.71]
-24.693611 [ 6.125  1.25  -8.187] [-1.18 -0.01 -0.01]
-24.79521 [ 6.125  1.25  -8.625] [ 0.21  1.47  9.69]
-24.897009 [ 6.125  1.188 -9.187] [ 1.49  1.55  9.67]
-24.998464 [ 6.125  1.188 -9.562] [ 1.49  1.63  9.66]
-25.099184 [ 6.125  1.188 -9.937] [ 1.49  1.69  9.65]
-25.199839 [  6.125   1.    -10.437] [ 1.45  1.77  9.64]
-25.300437 [  6.125   0.438 -10.687] [ 1.36  1.82  9.63]
-25.401091 [  6.063  -0.187 -11.   ] [-0.03  1.87  9.62]
-25.501813 [  5.938  -0.812 -11.375] [-0.14  1.93  9.61]
-25.602584 [  5.938  -1.187 -11.5  ] [-0.21  1.96  9.6 ]
-25.703106 [  5.875  -1.75  -11.562] [-0.3   1.96  9.6 ]
-25.803686 [  5.813  -2.25  -11.562] [-0.39  1.96  9.59]
-25.904334 [  5.75   -2.75  -11.562] [-0.47  1.96  9.59]
-26.004886 [  5.688  -3.125 -11.562] [-0.53  1.96  9.59]
-26.105466 [  5.625  -3.5   -11.562] [-0.6   1.96  9.58]
-26.206206 [  5.625  -3.875 -11.5  ] [-0.66  1.95  9.58]
-26.306831 [  5.563  -4.187 -10.937] [-0.72  1.86  9.6 ]
-26.407443 [  5.563  -4.437 -10.437] [-0.75  1.77  9.61]
-26.508194 [ 2.437 -4.5   -9.875] [-0.77  1.68  9.63]
-26.609004 [ 5.563 -4.562 -9.375] [-0.78  1.6   9.64]
-26.709842 [ 5.563 -4.562 -8.875] [-0.78  1.52  9.65]
-26.810708 [ 5.563 -4.625 -8.312] [-0.79  1.41  9.67]
-26.911364 [ 5.563 -4.625 -7.937] [-0.79  1.35  9.67]
-27.011922 [ 5.563 -4.625 -7.625] [-0.8   1.3   9.68]
-27.11257 [ 5.563 -4.687 -7.062] [-0.8   1.2   9.69]
-27.213104 [-1682.375    -4.625    -6.437] [-0.79  1.09  9.71]
-27.313647 [ 5.625 -4.187 -6.   ] [-0.72  1.02  9.72]
-27.414227 [ 5.688 -3.437 -5.75 ] [-0.59  0.98  9.73]
-27.514694 [ 5.688 -2.75  -5.562] [-0.47  0.95  9.74]
-27.615255 [ 5.75  -2.25  -5.437] [-0.39  0.93  9.75]
-27.715859 [ 5.75  -1.812 -5.437] [-0.31  0.93  9.75]
-27.816774 [ 5.813 -1.25  -5.437] [-0.21  0.93  9.75]
-27.917417 [ 5.813 -0.75  -5.437] [-0.13  0.93  9.76]
-28.018051 [ 5.813 -0.375 -5.437] [-0.06  0.93  9.76]
-28.118459 [ 5.875  0.    -5.562] [ 1.28  0.95  9.76]
-28.219223 [ 5.875  0.25  -5.812] [ 1.33  0.99  9.75]
-28.319745 [ 5.813  0.438 -6.187] [ 1.36  1.05  9.74]
-28.420546 [ 2.187  0.75  -6.562] [ 1.4   1.12  9.74]
-28.521767 [ 5.813  1.    -7.   ] [ 1.45  1.19  9.73]
-28.623017 [ 5.813  1.125 -7.562] [ 1.47  1.29  8.43]
-28.723683 [ 5.813  1.25  -8.187] [ 1.5   1.39  9.7 ]
-28.824245 [ 5.813  1.25  -8.687] [ 1.5   1.48  9.69]
-28.92478 [ 5.813  1.313 -9.187] [ 1.5   1.56  9.67]
-29.025404 [ 5.813  1.313 -9.562] [ 1.51  1.63  9.66]
-29.125883 [  5.813   1.313 -10.   ] [ 1.51  1.7   9.65]
-29.22764 [  5.813   1.063 -10.312] [ 1.46  1.76  9.64]
-29.329572 [  5.75    0.5   -10.687] [ 1.37  1.82  9.63]
-29.432066 [  5.688  -0.125 -10.875] [-0.01  1.85  9.63]
-29.533518 [  5.625  -0.75  -11.062] [-0.12  1.88  9.62]
-29.634501 [  5.625  -1.125 -11.187] [-0.2   1.9   9.61]
-29.735003 [  5.563  -1.687 -11.125] [-0.29  1.9   9.61]
-29.835468 [  5.5    -2.187 -11.187] [-0.38  1.9   9.61]
-29.935999 [  5.438  -2.687 -11.187] [-0.46  1.9   9.6 ]
-30.036793 [  5.438  -3.125 -11.187] [-0.53  1.9   9.6 ]
-30.137347 [  5.375  -3.5   -11.187] [-0.6  1.9  9.6]
-30.238134 [  5.375  -3.937 -11.   ] [-0.67  1.87  9.6 ]
-30.339836 [  5.313  -4.312 -10.625] [-0.74  1.8   9.61]
-30.442136 [  5.25   -4.562 -10.125] [-0.79  1.71  9.62]
-30.544516 [ 5.313 -4.75  -9.562] [-0.81  1.64  9.63]
-30.64578 [ 5.25  -4.75  -9.125] [-0.82  1.55  9.64]
-30.746654 [ 5.25  -4.812 -8.625] [-0.82  1.47  9.65]
-30.847536 [ 5.25  -4.812 -8.125] [-0.83  1.38  9.67]
-30.948356 [ 5.25  -4.875 -7.75 ] [-0.83  1.31  9.68]
-31.049878 [ 5.25  -4.875 -7.375] [-0.83  1.25  9.68]
-31.151808 [ 5.25  -4.875 -6.937] [-0.83  1.18  9.69]
-31.254983 [ 5.313 -4.625 -6.375] [-0.8   1.09  9.71]
-31.35707 [ 5.313 -3.937 -6.   ] [-0.67  1.03  9.72]
-31.457801 [ 5.375 -3.125 -5.812] [-0.54  0.99  9.74]
-31.558439 [ 5.375 -2.687 -5.625] [-0.46  0.96  9.74]
-31.659787 [ 5.438 -2.375 -5.562] [-0.4   0.95  9.75]
-31.760596 [ 5.438 -1.812 -5.5  ] [-0.31  0.94  9.75]
-31.861515 [ 5.5  -1.25 -5.5 ] [-0.21  0.94  9.75]
-31.962154 [ 5.5   -0.812 -5.5  ] [-0.14  0.94  9.75]
-32.062772 [ 5.5   -0.375 -5.5  ] [-0.06  0.94  9.76]
-32.163475 [ 5.563  0.    -5.562] [ 1.28  0.95  9.76]
-32.263922 [ 5.563  0.188 -5.75 ] [ 1.31  0.99  9.75]
-32.364449 [ 5.5    0.313 -6.062] [ 1.33  1.03  9.75]
-32.465063 [ 5.563  0.625 -6.437] [ 1.39  1.1   9.74]
-32.565829 [ 5.563  0.875 -6.812] [ 1.43  1.16  9.73]
-32.666452 [ 5.563  0.938 -7.437] [ 1.44  1.25  9.72]
-32.76711 [ 5.563  1.    -8.062] [ 0.17  1.37  9.7 ]
-32.868036 [ 5.563  1.063 -8.562] [ 0.18  1.45  9.69]
-32.96881 [ 5.563  1.063 -9.   ] [ 1.46  1.54  9.68]
-33.069369 [ 5.563  1.063 -9.375] [ 1.46  1.6   9.67]
-33.169884 [ 5.563  1.063 -9.812] [ 1.46  1.67  9.66]
-33.270433 [  5.563   0.875 -10.312] [ 1.43  1.76  9.64]
-33.371058 [  5.5     0.25  -10.687] [ 1.33  1.82  9.63]
-33.471664 [  5.5    -0.375 -11.062] [-0.07  1.88  9.62]
-33.572218 [  5.438  -1.    -11.312] [-0.17  1.92  9.61]
-33.672787 [  5.375  -1.437 -11.375] [-0.25  1.93  9.61]
-33.773432 [  5.313  -1.937 -11.375] [-0.34  1.93  9.6 ]
-33.874003 [  5.313  -2.375 -11.375] [-0.41  1.93  9.6 ]
-33.974559 [  5.25   -2.875 -11.375] [-0.49  1.93  9.6 ]
-34.075007 [  5.188  -3.312 -11.375] [-0.57  1.93  9.59]
-34.175414 [  5.125  -3.687 -11.25 ] [-0.63  1.91  9.59]
-34.275965 [  5.063  -4.062 -11.125] [-0.7   1.89  9.59]
-34.376644 [  5.063  -4.437 -10.625] [-0.76  1.8   9.6 ]
-34.477405 [  5.     -4.687 -10.125] [-0.8   1.72  9.62]
-34.57866 [ 5.    -4.875 -9.562] [-0.83  1.63  9.63]
-34.679841 [ 5.    -4.875 -9.187] [-0.84  1.57  9.64]
-34.780881 [ 5.    -4.937 -8.687] [-0.85  1.47  9.65]
-34.881513 [ 5.    -5.    -8.187] [-0.86  1.39  9.66]
-34.982114 [ 5.   -5.   -7.75] [-0.86  1.32  9.67]
-35.08287 [ 5.    -5.    -7.375] [-0.86  1.25  9.68]
-35.18351 [ 5.   -5.   -6.75] [-0.86  1.15  9.69]
-35.284066 [ 4.938 -5.    -6.312] [-0.85  1.07  9.7 ]
-35.385433 [ 5.    -4.5   -6.125] [-0.77  1.04  9.71]
-35.487803 [ 5.063 -3.687 -5.812] [-0.63  0.99  9.73]
-35.589941 [ 5.125 -3.    -5.625] [-0.52  0.96  9.74]
-35.691373 [ 5.125 -2.5   -5.562] [-0.44  0.95  9.74]
-35.792514 [ 5.125 -2.    -5.562] [-0.35  0.95  9.75]
-35.89317 [ 5.188 -1.437 -5.5  ] [-0.24  0.94  9.75]
-35.993704 [ 5.188 -0.937 -5.5  ] [-0.16  0.94  9.75]
-36.094389 [ 5.25  -0.562 -5.5  ] [-0.1   0.94  9.76]
-36.194836 [ 2.75  -0.062 -5.5  ] [-0.02  0.94  9.76]
-36.296143 [ 5.25   0.188 -5.687] [ 1.31  0.97  9.75]
