-0.074139 [ 8.313 -1.125 -8.812] [-0.19  1.51  9.68]
-0.174846 [ 8.563  0.688 -8.687] [ 1.4   1.49  9.69]
-0.275126 [ 8.563  0.75  -8.687] [ 1.4   1.48  9.69]
-0.376195 [ 8.563  0.75  -8.687] [ 1.4   1.48  9.69]
-0.477587 [ 8.563  0.75  -8.812] [ 1.4   1.5   9.69]
-0.579432 [ 8.563  0.75  -8.937] [ 1.4   1.53  9.68]
-0.679963 [ 8.563  0.75  -9.375] [ 1.4   1.6   9.67]
-0.780591 [ 8.563  0.688 -9.75 ] [ 1.4   0.38  9.66]
-0.881106 [  8.563   0.688 -10.187] [ 0.12  1.72  9.65]
-0.981681 [  8.5     0.5   -10.625] [ 1.36  1.81  9.63]
-1.082128 [  8.5     0.    -10.875] [ 1.28  1.85  9.62]
-1.182393 [  8.438  -0.5   -11.125] [-0.08  1.89  9.62]
-1.282904 [  8.438  -0.937 -11.437] [-0.16  1.94  9.6 ]
-1.383238 [  8.188  -2.25  -11.687] [-0.38  1.98  9.59]
-1.483558 [  8.125  -3.    -12.062] [-0.52  2.04  9.57]
-1.583884 [  8.063  -3.187 -12.062] [-0.54  2.04  9.57]
-1.684334 [  8.063  -3.5   -12.062] [-0.6   2.04  9.57]
-1.78458 [  8.063  -3.812 -12.062] [-0.65  2.04  9.56]
-1.884996 [  8.     -4.125 -12.   ] [-0.7   2.03  9.56]
-1.985121 [  8.     -4.375 -11.687] [-0.75  1.98  9.57]
-2.085483 [  7.938  -4.687 -11.312] [-0.8   1.92  9.58]
-2.185626 [  7.938  -4.812 -10.687] [-0.82  1.81  9.6 ]
-2.285897 [  7.938  -4.875 -10.187] [-0.83  1.72  9.61]
-2.386218 [ 7.938 -4.875 -9.625] [-0.83  1.63  9.63]
-2.486606 [  7.938 -12.875  -9.125] [-0.84  1.55  9.64]
-2.587004 [ 7.938 -4.937 -8.562] [-0.84  1.45  9.66]
-2.687388 [ 7.938 -4.937 -8.125] [-0.84  1.38  9.67]
-2.787813 [ 7.938 -4.937 -7.75 ] [-0.85  1.32  9.67]
-2.888288 [ 7.938 -4.937 -7.25 ] [-0.85  1.23  9.69]
-2.988579 [ 8.    -4.937 -6.625] [-0.85  1.12  9.7 ]
-3.088952 [ 8.    -4.562 -6.125] [-0.78  1.04  9.71]
-3.189303 [ 8.063 -3.875 -5.812] [-0.66  0.99  9.73]
-3.290147 [ 8.125 -3.    -5.562] [-0.52  0.95  9.74]
-3.390748 [ 8.125 -2.5   -5.5  ] [-0.43  0.94  9.75]
-3.491334 [ 8.125 -2.062 -5.5  ] [  -0.36 -326.74    9.75]
-3.591933 [ 8.188 -1.5   -5.5  ] [-0.26  0.94  9.75]
-3.692588 [ 0.188 -0.937 -5.5  ] [-0.16  0.94  9.75]
-3.793821 [ 8.188 -0.562 -5.5  ] [-0.1   0.94  9.76]
-3.895042 [ 8.188 -0.187 -5.687] [-0.04  0.97  9.75]
-3.995999 [ 8.25   0.063 -6.   ] [ 1.29  1.02  9.75]
-4.096726 [ 8.25   0.25  -6.375] [ 1.32  1.09  9.74]
-4.19726 [ 8.25   0.438 -6.812] [ 1.36  1.17  9.73]
-4.297879 [ 8.25   0.688 -7.312] [ 1.39  1.25  9.72]
-4.398442 [ 8.25   0.75  -7.875] [ 1.41  1.34  9.71]
-4.499006 [ 8.188  0.875 -8.437] [ 1.43  1.43  9.69]
-4.600376 [ 8.188  0.938 -8.937] [ 1.44  1.52  9.68]
-4.701418 [ 8.188  0.938 -9.375] [ 1.44  1.6   9.67]
-4.803182 [ 8.188  0.938 -9.75 ] [ 1.44  1.66  9.66]
-4.905556 [  8.188   0.938 -10.25 ] [ 1.44  1.74  9.64]
-5.007057 [  8.188   0.813 -10.625] [ 0.15  1.8   9.63]
-5.108079 [  8.125   0.313 -10.812] [ 1.33  1.84  9.63]
-5.208725 [  8.063  -0.25  -11.062] [-0.05  1.88  9.62]
-5.309474 [  8.     -0.937 -11.375] [-0.16  1.93  9.61]
-5.410173 [  8.     -1.375 -11.437] [-0.23  1.95  9.6 ]
-5.511225 [  7.938  -1.812 -11.437] [-0.31  1.95  9.6 ]
-5.612305 [  7.875  -2.312 -11.437] [-0.4   1.95  9.6 ]
-5.714719 [  0.187  -2.812 -11.437] [-0.48  1.95  9.59]
-5.817273 [  7.75   -3.25  -11.437] [-0.55  1.95  9.59]
-5.918944 [  7.688  -3.625 -11.375] [-0.62  1.93  9.59]
-6.019872 [  7.688  -4.    -11.062] [-0.69  1.88  9.59]
-6.120513 [  7.625  -4.312 -10.687] [-0.74  1.81  9.6 ]
-6.220955 [  7.563  -4.687 -10.187] [-0.8   1.73  9.61]
-6.32157 [ 7.563 -4.812 -9.75 ] [-0.82  1.66  9.62]
-6.422591 [ 7.563 -4.812 -9.25 ] [-0.83  1.57  9.64]
-6.523506 [ 7.563 -4.875 -8.875] [-0.83  1.5   9.65]
-6.625553 [ 0.437 -4.875 -8.312] [-0.84  1.42  9.66]
-6.727842 [ 7.5   -4.875 -7.875] [-0.84  1.35  9.67]
-6.829595 [ 7.5   -4.937 -7.5  ] [-0.84  1.29  9.68]
-6.930936 [ 7.5   -4.937 -7.062] [-0.84  1.2   9.69]
-7.031606 [ 7.563 -4.812 -6.562] [-0.82  1.12  9.7 ]
-7.132274 [ 7.563 -4.25  -6.125] [-0.73  1.04  9.72]
-7.23291 [ 7.625 -3.437 -5.875] [-0.59  1.    9.73]
-7.33356 [ 7.625 -2.812 -5.625] [-0.49  0.96  9.74]
-7.434054 [ 7.688 -2.437 -5.625] [-0.42  0.96  9.75]
-7.534364 [ 7.688 -1.937 -5.562] [-0.33  0.95  9.75]
-7.63495 [ 7.688 -1.375 -5.562] [-0.24  0.95  9.75]
-7.735534 [ 7.75  -0.937 -5.5  ] [-0.16  0.95  9.75]
-7.836092 [ 7.75 -0.5  -5.5 ] [-0.09  0.95  9.76]
-7.936658 [ 7.813 -0.062 -5.562] [-0.01  0.95  9.76]
-8.037343 [ 7.75   0.063 -5.75 ] [ 1.3   0.99  9.75]
-8.137953 [ 7.75   0.25  -6.125] [ 1.33  1.04  9.75]
-8.238461 [ 7.75   0.563 -6.562] [ 1.38  1.12  9.74]
-8.338949 [ 7.813  0.75  -7.   ] [ 1.41  1.19  9.73]
-8.43952 [ 7.75   0.813 -7.562] [ 1.42  1.3   9.71]
-8.5402 [ 7.75   0.875 -8.25 ] [ 1.42  1.41  9.7 ]
-8.641274 [ 7.75   0.875 -8.75 ] [ 1.43  1.49  9.69]
-8.742299 [ 7.75   0.875 -9.25 ] [ 1.43  1.57  9.67]
-8.843148 [ 7.75   0.875 -9.625] [ 1.43  1.64  9.66]
-8.943846 [  7.75    0.813 -10.   ] [ 1.42  1.71  9.65]
-9.0444 [  7.75   0.75 -10.5 ] [ 1.41  1.79  9.63]
-9.144956 [  7.688   0.188 -10.812] [ 1.31  1.84  9.63]
-9.245416 [  7.625  -0.375 -11.125] [-0.06  1.89  9.62]
-9.346114 [  7.563  -1.    -11.187] [-0.17  1.91  9.61]
-9.446594 [  7.5    -1.437 -11.437] [-0.25  1.95  9.6 ]
-9.547207 [  7.438  -1.75  -11.562] [-0.3   1.97  9.6 ]
-9.647784 [  7.438  -2.187 -11.625] [-0.37  1.97  9.59]
-9.748369 [  7.375  -2.812 -11.625] [-0.48  1.98  9.59]
-9.84896 [  7.25   -3.187 -11.625] [-0.55  1.98  9.58]
-9.949528 [  7.25   -3.625 -11.625] [-0.62  1.97  9.58]
-10.050121 [  7.188  -3.937 -11.25 ] [-0.68  1.91  9.59]
-10.15061 [  7.125  -4.312 -10.687] [-0.73  1.82  9.6 ]
-10.251209 [  7.125  -4.625 -10.25 ] [-0.79  1.74  9.61]
-10.351866 [ 7.125 -4.75  -9.687] [-0.81  1.64  9.63]
-10.452343 [ 7.125 -4.812 -9.312] [-0.82  1.58  9.64]
-10.552744 [ 7.125 -4.812 -8.75 ] [-0.83  1.49  9.65]
-10.653406 [ 7.125 -4.875 -8.25 ] [-0.83  1.4   9.66]
-10.754028 [ 7.125 -4.875 -7.937] [-0.83  1.34  9.67]
-10.854839 [ 7.125 -4.875 -7.437] [-0.83  1.27  9.68]
-10.955695 [ 7.125 -4.875 -6.875] [-0.84  1.17  9.69]
-11.056678 [ 7.188 -4.875 -6.375] [-0.84  1.08  9.7 ]
-11.157327 [ 7.188 -4.5   -6.125] [-0.77  1.04  9.71]
-11.257865 [ 7.313 -3.687 -5.75 ] [-0.63  0.98  9.73]
-11.358531 [ 7.375 -3.    -5.625] [-0.51  0.96  9.74]
-11.459246 [ 7.375 -2.437 -5.5  ] [-0.42  0.94  9.75]
-11.559824 [ 0.625 -2.    -5.5  ] [-0.34  0.94  9.75]
-11.661188 [ 7.438 -1.437 -5.5  ] [-0.24  0.94  9.75]
-11.762235 [ 7.438 -0.937 -5.5  ] [-0.16  0.94  9.76]
-11.864678 [ 0.562 -0.562 -5.5  ] [-0.09  0.94  9.76]
-11.966746 [ 7.5  0.  -5.5] [-0.01  0.94  9.76]
-12.067868 [ 7.5    0.188 -5.687] [ 1.32  0.98  9.75]
-12.168684 [ 7.5    0.438 -6.125] [ 1.35  1.05  9.74]
-12.269223 [ 7.5    0.75  -6.625] [ 1.41  1.13  9.74]
-12.369885 [ 7.5  1.  -7. ] [ 1.45  1.2   9.73]
-12.470423 [ 7.5    1.063 -7.562] [ 1.46  1.29  9.71]
-12.57096 [ 7.5    1.125 -8.187] [ 1.47  1.39  9.7 ]
-12.671498 [ 7.5    1.125 -8.625] [ 1.47  1.47  9.69]
-12.772322 [ 7.5    1.125 -9.125] [ 1.47  1.55  9.68]
-12.874333 [ 7.5    1.125 -9.562] [ 1.47  1.63  9.66]
-12.976621 [ 0.5    1.125 -9.937] [ 0.19  1.69  9.65]
-13.078378 [  7.5     0.813 -10.5  ] [ 0.14  1.78  9.64]
-13.179539 [  7.438   0.25  -10.75 ] [ 1.32  1.83  9.63]
-13.280636 [ 7.375 -0.375 -3.062] [-0.07  1.88  9.62]
-13.381319 [  7.313  -1.    -11.437] [-0.18  1.94  9.6 ]
-13.482066 [  7.25   -1.437 -11.625] [-0.24  1.98  9.6 ]
-13.582626 [  7.188  -2.    -11.75 ] [-0.34  1.99  9.59]
-13.683917 [  0.875  -2.437 -11.75 ] [-0.42  2.    9.59]
-13.786061 [  7.     -2.875 -11.75 ] [-0.5   2.    9.58]
-13.888649 [  7.    -3.25 -11.75] [-0.55  2.    9.58]
-13.99058 [  6.938  -3.625 -11.75 ] [-0.63  2.    9.57]
-14.0918 [  6.875  -4.    -11.5  ] [-0.69  1.95  9.58]
-14.192248 [  6.875  -4.375 -11.062] [-0.75  1.88  9.59]
-14.292802 [  6.813  -4.5   -10.5  ] [-0.77  1.78  9.61]
-14.393277 [  6.875  -4.625 -10.   ] [-0.79  1.7   9.62]
-14.493778 [-1681.125    -4.625    -9.437] [-0.79  1.61  9.64]
-14.594344 [ 6.813 -4.687 -9.062] [-0.8   1.54  9.65]
-14.694939 [    6.813  2043.25     -8.437] [-0.81  1.43  9.66]
-14.795638 [ 6.813 -4.75  -8.062] [-0.81  1.37  9.67]
-14.89618 [ 6.813 -4.75  -7.687] [-0.81  1.3   9.68]
-14.996727 [ 6.813 -4.75  -7.062] [-0.81  1.2   9.69]
-15.097344 [ 6.875 -4.75  -6.437] [-0.82  1.09  9.71]
-15.197777 [ 6.875 -4.375 -6.   ] [-0.74  1.02  9.72]
-15.298537 [ 6.875 -3.562 -5.687] [-0.61  0.97  9.73]
-15.399071 [ 6.938 -2.812 -5.5  ] [-0.48  0.94  9.74]
-15.49964 [-1681.062    -2.562    -5.437] [-0.44  0.93  9.75]
-15.600137 [ 6.938 -2.125 -5.375] [-0.36  0.92  9.75]
-15.700668 [ 7.    -1.5   -5.375] [-0.25  0.92  9.75]
-15.801317 [ 1.    -0.875 -5.375] [-0.15  0.92  9.76]
-15.902267 [ 7.063 -0.437 -5.375] [-0.09  0.91  9.76]
-16.002853 [ 7.063 -0.062 -5.5  ] [-0.02  0.94  9.76]
-16.103884 [ 7.063  0.125 -5.875] [ 1.3   1.    9.75]
-16.204601 [ 7.063  0.313 -6.187] [ 1.33  1.06  9.74]
-16.305331 [ 7.063  0.563 -6.687] [ 1.37  1.15  9.73]
-16.405779 [ 7.125  0.75  -7.125] [ 1.41  1.22  9.72]
-16.506211 [ 7.125  0.875 -7.75 ] [ 1.43  1.32  9.71]
-16.606834 [ 7.125  0.938 -8.312] [ 1.45  1.42  9.7 ]
-16.707391 [ 7.125  0.938 -8.812] [ 1.45  1.51  9.68]
-16.807891 [ 7.125  0.938 -9.312] [ 1.45  1.59  9.67]
-16.908475 [ 7.125  0.938 -9.687] [ 1.44  1.65  9.66]
-17.009027 [  7.125   0.938 -10.187] [ 1.44  1.73  9.65]
-17.109611 [  7.125   0.813 -10.562] [ 1.42  1.8   9.63]
-17.210295 [  7.063   0.375 -10.875] [ 1.34  1.85  9.63]
-17.311002 [  7.063  -0.187 -11.125] [-0.04  1.89  9.62]
-17.411672 [  6.938  -0.812 -11.437] [-0.14  1.94  9.61]
-17.512355 [  6.938  -1.25  -11.5  ] [-0.22  1.95  9.6 ]
-17.613354 [-1681.125    -1.75    -11.5  ] [-0.3   1.96  9.6 ]
-17.714077 [  6.875  -2.25  -11.5  ] [-0.38  1.95  9.6 ]
-17.815462 [  6.813  -2.75  -11.5  ] [-0.47  1.96  9.59]
-17.91622 [  6.75   -3.125 -11.5  ] [-0.53  1.96  9.59]
-18.016779 [  6.75   -3.562 -11.5  ] [-0.61  1.95  9.59]
-18.117346 [  6.688  -3.937 -11.375] [-0.68  1.93  9.58]
-18.217846 [  6.625  -4.312 -11.   ] [-0.74  1.87  9.59]
-18.31846 [  6.625  -4.625 -10.312] [-0.79  1.75  9.61]
-18.419604 [ 6.625 -4.687 -9.875] [-0.81  1.68  9.62]
-18.521209 [ 6.625 -4.75  -9.375] [-0.82  1.59  9.64]
-18.623594 [ 1.375 -4.812 -8.937] [-0.83  1.52  9.65]
-18.725475 [ 6.625 -4.812 -8.375] [-0.83  1.43  9.66]
-18.826799 [ 6.625 -4.875 -8.   ] [-0.83  1.36  9.67]
-18.927695 [ 6.625 -4.875 -7.625] [-0.83  1.29  9.68]
-19.028314 [ 6.563 -4.875 -7.125] [-0.83  1.21  9.69]
-19.12894 [ 6.625 -4.75  -6.625] [-0.81  1.13  9.7 ]
-19.229549 [ 6.625 -4.187 -6.25 ] [-0.72  1.06  9.72]
-19.330504 [ 6.688 -3.312 -5.937] [-0.57  1.02  9.73]
-19.431869 [ 6.75 -2.75 -5.75] [-0.47  0.98  9.74]
-19.534017 [ 6.75  -2.375 -5.687] [-0.41  0.97  9.74]
-19.63646 [ 6.813 -1.812 -5.625] [-0.32  0.96  9.75]
-19.737946 [ 6.813 -1.25  -5.625] [-0.22  0.96  9.75]
-19.839082 [ 6.813 -0.812 -5.562] [-0.14  0.96  9.75]
-19.939585 [ 6.875 -0.375 -5.562] [-0.07  0.96  9.75]
-20.040186 [ 6.875  0.    -5.562] [ 1.28  0.96  9.75]
-20.140958 [ 6.875  0.188 -5.812] [ 1.32  0.99  9.75]
-20.241916 [ 6.875  0.438 -6.125] [ 1.35  1.05  9.74]
-20.343451 [ 1.125  0.688 -6.5  ] [ 0.12  1.12  9.74]
-20.445871 [ 6.938  0.875 -6.937] [ 1.43  1.18  9.73]
-20.548265 [ 6.938  0.875 -7.5  ] [ 1.43  1.27  9.72]
-20.649835 [ 6.875  0.938 -8.125] [ 1.44  1.39  9.7 ]
-20.751128 [ 6.875  0.938 -8.562] [ 1.44  1.46  9.69]
-20.851891 [ 6.875  0.938 -9.125] [ 1.44  1.55  9.68]
-20.952347 [ 1.125  0.938 -9.5  ] [ 1.44  1.62  9.67]
-21.053221 [ 6.875  0.938 -9.937] [ 1.44  1.69  9.65]
-21.153798 [  6.875   0.875 -10.375] [ 1.43  1.77  9.64]
-21.254287 [  6.813   0.375 -10.75 ] [ 1.35  1.83  9.63]
-21.354989 [  6.75   -0.312 -11.125] [-0.05  1.9   9.62]
-21.455546 [ -1.68125000e+03  -7.50000000e-01  -1.13750000e+01] [-0.12  1.93  9.61]
-21.555838 [  1.312  -1.25  -11.5  ] [-0.22  1.95  9.6 ]
-21.656404 [  6.625  -1.75  -11.562] [-0.3   1.96  9.6 ]
-21.756998 [  6.625  -2.25  -11.562] [-0.38  1.97  9.59]
-21.857384 [  6.563  -2.687 -11.562] [-0.46  1.97  9.59]
-21.957883 [  6.5    -3.125 -11.562] [-0.53  1.96  9.59]
-22.05847 [  6.438  -3.562 -11.562] [-0.61  1.96  9.58]
-22.158942 [  6.438  -3.875 -11.312] [-0.67  1.92  9.59]
-22.259801 [  6.375  -4.187 -10.75 ] [-0.71  1.83  9.6 ]
-22.360797 [  6.375  -4.5   -10.25 ] [-0.77  1.75  9.61]
-22.461529 [ 6.375 -4.937 -9.687] [-0.84  1.65  9.62]
-22.562282 [ 6.375 -4.937 -9.312] [-0.85  1.58  9.64]
-22.663002 [ 6.375 -5.    -8.75 ] [-0.85  1.49  9.65]
-22.763601 [ 6.375 -5.    -8.25 ] [-0.86  1.4   9.66]
-22.864371 [ 6.375 -5.    -7.937] [-0.86  1.35  9.67]
-22.964911 [-1681.687    -5.062    -7.5  ] [-0.86  1.28  9.68]
-23.065471 [ 6.375 -5.062 -6.937] [-0.86  1.18  9.69]
-23.166125 [ 6.375 -5.    -6.437] [-0.86  1.1   9.7 ]
-23.266745 [ 6.375 -4.625 -6.187] [-0.79  1.05  9.71]
-23.367399 [ 6.438 -3.75  -5.937] [-0.64  1.01  9.73]
-23.468094 [ 6.5   -3.062 -5.75 ] [-0.53  0.98  9.74]
-23.568688 [ 6.5   -2.562 -5.625] [-0.44  0.96  9.74]
-23.669444 [ 6.5   -2.125 -5.562] [-0.36  0.95  9.75]
-23.770046 [ 6.563 -1.5   -5.562] [-0.26  0.95  9.75]
-23.870666 [ 6.563 -1.062 -5.562] [-0.18  0.95  9.75]
-23.971599 [ 6.625 -0.625 -5.562] [-0.11  0.95  9.75]
-24.07234 [ 6.625 -0.187 -5.562] [-0.03  0.95  9.75]
-24.172914 [ 6.625  0.125 -5.75 ] [ 1.29  0.97  9.75]
-24.273947 [ 6.625  0.313 -6.125] [ 0.05  1.04  9.75]
-24.37503 [ 6.625  0.688 -6.562] [ 1.39  1.12  9.74]
-24.47546 [ 6.625  0.813 -6.937] [ 1.42  1.19  9.73]
-24.575888 [ 6.625  1.    -7.562] [ 1.45  1.29  9.71]
-24.676461 [ 6.625  1.    -8.125] [ 1.45  1.39  9.7 ]
-24.777161 [ 6.625  1.    -8.562] [ 1.46  1.46  9.69]
-24.877617 [ 6.625  1.    -9.062] [ 1.45  1.54  9.68]
-24.978314 [ 1.375  1.    -9.5  ] [ 1.45  1.62  9.66]
-25.079655 [ 6.625  1.    -9.875] [ 1.45  1.68  9.65]
-25.181991 [  6.625   0.75  -10.312] [ 1.41  1.75  9.64]
-25.283944 [  6.625   0.313 -10.625] [ 1.34  1.81  9.63]
-25.385562 [  6.563  -0.375 -10.937] [-0.05  1.85  9.62]
-25.48634 [  6.438  -0.937 -11.25 ] [-0.16  1.92  9.61]
-25.58673 [  6.438  -1.25  -11.437] [-0.21  1.95  9.6 ]
-25.687337 [  6.375  -1.812 -11.562] [-0.31  1.97  9.6 ]
-25.787894 [  6.313  -2.437 -11.687] [-0.41  1.98  9.59]
-25.888702 [  6.25   -2.937 -11.687] [-0.5   1.98  9.59]
-25.989262 [  1.812  -3.312 -11.625] [-0.57  1.98  9.58]
-26.090712 [  1.812  -3.687 -11.625] [-0.63  1.97  9.58]
-26.192397 [  6.125  -4.062 -11.375] [-0.69  1.93  9.58]
-26.294766 [  6.063  -4.437 -10.937] [-0.75  1.87  9.59]
-26.396632 [  6.063  -4.875 -10.437] [-0.82  1.78  9.6 ]
-26.497712 [ 6.063 -5.062 -9.937] [-0.87  1.69  9.62]
-26.598391 [ 6.063 -5.062 -9.625] [-0.87  1.64  9.62]
-26.698985 [ 6.125 -5.125 -9.25 ] [-0.88  1.57  9.63]
-26.799626 [ 6.125 -5.187 -8.5  ] [-0.88  1.44  9.65]
-26.900682 [ 6.125 -5.187 -8.062] [-0.89  1.37  9.66]
-27.00251 [ 6.125 -5.187 -7.687] [-0.89  1.31  9.67]
-27.104497 [ 6.125 -5.187 -7.187] [-0.89  1.23  9.68]
-27.206595 [ 6.125 -5.187 -6.562] [-0.89  1.12  9.7 ]
-27.308265 [ 6.125 -4.75  -6.187] [-0.83  1.06  9.71]
-27.409297 [ 6.188 -3.875 -5.812] [-0.67  1.    9.73]
-27.510092 [ 6.25  -3.187 -5.562] [-0.55  0.95  9.74]
-27.610588 [ 6.25  -2.687 -5.5  ] [-0.46  0.94  9.74]
-27.711247 [ 6.313 -2.25  -5.5  ] [-0.38  0.94  9.75]
-27.811814 [ 6.313 -1.687 -5.437] [-0.29  0.93  9.75]
-27.91227 [ 6.313 -1.125 -5.437] [-0.2   0.93  9.75]
-28.012819 [ 6.375 -0.687 -5.437] [-0.12  0.93  9.76]
-28.113285 [ 6.375 -0.312 -5.562] [-0.05  0.95  9.75]
-28.21409 [ 6.438  0.    -5.812] [ 1.28  1.    9.75]
-28.314567 [ 6.375  0.25  -6.187] [ 1.32  1.06  9.74]
-28.414976 [ 6.438  0.438 -6.75 ] [ 1.35  1.15  9.73]
-28.515607 [ 6.438  0.625 -7.187] [ 1.39  1.23  9.72]
-28.616226 [ 6.438  0.688 -7.812] [ 1.4   1.33  9.71]
-28.716742 [ 6.438  0.75  -8.25 ] [ 1.41  1.41  9.7 ]
-28.817269 [ 6.375  0.75  -8.812] [ 1.41  1.5   9.68]
-28.917844 [ 6.375  0.75  -9.25 ] [ 1.41  1.57  9.67]
-29.018672 [ 6.375  0.813 -9.625] [ 1.42  1.64  9.66]
-29.119524 [  6.375   0.813 -10.125] [ 1.42  1.72  9.65]
-29.220109 [  6.375   0.688 -10.5  ] [ 1.41  1.78  9.64]
-29.32069 [  6.375   0.25  -10.812] [ 0.06  1.84  9.63]
-29.421511 [  6.25   -0.375 -11.062] [-0.06  1.88  9.62]
-29.522052 [  6.188  -1.062 -11.375] [-0.18  1.93  9.61]
-29.622354 [ 6.125 -1.5   -3.5  ] [-0.26  1.95  9.6 ]
-29.722629 [  6.125  -1.937 -11.5  ] [-0.34  1.96  9.6 ]
-29.823204 [  6.063  -2.5   -11.5  ] [-0.43  1.96  9.59]
-29.923559 [  6.     -2.937 -11.5  ] [-0.51  1.96  9.59]
-30.023885 [  5.938  -3.375 -11.562] [-0.58  1.96  9.59]
-30.124407 [  5.938  -3.75  -11.5  ] [-0.64  1.95  9.58]
-30.22485 [  5.875  -4.125 -11.312] [-0.71  1.92  9.59]
-30.32514 [  5.813  -4.5   -10.875] [-0.77  1.84  9.59]
-30.425528 [  5.813  -4.812 -10.312] [-0.82  1.75  9.61]
-30.525821 [ 5.875 -4.937 -9.812] [ 326.84    1.67    9.62]
-30.626197 [ 5.813 -4.937 -9.375] [-0.85  1.59  9.63]
-30.726421 [ 5.813 -5.    -8.875] [-0.85  1.51  9.65]
-30.826759 [ 5.813 -5.    -8.375] [-0.86  1.42  9.66]
-30.927161 [ 5.813 -5.062 -7.875] [-0.86  1.34  9.67]
-31.027527 [ 5.813 -5.062 -7.562] [-0.86  1.28  9.68]
-31.127852 [ 5.813 -5.062 -7.062] [-0.86  1.2   9.69]
-31.228284 [ 5.813 -4.937 -6.562] [-0.84  1.11  9.7 ]
-31.328834 [-1682.125    -4.375    -6.187] [-0.75  1.05  9.72]
-31.42909 [ 5.938 -3.562 -5.875] [-0.61  1.01  9.73]
-31.529547 [ 5.938 -2.875 -5.687] [-0.49  0.97  9.74]
-31.630025 [ 5.938 -2.562 -5.562] [-0.44  0.95  9.74]
-31.730429 [ 6.    -2.062 -5.562] [-0.35  0.95  9.75]
-31.830872 [ 6.    -1.437 -5.562] [-0.25  0.95  9.75]
-31.931114 [ 1.937 -1.    -5.5  ] [-0.17  0.95  9.75]
-32.031537 [ 6.063 -0.5   -5.5  ] [-0.09  0.95  9.76]
-32.132041 [ 6.063 -0.062 -5.562] [-0.02  0.95  9.76]
-32.23288 [ 6.063  0.125 -5.75 ] [ 1.3   0.98  9.75]
-32.333895 [ 6.063  0.313 -6.125] [ 1.33  1.04  9.75]
-32.434576 [ 6.063  0.625 -6.5  ] [ 0.1   1.11  9.74]
-32.535441 [ 6.063  0.813 -6.937] [ 1.42  1.18  9.73]
-32.63589 [ 6.063  0.875 -7.5  ] [ 1.43  1.28  9.72]
-32.73618 [ 6.063  0.938 -8.062] [ 1.44  1.38  9.7 ]
-32.836602 [ 6.063  0.938 -8.562] [ 1.44  1.46  9.69]
-32.936957 [ 6.063  0.938 -9.062] [ 1.44  1.55  9.68]
-33.037298 [ 6.063  0.938 -9.437] [ 1.44  1.61  9.67]
-33.137923 [ 6.063  0.875 -9.875] [ 1.43  1.69  9.65]
-33.23852 [  6.063   0.813 -10.437] [ 1.42  1.77  9.64]
-33.33956 [  2.      0.313 -10.75 ] [ 1.34  1.83  9.63]
-33.441193 [  5.938  -0.312 -11.125] [-0.05  1.89  9.62]
-33.543518 [  2.125  -0.937 -11.375] [-0.16  1.93  9.61]
-33.645621 [  5.875  -1.5   -11.437] [-0.25  1.95  9.6 ]
-33.746601 [  5.813  -2.    -11.5  ] [-0.34  1.95  9.6 ]
-33.847362 [  5.75   -2.5   -11.562] [-0.43  1.96  9.59]
-33.94788 [  5.688  -3.    -11.562] [-0.51  1.96  9.59]
-34.048505 [  5.563  -3.375 -11.5  ] [-0.58  1.96  9.59]
-34.149211 [  5.563  -3.812 -11.5  ] [-0.65  1.95  9.58]
-34.250009 [  5.5    -4.125 -11.25 ] [-0.7   1.91  9.59]
-34.35158 [  2.5    -4.437 -10.75 ] [-0.76  1.83  9.6 ]
-34.453737 [  5.5    -4.687 -10.187] [-0.81  1.73  9.61]
-34.556085 [ 5.5   -4.812 -1.562] [-0.83  1.63  9.63]
-34.657573 [ 5.5   -4.937 -9.187] [-0.84  1.56  9.64]
-34.758411 [ 5.5   -4.937 -8.625] [-0.85  1.47  9.65]
-34.85903 [ 5.5   -5.    -8.187] [-0.85  1.39  9.66]
-34.959873 [ 5.5   -5.    -7.812] [-0.85  1.33  9.67]
-35.061021 [ 2.5   -5.    -7.375] [-0.85  1.25  9.68]
-35.16229 [ 5.5  -5.   -6.75] [-0.86  1.15  9.7 ]
-35.264356 [ 5.5   -4.937 -6.312] [-0.85  1.08  9.7 ]
-35.366986 [ 5.563 -4.5   -6.   ] [-0.78  1.03  9.72]
-35.468893 [ 5.625 -3.687 -5.687] [-0.64  0.98  9.73]
-35.57005 [ 5.625 -3.    -5.562] [-0.51  0.95  9.74]
-35.670645 [ 5.688 -2.5   -5.5  ] [-0.43  0.93  9.75]
-35.771255 [ 5.688 -2.    -5.437] [-0.35  0.93  9.75]
-35.872085 [ 5.75  -1.437 -5.437] [-0.25  0.93  9.75]
-35.972661 [ 5.75  -0.937 -5.437] [-0.16  0.93  9.76]
-36.07323 [ 5.75  -0.5   -5.437] [-0.09  0.93  9.76]
-36.174301 [ 5.813 -0.062 -5.437] [-0.01  0.93  9.76]
-36.274998 [ 5.813  0.25  -5.625] [ 1.32  0.96  9.75]
